0	-3.897228671614255
14	-6.4347379371814455
465	-4.693994817055544
504	-3.396674102817707
515	-3.8514972090746733
532	-5.413366305738649
1	-6.071235886168596
47	-5.3670966747670334
157	-4.597967780601986
372	-4.339366922126257
468	-8.08478986486905
653	-7.318692698278944
688	-7.500000000000002
2	-2.7935157396826478
378	-0.5
478	-5.000000000000001
698	-4.351331937185925
3	-6.5
181	-7.000000000000007
195	-5.097967780601985
259	-7.821976580870967
304	-3.814039088030648
555	-5.7956056710887545
882	-6.500000000000001
928	-7.11096668172695
4	-6.347442196243691
368	-5.
400	-5.356838944754193
475	-4.499999999999998
485	-4.999999999999996
524	-5.195711259953179
855	-6.833358376006899
859	-7.388999063750962
5	-6.697922926057132
135	-3.316993915865293
225	-3.
349	-3.886000936329383
649	-5.281775776049144
650	-5.000000000000002
848	-4.317667184555091
948	-8.21360824830891
6	-3.5
74	-5.199341822640523
221	-5.3331091582653105
761	-2.
769	-5.73165001931289
7	-4.376761504380037
104	-4.489288571810078
133	-4.354837887107811
227	-3.8120965553289903
325	-3.3277679965062723
717	-3.6947765516485265
788	-3.
850	-5.
8	-2.694776551648528
98	-5.4111107625912425
115	-4.149558505732637
350	-5.591508182648656
9	-5.911689956422965
162	-5.221894199198388
183	-5.875713518847833
248	-7.721917955820373
415	-4.499999999999999
494	-6.876563102236741
588	-5.417801165787241
592	-4.796110639331874
708	-3.6495585057326396
10	-7.500000000000001
12	-7.500000000000003
63	-6.812365475155995
159	-5.667594046865851
184	-4.561552812808831
188	-6.179213006545531
294	-6.183535970836665
319	-5.055799147800666
334	-6.743307687846626
397	-5.8369875419357635
728	-5.667391568350257
814	-7.267392256006186
11	-2.5
554	-5.70517582404519
871	-5.336919183186769
25	-3.293515739682647
114	-5.335415446338028
165	-6.402589738770075
202	-5.960570932100299
293	-5.246843022356199
444	-9.769629673749813
865	-7.120197195724127
13	-6.381015559581475
55	-5.2945747787061865
92	-5.820309013315784
138	-4.306620544102234
196	-5.4809126288420345
333	-6.818281879183459
541	-6.766523997119319
573	-7.653050800731911
591	-4.402255788644281
923	-4.72556059618761
44	-5.73737949873904
70	-3.7469796037174667
189	-4.69653722537181
260	-5.226499550121555
329	-7.3193862420940885
337	-5.999999999999998
757	-6.206050666188227
15	-3.6586178319095595
271	-3.2464626695658887
590	-2.604524884860786
959	-6.931959997677549
980	-3.5
16	-7.5000000000000036
23	-3.9295339808362826
129	-4.693994817055548
456	-5.257681156182233
471	-6.600288791428906
564	-5.853367271949107
575	-3.9763821923886784
646	-5.206576771453162
772	-7.5
821	-6.771143931821881
843	-4.856368533008244
17	-3.2122144504490264
26	-5.047339341426568
42	-5.851019285656441
192	-3.8592531591278987
823	-3.709823707550284
18	-8.180202433329818
22	-9.919144240240868
99	-6.224981318107824
213	-4.439709621766648
235	-6.67306211426373
239	-7.247881237556902
250	-4.976382192388678
381	-5.88333816982587
951	-6.16759404686585
993	-5.796926978587502
19	-5.477666411673961
359	-3.19378966395299
514	-2.
963	-6.644739355450101
20	-6.823294565183893
76	-5.34145600720512
290	-7.717075186929097
600	-2.6374586088176875
774	-8.171892732104636
834	-6.114961886237369
939	-5.492936872976822
21	-3.5000000000000004
136	-5.85684633429149
525	-2.694776551648528
557	-5.7481234296867045
730	-4.89691247857015
137	-6.595044207116468
247	-6.857483896831577
312	-5.57354200439136
365	-6.569161216008195
615	-5.616587224170649
747	-7.1235421550750555
801	-5.366253054476614
857	-6.7497021802465005
949	-5.632059347007386
473	-3.
24	-5.382548314286288
121	-3.350781059358212
233	-4.
284	-5.442409962858683
598	-5.500000000000002
622	-2.8027756377319957
828	-4.
560	-5.
689	-1.3507810593582121
391	-4.245679364562124
27	-5.287751104700129
45	-3.713523632376045
48	-4.757681156182232
110	-8.717206288075948
377	-5.3896082187525955
606	-3.8670282295592786
787	-4.286316382734826
28	-6.943205251642182
119	-5.5000000000000036
274	-4.872163836739141
596	-6.956561606764632
724	-7.000000000000001
754	-3.6652321800971857
776	-6.893693821724085
830	-7.109175253538985
991	-4.5
29	-3.3775036592511185
445	-3.999999999999999
455	-4.8654406581850145
503	-2.2020234982322133
546	-4.693994817055547
954	-3.890039564281745
30	-7.162476891370234
311	-4.893190841905655
479	-3.341747543120768
682	-9.362354476742354
704	-4.499999999999999
933	-4.847211209771969
31	-4.
251	-4.383690279769466
282	-4.396912478570149
403	-3.798041280020863
750	-3.271606207869584
806	-7.2294297996518395
32	-2.618033988749895
33	-6.1234646718039665
237	-6.769308423590246
307	-6.81923659422954
357	-4.3670282295592795
360	-5.760116579976119
775	-4.974101837371053
889	-5.863307413297981
34	-6.171484860924815
81	-5.316343045461955
228	-6.645303973560893
244	-8.133454643641704
448	-6.154641868359878
741	-3.8966741028177063
35	-4.499999999999999
164	-4.6073359756925365
586	-4.8715331610693084
36	-4.3160452366740785
80	-5.618480516932288
118	-4.500000000000002
339	-6.341164346432441
517	-3.
921	-5.822710005408176
37	-7.639896801052735
500	-4.874261067401116
511	-6.741333784643864
630	-3.1374586088176875
725	-3.5
38	-8.154578166644665
65	-4.759973095800417
201	-4.822379797731312
331	-5.
430	-3.4999999999999996
446	-3.7334143353264926
700	-4.80856826813889
789	-3.296926978587502
39	-4.6784243826421585
199	-3.746462669565887
487	-6.697436639431778
780	-4.834300251547685
930	-3.2912878474779195
40	-5.000000000000003
67	-4.725543837904416
127	-3.789308885795486
205	-5.836403363848579
328	-2.7320508075688767
41	-6.000000000000002
58	-4.89779201742959
419	-4.806034942779215
552	-3.3414182921069906
870	-7.048099146377884
934	-5.392374886510393
134	-7.5
175	-6.0983731795737
826	-5.092657787998984
901	-6.743757433862405
43	2
679	2
79	-3.316993915865293
537	-3.175130870566646
563	-5.5
678	-5.875732105741975
779	-8.357378489341905
124	-6.000000000000001
264	-3.97004821965426
664	-1.618033988749895
46	-6.999999999999998
122	-6.964151568961194
283	-6.834460716399175
623	-3.8922382473363237
964	-4.000000000000001
627	-5.275848010347831
723	-5.389125841838332
784	-4.33987040052407
853	-3.827767996506272
996	-6.866134895097954
116	-5.954200568626957
582	-5.770742869517328
987	-5.720211315186544
49	-4.500000000000002
569	-5.412484858443415
926	-4.377137189819346
50	-4.
292	-5.814378168517126
315	-5.363130735725719
962	-6.29395853894735
51	-2.
71	-5.979829450813483
261	-3.693789663952992
302	-1.618033988749895
910	-3.302775637731995
52	-4.303887885444878
109	-3.8722813232690143
382	-3.3220111407735295
616	-4.5
862	-3.386000936329383
53	-4.469944264934647
795	-5.305602832577592
810	-4.999999999999998
945	-3.6265521538666956
54	-3.5
539	-6.569161216008196
587	-5.225112235772289
841	-1.7807764064044151
161	-3.362185735276924
410	-4.79380936670845
722	-4.921078313956106
735	-5.458996755345823
961	-6.85930916188824
56	-6.191361946626418
370	-1.9142135623730951
427	-4.233414335326494
817	-3.
836	-3.323360463895866
904	-4.2504700117211565
911	-4.753581442355308
57	-1.7807764064044151
673	-5.3490255286194826
898	-4.7301368942123485
385	-5.5
434	-6.385569164223894
565	-4.
618	-5.143776873873185
638	-4.500000000000003
59	-9.253861670632979
344	-5.190510420511007
529	-4.466140493573629
626	-5.146509508924252
742	-6.262810490673807
856	-6.365996277814864
60	-5.118637923775697
83	-4.2535814423553076
642	-6.381279661507238
666	-6.5121783459623845
751	-7.2359404315844325
960	-5.186140661634509
61	-2.7320508075688776
398	-5.886140848876057
447	-3.9999999999999973
634	-4.230624470168047
62	-7.777788666534283
253	-5.903677597786457
336	-4.337871039801483
480	-5.291896103378081
567	-7.876851878253296
842	-5.46569936820553
937	-4.433330309333533
197	-2.2935157396826478
268	-2.3507810593582126
486	-2.5
778	-6.545074441376695
866	-7.499999999999997
64	-5.3324635453294835
207	-6.1526916543865955
270	-6.000000000000002
880	-4.225543837904415
291	-3.7187096903919143
521	-5.5
641	-3.0000000000000004
803	-4.675100185668346
849	-2.2969269785875017
66	-3.175130870566646
625	-4.499999999999999
686	-5.862304998485966
912	-4.220308272004674
531	-4.681175493039178
967	-8.23913962436527
68	-3.4999999999999996
411	-8.186189533748651
490	-2.5615528128088303
69	-1.
620	-8.147820204737096
186	-4.
440	-4.770313379803129
72	-5.5
392	-8.337319147705895
727	-4.787171079625804
73	-5.5
298	-5.417006905249802
300	-3.7409977098698004
763	-4.736762961240931
852	-3.
875	-6.3744229033159305
584	-5.576981517798385
602	-6.174144990016819
701	-0.5
733	-3.7187096903919143
839	-1.618033988749895
75	-5.034968806527105
102	-4.225543837904415
663	-5.500000000000001
721	-7.500000000000001
182	-5.491827182460886
215	-4.499999999999998
684	-3.5
770	-2.814906635845939
77	-2.350781059358212
108	-6.365205379453958
458	-3.0697049797528155
78	-1.8732841234978586
406	-4.900292621492691
906	-1.5000000000000002
82	-3.8117376914898995
971	-2.232050807568877
983	-5.499999999999997
362	-7.500000000000002
477	-8.706186722442773
827	-5.000000000000001
969	-3.110470434195175
223	-2.350781059358212
416	-5.17580487648
816	-6.862923444877886
731	-6.298303409923353
216	-3.209823707550286
267	-1.7807764064044151
791	-6.999999999999999
84	-4.825446484742237
130	-6.
209	-3.104524884860787
773	-5.669919942199849
877	-4.836987541935763
85	-1.
457	-5.999999999999998
86	-4.845346267994241
168	-4.599138487521233
528	-3.5
544	-2.9999999999999996
935	-5.692907606408165
977	-4.500000000000002
87	-7.4584466760415165
132	-6.826313816141399
439	-6.064102745821591
665	-2.5
805	-4.743142339442308
831	-6.802935273405472
902	-6.254883917731572
903	-6.673986772479141
975	-6.72386548985987
985	-3.712214450449026
998	-5.818298483190977
88	-3.8751192426066177
206	-6.753813598169318
246	-1.9999999999999996
629	-4.110029555436999
786	-3.3912603423106917
89	-1.
369	-4.544786589562923
90	-7.692780995201371
576	-7.922825091023492
667	-4.499999999999999
771	-4.3836902797694695
91	-4.0335462279077605
240	-4.5
106	-10.799821965800268
313	-3.8775036592511185
640	-2.
955	-7.358800852924828
965	-2.9319381695347997
93	-2.
94	0.8819660112501052
155	-3.6519784539242757
675	-5.0511092743186685
95	-4.217835927634738
170	-2.5
495	-4.226676539239962
96	-2.618033988749895
449	-6.352512546390761
890	-4.396832609234917
97	-4.193789663952994
231	-4.858729141782562
249	-7.271419749320607
438	-6.103441163270839
660	-4.248425740592018
148	-4.871045945612805
153	-3.3277679965062723
547	-6.224421290290247
635	-5.3683232479762415
846	-5.350425803189986
922	-7.287655658211268
100	-3.5697049797528173
711	-1.3507810593582121
101	-5.273478526388206
296	-3.350781059358212
593	-4.854837887107809
929	-7.5
997	-7.227180736399196
190	-3.5000000000000013
103	-5.251676506125802
286	-5.797198911610968
327	-6.833126445104307
986	-5.770148483601859
631	-8.315224384201255
968	-4.
105	-3.8767281163413765
429	-3.0000000000000004
523	-5.5
128	-6.604042965717781
316	-6.564503608548508
463	-6.056306530764283
914	-10.7981842769371
915	-5.93765524914144
107	-1.7807764064044151
790	-4.853546493281821
872	-4.3090196880553435
321	-5.723757851339016
459	-4.727697940044315
489	-6.8590049591454845
208	-4.
461	-5.474193658610375
570	-6.390630919658305
746	-6.359279247839312
797	-4.209823707550284
111	-1.8507810593582121
305	-2.7716062078695844
112	-4.221159647314725
220	-3.8220111407735295
363	-7.346451459686606
568	-4.334308602437928
720	-2.118033988749895
820	-3.7740336601032607
113	-1.8507810593582121
374	-1.8507810593582121
241	-4.5
433	-3.746462669565887
925	-7.883226356071283
158	-3.8271920242663002
414	-5.316568002574854
825	-4.909718644331579
117	-5.658895092082287
758	-3.
540	-5.365399657639374
800	-5.266911551992885
974	-4.273381239242408
301	-6.064305649436277
386	-3.643776873873189
442	-4.499999999999999
505	-3.8511872987244185
864	-2.7807764064044154
120	-1.314906635845939
143	-2.373641630005166
768	-1.118033988749895
636	-6.800430761914734
379	-5.02184059321902
388	-5.5
412	-5.058939156140788
466	-5.605551275463989
669	-5.634054381171366
695	-4.509244719576431
123	-3.5
356	-3.382323962598608
982	-2.194776551648527
657	-4.2194749254598936
796	-5.806156071325887
799	-5.000000000000002
840	-4.671508021419117
941	-4.829595016634698
125	-4.
956	-5.797198911610968
126	0.5
229	-3.6099566201937705
310	-1.7807764064044151
407	-4.5
522	-4.221159647314725
536	-6.173413552225133
944	-1.118033988749895
222	-3.3549581104634836
324	-5.303542495682599
847	-4.
131	-4.274033660103259
454	-3.8480776655265867
699	-4.181330643604976
807	-7.236370993398541
390	-7.206841632211004
497	-3.87750365925112
513	-5.64033787247789
583	-1.3507810593582121
603	-4.853367271949112
607	-3.341418292106991
714	-5.097967780601989
530	-6.000000000000002
988	-4.203910354687882
534	-5.04733934142657
756	-4.220308272004672
146	-5.8020881186225
358	-1.2807764064044151
405	-4.357505559688117
832	-6.499999999999998
919	-2.175130870566646
139	-2.362823803917176
140	-4.866253054476613
269	-1.9142135623730951
989	-4.323582920399138
141	-5.901504222950566
265	-3.8251111183765465
266	-5.341598938163974
346	-6.657976018096189
450	-6.246213650665305
538	-5.356687541098514
694	-4.5
142	-5.5000000000000036
309	-3.8414182921069933
387	-5.354101966249685
608	-5.625091356144502
677	-5.017574125296843
739	-5.900577945401415
279	-3.182492714004635
144	-2.5
729	-7.807327329811727
145	-4.51413692933529
171	-3.79380936670845
716	-5.999999999999997
432	-5.999999999999999
147	-2.694776551648528
178	-4.814422842835896
436	-5.676505335535162
149	-6.78366426407775
275	-6.5
885	-3.663288256656375
150	-3.
322	-5.3997425061606235
384	-5.2592659645664765
553	-2.302775637731996
151	-3.293515739682647
905	-6.689246224927998
970	-3.7912878474779195
152	-5.
936	-3.999999999999999
394	-4.710018550734006
611	-4.883690279769469
154	-2.118033988749895
425	-5.8811162447081875
156	-6.769422018526282
187	-6.128849603625548
243	-5.288181657723771
441	-6.228814011111301
916	-3.06155281280883
232	-2.841418292106992
413	-3.5615528128088307
509	-2.5
824	-5.000000000000002
705	-4.380214546261614
160	-4.476382192388678
979	-4.383690279769469
176	-4.126552153866695
211	-2.350781059358212
277	-5.121830923669173
418	-4.68306045684431
163	-3.86005821588266
483	-3.312096555328992
543	-5.47129610223529
612	-3.3149066358459396
672	-2.5
710	-2.5
376	-6.826142235426179
320	-4.309702377025419
551	-4.172059038668614
166	-3.
685	-5.766717449217746
167	-4.999999999999999
527	-7.306175535162075
837	-3.499999999999999
878	-4.499999999999998
654	-6.878221210848043
697	0.5
169	-4.325446484742237
242	-3.2464626695658874
354	-5.000000000000002
172	0.5
173	-4.115481108000722
744	-5.475927172536682
792	-2.6047062473662397
869	-4.592721665403416
174	-5.02558107364216
364	-4.814627921962385
558	-3.658617831909556
389	-3.543018052633563
399	-6.806076857779584
556	-3.232050807568877
637	-6.6027302405929085
712	-6.312832766740991
177	-4.834989116115444
656	-5.257681156182233
884	-1.5
946	-3.6947765516485274
507	-3.8751192426066168
931	-1.7807764064044151
179	0.5
180	-6.999999999999999
550	-2.7807764064044154
230	-5.288000992058006
295	-4.725543837904417
687	-5.369701703811216
545	-2.694776551648528
645	-5.4129218753795785
648	-4.261557181831892
867	-3.999999999999999
992	-3.5
185	-2.5
909	-3.999999999999999
736	-4.
314	-5.499999999999998
740	-4.639593478356151
341	-1.7807764064044151
396	-4.274033660103258
191	-4.8605749569182635
818	-4.000000000000001
193	-4.856086329239636
342	-2.6947765516485283
380	-3.970048219654264
691	-3.499999999999999
953	-7.246411835969383
194	-2.1751308705666466
366	-2.5000000000000013
661	1.
198	-5.334548189837822
426	-7.311169045999934
200	-2.5000000000000004
737	-3.5
203	-3.
204	-4.719474925459895
516	-5.809387934506346
562	-4.769092436393853
238	-3.81604523667408
559	-4.5
297	-4.6817359784070165
794	-3.8369875419357626
900	-3.658048405012644
609	-3.8140390880306487
210	-6.101521416551771
481	-5.759937737845075
212	0.
338	-4.327192024266303
404	-5.306620544102235
214	-2.
335	-6.524553737669164
829	-2.
217	-5.500000000000001
299	-6.0188166932722975
927	-6.806022466505282
218	-2.8149066358459387
219	-3.0697049797528146
802	-0.7807764064044151
942	-7.194329695254436
340	-3.316993915865292
958	-4.3836902797694695
393	-3.9763821923886784
589	-3.999999999999999
224	-4.583782631613937
234	-2.6751308705666457
226	-4.315767007915589
254	-1.7807764064044151
767	-1.118033988749895
887	-2.5
815	-2.
526	-3.362185735276924
861	-3.604524884860787
469	-2.5000000000000004
508	-3.6374586088176883
952	-3.5
542	-4.5
833	-4.051993129624645
236	-4.8726149462866815
743	-7.277728673631806
785	-5.779310253377748
424	-4.500000000000002
581	-4.386000936329383
973	-3.3736416300051673
262	-4.
484	-4.983292566625445
680	-3.3322650590218768
317	-2.0000000000000004
482	-3.693789663952993
464	-7.131771240021463
273	-6.3153293350838045
308	-6.768298178588601
361	-6.817242997692786
245	-4.500000000000001
764	-5.621830923669172
845	-2.914213562373095
383	-6.196030838727258
748	-4.
984	-3.8638562709667243
287	-4.
332	-3.7969269785875013
420	-5.826817815976055
421	-3.533546227907764
804	-3.514136929335291
256	-5.980662492616631
252	-3.6720590386686145
453	-5.064305649436275
894	-4.000000000000002
255	-2.5
501	-5.822103353294633
858	-4.149558505732639
693	-2.9999999999999996
257	-3.3621857352769258
561	-2.499999999999999
719	-5.792676689577967
258	1.5
706	-1.8027756377319948
873	-5.054660137603321
428	-6.264763165597613
502	-3.296405952429601
981	-4.32237979773131
760	-5.751104227628856
819	-4.719474925459893
263	-3.314906635845939
422	-3.3414182921069906
896	-3.7938093667084476
624	-1.8507810593582126
303	-4.343378501371267
692	-3.1632882566563754
893	-4.621830923669169
288	-2.618033988749895
610	-8.181920258010631
437	-3.793515739682647
496	-2.532088886237956
579	-5.863222257165258
932	-3.2807764064044154
276	-6.574663367430309
401	-3.5
278	-3.0335462279077645
753	-3.8054846769724153
844	-1.4999999999999998
498	-2.841418292106991
924	-2.850781059358212
280	-3.1947765516485265
281	1.5
913	-0.5
548	-2.850781059358212
647	-3.5
703	-6.113377762921202
462	-4.999999999999998
474	-5.971973432814616
285	-4.233414335326491
289	-4.108762155658427
613	-4.867554224094997
348	-3.3149066358459396
652	-5.181403524106322
938	-4.643776873873186
452	-5.028558628991751
738	-6.25162891699809
899	-5.41960270435877
621	-4.583782631613937
353	-5.55155430671388
808	-7.780854667536465
920	-5.776786267816718
470	-5.845483782033814
662	-5.
874	-3.
330	-1.5
572	-4.28402182224114
658	-5.028558628991753
881	-5.0000000000000036
619	-5.756695009946562
491	-6.680085985255438
395	-4.822490848049954
676	-6.5
966	-2.118033988749895
599	-2.832265059021875
644	-3.8592531591278982
318	-2.9999999999999996
999	-1.5000000000000004
373	0.5
994	-6.632982067802813
580	-4.601298524781706
595	-4.187399561736173
888	-5.691267018885276
326	-4.308648493534247
351	-4.341418292106991
811	-2.914213562373095
668	-6.258859516969563
512	-5.726719137607153
533	-5.799821188416342
343	-3.999999999999999
972	-3.8097859201274202
345	-3.5
860	-3.999999999999999
347	-2.555046035511408
891	0.
352	-2.8322650590218754
782	-4.2740336601032585
995	-3.350781059358212
355	0.
605	-3.768457176595466
813	-3.5
883	-5.4999999999999964
367	-5.342918192082693
745	-3.4999999999999996
535	-2.56155281280883
659	-2.118033988749895
809	-5.147512362445637
451	-2.2969269785875017
371	-2.7807764064044154
375	-1.4142135623730951
886	-4.825150377449177
633	-3.674912819421687
571	-2.302775637731996
601	-3.330244450650478
674	-1.3507810593582121
868	-5.381620309854397
907	-3.
766	-3.712214450449026
402	-2.914213562373095
696	-0.5
617	-7.152064341597849
408	-2.374607245854295
409	-1.
493	0.
628	-3.5445976166969024
681	-2.8149066358459396
417	-1.5
488	-3.087772193675249
423	-1.2807764064044151
518	-5.613583752771441
732	-3.8575159787928834
431	0.
594	-2.5
435	-1.5
472	-4.33541544633803
476	-3.771606207869584
863	-2.7969269785875017
854	-4.
443	-3.4333303093335346
671	-4.738422500458244
851	-4.2740336601032585
690	-2.302775637731995
597	0.
822	-5.6395934783561525
460	-5.810784553628492
798	-2.302775637731995
492	-4.6236302510125356
467	-1.5
812	-2.850781059358212
947	-4.000000000000002
759	0.5
978	-2.850781059358212
835	-3.793515739682647
670	0.38196601125010515
943	-3.8350364877513536
639	-3.88232396259861
777	-5.339598467094339
950	-3.2912878474779195
506	-2.5
510	1.5
651	-2.5
578	-1.118033988749895
519	-3.802775637731995
715	-1.5
895	0.
918	-2.9241085387947425
702	-2.6751308705666466
783	-5.691966681490362
549	-4.806620544102236
566	-1.7807764064044151
749	-1.5
709	-0.9999999999999999
765	-0.5
574	-6.5187156704401366
577	-2.618033988749895
585	-3.7655644370746373
908	1.5
632	-3.118033988749895
655	-3.2320508075688754
734	-3.2969269785875026
604	-2.976382192388679
892	-1.5
917	-2.7969269785875017
614	-3.4892885718100786
976	1.
683	-1.7807764064044151
643	-1.7807764064044151
752	0.
707	-4.35495811046348
726	-2.5
838	-5.305484676972416
793	-2.314906635845939
762	-2.
781	-2.
940	0.
876	0.5
897	0.5
957	0.
990	-0.5