0	0.4201013418832652
1	0.2389192732656701
2	0.08849268453851825
3	0.03071202371607186
4	0.2412869021893025
5	0.1655597243947951
6	0.11141673894518497
7	0.1526595326994973
8	0.11185161170464109
9	0.1638773934225259
10	0.07336003591005716
11	0.07800311986852648
12	0.10025549902223206
13	0.19932670239524364
14	0.07719094025350091
15	0.05844837127484564
16	0.07969243361880474
17	0.08094104464589542
18	0.06720845603062962
19	0.07395524911521127
20	0.16370223059478442
21	0.1072547757001343
22	0.08272406689978307
23	0.08788274366192446
24	0.13141621399007178
25	0.047127612702147506
26	0.04847944890271157
27	0.0492764743787443
28	0.05887275334162613
29	0.04976418941258978
30	0.05121145668104925
31	0.0684439577474065
32	0.03030363694669871
33	0.03652906462081549
34	0.04492700151269048
35	0.0423603580205361
36	0.053112445539893194
37	0.030054236788341498
38	0.06258432534633292
39	0.10379578828249685
40	0.04135445658291583
41	0.06411062689789639
42	0.028253250571241163
43	0.021211324339364512
44	0.030737893524290752
45	0.04836250866807202
46	0.06951488831754173
47	0.03573290852099326
48	0.04436810227319245
49	0.04595423739589771
50	0.034948084059154165
51	0.03594745916360392
52	0.07436727522459233
53	0.03488306970160833
54	0.06863893762594878
55	0.022613460163337477
56	0.06187025887008945
57	0.025722427216582144
58	0.04759285357506865
59	0.03221381660542135
60	0.07014870406800267
61	0.04947325743541177
62	0.02380463553663986
63	0.03226889457294164
64	0.048407418704023576
65	0.04954708740375854
66	0.045945606371674025
67	0.08892041022262334
68	0.01720472786856438
69	0.034246792057533
70	0.05755596363905974
71	0.04056522813321046
72	0.050222015386418746
73	0.030622602496575804
74	0.019188506655548665
75	0.032927859654237446
76	0.06603585779272324
77	0.032030945128766135
78	0.021099030207479563
79	0.028816916738798565
80	0.026861364216215333
81	0.02898026446444223
82	0.018333032892211467
83	0.017435301982305352
84	0.01661593701158042
85	0.05141614027979262
86	0.041182894937213714
87	0.03744354688849078
88	0.02815803667401189
89	0.048734310780121276
90	0.01681427503017086
91	0.04829376747160009
92	0.04403235636827124
93	0.028085008387959312
94	0.043034340973913204
95	0.023672961819344588
96	0.03738665452950338
97	0.018445643621431727
98	0.029935129603968606
99	0.0409469874773346
100	0.011190908860427602
101	0.03004869432479082
102	0.039463085596920085
103	0.017164666102868112
104	0.027695286905552657
105	0.025380853732855348
106	0.03387291741009847
107	0.036611721707714366
108	0.019376795234463527
109	0.04632342981055201
110	0.011577435422719676
111	0.012261586255075464
112	0.04715115444692134
113	0.021701382878381397
114	0.03818905211353742
115	0.05790275521271524
116	0.040262572625407105
117	0.030294995382335082
118	0.01489848902185183
119	0.014130045691322732
120	0.018402613866573717
121	0.03938361813132326
122	0.019351070149923533
123	0.02886947943762428
124	0.05598390115132868
125	0.03639786892802426
126	0.054033197483377475
127	0.008047043621467406
128	0.016478832478203073
129	0.03773001595839193
130	0.04123484604057543
131	0.03268832320731848
132	0.011496031582825783
133	0.018500149215518763
134	0.022507570250312404
135	0.040540388974613595
136	0.013602105184322925
137	0.017961465363915605
138	0.03931071088725231
139	0.023047669991557083
140	0.047396675606742676
141	0.02038558999011782
142	0.02800778375730594
143	0.054468917149887414
144	0.018770904747776672
145	0.01130673852118432
146	0.017375355132510106
147	0.012696624565266192
148	0.023879080183050207
149	0.02474588783940664
150	0.04103055133577791
151	0.02661505109802404
152	0.02878042428196698
153	0.02880398277851941
154	0.024119553937509152
155	0.039864889654710425
156	0.012737704045379038
157	0.020262250813987737
158	0.011894434478506619
159	0.021106353621964797
160	0.014056334290122886
161	0.010143289153750547
162	0.027598320256636943
163	0.03165686616560337
164	0.02932706322078284
165	0.040914536026593375
166	0.019917453676383187
167	0.020048652769484393
168	0.040591150196414766
169	0.05340452266701315
170	0.019176569622568765
171	0.02336217577617784
172	0.054361878711494845
173	0.03556737439844299
174	0.008520071868317894
175	0.01596659733635854
176	0.010630642631853518
177	0.0269732675700943
178	0.03691821251506284
179	0.025701389894042446
180	0.03192432272717563
181	0.01610333017082801
182	0.01234270230791005
183	0.0177074773223914
184	0.023707456431519877
185	0.015647611102745908
186	0.022551957266754064
187	0.013561449931153819
188	0.029594117205157797
189	0.015560407800288039
190	0.011133646114142817
191	0.02160642421281421
192	0.025319500253174948
193	0.03460101731158241
194	0.03544583525897928
195	0.023263432929566428
196	0.021396140295189874
197	0.014496594557856821
198	0.009674390170865105
199	0.028361045218115936
200	0.021147506994856954
201	0.025318767731206997
202	0.018337427315640233
203	0.040664728395039616
204	0.020262989478007788
205	0.02861593097078218
206	0.012545517915286094
207	0.014369127869509633
208	0.01609135492053588
209	0.024361274441377784
210	0.020624256470754145
211	0.015815504232911875
212	0.00965163097779235
213	0.010453971793094837
214	0.009968684169356657
215	0.011643954518208013
216	0.023313116476686553
217	0.012030729458795596
218	0.022564097126572008
219	0.022004151651239284
220	0.015075665089049806
221	0.010662730038804438
222	0.011175006960605874
223	0.007588273201548724
224	0.054280685148217545
225	0.009141397502225935
226	0.019675762474089805
227	0.02037591712998758
228	0.04083932389986482
229	0.01013417285876066
230	0.02073215065640881
231	0.012691631822169832
232	0.012072651562297828
233	0.03926060948812591
234	0.010830655149777066
235	0.04033249693961587
236	0.022000482240355435
237	0.01567126650478655
238	0.012367176738872396
239	0.02327701495645435
240	0.010170422007692196
241	0.035806065574637155
242	0.03412452536041223
243	0.012067672082975753
244	0.01741548036044681
245	0.03939650692655248
246	0.021034633843767456
247	0.011569450678716542
248	0.0068767166666594565
249	0.03430816728675547
250	0.0255351761474184
251	0.00819237505615184
252	0.05205081559491019
253	0.01901639683169977
254	0.02026002507411231
255	0.020005060858776718
256	0.010057994640861339
257	0.011067108528441295
258	0.01561816564162952
259	0.027572932315219047
260	0.008099306684281299
261	0.00686899214703877
262	0.02245614462007448
263	0.009255120003629049
264	0.007428664731641256
265	0.027726823524455962
266	0.005681429094377686
267	0.012714007682353425
268	0.015693838146644642
269	0.02389109900173806
270	0.011349749332509628
271	0.02632047331184101
272	0.01973144712214631
273	0.011938487861742961
274	0.01873311212791306
275	0.00806062829022278
276	0.005862789752954609
277	0.0068352553185599884
278	0.006243632532998866
279	0.03433767003061474
280	0.007332980274459179
281	0.030553901671136443
282	0.016363954731859764
283	0.0092337361497797
284	0.02283098933293701
285	0.022304972266406337
286	0.020242994546959086
287	0.018419032626543496
288	0.024195911837981313
289	0.009941119837392858
290	0.011639948791338213
291	0.020085954822719083
292	0.008931832082987187
293	0.009536020897396406
294	0.016188782384803604
295	0.009857790459699051
296	0.008177277081317212
297	0.020009953247471485
298	0.0205318772255924
299	0.00883490480495902
300	0.008277457472686748
301	0.021353975615515906
302	0.022286167533896332
303	0.008801914207221952
304	0.026573504564345627
305	0.021899522425090048
306	0.020275715845806702
307	0.021580266886462977
308	0.006069464412186474
309	0.015266576195542026
310	0.007019258415496845
311	0.03122102024568829
312	0.010326892195596989
313	0.006814560812431577
314	0.03219107070090364
315	0.0054771288322953615
316	0.01966908459197079
317	0.022706951177662988
318	0.014036115519803766
319	0.011679190651808323
320	0.028505953038997923
321	0.02140918644249627
322	0.014172668956202802
323	0.01810795073290233
324	0.006786296052541784
325	0.01068695836877259
326	0.016721181867463075
327	0.009486548520993624
328	0.012663426154437482
329	0.005095431195213771
330	0.012857700889759249
331	0.009943858855956188
332	0.009212448025864357
333	0.0055310025148495095
334	0.021529780373677445
335	0.01107171420214399
336	0.006817312811799192
337	0.017341174082231424
338	0.01829921100243974
339	0.009524589141559472
340	0.005346161321486982
341	0.03882714874782258
342	0.009322197821681056
343	0.02013137435844026
344	0.05550866974858172
345	0.00995668052725452
346	0.03162650172850301
347	0.00688167232299052
348	0.009915636140542788
349	0.014888768716612839
350	0.00916894403879914
351	0.025649805194522687
352	0.007929160277109366
353	0.006169804394260079
354	0.0346734204085134
355	0.015753967981946795
356	0.00896891791624996
357	0.010073591006771491
358	0.022346499820929667
359	0.006559606228687164
360	0.005766864293994596
361	0.016315498470877297
362	0.022115391255657434
363	0.012839050791049633
364	0.008791827573291746
365	0.004322916794742317
366	0.015757286122278228
367	0.007104695708400612
368	0.0144032295033344
369	0.015578580585698108
370	0.005735206665889939
371	0.010491598646892968
372	0.009815422001595438
373	0.004811603431597419
374	0.010096142003935231
375	0.011282802933832574
376	0.007495712827011943
377	0.016027616130479788
378	0.01288455454526522
379	0.012845572157277859
380	0.02267484608106162
381	0.039498000633082765
382	0.008394460775933565
383	0.014420304394717354
384	0.016100722809233223
385	0.011663008925905053
386	0.009703696699729902
387	0.0069514364587910564
388	0.0063511289102296115
389	0.010800665723540126
390	0.02297435229062163
391	0.012054008198959238
392	0.007492449627256235
393	0.00752830321392273
394	0.011491823829226894
395	0.011723913573349816
396	0.017111395020791172
397	0.01035994389314898
398	0.0038536237555322856
399	0.007450566711435983
400	0.005601267497866122
401	0.005625814596057907
402	0.00616148296482099
403	0.008862074176858544
404	0.03154912207558183
405	0.005940887824006131
406	0.014768111851927154
407	0.02029036475362176
408	0.025598754750702852
409	0.0097302138899613
410	0.008079758448696192
411	0.019581962584556255
412	0.0108037228984996
413	0.022093348386706218
414	0.013367415294509286
415	0.014418783923249611
416	0.011671482334042738
417	0.014015108724420869
418	0.011488271646378183
419	0.009751342122202638
420	0.02054564303791165
421	0.019372702563310952
422	0.01675664901532962
423	0.011789229193615356
424	0.039790861795545356
425	0.0061082080904973895
426	0.009514438784701602
427	0.015767760775700742
428	0.01486578596174998
429	0.00900418983328423
430	0.026028860134737028
431	0.009085015611279388
432	0.007684937786713573
433	0.005532487896871555
434	0.022949483420703784
435	0.02415284056917311
436	0.005979513584657312
437	0.018776355263650006
438	0.016020397984887486
439	0.004598174433260938
440	0.03496615179740494
441	0.0184822498372831
442	0.009308017137735247
443	0.0021674978429657523
444	0.005897035490806414
445	0.00410497064298696
446	0.01879796627899129
447	0.01173331759370023
448	0.00697221572180848
449	0.006462117630964434
450	0.0035352636595738255
451	0.03784479846241167
452	0.0059826411596838255
453	0.008501381810363572
454	0.008336504415960469
455	0.023926166399204023
456	0.0059966272618157766
457	0.00784560708913122
458	0.006662766981271067
459	0.006590541614525818
460	0.006375432924166627
461	0.007685851264791845
462	0.006591176249008431
463	0.023416419270446267
464	0.00557980029040245
465	0.012168541253159089
466	0.01651115459823336
467	0.01445036793985394
468	0.012347424565831315
469	0.021723419984742504
470	0.008476408623424003
471	0.007014149813528211
472	0.016579256963970078
473	0.012319000122820483
474	0.04373709956853871
475	0.0160252819851463
476	0.004065923044843657
477	0.034228508106283015
478	0.00856207120188906
479	0.01651613436120284
480	0.007023189207087482
481	0.02580167992146684
482	0.0026732893543487887
483	0.04099006399599611
484	0.033951925355834335
485	0.011818543029371891
486	0.0041938963098287355
487	0.005836766730982125
488	0.009555784412650568
489	0.0032633070337112135
490	0.008535791299112383
491	0.005319622830696389
492	0.006804515189150767
493	0.005948031246916383
494	0.013243916446508054
495	0.015755526381779683
496	0.0064376065779807624
497	0.01206379151577385
498	0.0020535877166854054
499	0.015754712130013303
500	0.0034479677242136133
501	0.0046416061022672385
502	0.003955064138307091
503	0.0058994425294420375
504	0.007416451071102106
505	0.022370623207612857
506	0.026052779252397705
507	0.005508898404565254
508	0.006711366908071395
509	0.02225336898941841
510	0.009584879743091954
511	0.01630092424222993
512	0.036593621442934994
513	0.004594626672788381
514	0.01892544199296996
515	0.016104555134354208
516	0.005356908097110508
517	0.03968267965845269
518	0.0041017466301836395
519	0.010454780591421737
520	0.005453913477184841
521	0.02082208712680229
522	0.008574679380215146
523	0.03768307555330475
524	0.007194603881129778
525	0.014466055803665867
526	0.003082515243802391
527	0.004849750608068082
528	0.006470193277820991
529	0.005122214261925802
530	0.008967642738836781
531	0.009094891531153943
532	0.009027539239724987
533	0.008286062824737142
534	0.018357976412028555
535	0.03478169391021291
536	0.015534014984164863
537	0.008822879413712542
538	0.012264533017094374
539	0.008993740121251611
540	0.022687483692666655
541	0.007678290287146742
542	0.003048533613576156
543	0.016112754742632327
544	0.005039306803891942
545	0.010289005970298332
546	0.0041776656809004945
547	0.009480905638626745
548	0.016970827774439777
549	0.008772534634871904
550	0.006512795466321864
551	0.015521106759720064
552	0.003529552279246315
553	0.006103120667123895
554	0.00873294372012253
555	0.02427616871117073
556	0.005293367048999278
557	0.04677857235306713
558	0.02698754880087673
559	0.01875831182996524
560	0.0026124210492039705
561	0.002828886678930904
562	0.00591325128381263
563	0.035511257876382776
564	0.02030950622590789
565	0.007177496102861626
566	0.03509032965906251
567	0.007326835300040567
568	0.013327812758908925
569	0.009335820914040671
570	0.02242252169666667
571	0.017798061322310252
572	0.014126768498602954
573	0.007861615331249674
574	0.005011887453968494
575	0.025893757306506872
576	0.009629022610014507
577	0.00636668609931518
578	0.010112397409731438
579	0.009360979151637371
580	0.0076728822185056075
581	0.04954860322000403
582	0.024278745341483464
583	0.02782858878941594
584	0.012738377403678874
585	0.008034956164162017
586	0.007829386021633923
587	0.04428698150687889
588	0.01348290276859021
589	0.010341557230063001
590	0.004975041441527305
591	0.006898380835060911
592	0.015905357158730492
593	0.007322279739117036
594	0.03840885725241712
595	0.0045160130446750876
596	0.03444754897937697
597	0.0030836721422110407
598	0.013600082949327394
599	0.005177847574114598
600	0.0055967068434051755
601	0.044560689968797584
602	0.009998360750768728
603	0.007767922753925045
604	0.006240338632019103
605	0.011098449245614152
606	0.009617321849910402
607	0.01283224360114247
608	0.007966477856804353
609	0.00222678364789157
610	0.00402702635619235
611	0.04587590553452474
612	0.0039321359743313775
613	0.008736850915743468
614	0.003821442476742818
615	0.017442725865725785
616	0.005797600657398648
617	0.016446777506624148
618	0.014106297452271377
619	0.003794632061028632
620	0.007664944340803413
621	0.021848284889654204
622	0.006880561218224449
623	0.020319006108509115
624	0.011494222377070484
625	0.01769209056935573
626	0.0213934671262374
627	0.009633771371668895
628	0.00625552695356687
629	0.011298060216781546
630	0.003527608965326268
631	0.0069636247314906665
632	0.00927835148340693
633	0.006535461556764224
634	0.006628863907255942
635	0.028475571494717942
636	0.006266184311230405
637	0.0051232230327808515
638	0.006084151082111216
639	0.0065131425945595695
640	0.003690310744960521
641	0.005925608939649682
642	0.003342677467313832
643	0.01777783425786315
644	0.01013830025934266
645	0.0056137875110106455
646	0.02106139459553068
647	0.02172379698611541
648	0.007367472265987009
649	0.004639115402627489
650	0.010799022993893284
651	0.007403790537285534
652	0.0041568889613077765
653	0.017631785146268064
654	0.013711611571294883
655	0.0021017160086220206
656	0.0047193855513898535
657	0.0051876601749463935
658	0.03152242022249123
659	0.048122108202273764
660	0.006326947123377065
661	0.007312768994944026
662	0.005264211238639791
663	0.006130301562642218
664	0.01962347336519573
665	0.009030036960398663
666	0.007466617137605525
667	0.00518395710443353
668	0.015353591021179731
669	0.005847465809632846
670	0.015859782806170303
671	0.0028193088002072195
672	0.006833937983629874
673	0.01573308863127817
674	0.018057989392954527
675	0.019991835673462716
676	0.009248753680416524
677	0.004325970532520137
678	0.00459366996336442
679	0.012358334476007923
680	0.013708009162616674
681	0.004774498981395697
682	0.006476606430361142
683	0.002456018102553609
684	0.0036074281869715855
685	0.016523956718066415
686	0.03411907552967884
687	0.007663053760982368
688	0.004260981871595096
689	0.00554847816961868
690	0.009444407512890919
691	0.0249964953922678
692	0.007897489103272272
693	0.007541306711541813
694	0.016110975405284972
695	0.004442825577575081
696	0.01394224131715183
697	0.005589677314152703
698	0.023972352324877502
699	0.002172752761783693
700	0.008085828990028434
701	0.032714198614075644
702	0.0017742038515101278
703	0.016853959041119217
704	0.004003982649334019
705	0.011554084034833401
706	0.00336793859206604
707	0.009650781638121773
708	0.023167473314055984
709	0.005406650125999728
710	0.013881456011867785
711	0.012184599734414867
712	0.012019930850955676
713	0.005390494551069231
714	0.01522499305516491
715	0.005856940871134776
716	0.014072955745980229
717	0.0057024399121542455
718	0.006755140965188713
719	0.00682784858968117
720	0.036836294355042605
721	0.014194458380136088
722	0.022414672626909948
723	0.0032850249359830707
724	0.007288467467510752
725	0.00429352043768047
726	0.003598779745045677
727	0.010694512210083081
728	0.006557582073652608
729	0.014492634117567363
730	0.019935911891328133
731	0.012542737709980059
732	0.021355101280500558
733	0.002915102833171549
734	0.0020414774797639606
735	0.005406269667669286
736	0.00847297330334665
737	0.007337785485506446
738	0.03503007343038977
739	0.005441623425416908
740	0.003140137873942399
741	0.007326009409708369
742	0.009792958476173936
743	0.017587776741792616
744	0.008894571833441736
745	0.016283463408421767
746	0.009817793680804847
747	0.008346725894602041
748	0.007861493293602913
749	0.010367253130803772
750	0.02315821690572981
751	0.011007699733264091
752	0.018445530935240928
753	0.005629435400232975
754	0.010368555120998187
755	0.007602435938717266
756	0.006184283631327212
757	0.0027725893049639935
758	0.02004188270291185
759	0.001989774507062853
760	0.005668587196683325
761	0.002192840367108144
762	0.003578814057517819
763	0.005415563139483985
764	0.006224696893407556
765	0.024812763022424373
766	0.0064080374003171155
767	0.0068465041615467775
768	0.008678083648224543
769	0.00383614742192862
770	0.005797183977425364
771	0.008456325715054279
772	0.030041008505608584
773	0.01029594186675865
774	0.029805620626606407
775	0.00673751655630667
776	0.016644951617615703
777	0.007973282254945311
778	0.004074039119517251
779	0.01568743479424138
780	0.01578156580108333
781	0.0034812269374632407
782	0.005386146981254295
783	0.02106834257880159
784	0.011482213647239817
785	0.006457002193623833
786	0.012957586154475939
787	0.013382155332220733
788	0.004063608426858097
789	0.003530127299180296
790	0.004823124584096218
791	0.00806167350511819
792	0.007989750705347937
793	0.022801529750891402
794	0.011245982828381098
795	0.004803226686151424
796	0.010061311095393823
797	0.015428482953006088
798	0.0019954412650104157
799	0.03027937445771953
800	0.0036451235908725016
801	0.0038680955368666464
802	0.0069373093104696205
803	0.03430126686683021
804	0.003162291073088519
805	0.0018514696576179175
806	0.00527514115054654
807	0.019676272739169373
808	0.002322149942977468
809	0.005807167064812388
810	0.005689758064040014
811	0.004209570029669293
812	0.0027048804531123274
813	0.00417712244338309
814	0.01596977533556299
815	0.00712744282630636
816	0.01015021821735388
817	0.003370821611784305
818	0.007238776971800895
819	0.004179662758758562
820	0.006457482753588046
821	0.002359106212866221
822	0.004054916791800265
823	0.0057060364636932915
824	0.004507564848845424
825	0.00924368580392979
826	0.01877947027789565
827	0.007015243663182232
828	0.008369576463487556
829	0.008552799446594626
830	0.021422588233682423
831	0.005790341520132426
832	0.027098208606757893
833	0.00349431912466559
834	0.01877643859351611
835	0.002175362631540066
836	0.00476161325603418
837	0.004817050852934367
838	0.0040942133672267605
839	0.04192668772989373
840	0.010291290405454458
841	0.015578931474214412
842	0.006798457565866804
843	0.00964034207763066
844	0.00503127201008043
845	0.010873707320937155
846	0.00818549846371897
847	0.006489635382490856
848	0.004434661399359965
849	0.013938798291196671
850	0.003394142684787279
851	0.008900479739167248
852	0.007587441644155759
853	0.00876655275354616
854	0.016404121589624867
855	0.0027239596158514815
856	0.0026387827893365225
857	0.017889832014137443
858	0.008282063446799657
859	0.00674416693436227
860	0.013214990201663888
861	0.01193122363163044
862	0.004843790804327303
863	0.0014982323314011044
864	0.004814256754509812
865	0.004673867897630262
866	0.003433376808263178
867	0.005846048599057588
868	0.00906383188631732
869	0.00534718292592149
870	0.006296312240052182
871	0.03657655372806994
872	0.027473507406601153
873	0.004397448335770212
874	0.0013696834263891519
875	0.003916082659484791
876	0.03508662909805278
877	0.0019012841266721116
878	0.004070107828632549
879	0.007334691817579336
880	0.006650589425046173
881	0.011956432213681317
882	0.006675010213598251
883	0.002974968433596387
884	0.006361053745510021
885	0.007866963970156762
886	0.013365110812480967
887	0.013540118502228802
888	0.007542712023823083
889	0.0092149803010854
890	0.006056893085720612
891	0.006209267192912594
892	0.019748911740875175
893	0.0019199459994686083
894	0.0017540463628046385
895	0.0019138324687829628
896	0.002738076928780027
897	0.0019084984380139099
898	0.021080331869937855
899	0.008225841163226787
900	0.006082277053718994
901	0.004666409738641214
902	0.0036417138049549117
903	0.004150627571225603
904	0.007649096345982821
905	0.008517450508093043
906	0.006233121597328933
907	0.013808717006222559
908	0.002244839971321683
909	0.0067567986660967486
910	0.014250974183101483
911	0.03168421899161444
912	0.013242228670857252
913	0.01087027889802581
914	0.007551854372121896
915	0.00923264989185582
916	0.0024488872818629382
917	0.02076636072523102
918	0.0016375336437810595
919	0.005120270832272907
920	0.01816065058207281
921	0.0018938402888421847
922	0.004147103867582511
923	0.009608996694758993
924	0.010959047438764385
925	0.009554028529901261
926	0.016098358440620915
927	0.0074197438339238635
928	0.0033551791366850377
929	0.004524967873604099
930	0.01057315584875206
931	0.009883407544538887
932	0.0026889454267240713
933	0.0047537223599954815
934	0.003533233471527684
935	0.0076678778439281635
936	0.008094515830864029
937	0.004253287022394407
938	0.005263829203318883
939	0.0020986083245044707
940	0.001067842903414316
941	0.003188552723998223
942	0.005925037627934998
943	0.004596896862039014
944	0.003787919015114388
945	0.011698381495627762
946	0.026258815821551363
947	0.0026415077894669406
948	0.0012882494796409602
949	0.004246689771565951
950	0.003436353403051552
951	0.006244957678840437
952	0.014261619185608738
953	0.007241565731118474
954	0.013880816954773074
955	0.004658274345344934
956	0.019563282942654983
957	0.009828527375660447
958	0.0045757366350554565
959	0.03624187056245696
960	0.0039759099317142384
961	0.005312884378669769
962	0.004222137671435391
963	0.0073936254303529165
964	0.004583009423501441
965	0.0352155933852111
966	0.0024421970705113165
967	0.008521172829612135
968	0.0027833410191725953
969	0.003088860007808134
970	0.013167586012678931
971	0.0035238009209712855
972	0.002341524629375859
973	0.00551875833351092
974	0.014523047735305333
975	0.015752950908834547
976	0.0033919204713398136
977	0.01581181331547549
978	0.004382355008979647
979	0.0036662327108097294
980	0.004153465745457699
981	0.02428652804968065
982	0.007644599999110293
983	0.0019125380405215385
984	0.005092752921794251
985	0.004518287012745814
986	0.012723354681751016
987	0.0031479157236385304
988	0.0066211304712604615
989	0.00806509333266891
990	0.00226584494974611
991	0.004114706788145516
992	0.00653633859966064
993	0.011848071940657755
994	0.020267170836815243
995	0.021403005415590513
996	0.002987936314098064
997	0.012051809875626417
998	0.021640002124941365
999	0.023786404797240042
