0	0.4201013418832652
1	0.2389192732656701
2	0.0884926845385182
3	0.0307120237160718
4	0.2412869021893025
5	0.1655597243947951
6	0.1114167389451849
7	0.1526595326994973
8	0.111851611704641
9	0.1638773934225259
10	0.0733600359100571
11	0.0780031198685264
12	0.100255499022232
13	0.1993267023952436
14	0.0771909402535009
15	0.0584483712748456
16	0.0796924336188047
17	0.0809410446458954
18	0.0672084560306296
19	0.0739552491152112
20	0.1637022305947844
21	0.1072547757001343
22	0.082724066899783
23	0.0878827436619244
24	0.1314162139900717
25	0.0471276127021475
26	0.0484794489027115
27	0.0492764743787443
28	0.0588727533416261
29	0.0497641894125897
30	0.0512114566810492
31	0.0684439577474065
32	0.0303036369466987
33	0.0365290646208154
34	0.0449270015126904
35	0.0423603580205361
36	0.0531124455398931
37	0.0300542367883414
38	0.0625843253463329
39	0.1037957882824968
40	0.0413544565829158
41	0.0641106268978963
42	0.0282532505712411
43	0.0212113243393645
44	0.0307378935242907
45	0.048362508668072
46	0.0695148883175417
47	0.0357329085209932
48	0.0443681022731924
49	0.0459542373958977
50	0.0349480840591541
51	0.0359474591636039
52	0.0743672752245923
53	0.0348830697016083
54	0.0686389376259487
55	0.0226134601633374
56	0.0618702588700894
57	0.0257224272165821
58	0.0475928535750686
59	0.0322138166054213
60	0.0701487040680026
61	0.0494732574354117
62	0.0238046355366398
63	0.0322688945729416
64	0.0484074187040235
65	0.0495470874037585
66	0.045945606371674
67	0.0889204102226233
68	0.0172047278685643
69	0.034246792057533
70	0.0575559636390597
71	0.0405652281332104
72	0.0502220153864187
73	0.0306226024965758
74	0.0191885066555486
75	0.0329278596542374
76	0.0660358577927232
77	0.0320309451287661
78	0.0210990302074795
79	0.0288169167387985
80	0.0268613642162153
81	0.0289802644644422
82	0.0183330328922114
83	0.0174353019823053
84	0.0166159370115804
85	0.0514161402797926
86	0.0411828949372137
87	0.0374435468884907
88	0.0281580366740118
89	0.0487343107801212
90	0.0168142750301708
91	0.0482937674716
92	0.0440323563682712
93	0.0280850083879593
94	0.0430343409739132
95	0.0236729618193445
96	0.0373866545295033
97	0.0184456436214317
98	0.0299351296039686
99	0.0409469874773346
100	0.0111909088604276
101	0.0300486943247908
102	0.03946308559692
103	0.0171646661028681
104	0.0276952869055526
105	0.0253808537328553
106	0.0338729174100984
107	0.0366117217077143
108	0.0193767952344635
109	0.046323429810552
110	0.0115774354227196
111	0.0122615862550754
112	0.0471511544469213
113	0.0217013828783813
114	0.0381890521135374
115	0.0579027552127152
116	0.0402625726254071
117	0.030294995382335
118	0.0148984890218518
119	0.0141300456913227
120	0.0184026138665737
121	0.0393836181313232
122	0.0193510701499235
123	0.0288694794376242
124	0.0559839011513286
125	0.0363978689280242
126	0.0540331974833774
127	0.0080470436214674
128	0.016478832478203
129	0.0377300159583919
130	0.0412348460405754
131	0.0326883232073184
132	0.0114960315828257
133	0.0185001492155187
134	0.0225075702503124
135	0.0405403889746135
136	0.0136021051843229
137	0.0179614653639156
138	0.0393107108872523
139	0.023047669991557
140	0.0473966756067426
141	0.0203855899901178
142	0.0280077837573059
143	0.0544689171498874
144	0.0187709047477766
145	0.0113067385211843
146	0.0173753551325101
147	0.0126966245652661
148	0.0238790801830502
149	0.0247458878394066
150	0.0410305513357779
151	0.026615051098024
152	0.0287804242819669
153	0.0288039827785194
154	0.0241195539375091
155	0.0398648896547104
156	0.012737704045379
157	0.0202622508139877
158	0.0118944344785066
159	0.0211063536219647
160	0.0140563342901228
161	0.0101432891537505
162	0.0275983202566369
163	0.0316568661656033
164	0.0293270632207828
165	0.0409145360265933
166	0.0199174536763831
167	0.0200486527694843
168	0.0405911501964147
169	0.0534045226670131
170	0.0191765696225687
171	0.0233621757761778
172	0.0543618787114948
173	0.0355673743984429
174	0.0085200718683178
175	0.0159665973363585
176	0.0106306426318535
177	0.0269732675700943
178	0.0369182125150628
179	0.0257013898940424
180	0.0319243227271756
181	0.016103330170828
182	0.01234270230791
183	0.0177074773223914
184	0.0237074564315198
185	0.0156476111027459
186	0.022551957266754
187	0.0135614499311538
188	0.0295941172051577
189	0.015560407800288
190	0.0111336461141428
191	0.0216064242128142
192	0.0253195002531749
193	0.0346010173115824
194	0.0354458352589792
195	0.0232634329295664
196	0.0213961402951898
197	0.0144965945578568
198	0.0096743901708651
199	0.0283610452181159
200	0.0211475069948569
201	0.0253187677312069
202	0.0183374273156402
203	0.0406647283950396
204	0.0202629894780077
205	0.0286159309707821
206	0.012545517915286
207	0.0143691278695096
208	0.0160913549205358
209	0.0243612744413777
210	0.0206242564707541
211	0.0158155042329118
212	0.0096516309777923
213	0.0104539717930948
214	0.0099686841693566
215	0.011643954518208
216	0.0233131164766865
217	0.0120307294587955
218	0.022564097126572
219	0.0220041516512392
220	0.0150756650890498
221	0.0106627300388044
222	0.0111750069606058
223	0.0075882732015487
224	0.0542806851482175
225	0.0091413975022259
226	0.0196757624740898
227	0.0203759171299875
228	0.0408393238998648
229	0.0101341728587606
230	0.0207321506564088
231	0.0126916318221698
232	0.0120726515622978
233	0.0392606094881259
234	0.010830655149777
235	0.0403324969396158
236	0.0220004822403554
237	0.0156712665047865
238	0.0123671767388723
239	0.0232770149564543
240	0.0101704220076921
241	0.0358060655746371
242	0.0341245253604122
243	0.0120676720829757
244	0.0174154803604468
245	0.0393965069265524
246	0.0210346338437674
247	0.0115694506787165
248	0.0068767166666594
249	0.0343081672867554
250	0.0255351761474184
251	0.0081923750561518
252	0.0520508155949101
253	0.0190163968316997
254	0.0202600250741123
255	0.0200050608587767
256	0.0100579946408613
257	0.0110671085284412
258	0.0156181656416295
259	0.027572932315219
260	0.0080993066842812
261	0.0068689921470387
262	0.0224561446200744
263	0.009255120003629
264	0.0074286647316412
265	0.0277268235244559
266	0.0056814290943776
267	0.0127140076823534
268	0.0156938381466446
269	0.023891099001738
270	0.0113497493325096
271	0.026320473311841
272	0.0197314471221463
273	0.0119384878617429
274	0.018733112127913
275	0.0080606282902227
276	0.0058627897529546
277	0.0068352553185599
278	0.0062436325329988
279	0.0343376700306147
280	0.0073329802744591
281	0.0305539016711364
282	0.0163639547318597
283	0.0092337361497797
284	0.022830989332937
285	0.0223049722664063
286	0.020242994546959
287	0.0184190326265434
288	0.0241959118379813
289	0.0099411198373928
290	0.0116399487913382
291	0.020085954822719
292	0.0089318320829871
293	0.0095360208973964
294	0.0161887823848036
295	0.009857790459699
296	0.0081772770813172
297	0.0200099532474714
298	0.0205318772255924
299	0.008834904804959
300	0.0082774574726867
301	0.0213539756155159
302	0.0222861675338963
303	0.0088019142072219
304	0.0265735045643456
305	0.02189952242509
306	0.0202757158458067
307	0.0215802668864629
308	0.0060694644121864
309	0.015266576195542
310	0.0070192584154968
311	0.0312210202456882
312	0.0103268921955969
313	0.0068145608124315
314	0.0321910707009036
315	0.0054771288322953
316	0.0196690845919707
317	0.0227069511776629
318	0.0140361155198037
319	0.0116791906518083
320	0.0285059530389979
321	0.0214091864424962
322	0.0141726689562028
323	0.0181079507329023
324	0.0067862960525417
325	0.0106869583687725
326	0.016721181867463
327	0.0094865485209936
328	0.0126634261544374
329	0.0050954311952137
330	0.0128577008897592
331	0.0099438588559561
332	0.0092124480258643
333	0.0055310025148495
334	0.0215297803736774
335	0.0110717142021439
336	0.0068173128117991
337	0.0173411740822314
338	0.0182992110024397
339	0.0095245891415594
340	0.0053461613214869
341	0.0388271487478225
342	0.009322197821681
343	0.0201313743584402
344	0.0555086697485817
345	0.0099566805272545
346	0.031626501728503
347	0.0068816723229905
348	0.0099156361405427
349	0.0148887687166128
350	0.0091689440387991
351	0.0256498051945226
352	0.0079291602771093
353	0.00616980439426
354	0.0346734204085134
355	0.0157539679819467
356	0.0089689179162499
357	0.0100735910067714
358	0.0223464998209296
359	0.0065596062286871
360	0.0057668642939945
361	0.0163154984708772
362	0.0221153912556574
363	0.0128390507910496
364	0.0087918275732917
365	0.0043229167947423
366	0.0157572861222782
367	0.0071046957084006
368	0.0144032295033344
369	0.0155785805856981
370	0.0057352066658899
371	0.0104915986468929
372	0.0098154220015954
373	0.0048116034315974
374	0.0100961420039352
375	0.0112828029338325
376	0.0074957128270119
377	0.0160276161304797
378	0.0128845545452652
379	0.0128455721572778
380	0.0226748460810616
381	0.0394980006330827
382	0.0083944607759335
383	0.0144203043947173
384	0.0161007228092332
385	0.011663008925905
386	0.0097036966997299
387	0.006951436458791
388	0.0063511289102296
389	0.0108006657235401
390	0.0229743522906216
391	0.0120540081989592
392	0.0074924496272562
393	0.0075283032139227
394	0.0114918238292268
395	0.0117239135733498
396	0.0171113950207911
397	0.0103599438931489
398	0.0038536237555322
399	0.0074505667114359
400	0.0056012674978661
401	0.0056258145960579
402	0.0061614829648209
403	0.0088620741768585
404	0.0315491220755818
405	0.0059408878240061
406	0.0147681118519271
407	0.0202903647536217
408	0.0255987547507028
409	0.0097302138899613
410	0.0080797584486961
411	0.0195819625845562
412	0.0108037228984996
413	0.0220933483867062
414	0.0133674152945092
415	0.0144187839232496
416	0.0116714823340427
417	0.0140151087244208
418	0.0114882716463781
419	0.0097513421222026
420	0.0205456430379116
421	0.0193727025633109
422	0.0167566490153296
423	0.0117892291936153
424	0.0397908617955453
425	0.0061082080904973
426	0.0095144387847016
427	0.0157677607757007
428	0.0148657859617499
429	0.0090041898332842
430	0.026028860134737
431	0.0090850156112793
432	0.0076849377867135
433	0.0055324878968715
434	0.0229494834207037
435	0.0241528405691731
436	0.0059795135846573
437	0.01877635526365
438	0.0160203979848874
439	0.0045981744332609
440	0.0349661517974049
441	0.0184822498372831
442	0.0093080171377352
443	0.0021674978429657
444	0.0058970354908064
445	0.0041049706429869
446	0.0187979662789912
447	0.0117333175937002
448	0.0069722157218084
449	0.0064621176309644
450	0.0035352636595738
451	0.0378447984624116
452	0.0059826411596838
453	0.0085013818103635
454	0.0083365044159604
455	0.023926166399204
456	0.0059966272618157
457	0.0078456070891312
458	0.006662766981271
459	0.0065905416145258
460	0.0063754329241666
461	0.0076858512647918
462	0.0065911762490084
463	0.0234164192704462
464	0.0055798002904024
465	0.012168541253159
466	0.0165111545982333
467	0.0144503679398539
468	0.0123474245658313
469	0.0217234199847425
470	0.008476408623424
471	0.0070141498135282
472	0.01657925696397
473	0.0123190001228204
474	0.0437370995685387
475	0.0160252819851463
476	0.0040659230448436
477	0.034228508106283
478	0.008562071201889
479	0.0165161343612028
480	0.0070231892070874
481	0.0258016799214668
482	0.0026732893543487
483	0.0409900639959961
484	0.0339519253558343
485	0.0118185430293718
486	0.0041938963098287
487	0.0058367667309821
488	0.0095557844126505
489	0.0032633070337112
490	0.0085357912991123
491	0.0053196228306963
492	0.0068045151891507
493	0.0059480312469163
494	0.013243916446508
495	0.0157555263817796
496	0.0064376065779807
497	0.0120637915157738
498	0.0020535877166854
499	0.0157547121300133
500	0.0034479677242136
501	0.0046416061022672
502	0.003955064138307
503	0.005899442529442
504	0.0074164510711021
505	0.0223706232076128
506	0.0260527792523977
507	0.0055088984045652
508	0.0067113669080713
509	0.0222533689894184
510	0.0095848797430919
511	0.0163009242422299
512	0.0365936214429349
513	0.0045946266727883
514	0.0189254419929699
515	0.0161045551343542
516	0.0053569080971105
517	0.0396826796584526
518	0.0041017466301836
519	0.0104547805914217
520	0.0054539134771848
521	0.0208220871268022
522	0.0085746793802151
523	0.0376830755533047
524	0.0071946038811297
525	0.0144660558036658
526	0.0030825152438023
527	0.004849750608068
528	0.0064701932778209
529	0.0051222142619258
530	0.0089676427388367
531	0.0090948915311539
532	0.0090275392397249
533	0.0082860628247371
534	0.0183579764120285
535	0.0347816939102129
536	0.0155340149841648
537	0.0088228794137125
538	0.0122645330170943
539	0.0089937401212516
540	0.0226874836926666
541	0.0076782902871467
542	0.0030485336135761
543	0.0161127547426323
544	0.0050393068038919
545	0.0102890059702983
546	0.0041776656809004
547	0.0094809056386267
548	0.0169708277744397
549	0.0087725346348719
550	0.0065127954663218
551	0.01552110675972
552	0.0035295522792463
553	0.0061031206671238
554	0.0087329437201225
555	0.0242761687111707
556	0.0052933670489992
557	0.0467785723530671
558	0.0269875488008767
559	0.0187583118299652
560	0.0026124210492039
561	0.0028288866789309
562	0.0059132512838126
563	0.0355112578763827
564	0.0203095062259078
565	0.0071774961028616
566	0.0350903296590625
567	0.0073268353000405
568	0.0133278127589089
569	0.0093358209140406
570	0.0224225216966666
571	0.0177980613223102
572	0.0141267684986029
573	0.0078616153312496
574	0.0050118874539684
575	0.0258937573065068
576	0.0096290226100145
577	0.0063666860993151
578	0.0101123974097314
579	0.0093609791516373
580	0.0076728822185056
581	0.049548603220004
582	0.0242787453414834
583	0.0278285887894159
584	0.0127383774036788
585	0.008034956164162
586	0.0078293860216339
587	0.0442869815068788
588	0.0134829027685902
589	0.010341557230063
590	0.0049750414415273
591	0.0068983808350609
592	0.0159053571587304
593	0.007322279739117
594	0.0384088572524171
595	0.004516013044675
596	0.0344475489793769
597	0.003083672142211
598	0.0136000829493273
599	0.0051778475741145
600	0.0055967068434051
601	0.0445606899687975
602	0.0099983607507687
603	0.007767922753925
604	0.0062403386320191
605	0.0110984492456141
606	0.0096173218499104
607	0.0128322436011424
608	0.0079664778568043
609	0.0022267836478915
610	0.0040270263561923
611	0.0458759055345247
612	0.0039321359743313
613	0.0087368509157434
614	0.0038214424767428
615	0.0174427258657257
616	0.0057976006573986
617	0.0164467775066241
618	0.0141062974522713
619	0.0037946320610286
620	0.0076649443408034
621	0.0218482848896542
622	0.0068805612182244
623	0.0203190061085091
624	0.0114942223770704
625	0.0176920905693557
626	0.0213934671262374
627	0.0096337713716688
628	0.0062555269535668
629	0.0112980602167815
630	0.0035276089653262
631	0.0069636247314906
632	0.0092783514834069
633	0.0065354615567642
634	0.0066288639072559
635	0.0284755714947179
636	0.0062661843112304
637	0.0051232230327808
638	0.0060841510821112
639	0.0065131425945595
640	0.0036903107449605
641	0.0059256089396496
642	0.0033426774673138
643	0.0177778342578631
644	0.0101383002593426
645	0.0056137875110106
646	0.0210613945955306
647	0.0217237969861154
648	0.007367472265987
649	0.0046391154026274
650	0.0107990229938932
651	0.0074037905372855
652	0.0041568889613077
653	0.017631785146268
654	0.0137116115712948
655	0.002101716008622
656	0.0047193855513898
657	0.0051876601749463
658	0.0315224202224912
659	0.0481221082022737
660	0.006326947123377
661	0.007312768994944
662	0.0052642112386397
663	0.0061303015626422
664	0.0196234733651957
665	0.0090300369603986
666	0.0074666171376055
667	0.0051839571044335
668	0.0153535910211797
669	0.0058474658096328
670	0.0158597828061703
671	0.0028193088002072
672	0.0068339379836298
673	0.0157330886312781
674	0.0180579893929545
675	0.0199918356734627
676	0.0092487536804165
677	0.0043259705325201
678	0.0045936699633644
679	0.0123583344760079
680	0.0137080091626166
681	0.0047744989813956
682	0.0064766064303611
683	0.0024560181025536
684	0.0036074281869715
685	0.0165239567180664
686	0.0341190755296788
687	0.0076630537609823
688	0.004260981871595
689	0.0055484781696186
690	0.0094444075128909
691	0.0249964953922678
692	0.0078974891032722
693	0.0075413067115418
694	0.0161109754052849
695	0.004442825577575
696	0.0139422413171518
697	0.0055896773141527
698	0.0239723523248775
699	0.0021727527617836
700	0.0080858289900284
701	0.0327141986140756
702	0.0017742038515101
703	0.0168539590411192
704	0.004003982649334
705	0.0115540840348334
706	0.003367938592066
707	0.0096507816381217
708	0.0231674733140559
709	0.0054066501259997
710	0.0138814560118677
711	0.0121845997344148
712	0.0120199308509556
713	0.0053904945510692
714	0.0152249930551649
715	0.0058569408711347
716	0.0140729557459802
717	0.0057024399121542
718	0.0067551409651887
719	0.0068278485896811
720	0.0368362943550426
721	0.014194458380136
722	0.0224146726269099
723	0.003285024935983
724	0.0072884674675107
725	0.0042935204376804
726	0.0035987797450456
727	0.010694512210083
728	0.0065575820736526
729	0.0144926341175673
730	0.0199359118913281
731	0.01254273770998
732	0.0213551012805005
733	0.0029151028331715
734	0.0020414774797639
735	0.0054062696676692
736	0.0084729733033466
737	0.0073377854855064
738	0.0350300734303897
739	0.0054416234254169
740	0.0031401378739423
741	0.0073260094097083
742	0.0097929584761739
743	0.0175877767417926
744	0.0088945718334417
745	0.0162834634084217
746	0.0098177936808048
747	0.008346725894602
748	0.0078614932936029
749	0.0103672531308037
750	0.0231582169057298
751	0.011007699733264
752	0.0184455309352409
753	0.0056294354002329
754	0.0103685551209981
755	0.0076024359387172
756	0.0061842836313272
757	0.0027725893049639
758	0.0200418827029118
759	0.0019897745070628
760	0.0056685871966833
761	0.0021928403671081
762	0.0035788140575178
763	0.0054155631394839
764	0.0062246968934075
765	0.0248127630224243
766	0.0064080374003171
767	0.0068465041615467
768	0.0086780836482245
769	0.0038361474219286
770	0.0057971839774253
771	0.0084563257150542
772	0.0300410085056085
773	0.0102959418667586
774	0.0298056206266064
775	0.0067375165563066
776	0.0166449516176157
777	0.0079732822549453
778	0.0040740391195172
779	0.0156874347942413
780	0.0157815658010833
781	0.0034812269374632
782	0.0053861469812542
783	0.0210683425788015
784	0.0114822136472398
785	0.0064570021936238
786	0.0129575861544759
787	0.0133821553322207
788	0.004063608426858
789	0.0035301272991802
790	0.0048231245840962
791	0.0080616735051181
792	0.0079897507053479
793	0.0228015297508914
794	0.011245982828381
795	0.0048032266861514
796	0.0100613110953938
797	0.015428482953006
798	0.0019954412650104
799	0.0302793744577195
800	0.0036451235908725
801	0.0038680955368666
802	0.0069373093104696
803	0.0343012668668302
804	0.0031622910730885
805	0.0018514696576179
806	0.0052751411505465
807	0.0196762727391693
808	0.0023221499429774
809	0.0058071670648123
810	0.00568975806404
811	0.0042095700296692
812	0.0027048804531123
813	0.004177122443383
814	0.0159697753355629
815	0.0071274428263063
816	0.0101502182173538
817	0.0033708216117843
818	0.0072387769718008
819	0.0041796627587585
820	0.006457482753588
821	0.0023591062128662
822	0.0040549167918002
823	0.0057060364636932
824	0.0045075648488454
825	0.0092436858039297
826	0.0187794702778956
827	0.0070152436631822
828	0.0083695764634875
829	0.0085527994465946
830	0.0214225882336824
831	0.0057903415201324
832	0.0270982086067578
833	0.0034943191246655
834	0.0187764385935161
835	0.00217536263154
836	0.0047616132560341
837	0.0048170508529343
838	0.0040942133672267
839	0.0419266877298937
840	0.0102912904054544
841	0.0155789314742144
842	0.0067984575658668
843	0.0096403420776306
844	0.0050312720100804
845	0.0108737073209371
846	0.0081854984637189
847	0.0064896353824908
848	0.0044346613993599
849	0.0139387982911966
850	0.0033941426847872
851	0.0089004797391672
852	0.0075874416441557
853	0.0087665527535461
854	0.0164041215896248
855	0.0027239596158514
856	0.0026387827893365
857	0.0178898320141374
858	0.0082820634467996
859	0.0067441669343622
860	0.0132149902016638
861	0.0119312236316304
862	0.0048437908043273
863	0.0014982323314011
864	0.0048142567545098
865	0.0046738678976302
866	0.0034333768082631
867	0.0058460485990575
868	0.0090638318863173
869	0.0053471829259214
870	0.0062963122400521
871	0.0365765537280699
872	0.0274735074066011
873	0.0043974483357702
874	0.0013696834263891
875	0.0039160826594847
876	0.0350866290980527
877	0.0019012841266721
878	0.0040701078286325
879	0.0073346918175793
880	0.0066505894250461
881	0.0119564322136813
882	0.0066750102135982
883	0.0029749684335963
884	0.00636105374551
885	0.0078669639701567
886	0.0133651108124809
887	0.0135401185022288
888	0.007542712023823
889	0.0092149803010854
890	0.0060568930857206
891	0.0062092671929125
892	0.0197489117408751
893	0.0019199459994686
894	0.0017540463628046
895	0.0019138324687829
896	0.00273807692878
897	0.0019084984380139
898	0.0210803318699378
899	0.0082258411632267
900	0.0060822770537189
901	0.0046664097386412
902	0.0036417138049549
903	0.0041506275712256
904	0.0076490963459828
905	0.008517450508093
906	0.0062331215973289
907	0.0138087170062225
908	0.0022448399713216
909	0.0067567986660967
910	0.0142509741831014
911	0.0316842189916144
912	0.0132422286708572
913	0.0108702788980258
914	0.0075518543721218
915	0.0092326498918558
916	0.0024488872818629
917	0.020766360725231
918	0.001637533643781
919	0.0051202708322729
920	0.0181606505820728
921	0.0018938402888421
922	0.0041471038675825
923	0.0096089966947589
924	0.0109590474387643
925	0.0095540285299012
926	0.0160983584406209
927	0.0074197438339238
928	0.003355179136685
929	0.004524967873604
930	0.010573155848752
931	0.0098834075445388
932	0.002688945426724
933	0.0047537223599954
934	0.0035332334715276
935	0.0076678778439281
936	0.008094515830864
937	0.0042532870223944
938	0.0052638292033188
939	0.0020986083245044
940	0.0010678429034143
941	0.0031885527239982
942	0.0059250376279349
943	0.004596896862039
944	0.0037879190151143
945	0.0116983814956277
946	0.0262588158215513
947	0.0026415077894669
948	0.0012882494796409
949	0.0042466897715659
950	0.0034363534030515
951	0.0062449576788404
952	0.0142616191856087
953	0.0072415657311184
954	0.013880816954773
955	0.0046582743453449
956	0.0195632829426549
957	0.0098285273756604
958	0.0045757366350554
959	0.0362418705624569
960	0.0039759099317142
961	0.0053128843786697
962	0.0042221376714353
963	0.0073936254303529
964	0.0045830094235014
965	0.0352155933852111
966	0.0024421970705113
967	0.0085211728296121
968	0.0027833410191725
969	0.0030888600078081
970	0.0131675860126789
971	0.0035238009209712
972	0.0023415246293758
973	0.0055187583335109
974	0.0145230477353053
975	0.0157529509088345
976	0.0033919204713398
977	0.0158118133154754
978	0.0043823550089796
979	0.0036662327108097
980	0.0041534657454576
981	0.0242865280496806
982	0.0076445999991102
983	0.0019125380405215
984	0.0050927529217942
985	0.0045182870127458
986	0.012723354681751
987	0.0031479157236385
988	0.0066211304712604
989	0.0080650933326689
990	0.0022658449497461
991	0.0041147067881455
992	0.0065363385996606
993	0.0118480719406577
994	0.0202671708368152
995	0.0214030054155905
996	0.002987936314098
997	0.0120518098756264
998	0.0216400021249413
999	0.02378640479724
