Fraction_of_nodes	Efficiency
0.0010111223458038423	0.2393350421701887
0.0020222446916076846	0.23878161193714348
0.003033367037411527	0.23814056038582498
0.004044489383215369	0.2375129343706697
0.005055611729019211	0.23694757417739773
0.006066734074823054	0.2364695598308541
0.007077856420626896	0.2359339006455728
0.008088978766430738	0.23552911539015392
0.00910010111223458	0.23506402264343135
0.010111223458038422	0.23459611460374172
0.011122345803842264	0.23406487542567803
0.012133468149646108	0.2335458420340177
0.01314459049544995	0.23298287512563437
0.014155712841253791	0.23245768240563897
0.015166835187057633	0.23205577431494845
0.016177957532861477	0.23148076483094132
0.017189079878665317	0.23093498190748005
0.01820020222446916	0.230409945194707
0.019211324570273004	0.2300146405713975
0.020222446916076844	0.22948675688558978
0.021233569261880688	0.2291683903810436
0.022244691607684528	0.22873969285187626
0.023255813953488372	0.22832389405027886
0.024266936299292215	0.22782100686079734
0.025278058645096056	0.22732846876390309
0.0262891809908999	0.22688139082330058
0.027300303336703743	0.2263572705831105
0.028311425682507583	0.2258205600437715
0.029322548028311426	0.22528288550924308
0.030333670374115267	0.22494833143574292
0.03134479271991911	0.22448611793790732
0.032355915065722954	0.22397973559159262
0.033367037411526794	0.22357717549498551
0.034378159757330634	0.22286825224436344
0.03538928210313448	0.22258921987312266
0.03640040444893832	0.2221842742002576
0.03741152679474216	0.22172850738700264
0.03842264914054601	0.22128268269778845
0.03943377148634985	0.22048965670318504
0.04044489383215369	0.21988950983527936
0.041456016177957536	0.21944826525928743
0.042467138523761376	0.21907885525814721
0.043478260869565216	0.21883698025524922
0.044489383215369056	0.21850966992857415
0.0455005055611729	0.21800847279391106
0.046511627906976744	0.21776077073328243
0.047522750252780584	0.21745364805891856
0.04853387259858443	0.21706507211602377
0.04954499494438827	0.21668321926683967
0.05055611729019211	0.21627595776879024
0.05156723963599596	0.21570245751827363
0.0525783619817998	0.2152632898814948
0.05358948432760364	0.21477996132469687
0.054600606673407485	0.2142919714124897
0.055611729019211326	0.2138857722903826
0.056622851365015166	0.2134895955299697
0.057633973710819006	0.21311648127849858
0.05864509605662285	0.21273701681659962
0.05965621840242669	0.21210775341128205
0.06066734074823053	0.21209098140286137
0.06167846309403438	0.21170537589009672
0.06268958543983821	0.21082518946385165
0.06370070778564206	0.2102662915929223
0.06471183013144591	0.2098760244479344
0.06572295247724974	0.20940328674278663
0.06673407482305359	0.2090113516075113
0.06774519716885744	0.2084002641868867
0.06875631951466127	0.20821556732112903
0.06976744186046512	0.20783111675943428
0.07077856420626896	0.20764768015942264
0.0717896865520728	0.20731119256972633
0.07280080889787664	0.20700982764538453
0.07381193124368049	0.206749547915384
0.07482305358948432	0.20643732802917258
0.07583417593528817	0.2061719699595978
0.07684529828109202	0.20561494408667347
0.07785642062689585	0.20548609207599144
0.0788675429726997	0.2052134083751321
0.07987866531850354	0.2048709095577323
0.08088978766430738	0.20445401884114375
0.08190091001011122	0.2039205699999571
0.08291203235591507	0.20353186615312183
0.0839231547017189	0.20284665829297802
0.08493427704752275	0.20252446701647325
0.0859453993933266	0.20240972227466955
0.08695652173913043	0.2021853751287728
0.08796764408493428	0.2018285070214734
0.08897876643073811	0.2015743046093674
0.08998988877654196	0.200921999004035
0.0910010111223458	0.20055455893459706
0.09201213346814964	0.2001648560889119
0.09302325581395349	0.19987490251248477
0.09403437815975733	0.19952571827279458
0.09504550050556117	0.1992419293735921
0.09605662285136501	0.1990011895254178
0.09706774519716886	0.19853068116634687
0.0980788675429727	0.1982144820734798
0.09908998988877654	0.19779106857118267
0.10010111223458039	0.19707868551691382
0.10111223458038422	0.1965980829523238
0.10212335692618807	0.19596017286283707
0.10313447927199192	0.1957016341266685
0.10414560161779575	0.19530307401044777
0.1051567239635996	0.1949777961968107
0.10616784630940344	0.19458429369594027
0.10717896865520728	0.19409762501780395
0.10819009100101112	0.19367740834607167
0.10920121334681497	0.19312907235465226
0.1102123356926188	0.19291900842876042
0.11122345803842265	0.19246833821741427
0.1122345803842265	0.19175854485117097
0.11324570273003033	0.1914577104590098
0.11425682507583418	0.1910166019529108
0.11526794742163801	0.19080194482074195
0.11627906976744186	0.19046790458702606
0.1172901921132457	0.19032049966691325
0.11830131445904954	0.19006582169416714
0.11931243680485339	0.18999861035637425
0.12032355915065723	0.18964628742778658
0.12133468149646107	0.18947041622071675
0.12234580384226491	0.18928138761690147
0.12335692618806876	0.1886837839100418
0.1243680485338726	0.18813771300809726
0.12537917087967643	0.1878233204834813
0.1263902932254803	0.1871334064696085
0.12740141557128412	0.1867864382925881
0.12841253791708795	0.18610862487710825
0.12942366026289182	0.18565531998959006
0.13043478260869565	0.1851046036382535
0.13144590495449948	0.18466691320687276
0.13245702730030334	0.18428951759268075
0.13346814964610718	0.1840379829540785
0.134479271991911	0.1840263321736441
0.13549039433771487	0.1832227299019716
0.1365015166835187	0.18313164647492805
0.13751263902932254	0.18274399486610066
0.1385237613751264	0.1825295330957679
0.13953488372093023	0.18221425534191285
0.14054600606673406	0.18160140716860942
0.14155712841253792	0.18142736111034108
0.14256825075834176	0.18108318871872575
0.1435793731041456	0.18082484385200404
0.14459049544994945	0.1806326327082073
0.14560161779575329	0.1805854956399224
0.14661274014155712	0.18047820473795095
0.14762386248736098	0.18021948858474873
0.1486349848331648	0.17977128642495846
0.14964610717896865	0.17920621663885036
0.1506572295247725	0.17899458471072519
0.15166835187057634	0.17817088793028246
0.15267947421638017	0.17794945768331347
0.15369059656218403	0.17781460129638227
0.15470171890798787	0.17674883130001878
0.1557128412537917	0.17636146965438423
0.15672396359959556	0.1762092598835253
0.1577350859453994	0.17602002207236436
0.15874620829120323	0.17583122335289228
0.1597573306370071	0.17567356012523036
0.16076845298281092	0.17538348437115966
0.16177957532861476	0.17499313696051186
0.16279069767441862	0.17464765493625173
0.16380182002022245	0.1740362464619558
0.16481294236602628	0.17357925706387617
0.16582406471183014	0.17320457095912217
0.16683518705763398	0.1725967475305983
0.1678463094034378	0.17213149645003975
0.16885743174924167	0.17164491562203846
0.1698685540950455	0.1713196622766122
0.17087967644084934	0.17083300980995392
0.1718907987866532	0.1705299810661749
0.17290192113245703	0.17050110677578906
0.17391304347826086	0.17003441186058327
0.17492416582406473	0.16877680887821003
0.17593528816986856	0.16846108365038534
0.1769464105156724	0.16817545234151232
0.17795753286147623	0.16786166599245972
0.1789686552072801	0.16727793878703923
0.17997977755308392	0.1668854271673242
0.18099089989888775	0.1668333489364342
0.1820020222446916	0.16683849060037872
0.18301314459049545	0.1664261922668884
0.18402426693629928	0.16583688979418604
0.18503538928210314	0.1652560241088497
0.18604651162790697	0.16490439914318897
0.1870576339737108	0.1643761720378596
0.18806875631951467	0.1639848201940422
0.1890798786653185	0.1639710916966078
0.19009100101112233	0.16338359804780625
0.1911021233569262	0.16297032700611316
0.19211324570273003	0.16256513542559706
0.19312436804853386	0.1622554468840147
0.19413549039433772	0.16160861115279546
0.19514661274014156	0.16111714274473996
0.1961577350859454	0.16077981602207791
0.19716885743174925	0.1604485559873276
0.19817997977755308	0.16017425468123292
0.19919110212335692	0.1598147249898235
0.20020222446916078	0.15922826310834118
0.2012133468149646	0.15878834806844344
0.20222446916076844	0.15732572922371096
0.2032355915065723	0.15696848541435388
0.20424671385237614	0.1566143226389195
0.20525783619817997	0.15611405463486344
0.20626895854398383	0.15510109922501528
0.20728008088978767	0.15352532884016903
0.2082912032355915	0.15321964015325107
0.20930232558139536	0.15247217128570972
0.2103134479271992	0.15191096658974476
0.21132457027300303	0.15171935045156704
0.2123356926188069	0.15099483501003083
0.21334681496461072	0.1504778758539157
0.21435793731041455	0.15023041822524916
0.21536905965621841	0.14989182686616964
0.21638018200202225	0.1494110038124694
0.21739130434782608	0.14885683527300914
0.21840242669362994	0.14825402359590478
0.21941354903943378	0.14808090630943438
0.2204246713852376	0.14768390754859492
0.22143579373104147	0.14744084647554845
0.2224469160768453	0.14670545969321527
0.22345803842264914	0.14620073383377014
0.224469160768453	0.14588227171852194
0.22548028311425683	0.1456060214234691
0.22649140546006066	0.1451001330922392
0.2275025278058645	0.1438725842804928
0.22851365015166836	0.14239770371000565
0.2295247724974722	0.14205596095797962
0.23053589484327602	0.14206443345576325
0.23154701718907988	0.14168602991151552
0.23255813953488372	0.1417358339777247
0.23356926188068755	0.14073407059670484
0.2345803842264914	0.13993319281285788
0.23559150657229525	0.1395647022710585
0.23660262891809908	0.13889677182656582
0.23761375126390294	0.13797254923377233
0.23862487360970677	0.13760620609730767
0.2396359959555106	0.13602692469774216
0.24064711830131447	0.1357105366482543
0.2416582406471183	0.1355246027160945
0.24266936299292213	0.13514235094018856
0.243680485338726	0.13506303375865455
0.24469160768452983	0.1341746619790989
0.24570273003033366	0.13308840491354484
0.24671385237613752	0.13276546512660287
0.24772497472194135	0.13145088570223398
0.2487360970677452	0.13141276160477258
0.24974721941354905	0.13098176314724508
0.25075834175935285	0.13096761085406672
0.2517694641051567	0.13037185532227372
0.2527805864509606	0.13003745348540005
0.2537917087967644	0.12807744438171287
0.25480283114256824	0.12842548091535883
0.2558139534883721	0.12824006745409805
0.2568250758341759	0.12728827644764634
0.25783619817997977	0.1262019805910475
0.25884732052578363	0.1261306464238334
0.25985844287158744	0.1251769410482436
0.2608695652173913	0.12402296610855235
0.26188068756319516	0.12382466031507697
0.26289180990899896	0.12376412185888777
0.2639029322548028	0.12348892424250789
0.2649140546006067	0.12342859724385241
0.2659251769464105	0.12345394405184594
0.26693629929221435	0.12303190263332058
0.2679474216380182	0.12267213763614207
0.268958543983822	0.12182844714890514
0.2699696663296259	0.12138659450523011
0.27098078867542974	0.12107550798698268
0.27199191102123355	0.1205153453534575
0.2730030333670374	0.11961474822374218
0.27401415571284127	0.11851876219431529
0.2750252780586451	0.11833654967121347
0.27603640040444893	0.11786278424598913
0.2770475227502528	0.11819293210101992
0.2780586450960566	0.1178634388667204
0.27906976744186046	0.11536870972681451
0.2800808897876643	0.11514945177404781
0.2810920121334681	0.11436840374532468
0.282103134479272	0.11362309328761298
0.28311425682507585	0.11311502159537071
0.28412537917087965	0.11306159723105139
0.2851365015166835	0.11269531575684022
0.2861476238624874	0.11272623869965638
0.2871587462082912	0.11237898824760073
0.28816986855409504	0.11209379904427409
0.2891809908998989	0.11171470483332283
0.2901921132457027	0.11122804219951735
0.29120323559150657	0.11093007925005714
0.29221435793731043	0.11071499435190126
0.29322548028311424	0.1102546650270755
0.2942366026289181	0.1094335740437035
0.29524772497472196	0.1095160458625483
0.29625884732052576	0.1092022596292312
0.2972699696663296	0.10917361825865524
0.2982810920121335	0.10889504386712251
0.2992922143579373	0.10867016470945569
0.30030333670374115	0.10834655957829108
0.301314459049545	0.10821930866759297
0.3023255813953488	0.10822417776049856
0.3033367037411527	0.10764644638989981
0.30434782608695654	0.10699229054503231
0.30535894843276035	0.10678099120922054
0.3063700707785642	0.10661022614759748
0.30738119312436807	0.10594803633099074
0.3083923154701719	0.10546765251493315
0.30940343781597573	0.10513416187130754
0.3104145601617796	0.10448358120441818
0.3114256825075834	0.10438189192354277
0.31243680485338726	0.10323076364470699
0.3134479271991911	0.10246506872269757
0.31445904954499493	0.10210729708808336
0.3154701718907988	0.10152710524186964
0.31648129423660265	0.10095211517605428
0.31749241658240646	0.10076834077557748
0.3185035389282103	0.10106780092647072
0.3195146612740142	0.1006886292407415
0.320525783619818	0.10098874438005816
0.32153690596562184	0.1006558706431699
0.3225480283114257	0.10009272244495228
0.3235591506572295	0.09891915183689848
0.32457027300303337	0.09850430327337051
0.32558139534883723	0.09679231883625752
0.32659251769464104	0.09657021657168324
0.3276036400404449	0.09637684374358033
0.32861476238624876	0.09539290385378603
0.32962588473205257	0.09468886690599775
0.3306370070778564	0.09353623180251452
0.3316481294236603	0.0930296723061999
0.3326592517694641	0.09162921621138156
0.33367037411526795	0.09072736461865043
0.3346814964610718	0.08891343866308321
0.3356926188068756	0.08818539857379046
0.3367037411526795	0.08819334478912041
0.33771486349848334	0.08735272772886259
0.33872598584428715	0.08679228851717427
0.339737108190091	0.08575874712894829
0.34074823053589487	0.08508688893210424
0.3417593528816987	0.08269245676530694
0.34277047522750254	0.08199828060793575
0.3437815975733064	0.08065871570273525
0.3447927199191102	0.07962856454020337
0.34580384226491406	0.07984000169441333
0.3468149646107179	0.07979733356269499
0.34782608695652173	0.07934779089949025
0.3488372093023256	0.0789872241515793
0.34984833164812945	0.0783898381923797
0.35085945399393326	0.07825281342550117
0.3518705763397371	0.07849247827244811
0.3528816986855409	0.07830740012536767
0.3538928210313448	0.07854306629988667
0.35490394337714865	0.07806907072534211
0.35591506572295245	0.07761007713635049
0.3569261880687563	0.07761790695494683
0.3579373104145602	0.07729742860304366
0.358948432760364	0.07675554987786147
0.35995955510616784	0.07598314074069863
0.3609706774519717	0.07619555562505692
0.3619817997977755	0.07555718259223208
0.36299292214357937	0.07349337131432516
0.3640040444893832	0.0737198319309986
0.36501516683518703	0.07331448439519526
0.3660262891809909	0.07329444593517163
0.36703741152679475	0.07215126798651857
0.36804853387259856	0.07141352699652309
0.3690596562184024	0.07134482654373638
0.3700707785642063	0.07047759516169941
0.3710819009100101	0.0706942204791812
0.37209302325581395	0.06986389060667206
0.3731041456016178	0.06837379980290438
0.3741152679474216	0.068366417221617
0.3751263902932255	0.06708475880742762
0.37613751263902934	0.0661163893997427
0.37714863498483314	0.0657544957103816
0.378159757330637	0.06596867973549685
0.37917087967644086	0.06616912203095336
0.38018200202224467	0.0656111661796265
0.38119312436804853	0.06581790983195884
0.3822042467138524	0.0660337062576374
0.3832153690596562	0.0655111138670386
0.38422649140546006	0.06421361106047718
0.3852376137512639	0.06385182307325402
0.3862487360970677	0.06323601027582805
0.3872598584428716	0.0634450549378969
0.38827098078867545	0.0634683204907961
0.38928210313447925	0.06333300690372044
0.3902932254802831	0.06286238934910772
0.391304347826087	0.062434573773566926
0.3923154701718908	0.062403465796292426
0.39332659251769464	0.06258288749622441
0.3943377148634985	0.0627838196496476
0.3953488372093023	0.0625568787709556
0.39635995955510617	0.06255573085104987
0.39737108190091003	0.0619155073112812
0.39838220424671383	0.061911743174660416
0.3993933265925177	0.06017816362207901
0.40040444893832156	0.060381468228910364
0.40141557128412536	0.06029301243168144
0.4024266936299292	0.06025584088935746
0.4034378159757331	0.06019099922339017
0.4044489383215369	0.05920471747885234
0.40546006066734075	0.059051318318957526
0.4064711830131446	0.05924704439679432
0.4074823053589484	0.056773996420444964
0.4084934277047523	0.0555588242541947
0.40950455005055614	0.055043325048695246
0.41051567239635994	0.05453677716864613
0.4115267947421638	0.05398329449232006
0.41253791708796766	0.05391833311957022
0.41354903943377147	0.05134978238056488
0.41456016177957533	0.050579538177862204
0.4155712841253792	0.047551344337461776
0.416582406471183	0.045072083282828114
0.41759352881698686	0.04506978133308818
0.4186046511627907	0.04506226195918589
0.4196157735085945	0.045199277879011485
0.4206268958543984	0.045357317312154886
0.42163801820020225	0.04538642511756678
0.42264914054600605	0.04469880976581131
0.4236602628918099	0.042577297541418785
0.4246713852376138	0.0417041973056079
0.4256825075834176	0.040733027539899165
0.42669362992922144	0.04066651304181616
0.4277047522750253	0.04066067558486384
0.4287158746208291	0.040695655489507744
0.42972699696663297	0.0401998721618926
0.43073811931243683	0.04034293220517336
0.43174924165824063	0.04036319923857833
0.4327603640040445	0.0399436500067161
0.43377148634984836	0.04004045410419298
0.43478260869565216	0.03940140335081488
0.435793731041456	0.036825632315324756
0.4368048533872599	0.03538072976144154
0.4378159757330637	0.03518665065994453
0.43882709807886755	0.035115202819643566
0.4398382204246714	0.03494991524342097
0.4408493427704752	0.0348580040434147
0.4418604651162791	0.033899890770945705
0.44287158746208294	0.03219210781553889
0.44388270980788674	0.03144379010458714
0.4448938321536906	0.0311174283679925
0.44590495449949447	0.030615461266418502
0.44691607684529827	0.03002252901898217
0.44792719919110213	0.030125982329761866
0.448938321536906	0.030069626118553842
0.4499494438827098	0.030180379805915
0.45096056622851366	0.0301495629733447
0.45197168857431747	0.030261021616499396
0.4529828109201213	0.030159521897099882
0.4539939332659252	0.030264559633816905
0.455005055611729	0.030165875368225833
0.45601617795753285	0.02933604922511193
0.4570273003033367	0.029438563597620107
0.4580384226491405	0.029473029075900787
0.4590495449949444	0.02946332875458629
0.46006066734074824	0.02794968336128182
0.46107178968655205	0.027646477747317575
0.4620829120323559	0.027598369052397025
0.46309403437815977	0.027529187152420895
0.4641051567239636	0.02749235373542717
0.46511627906976744	0.025615741908264114
0.4661274014155713	0.025694986285582592
0.4671385237613751	0.024556844109069848
0.46814964610717896	0.024643151550687595
0.4691607684529828	0.023819951167060736
0.47017189079878663	0.023442400438262383
0.4711830131445905	0.022532015862466528
0.47219413549039435	0.022618511124894422
0.47320525783619816	0.02209848782045099
0.474216380182002	0.02211744350692871
0.4752275025278059	0.022147761550623615
0.4762386248736097	0.02218091396057623
0.47724974721941354	0.022259389456637357
0.4782608695652174	0.02232764548352799
0.4792719919110212	0.021999789933495766
0.48028311425682507	0.02207165345616689
0.48129423660262893	0.022089086333311775
0.48230535894843274	0.021991904053898465
0.4833164812942366	0.022078146814894145
0.48432760364004046	0.021810165586139775
0.48533872598584427	0.020884397848607704
0.4863498483316481	0.02095901675950158
0.487360970677452	0.02104185872297787
0.4883720930232558	0.017711750642905817
0.48938321536905965	0.01274281702099298
0.4903943377148635	0.01270925797291942
0.4914054600606673	0.012702369235129027
0.4924165824064712	0.01262512224039785
0.49342770475227504	0.012604964046724707
0.49443882709807885	0.01199733373667432
0.4954499494438827	0.011938333285687058
0.49646107178968657	0.011986374868325638
0.4974721941354904	0.011945249388295174
0.49848331648129424	0.011959707222252446
0.4994944388270981	0.011965596520702646
0.5005055611729019	0.011949810096577777
0.5015166835187057	0.011912880857825929
0.5025278058645096	0.01196140583077023
0.5035389282103134	0.011981660257399452
0.5045500505561172	0.011983365919596001
0.5055611729019212	0.0117006826443343
0.506572295247725	0.011740319204155514
0.5075834175935288	0.011608425782435022
0.5085945399393327	0.011598314727298878
0.5096056622851365	0.011559681846947991
0.5106167846309403	0.011607548024368067
0.5116279069767442	0.011619405581472095
0.512639029322548	0.011510913184177117
0.5136501516683518	0.011558875322444522
0.5146612740141557	0.011557845342348024
0.5156723963599595	0.011501061274747974
0.5166835187057633	0.01152735450641144
0.5176946410515673	0.011554501428111263
0.5187057633973711	0.010918893879306191
0.5197168857431749	0.010964965161497357
0.5207280080889788	0.0109481415841271
0.5217391304347826	0.010903892012233966
0.5227502527805864	0.010950193039886764
0.5237613751263903	0.010958908618139732
0.5247724974721941	0.01098295876603725
0.5257836198179979	0.010271584956239664
0.5267947421638018	0.010174039568264535
0.5278058645096056	0.009991027769225195
0.5288169868554095	0.009944019861416692
0.5298281092012134	0.00997761245722276
0.5308392315470172	0.009997438294901994
0.531850353892821	0.009335822092451422
0.5328614762386249	0.009221381903202689
0.5338725985844287	0.009261474867999222
0.5348837209302325	0.008564141873319357
0.5358948432760364	0.008000901264201471
0.5369059656218402	0.008035916149383971
0.537917087967644	0.008061564098252148
0.538928210313448	0.008064867933758893
0.5399393326592518	0.008090714038322578
0.5409504550050556	0.008082673507484591
0.5419615773508595	0.008064226683937449
0.5429726996966633	0.008099988221338502
0.5439838220424671	0.008070032444496587
0.544994944388271	0.008081232786986301
0.5460060667340748	0.007920056826468388
0.5470171890798786	0.006651048746573163
0.5480283114256825	0.006636566068059225
0.5490394337714863	0.0065709761604926566
0.5500505561172901	0.006564302924923126
0.5510616784630941	0.006593938604042418
0.5520728008088979	0.006598239951310538
0.5530839231547017	0.006602512655863946
0.5540950455005056	0.006524986112346142
0.5551061678463094	0.006531070814728612
0.5561172901921132	0.006560893055891756
0.5571284125379171	0.0065153975928388674
0.5581395348837209	0.0065452847377601465
0.5591506572295247	0.0065490150356159295
0.5601617795753286	0.0064361776323147565
0.5611729019211324	0.0059422757496958665
0.5621840242669363	0.005755475623322703
0.5631951466127402	0.005755329166646537
0.564206268958544	0.0055724078316211545
0.5652173913043478	0.00550153237256834
0.5662285136501517	0.005527240467767257
0.5672396359959555	0.0054573730918146685
0.5682507583417593	0.005240093840549058
0.5692618806875632	0.00523350242074354
0.570273003033367	0.005087452533900944
0.5712841253791708	0.005083628543918943
0.5722952477249748	0.004944301693150488
0.5733063700707786	0.0048514241003349695
0.5743174924165824	0.004330932737787182
0.5753286147623863	0.004327928514767944
0.5763397371081901	0.00432199126058967
0.5773508594539939	0.004331246161131551
0.5783619817997978	0.004274123574932941
0.5793731041456016	0.004239693957314451
0.5803842264914054	0.004127664851429486
0.5813953488372093	0.004147653543203963
0.5824064711830131	0.004156033863772655
0.583417593528817	0.004135987589499043
0.5844287158746209	0.0041561631387161116
0.5854398382204247	0.004136730776065271
0.5864509605662285	0.00414502363391333
0.5874620829120324	0.004153348170727857
0.5884732052578362	0.004161704553554091
0.58948432760364	0.0041518481045939625
0.5904954499494439	0.004172401808082051
0.5915065722952477	0.00404324241357139
0.5925176946410515	0.004063358047469755
0.5935288169868554	0.004083624172394791
0.5945399393326593	0.004054790422932573
0.5955510616784631	0.0040751151869572975
0.596562184024267	0.004082998852901001
0.5975733063700708	0.004103568116643575
0.5985844287158746	0.0040564442737941
0.5995955510616785	0.004064197143406968
0.6006066734074823	0.0039049136874106374
0.6016177957532861	0.003911869629504381
0.60262891809909	0.003899372417638505
0.6036400404448938	0.003906269358863442
0.6046511627906976	0.003926301509421716
0.6056622851365016	0.003871784218827922
0.6066734074823054	0.003891741869440437
0.6076845298281092	0.003911854230522816
0.6086956521739131	0.003932122905292365
0.6097067745197169	0.00395254951778739
0.6107178968655207	0.003959607574664394
0.6117290192113246	0.003980284376620866
0.6127401415571284	0.0040011235618387766
0.6137512639029322	0.004022126835129269
0.6147623862487361	0.004017970142089498
0.6157735085945399	0.003964403993913785
0.6167846309403437	0.00397141924029724
0.6177957532861477	0.003992487777381045
0.6188068756319515	0.00399961526612297
0.6198179979777553	0.003994941819409904
0.6208291203235592	0.003774134520658578
0.621840242669363	0.0037943711668819483
0.6228513650151668	0.003739819298065421
0.6238624873609707	0.0037599800489983883
0.6248736097067745	0.003753592918013396
0.6258847320525783	0.003723810918932863
0.6268958543983822	0.0037440490217531502
0.627906976744186	0.0037644525586564372
0.6289180990899899	0.003466917804479776
0.6299292214357938	0.003470943433889756
0.6309403437815976	0.003439836419288468
0.6319514661274014	0.0034310386583113798
0.6329625884732053	0.003449994672998183
0.6339737108190091	0.0034461517270932434
0.6349848331648129	0.003449907663896578
0.6359959555106168	0.0034407562158258478
0.6370070778564206	0.0034444167794878116
0.6380182002022244	0.0034115508400753168
0.6390293225480284	0.0032864643984934754
0.6400404448938322	0.0032891544020678333
0.641051567239636	0.0032838651494655267
0.6420626895854399	0.0033024706177344535
0.6430738119312437	0.0033212346553352172
0.6440849342770475	0.0033401590693257315
0.6450960566228514	0.0033185456518789805
0.6461071789686552	0.003321189793969159
0.647118301314459	0.003315575975145183
0.6481294236602629	0.0033181235991034215
0.6491405460060667	0.003292882010960999
0.6501516683518705	0.0032952165535729203
0.6511627906976745	0.0032975227502527764
0.6521739130434783	0.003316750288155125
0.6531850353892821	0.003336146488670652
0.654196157735086	0.0033214144844025957
0.6552072800808898	0.0033409522166637875
0.6562184024266936	0.0033172826652784967
0.6572295247724975	0.0032606924880580384
0.6582406471183013	0.003280043778788353
0.6592517694641051	0.0032671859545004905
0.660262891809909	0.003268923240938162
0.6612740141557129	0.0032884976316024626
0.6622851365015167	0.0032483081884279452
0.6632962588473206	0.0032497859305088183
0.6643073811931244	0.003269422099273222
0.6653185035389282	0.0032617717965149956
0.6663296258847321	0.0032355469589512107
0.6673407482305359	0.003221297600513996
0.6683518705763397	0.003222352751050443
0.6693629929221436	0.003242121786332961
0.6703741152679474	0.003262073305018087
0.6713852376137512	0.0032245963912630547
0.6723963599595552	0.0032445629323854266
0.673407482305359	0.003264715497182852
0.6744186046511628	0.0032366827267274207
0.6754297269969667	0.0032374415887850435
0.6764408493427705	0.0032381465517241355
0.6774519716885743	0.0031993651544725047
0.6784630940343782	0.0031897902902604993
0.679474216380182	0.0031733751281129772
0.6804853387259858	0.00317343111646909
0.6814964610717897	0.0031936440535166636
0.6825075834175935	0.0032140507247851407
0.6835187057633973	0.003234653614046584
0.6845298281092013	0.003255455245005083
0.6855409504550051	0.003276458182069632
0.6865520728008089	0.003297665031144516
0.6875631951466128	0.0033190784404376625
0.6885743174924166	0.003319549614337886
0.6895854398382204	0.003319956285083702
0.6905965621840243	0.003341726490231792
0.6916076845298281	0.0033637115329306854
0.6926188068756319	0.003312004916030448
0.6936299292214358	0.003333938723421378
0.6946410515672397	0.003356091140188298
0.6956521739130435	0.003278797307036509
0.6966632962588474	0.003228265293482684
0.6976744186046512	0.0032499315035060578
0.698685540950455	0.0032379205570853588
0.6996966632962589	0.0032597983986872867
0.7007077856420627	0.003205551192839328
0.7017189079878665	0.003204297592052694
0.7027300303336703	0.003202952452447472
0.7037411526794742	0.0032248904829436874
0.704752275025278	0.003223517513518926
0.7057633973710818	0.0032220491783236187
0.7067745197168858	0.0032443470965127096
0.7077856420626896	0.003230833455386512
0.7087967644084934	0.003229151303701246
0.7098078867542973	0.003251732781349506
0.7108190091001011	0.0032745519587624853
0.7118301314459049	0.003272902522346555
0.7128412537917088	0.003296032575508015
0.7138523761375126	0.0033194086930648094
0.7148634984833164	0.0033051756664234898
0.7158746208291203	0.0033033646436035863
0.7168857431749242	0.003301443038386203
0.717896865520728	0.0033251944271515716
0.7189079878665319	0.003323231048992679
0.7199191102123357	0.0033473124334056693
0.7209302325581395	0.003371656523830438
0.7219413549039434	0.003268419334112766
0.7229524772497472	0.00329236379809894
0.723963599595551	0.002996390864037924
0.7249747219413549	0.0029551949931264027
0.7259858442871587	0.0029360849164047206
0.7269969666329625	0.0028936619395107635
0.7280080889787665	0.0029152564315966644
0.7290192113245703	0.002937093558425104
0.7300303336703741	0.0029591769686388267
0.731041456016178	0.002981510379722893
0.7320525783619818	0.0030040975795692787
0.7330637007077856	0.002983734685255599
0.7340748230535895	0.002977486237289448
0.7350859453993933	0.0030003022237820877
0.7360970677451971	0.0030233814716573346
0.737108190091001	0.002947727947727949
0.7381193124368048	0.002895752895752897
0.7391304347826086	0.0028881247549241403
0.7401415571284126	0.0029106882295719854
0.7411526794742164	0.002933517156862746
0.7421638018200202	0.0028794194843291656
0.7431749241658241	0.002871059101801999
0.7441860465116279	0.002893845285149634
0.7451971688574317	0.002916903813318157
0.7462082912032356	0.002940239043824702
0.7472194135490394	0.0028567603748326648
0.7482305358948432	0.0027988297275121994
0.7492416582406471	0.002788842453528362
0.750252780586451	0.0028115159694107063
0.7512639029322548	0.002834467120181406
0.7522750252780587	0.0027963644474183116
0.7532861476238625	0.002819379792664553
0.7542972699696663	0.0028426804521080613
0.7553083923154702	0.00283197878444955
0.756319514661274	0.0028555786076532963
0.7573306370070778	0.002879474662947466
0.7583417593528817	0.0028099105751087047
0.7593528816986855	0.0027331607748584666
0.7603640040444893	0.002720565448520823
0.7613751263902933	0.0027437191970188725
0.7623862487360971	0.0026944292901739707
0.7633973710819009	0.0026808749984715647
0.7644084934277048	0.002703985989837699
0.7654196157735086	0.0026714186196944815
0.7664307381193124	0.002657004830917874
0.7674418604651163	0.002680210113283969
0.7684529828109201	0.002665415357899844
0.7694641051567239	0.0026888991936522655
0.7704752275025278	0.0027126947617376836
0.7714863498483316	0.002697476237299246
0.7724974721941354	0.002721560846560846
0.7735085945399394	0.0027459694640187913
0.7745197168857432	0.0027707079276586
0.775530839231547	0.002734635087576264
0.7765419615773509	0.0027594954065542298
0.7775530839231547	0.0027846962778469626
0.7785642062689585	0.002810243950120788
0.7795753286147624	0.002793866880874871
0.7805864509605662	0.002727285657393184
0.78159757330637	0.002752655756531725
0.782608695652174	0.002608128667680939
0.7836198179979778	0.002632618138738976
0.7846309403437816	0.0026574541589157587
0.7856420626895855	0.0026826432978628275
0.7866531850353893	0.002595350936583164
0.7876643073811931	0.0025746183640920485
0.788675429726997	0.0023923444976076554
0.7896865520728008	0.0023690078037904125
0.7906976744186046	0.002392007879555368
0.7917087967644085	0.0024153445417949325
0.7927199191102123	0.0024390243902439024
0.7937310414560161	0.0024630541871921183
0.7947421638018201	0.0024874408623128323
0.7957532861476239	0.0025121915176592284
0.7967644084934277	0.0024875621890547263
0.7977755308392316	0.002462311557788945
0.7987866531850354	0.002487183391706005
0.7997977755308392	0.002512433984515203
0.8008088978766431	0.0025380710659898475
0.8018200202224469	0.002511773940345369
0.8028311425682507	0.0025376685170499604
0.8038422649140546	0.002563965600128198
0.8048533872598584	0.0025906735751295338
0.8058645096056622	0.002617801047120419
0.8068756319514662	0.002535133645632406
0.80788675429727	0.002506265664160401
0.8088978766430738	0.002448497129348193
0.8099089989888777	0.0024177949709864605
0.8109201213346815	0.002357541256971997
0.8119312436804853	0.0023830281894798022
0.8129423660262892	0.002408930669800235
0.813953488372093	0.0024352577809455926
0.8149646107178968	0.0024620188554614784
0.8159757330637007	0.002489223483698622
0.8169868554095046	0.002516881522406384
0.8179979777553084	0.002482929857231533
0.8190091001011123	0.0025108279455150337
0.8200202224469161	0.0025391988827524917
0.8210313447927199	0.0025680534155110425
0.8220424671385238	0.0025974025974025974
0.8230535894843276	0.002627257799671593
0.8240647118301314	0.0026576307222111488
0.8250758341759353	0.0026885334050275574
0.8260869565217391	0.0026179790561675505
0.8270980788675429	0.002648778809769522
0.8281092012133469	0.0026801253045596937
0.8291203235591507	0.0027120315581854043
0.8301314459049545	0.0027445109780439123
0.8311425682507584	0.002705432508477022
0.8321536905965622	0.002738225629791895
0.833164812942366	0.002771618625277162
0.8341759352881699	0.0028056262157713603
0.8351870576339737	0.0027266530334014998
0.8361981799797775	0.0027605244996549345
0.8372093023255814	0.0027950310559006213
0.8382204246713852	0.002633647798742138
0.839231547017189	0.002587373616750259
0.840242669362993	0.002539708135128598
0.8412537917087968	0.002572268495835375
0.8422649140546006	0.002522746071133168
0.8432760364004045	0.0024717218265605362
0.8442871587462083	0.0025040319157966216
0.8452982810920121	0.002536979704162367
0.846309403437816	0.0025705820843499477
0.8473205257836198	0.0026048565121412804
0.8483316481294236	0.0025503355704697985
0.8493427704752275	0.0025847995646653367
0.8503538928210314	0.0026199669056811915
0.8513650151668352	0.002516074923119933
0.8523761375126391	0.002550779404818139
0.8533872598584429	0.002586206896551724
0.8543983822042467	0.0026223776223776225
0.8554095045500506	0.002659312518467448
0.8564206268958544	0.0026970332634102486
0.8574317492416582	0.002735562310030395
0.8584428715874621	0.002774922918807811
0.8594539939332659	0.0028151391929934315
0.8604651162790697	0.0026446630699248916
0.8614762386248737	0.0026835551738943753
0.8624873609706775	0.00261437908496732
0.8634984833164813	0.0026533996683250414
0.8645096056622852	0.002693300415217147
0.865520728008089	0.0026201868307131463
0.8665318503538928	0.002544529262086514
0.8675429726996967	0.002583675866118614
0.8685540950455005	0.0026237328562909957
0.8695652173913043	0.0026647286821705426
0.8705763397371082	0.002583661417322835
0.871587462082912	0.0026246719160104987
0.8725985844287159	0.002349206349206349
0.8736097067745198	0.0023870967741935483
0.8746208291203236	0.0024259113558877526
0.8756319514661274	0.002465680394508863
0.8766430738119313	0.002506435442351985
0.8776541961577351	0.0025482093663911844
0.8786653185035389	0.0024509803921568627
0.8796764408493428	0.0024925224327018943
0.8806875631951466	0.0025351296537737215
0.8816986855409504	0.002431476569407604
0.8827098078867543	0.0022488755622188904
0.8837209302325582	0.002288329519450801
0.884732052578362	0.002173575531749728
0.8857431749241659	0.0022123893805309734
0.8867542972699697	0.0022522522522522522
0.8877654196157735	0.0021294021294021295
0.8887765419615774	0.0021684737281067556
0.8897876643073812	0.0022086306489976213
0.890798786653185	0.002249913464866736
0.8918099089989889	0.0021160289190618937
0.8928210313447927	0.00215633423180593
0.8938321536905965	0.002197802197802198
0.8948432760364005	0.0022404779686333084
0.8958543983822043	0.002284408909194746
0.8968655207280081	0.0023296447291788003
0.897876643073812	0.0020792079207920793
0.8988877654196158	0.0021212121212121214
0.8998988877654196	0.0021645021645021645
0.9009100101112234	0.0022091310751104565
0.9019211324570273	0.0022551546391752575
0.9029322548028311	0.002302631578947368
0.9039433771486349	0.0023516237402015677
0.9049544994944388	0.0024021962937542897
0.9059656218402427	0.0022206638616175784
0.9069767441860465	0.0020305781175346395
0.9079878665318504	0.0020757020757020757
0.9089989888776542	0.0017478152309612985
0.910010111223458	0.001787538304392237
0.9110212335692619	0.0018286311389759666
0.9120323559150657	0.0018711574445335472
0.9130434782608695	0.0019151846785225718
0.9140546006066734	0.00196078431372549
0.9150657229524772	0.002008032128514056
0.916076845298281	0.002057008521892448
0.917087967644085	0.0021077988557663355
0.9180990899898888	0.0021604938271604936
0.9191102123356926	0.0022151898734177216
0.9201213346814965	0.0022719896137617657
0.9211324570273003	0.002331002331002331
0.9221435793731041	0.0023923444976076554
0.923154701718908	0.002456140350877193
0.9241658240647118	0.0025225225225225223
0.9251769464105156	0.00259163272861903
0.9261880687563195	0.002663622526636225
0.9271991911021233	0.0027386541471048514
0.9282103134479271	0.0028169014084507044
0.9292214357937311	0.002898550724637681
0.9302325581395349	0.0029838022165387893
0.9312436804853387	0.0030728709394205445
0.9322548028311426	0.003165988240615106
0.9332659251769464	0.0032634032634032634
0.9342770475227502	0.0033653846153846156
0.9352881698685541	0.002976190476190476
0.9362992922143579	0.0030721966205837174
0.9373104145601617	0.0031729243786356425
0.9383215369059656	0.003278688524590164
0.9393326592517695	0.003389830508474576
0.9403437815975733	0.0035067212156633548
0.9413549039433772	0.003629764065335753
0.942366026289181	0.0037593984962406013
0.9433771486349848	0.003246753246753247
0.9443882709807887	0.003367003367003367
0.9453993933265925	0.0034940600978336828
0.9464105156723963	0.00362844702467344
0.9474216380182002	0.003770739064856712
0.948432760364004	0.00392156862745098
0.9494438827098078	0.004081632653061225
0.9504550050556118	0.004251700680272109
0.9514661274014156	0.0035460992907801418
0.9524772497472194	0.0037002775208140612
0.9534883720930233	0.003864734299516908
0.9544994944388271	0.00404040404040404
0.9555106167846309	0.004228329809725159
0.9565217391304348	0.004429678848283499
0.9575328614762386	0.004645760743321719
0.9585439838220424	0.004878048780487805
0.9595551061678463	0.005128205128205128
0.9605662285136501	0.004048582995951417
0.961577350859454	0.004267425320056899
0.9625884732052579	0.0045045045045045045
0.9635995955510617	0.004761904761904762
0.9646107178968655	0.005042016806722689
0.9656218402426694	0.0053475935828877
0.9666329625884732	0.003787878787878788
0.967644084934277	0.004032258064516129
0.9686552072800809	0.002150537634408602
0.9696663296258847	0.0022988505747126436
0.9706774519716885	0.0024630541871921183
0.9716885743174924	0.0026455026455026454
0.9726996966632963	0.002849002849002849
0.9737108190091001	0.003076923076923077
0.974721941354904	0.0033333333333333335
0.9757330637007078	0.0036231884057971015
0.9767441860465116	0.003952569169960474
0.9777553083923155	0.004329004329004329
0.9787664307381193	0.004761904761904762
0.9797775530839231	0.005263157894736842
0.980788675429727	0.005847953216374269
0.9817997977755308	0.006535947712418301
0.9828109201213346	0.007352941176470588
0.9838220424671386	0.008333333333333333
0.9848331648129424	0.009523809523809525
0.9858442871587462	0.01098901098901099
0.9868554095045501	0.01282051282051282
0.9878665318503539	0.015151515151515152
0.9888776541961577	0.0
0.9898887765419616	0.0
0.9908998988877654	0.0
0.9919110212335692	0.0
0.9929221435793731	0.0
0.993933265925177	0.0
0.9949443882709808	0.0
0.9959555106167847	0.0
0.9969666329625885	0.0
0.9979777553083923	0.0
0.9989888776541962	0.0
1.0	0.0
