Fraction_of_nodes	Efficiency
0.0010111223458038423	0.23936946157150454
0.0020222446916076846	0.238668798408692
0.003033367037411527	0.2381608901234085
0.004044489383215369	0.2375129343706697
0.005055611729019211	0.2370410320737875
0.006066734074823054	0.2364695598308541
0.007077856420626896	0.2359339006455728
0.008088978766430738	0.23546030557409822
0.00910010111223458	0.2349955189541935
0.010111223458038422	0.2345807714609409
0.011122345803842264	0.23420424893272407
0.012133468149646108	0.23371179880690618
0.01314459049544995	0.23319962953090326
0.014155712841253791	0.23266159963829208
0.015166835187057633	0.2320911933250028
0.016177957532861477	0.23154477509916108
0.017189079878665317	0.23096149209691874
0.01820020222446916	0.230409945194707
0.019211324570273004	0.2300007641581083
0.020222446916076844	0.22960179069574618
0.021233569261880688	0.2292769291999843
0.022244691607684528	0.2287875044918616
0.023255813953488372	0.22825385246703053
0.024266936299292215	0.22793289826239327
0.025278058645096056	0.22742900665302754
0.0262891809908999	0.22688139082330058
0.027300303336703743	0.2263572705831105
0.028311425682507583	0.22591732494640274
0.029322548028311426	0.22534985496734286
0.030333670374115267	0.22490393574086204
0.03134479271991911	0.22437310221585102
0.032355915065722954	0.22387636230071495
0.033367037411526794	0.223170541819859
0.034378159757330634	0.22274045902162537
0.03538928210313448	0.22233308482350478
0.03640040444893832	0.22201924753900454
0.03741152679474216	0.2216667336414001
0.03842264914054601	0.2213961920231518
0.03943377148634985	0.22097481497998553
0.04044489383215369	0.22059258151330452
0.041456016177957536	0.21999201342094737
0.042467138523761376	0.21960639186536413
0.043478260869565216	0.21930002711365845
0.044489383215369056	0.21893385602906038
0.0455005055611729	0.2183958379523139
0.046511627906976744	0.21783637209459206
0.047522750252780584	0.21753789167745693
0.04853387259858443	0.21717027162606384
0.04954499494438827	0.21676511907257848
0.05055611729019211	0.21648648497237882
0.05156723963599596	0.21607776265500872
0.0525783619817998	0.21582466285705787
0.05358948432760364	0.21547053346136344
0.054600606673407485	0.21534966475135217
0.055611729019211326	0.21481773469172685
0.056622851365015166	0.21434918948295614
0.057633973710819006	0.21395354316772008
0.05864509605662285	0.21339767108559796
0.05965621840242669	0.21285644379609497
0.06066734074823053	0.2124509316881217
0.06167846309403438	0.21207670315540292
0.06268958543983821	0.21122424399348727
0.06370070778564206	0.21113429844581727
0.06471183013144591	0.2108126763131765
0.06572295247724974	0.21069927259613572
0.06673407482305359	0.21049867348454257
0.06774519716885744	0.21014458960762156
0.06875631951466127	0.20996432449246066
0.06976744186046512	0.2094376257391094
0.07077856420626896	0.20901680706179201
0.0717896865520728	0.20825252728594915
0.07280080889787664	0.20776560843830053
0.07381193124368049	0.20749961649815526
0.07482305358948432	0.20708060711939213
0.07583417593528817	0.20684323965979742
0.07684529828109202	0.20651960675580555
0.07785642062689585	0.2062762358928953
0.0788675429726997	0.2059726087517217
0.07987866531850354	0.20560672515918754
0.08088978766430738	0.20517726821664517
0.08190091001011122	0.20489894308162698
0.08291203235591507	0.20459175422681802
0.0839231547017189	0.20439565204882376
0.08493427704752275	0.20402461237137473
0.0859453993933266	0.2039630291533341
0.08695652173913043	0.20361632091059334
0.08796764408493428	0.20317508461807535
0.08897876643073811	0.203019451246887
0.08998988877654196	0.202815583845149
0.0910010111223458	0.2026414762354585
0.09201213346814964	0.2022647944965895
0.09302325581395349	0.20197313038954093
0.09403437815975733	0.20151867759466402
0.09504550050556117	0.20097732774653435
0.09605662285136501	0.20037454455189782
0.09706774519716886	0.19993418636952387
0.0980788675429727	0.19967393109883305
0.09908998988877654	0.19920340220745478
0.10010111223458039	0.1988116979506461
0.10111223458038422	0.19858738544783192
0.10212335692618807	0.19841452365429962
0.10313447927199192	0.19791847819478556
0.10414560161779575	0.19733096141979925
0.1051567239635996	0.1969927194405639
0.10616784630940344	0.19649983276425262
0.10717896865520728	0.1957711089614732
0.10819009100101112	0.19521544728267765
0.10920121334681497	0.19497729778005163
0.1102123356926188	0.194614886024823
0.11122345803842265	0.1938522138878105
0.1122345803842265	0.1934369157987551
0.11324570273003033	0.19305591722077217
0.11425682507583418	0.19256638173753537
0.11526794742163801	0.1924785731504701
0.11627906976744186	0.19241806883401896
0.1172901921132457	0.1924568352339308
0.11830131445904954	0.19234639814376028
0.11931243680485339	0.19175700474215257
0.12032355915065723	0.19175221894188432
0.12133468149646107	0.19121386205319676
0.12234580384226491	0.19094139121929465
0.12335692618806876	0.19042368726937609
0.1243680485338726	0.1899584557016417
0.12537917087967643	0.18976622820554717
0.1263902932254803	0.18901613685937266
0.12740141557128412	0.18867620326775777
0.12841253791708795	0.18818998271165932
0.12942366026289182	0.18767707850883525
0.13043478260869565	0.18702731525899652
0.13144590495449948	0.18680646158945488
0.13245702730030334	0.18664113634670332
0.13346814964610718	0.18618095119514053
0.134479271991911	0.1861044736947614
0.13549039433771487	0.185918203910615
0.1365015166835187	0.18569677288377018
0.13751263902932254	0.18508804265337417
0.1385237613751264	0.18494207628454382
0.13953488372093023	0.18471214131044222
0.14054600606673406	0.18449576145754706
0.14155712841253792	0.18417516147157456
0.14256825075834176	0.18377421288033777
0.1435793731041456	0.18331645060041868
0.14459049544994945	0.18227901700704519
0.14560161779575329	0.1819065638158612
0.14661274014155712	0.18163615962076243
0.14762386248736098	0.18127226962122378
0.1486349848331648	0.1810575322945621
0.14964610717896865	0.18075472528690983
0.1506572295247725	0.1804689251630247
0.15166835187057634	0.18009580135152245
0.15267947421638017	0.17990012431521887
0.15369059656218403	0.17905816579967593
0.15470171890798787	0.1784045516966158
0.1557128412537917	0.1780866974111545
0.15672396359959556	0.17756342735716488
0.1577350859453994	0.17725120701092964
0.15874620829120323	0.17682506476975152
0.1597573306370071	0.17636643192527643
0.16076845298281092	0.1754208248007572
0.16177957532861476	0.1752420706039648
0.16279069767441862	0.17477435205180405
0.16380182002022245	0.17455637435669366
0.16481294236602628	0.17438252083852854
0.16582406471183014	0.17395841159888548
0.16683518705763398	0.17371751807482042
0.1678463094034378	0.17348526174914006
0.16885743174924167	0.17299612315162372
0.1698685540950455	0.17269270119317742
0.17087967644084934	0.17243744353334922
0.1718907987866532	0.1722407461157827
0.17290192113245703	0.17187034398400122
0.17391304347826086	0.17154369983623033
0.17492416582406473	0.1713674186440311
0.17593528816986856	0.17115675986251713
0.1769464105156724	0.1707795772871367
0.17795753286147623	0.17049925612459954
0.1789686552072801	0.17010875216677532
0.17997977755308392	0.1697628902886599
0.18099089989888775	0.16922905155669443
0.1820020222446916	0.16909558851707573
0.18301314459049545	0.16901575992533086
0.18402426693629928	0.16774696449291598
0.18503538928210314	0.16742737784386338
0.18604651162790697	0.16744239834754424
0.1870576339737108	0.16713721185676086
0.18806875631951467	0.16689655719048038
0.1890798786653185	0.16659190224213044
0.19009100101112233	0.16626646375160495
0.1911021233569262	0.16578673230155883
0.19211324570273003	0.16523187100612385
0.19312436804853386	0.1648529054783478
0.19413549039433772	0.1638509657898083
0.19514661274014156	0.16357314617684818
0.1961577350859454	0.16324697430407992
0.19716885743174925	0.16279638093252377
0.19817997977755308	0.1621065933841855
0.19919110212335692	0.16174098785592636
0.20020222446916078	0.16123796533408877
0.2012133468149646	0.1609074919219556
0.20222446916076844	0.1604370292777459
0.2032355915065723	0.1597974210222178
0.20424671385237614	0.15915779070296177
0.20525783619817997	0.1585708116849035
0.20626895854398383	0.15719345967700624
0.20728008088978767	0.15649231966537813
0.2082912032355915	0.15584601330538903
0.20930232558139536	0.15513199751015117
0.2103134479271992	0.15471662486841695
0.21132457027300303	0.15423717235222628
0.2123356926188069	0.1535441350807069
0.21334681496461072	0.15261898744232652
0.21435793731041455	0.15201386881668685
0.21536905965621841	0.1518478917846937
0.21638018200202225	0.15120908419706972
0.21739130434782608	0.15092766322545303
0.21840242669362994	0.15099016601338117
0.21941354903943378	0.14989781735209062
0.2204246713852376	0.14961869620618343
0.22143579373104147	0.14960653532595938
0.2224469160768453	0.14946739865794448
0.22345803842264914	0.14905198947402507
0.224469160768453	0.14849367958237675
0.22548028311425683	0.14777810910226707
0.22649140546006066	0.14746598959768933
0.2275025278058645	0.14741697118937044
0.22851365015166836	0.14705806463655804
0.2295247724974722	0.1461355073954193
0.23053589484327602	0.14553257375659426
0.23154701718907988	0.1451894651944811
0.23255813953488372	0.14424459820923444
0.23356926188068755	0.14397253086826436
0.2345803842264914	0.14322452632754273
0.23559150657229525	0.1426489990566195
0.23660262891809908	0.14256678861293798
0.23761375126390294	0.1425324692714763
0.23862487360970677	0.14215921900430492
0.2396359959555106	0.14112650432104137
0.24064711830131447	0.14070157667847918
0.2416582406471183	0.1399595161160504
0.24266936299292213	0.13997110945534746
0.243680485338726	0.1399475435631357
0.24469160768452983	0.13956799879451215
0.24570273003033366	0.1380181507385457
0.24671385237613752	0.13803865493402062
0.24772497472194135	0.13764962295623426
0.2487360970677452	0.13706652858160745
0.24974721941354905	0.13627186807991085
0.25075834175935285	0.13517386326287223
0.2517694641051567	0.13417908484709704
0.2527805864509606	0.13330549741186123
0.2537917087967644	0.13307129981382224
0.25480283114256824	0.1330534177025685
0.2558139534883721	0.13293720668860687
0.2568250758341759	0.13270593685528584
0.25783619817997977	0.1315189185440153
0.25884732052578363	0.13140427837592064
0.25985844287158744	0.13002127083261325
0.2608695652173913	0.1299652453350205
0.26188068756319516	0.12958671479557166
0.26289180990899896	0.1295220925670144
0.2639029322548028	0.12950833486660368
0.2649140546006067	0.1290521015787275
0.2659251769464105	0.12870009225081272
0.26693629929221435	0.12851695558901174
0.2679474216380182	0.12759520146013464
0.268958543983822	0.1271345573523076
0.2699696663296259	0.1271410169701764
0.27098078867542974	0.1267276849958504
0.27199191102123355	0.12643836430185135
0.2730030333670374	0.12523464415509605
0.27401415571284127	0.12484539883659126
0.2750252780586451	0.12466592566749167
0.27603640040444893	0.12434447180360454
0.2770475227502528	0.1243910551405601
0.2780586450960566	0.12418071654325313
0.27906976744186046	0.12307295228820558
0.2800808897876643	0.12299993412803585
0.2810920121334681	0.12198690527490842
0.282103134479272	0.12175543610532992
0.28311425682507585	0.12148377779288437
0.28412537917087965	0.12083671424857353
0.2851365015166835	0.12070748789082514
0.2861476238624874	0.12034498846530824
0.2871587462082912	0.11982564982848155
0.28816986855409504	0.11953775114158226
0.2891809908998989	0.11929952336360779
0.2901921132457027	0.11903637478448938
0.29120323559150657	0.1185365999741765
0.29221435793731043	0.11680010863300355
0.29322548028311424	0.11660617416863266
0.2942366026289181	0.11559080859164242
0.29524772497472196	0.11484681320744514
0.29625884732052576	0.11455666532183469
0.2972699696663296	0.11372402303409476
0.2982810920121335	0.11321454004427607
0.2992922143579373	0.11292841577129539
0.30030333670374115	0.11293043280021256
0.301314459049545	0.11260959749314908
0.3023255813953488	0.11207097225964127
0.3033367037411527	0.11180968829500319
0.30434782608695654	0.11137056209280931
0.30535894843276035	0.11050273092224862
0.3063700707785642	0.10982962169658478
0.30738119312436807	0.11015076094131164
0.3083923154701719	0.11001983449971588
0.30940343781597573	0.10954732430911233
0.3104145601617796	0.10721420382927875
0.3114256825075834	0.10543942935145005
0.31243680485338726	0.10473350146550227
0.3134479271991911	0.1039590727029377
0.31445904954499493	0.10321401476860942
0.3154701718907988	0.10288787775840591
0.31648129423660265	0.10248053735827123
0.31749241658240646	0.10246171406283143
0.3185035389282103	0.10195996318560313
0.3195146612740142	0.10142203027550366
0.320525783619818	0.10047279675958723
0.32153690596562184	0.09898497640016797
0.3225480283114257	0.09866239868033445
0.3235591506572295	0.09821586694474616
0.32457027300303337	0.09783000743563797
0.32558139534883723	0.09736179147020602
0.32659251769464104	0.09680612257254659
0.3276036400404449	0.09662669001169603
0.32861476238624876	0.09658382740346892
0.32962588473205257	0.09590563275387347
0.3306370070778564	0.09510372636749403
0.3316481294236603	0.09510745312275312
0.3326592517694641	0.09421313535277744
0.33367037411526795	0.09319014071206036
0.3346814964610718	0.09221824997795755
0.3356926188068756	0.09204737919063705
0.3367037411526795	0.09075985235757607
0.33771486349848334	0.09079466848500853
0.33872598584428715	0.08960626019741107
0.339737108190091	0.08898112219978989
0.34074823053589487	0.0887052491662268
0.3417593528816987	0.08801767287029988
0.34277047522750254	0.08828891377282777
0.3437815975733064	0.08856141042027477
0.3447927199191102	0.08786501347811305
0.34580384226491406	0.08746701900810046
0.3468149646107179	0.08624304480103652
0.34782608695652173	0.08411013011635439
0.3488372093023256	0.08410918595105761
0.34984833164812945	0.08437120833719798
0.35085945399393326	0.08321816907927036
0.3518705763397371	0.08118707290433741
0.3528816986855409	0.0802776979327642
0.3538928210313448	0.07983440149245122
0.35490394337714865	0.07940617504797916
0.35591506572295245	0.079058939138925
0.3569261880687563	0.07930299146048375
0.3579373104145602	0.07882796242325382
0.358948432760364	0.07783548397495146
0.35995955510616784	0.07777788534402731
0.3609706774519717	0.07770996525074927
0.3619817997977755	0.07794408588603825
0.36299292214357937	0.07817787315620695
0.3640040444893832	0.07762271752903917
0.36501516683518703	0.07649240959881105
0.3660262891809909	0.07597519016555314
0.36703741152679475	0.07440841831679447
0.36804853387259856	0.07439055372656808
0.3690596562184024	0.07413211572199074
0.3700707785642063	0.07335548142694998
0.3710819009100101	0.07289210449597824
0.37209302325581395	0.07161360733950395
0.3731041456016178	0.07183717519895744
0.3741152679474216	0.07183407440699976
0.3751263902932255	0.0718281029386749
0.37613751263902934	0.07108177259237211
0.37714863498483314	0.0713050139180869
0.378159757330637	0.07090887841607985
0.37917087967644086	0.07092873796119813
0.38018200202224467	0.07116053122250923
0.38119312436804853	0.0711905676125901
0.3822042467138524	0.07114613261200647
0.3832153690596562	0.07101885707312233
0.38422649140546006	0.07102789115126898
0.3852376137512639	0.06969019212884318
0.3862487360970677	0.06905543478150744
0.3872598584428716	0.06899497863061048
0.38827098078867545	0.06789841291227193
0.38928210313447925	0.06741676123255838
0.3902932254802831	0.06469988465186781
0.391304347826087	0.0649151920883133
0.3923154701718908	0.06487390409604557
0.39332659251769464	0.06382516880465365
0.3943377148634985	0.06234212227617933
0.3953488372093023	0.062314163207916176
0.39635995955510617	0.061426523875150664
0.39737108190091003	0.05959473711974997
0.39838220424671383	0.059588477866111794
0.3993933265925177	0.05978945081001099
0.40040444893832156	0.059598311080806196
0.40141557128412536	0.05800425250758464
0.4024266936299292	0.05773606739375505
0.4034378159757331	0.0561818504090619
0.4044489383215369	0.05586080335741245
0.40546006066734075	0.056045335292967166
0.4064711830131446	0.05486261888974923
0.4074823053589484	0.053731972879613586
0.4084934277047523	0.05391013236992254
0.40950455005055614	0.05384781155157009
0.41051567239635994	0.0540132076294542
0.4115267947421638	0.05334035334937688
0.41253791708796766	0.05254299527451032
0.41354903943377147	0.05192809276774262
0.41456016177957533	0.04997728303435223
0.4155712841253792	0.050144517624397714
0.416582406471183	0.050076307154046096
0.41759352881698686	0.0498412438369037
0.4186046511627907	0.0493948017122394
0.4196157735085945	0.049345905059183216
0.4206268958543984	0.049344757627300895
0.42163801820020225	0.048192539269223504
0.42264914054600605	0.04789866939297946
0.4236602628918099	0.048067030269580445
0.4246713852376138	0.04375923596380464
0.4256825075834176	0.042817807682720845
0.42669362992922144	0.04199107204511962
0.4277047522750253	0.0421334589038552
0.4287158746208291	0.0399179621341815
0.42972699696663297	0.0395364548245841
0.43073811931243683	0.037853153656412224
0.43174924165824063	0.037988102510802285
0.4327603640040445	0.03799152242210926
0.43377148634984836	0.037908594067253894
0.43478260869565216	0.03771461521151423
0.435793731041456	0.03716871178903666
0.4368048533872599	0.037011296879671474
0.4378159757330637	0.03697532294774059
0.43882709807886755	0.03650603175224448
0.4398382204246714	0.03582957405637263
0.4408493427704752	0.035947379577769896
0.4418604651162791	0.03590381774847698
0.44287158746208294	0.03569400080904356
0.44388270980788674	0.035824033598876134
0.4448938321536906	0.03581515907890217
0.44590495449949447	0.03591141541522371
0.44691607684529827	0.03319064298366598
0.44792719919110213	0.032882060583017264
0.448938321536906	0.03281454823175353
0.4499494438827098	0.03289841504228854
0.45096056622851366	0.03286568941351208
0.45197168857431747	0.03224746628413375
0.4529828109201213	0.032275963209760956
0.4539939332659252	0.032194130122976825
0.455005055611729	0.0305018387836446
0.45601617795753285	0.030019583174840533
0.4570273003033367	0.03013159654489591
0.4580384226491405	0.030237263553879522
0.4590495449949444	0.030182220054660657
0.46006066734074824	0.030272051284684052
0.46107178968655205	0.030300164228762128
0.4620829120323559	0.029615662149582823
0.46309403437815977	0.029549205397578365
0.4641051567239636	0.029628108838464968
0.46511627906976744	0.028572159084112154
0.4661274014155713	0.028278266596947807
0.4671385237613751	0.028187604092274793
0.46814964610717896	0.0282572873877474
0.4691607684529828	0.028346964420670463
0.47017189079878663	0.028455365814248554
0.4711830131445905	0.02817680457793847
0.47219413549039435	0.02765174428493326
0.47320525783619816	0.027733489637355495
0.474216380182002	0.027785496775215718
0.4752275025278059	0.027382089016682182
0.4762386248736097	0.024843312716812498
0.47724974721941354	0.024939604626567587
0.4782608695652174	0.024859506789204084
0.4792719919110212	0.024268854228514117
0.48028311425682507	0.024233360551431382
0.48129423660262893	0.02411268665057962
0.48230535894843274	0.02368190597737768
0.4833164812942366	0.02310717752327232
0.48432760364004046	0.02310616559751134
0.48533872598584427	0.023197134753407053
0.4863498483316481	0.02326793471759398
0.487360970677452	0.016121765144445785
0.4883720930232558	0.015701742303518538
0.48938321536905965	0.01566378817449263
0.4903943377148635	0.01551652295825034
0.4914054600606673	0.015518588362074027
0.4924165824064712	0.015560658257007354
0.49342770475227504	0.015515487146094688
0.49443882709807885	0.015430686964623538
0.4954499494438827	0.015234419054629529
0.49646107178968657	0.015182648323709904
0.4974721941354904	0.015235755484553058
0.49848331648129424	0.01464599890697199
0.4994944388270981	0.014027763538436112
0.5005055611729019	0.013902263940718125
0.5015166835187057	0.013860212538391302
0.5025278058645096	0.01363024767297893
0.5035389282103134	0.013659131620479452
0.5045500505561172	0.013695521096383643
0.5055611729019212	0.013743269175569428
0.506572295247725	0.013799709706064579
0.5075834175935288	0.013045617812784148
0.5085945399393327	0.013099414174898722
0.5096056622851365	0.013135793850637774
0.5106167846309403	0.01308361133455719
0.5116279069767442	0.013137900178269045
0.512639029322548	0.012852224049811664
0.5136501516683518	0.012379714012989398
0.5146612740141557	0.012317422659642861
0.5156723963599595	0.011872552207993364
0.5166835187057633	0.01186019943326012
0.5176946410515673	0.011643044550982614
0.5187057633973711	0.011692067896460436
0.5197168857431749	0.011711791626573572
0.5207280080889788	0.011577298167200026
0.5217391304347826	0.011542789687516698
0.5227502527805864	0.011582807290997461
0.5237613751263903	0.011623061184786686
0.5247724974721941	0.011610626447441647
0.5257836198179979	0.011443061241234707
0.5267947421638018	0.011482916954744272
0.5278058645096056	0.01145294164692265
0.5288169868554095	0.011146955137955324
0.5298281092012134	0.010930032645828707
0.5308392315470172	0.010144426847503128
0.531850353892821	0.010178992213882701
0.5328614762386249	0.009553492504441074
0.5338725985844287	0.00941237348394641
0.5348837209302325	0.009346956959525662
0.5358948432760364	0.009387773365462456
0.5369059656218402	0.00941930232498948
0.537917087967644	0.008591696947755294
0.538928210313448	0.008543349930932883
0.5399393326592518	0.008580985833712324
0.5409504550050556	0.008618870980881032
0.5419615773508595	0.008632588269305685
0.5429726996966633	0.008638166792591134
0.5439838220424671	0.008153062443188136
0.544994944388271	0.008189378979683406
0.5460060667340748	0.008081177294911243
0.5470171890798786	0.00811733468772964
0.5480283114256825	0.008086592534887653
0.5490394337714863	0.008089850326364719
0.5500505561172901	0.008126291093600597
0.5510616784630941	0.008090276138702161
0.5520728008088979	0.007555698753166477
0.5530839231547017	0.007490779987529288
0.5540950455005056	0.007475870009942197
0.5551061678463094	0.007494397477372044
0.5561172901921132	0.007528618470419405
0.5571284125379171	0.007528244412727491
0.5581395348837209	0.007562777643978534
0.5591506572295247	0.007587003849322567
0.5601617795753286	0.007521657419222804
0.5611729019211324	0.007417235763725766
0.5621840242669363	0.007355967742050488
0.5631951466127402	0.007240335205798715
0.564206268958544	0.00720303097573686
0.5652173913043478	0.007225769668419323
0.5662285136501517	0.007248642412986692
0.5672396359959555	0.006496268856778798
0.5682507583417593	0.006488534206796541
0.5692618806875632	0.006445745631646517
0.570273003033367	0.006439154161725501
0.5712841253791708	0.006177018868861485
0.5722952477249748	0.006178283576843609
0.5733063700707786	0.0062076340926480915
0.5743174924165824	0.006237194254994035
0.5753286147623863	0.005741917854089743
0.5763397371081901	0.005738939663983395
0.5773508594539939	0.005754990480129082
0.5783619817997978	0.0057173263540862265
0.5793731041456016	0.005733294933364492
0.5803842264914054	0.005760992010337268
0.5813953488372093	0.005759647432455147
0.5824064711830131	0.005787606886010754
0.583417593528817	0.005748840762305486
0.5844287158746209	0.005737321448555255
0.5854398382204247	0.005743511065832066
0.5864509605662285	0.005674708792068257
0.5874620829120324	0.005550896560254898
0.5884732052578362	0.005566137417906388
0.58948432760364	0.005437008442846836
0.5904954499494439	0.005463924326227265
0.5915065722952477	0.005351206493321361
0.5925176946410515	0.005336678671925549
0.5935288169868554	0.005363295523157098
0.5945399393326593	0.005390112000772883
0.5955510616784631	0.005385801785237912
0.596562184024267	0.0054002718159970944
0.5975733063700708	0.005395832847638511
0.5985844287158746	0.004898381796137715
0.5995955510616785	0.004865646329973163
0.6006066734074823	0.004890345042308052
0.6016177957532861	0.004902315902238426
0.60262891809909	0.004855059625078341
0.6036400404448938	0.004805951069130273
0.6046511627906976	0.004773325456976866
0.6056622851365016	0.004797866976035873
0.6066734074823054	0.004822598249108223
0.6076845298281092	0.004847521237475707
0.6086956521739131	0.004872637927825322
0.6097067745197169	0.004455254575031183
0.6107178968655207	0.004458166818150596
0.6117290192113246	0.004453116267737689
0.6127401415571284	0.004462761033236623
0.6137512639029322	0.004486187600340227
0.6147623862487361	0.0043432080957982394
0.6157735085945399	0.004087776509315185
0.6167846309403437	0.003894646914079838
0.6177957532861477	0.003915308170918458
0.6188068756319515	0.0039032129320097013
0.6198179979777553	0.003924030067647086
0.6208291203235592	0.0039060361702072887
0.621840242669363	0.0039006960918474697
0.6228513650151668	0.003907253785096902
0.6238624873609707	0.003928317147819796
0.6248736097067745	0.0038960523866184197
0.6258847320525783	0.003880547213880539
0.6268958543983822	0.0038434599321838557
0.627906976744186	0.0038644052179178275
0.6289180990899899	0.0038855221863217503
0.6299292214357938	0.003906812718849541
0.6309403437815976	0.0038881362169033325
0.6319514661274014	0.0038818084272629646
0.6329625884732053	0.0038753515398417373
0.6339737108190091	0.0038968216314752093
0.6349848331648129	0.003877432372353879
0.6359959555106168	0.0038990336669073827
0.6370070778564206	0.0038922864913745778
0.6380182002022244	0.0039140920179369
0.6390293225480284	0.003936081298936546
0.6400404448938322	0.003958256404846048
0.641051567239636	0.0039129882875406806
0.6420626895854399	0.00391915332737342
0.6430738119312437	0.003925325441791441
0.6440849342770475	0.003931504452337779
0.6450960566228514	0.003953970192065424
0.6461071789686552	0.00397662904703428
0.647118301314459	0.003999483236959764
0.6481294236602629	0.004005972689516358
0.6491405460060667	0.0039402856143373475
0.6501516683518705	0.003907279088229069
0.6511627906976745	0.0039299958271141215
0.6521739130434783	0.003921835701532623
0.6531850353892821	0.003927720986950687
0.654196157735086	0.00395075747367767
0.6552072800808898	0.003913621166941843
0.6562184024266936	0.0035659957198218455
0.6572295247724975	0.003569641537646977
0.6582406471183013	0.00359082635389414
0.6592517694641051	0.003612200320286367
0.660262891809909	0.003574538024164884
0.6612740141557129	0.0035363601155897107
0.6622851365015167	0.00352463241684798
0.6632962588473206	0.003527774762714516
0.6643073811931244	0.0035490906223079573
0.6653185035389282	0.003537031950929226
0.6663296258847321	0.0035401123698995986
0.6673407482305359	0.003533897990955588
0.6683518705763397	0.0034933554610775412
0.6693629929221436	0.0034960257155900714
0.6703741152679474	0.003498662891300923
0.6713852376137512	0.0034594808483697326
0.6723963599595552	0.0034522353450801976
0.673407482305359	0.003454448140812385
0.6744186046511628	0.003475971182188163
0.6754297269969667	0.003468490394600203
0.6764408493427705	0.003321088035527688
0.6774519716885743	0.0033124018322456808
0.6784630940343782	0.0033333002665185242
0.679474216380182	0.0033543971036483883
0.6804853387259858	0.0033556024378809165
0.6814964610717897	0.003376975701816464
0.6825075834175935	0.003378204215081769
0.6835187057633973	0.003399859370306652
0.6845298281092013	0.003421723417704123
0.6855409504550051	0.003423054316633818
0.6865520728008089	0.003413891498764657
0.6875631951466128	0.0034360596253800117
0.6885743174924166	0.0034584443786398163
0.6895854398382204	0.0034810485902649134
0.6905965621840243	0.0034824458016357715
0.6916076845298281	0.003505356629278112
0.6926188068756319	0.0034850689016270035
0.6936299292214358	0.0034127088205509267
0.6946410515672397	0.003435384626667544
0.6956521739130435	0.0034361387966039105
0.6966632962588474	0.003397064288368634
0.6976744186046512	0.003357388161881886
0.698685540950455	0.0033235034912887248
0.6996966632962589	0.0032890845390845377
0.7007077856420627	0.0033113834173156193
0.7017189079878665	0.0033339098351204874
0.7027300303336703	0.003356666898841446
0.7037411526794742	0.0033368008477878026
0.704752275025278	0.003336197021764031
0.7057633973710818	0.0033592052770865413
0.7067745197168858	0.003322793620490792
0.7077856420626896	0.003345868576188645
0.7087967644084934	0.003369184733514001
0.7098078867542973	0.0033683795878917825
0.7108190091001011	0.0033674804727436302
0.7118301314459049	0.003366485462482497
0.7128412537917088	0.0033653925911179675
0.7138523761375126	0.003389260623679088
0.7148634984833164	0.003413383475093174
0.7158746208291203	0.003412345365192341
0.7168857431749242	0.0033984041645331977
0.717896865520728	0.0034228531153571774
0.7189079878665319	0.003421594854080635
0.7199191102123357	0.0034463890196899144
0.7209302325581395	0.0034143610013175237
0.7219413549039434	0.003323379783233799
0.7229524772497472	0.003280883755336311
0.723963599595551	0.0029559900883430303
0.7249747219413549	0.002937106576948123
0.7259858442871587	0.0028950845064006207
0.7269969666329625	0.0028890724677589617
0.7280080889787665	0.0029106327100556703
0.7290192113245703	0.0028811932845137613
0.7300303336703741	0.0028371490524062974
0.731041456016178	0.0028301886792452833
0.7320525783619818	0.002851629502572899
0.7330637007077856	0.0028445097361447175
0.7340748230535895	0.0028371985023074916
0.7350859453993933	0.0028589394869995032
0.7360970677451971	0.0028809313292071917
0.737108190091001	0.0029031779031779034
0.7381193124368048	0.002925683158241298
0.7391304347826086	0.002948451120562242
0.7401415571284126	0.0029714858949416345
0.7411526794742164	0.0029947916666666673
0.7421638018200202	0.003018372703412074
0.7431749241658241	0.002964426877470356
0.7441860465116279	0.0028990735512474646
0.7451971688574317	0.002922173738906807
0.7462082912032356	0.002897742363877822
0.7472194135490394	0.002921017402945114
0.7482305358948432	0.0029121863799283156
0.7492416582406471	0.0029357668364459535
0.750252780586451	0.002926719550596316
0.7512639029322548	0.002950611138764449
0.7522750252780587	0.0029747964759674365
0.7532861476238625	0.002965549034158628
0.7542972699696663	0.0028030019612511198
0.7553083923154702	0.0028262633883154443
0.756319514661274	0.002849815583218073
0.7573306370070778	0.002757438400743841
0.7583417593528817	0.002710289136575132
0.7593528816986855	0.0026799749435639235
0.7603640040444893	0.0027026865956280245
0.7613751263902933	0.0026896261569900226
0.7623862487360971	0.0026762441656058675
0.7633973710819009	0.002699216218529523
0.7644084934277048	0.002722485323861674
0.7654196157735086	0.002708737622530726
0.7664307381193124	0.0027322918627266453
0.7674418604651163	0.0026991962534016834
0.7684529828109201	0.002722873413519242
0.7694641051567239	0.0027082206249838987
0.7704752275025278	0.0026347250919392354
0.7714863498483316	0.0025270403146509337
0.7724974721941354	0.0025099206349206344
0.7735085945399394	0.002492392696989109
0.7745197168857432	0.002514846685250272
0.775530839231547	0.0025376054787819486
0.7765419615773509	0.0024509803921568627
0.7775530839231547	0.0024318527743185277
0.7785642062689585	0.002454163350229707
0.7795753286147624	0.002476782367282515
0.7805864509605662	0.002499715537349946
0.78159757330637	0.0025229687051392478
0.782608695652174	0.0023762950083315217
0.7836198179979778	0.00235473066853875
0.7846309403437816	0.0023105087548350896
0.7856420626895855	0.002287698590121911
0.7866531850353893	0.0023094861957421195
0.7876643073811931	0.00226323384218121
0.788675429726997	0.002284995706048337
0.7896865520728008	0.002307072959246872
0.7906976744186046	0.002282569610556102
0.7917087967644085	0.0023048385823664056
0.7927199191102123	0.0023274350390562726
0.7937310414560161	0.0023503654335297335
0.7947421638018201	0.002373636378416166
0.7957532861476239	0.002347995993629213
0.7967644084934277	0.0023714759535655053
0.7977755308392316	0.002395309882747068
0.7987866531850354	0.0023095274351555757
0.7997977755308392	0.002332974414192688
0.8008088978766431	0.002304982906868331
0.8018200202224469	0.0023286237571951856
0.8028311425682507	0.0022997620935765266
0.8038422649140546	0.00232359382511618
0.8048533872598584	0.0022668393782383418
0.8058645096056622	0.0022905759162303663
0.8068756319514662	0.0023146872416643705
0.80788675429727	0.0023391812865497076
0.8088978766430738	0.002364066193853428
0.8099089989888777	0.0023893503242689725
0.8109201213346815	0.002415042263239607
0.8119312436804853	0.0024411508282476025
0.8129423660262892	0.0023207990599294947
0.813953488372093	0.002286766452839154
0.8149646107178968	0.0023118957545187053
0.8159757330637007	0.0022767287960658127
0.8169868554095046	0.0023020257826887663
0.8179979777553084	0.0023277467411545625
0.8190091001011123	0.002291130500282468
0.8200202224469161	0.0023170189805116486
0.8210313447927199	0.0023433487416538263
0.8220424671385238	0.00237012987012987
0.8230535894843276	0.0023973727422003286
0.8240647118301314	0.0024250880340176734
0.8250758341759353	0.002352466729399113
0.8260869565217391	0.0023119815041479667
0.8270980788675429	0.0023391812865497076
0.8281092012133469	0.002366863905325444
0.8291203235591507	0.0022893772893772895
0.8301314459049545	0.00231679498146564
0.8311425682507584	0.002344708174013419
0.8321536905965622	0.0023731288791529756
0.833164812942366	0.002402069475240207
0.8341759352881699	0.0024315427203351787
0.8351870576339737	0.002461561766265243
0.8361981799797775	0.0024921401732995938
0.8372093023255814	0.0025232919254658385
0.8382204246713852	0.0025550314465408804
0.839231547017189	0.002587373616750259
0.840242669362993	0.0026203337902120454
0.8412537917087968	0.002653927813163482
0.8422649140546006	0.002688172043010753
0.8432760364004045	0.0027230833682446586
0.8442871587462083	0.00267379679144385
0.8452982810920121	0.0027089783281733747
0.846309403437816	0.0026141512722202857
0.8473205257836198	0.0026490066225165563
0.8483316481294236	0.0025503355704697985
0.8493427704752275	0.0023580627607473247
0.8503538928210314	0.0022982165839308694
0.8513650151668352	0.002329699002888827
0.8523761375126391	0.002267359470949457
0.8533872598584429	0.002203065134099617
0.8543983822042467	0.002233877233877234
0.8554095045500506	0.002265340293509308
0.8564206268958544	0.0021975826590750177
0.8574317492416582	0.0022289766970618034
0.8584428715874621	0.0022610483042137717
0.8594539939332659	0.00229381712021687
0.8604651162790697	0.0023273035015339044
0.8614762386248737	0.0023615285530270503
0.8624873609706775	0.0023965141612200436
0.8634984833164813	0.0024322830292979546
0.8645096056622852	0.0024688587139490518
0.865520728008089	0.002506265664160401
0.8665318503538928	0.002544529262086514
0.8675429726996967	0.002348796241926013
0.8685540950455005	0.002385211687537269
0.8695652173913043	0.002240794573643411
0.8705763397371082	0.002276082677165354
0.871587462082912	0.0023122109736282963
0.8725985844287159	0.0022222222222222222
0.8736097067745198	0.0022580645161290325
0.8746208291203236	0.0022947810123262525
0.8756319514661274	0.0023324003731840597
0.8766430738119313	0.002370952445468094
0.8776541961577351	0.0024104683195592287
0.8786653185035389	0.0024509803921568627
0.8796764408493428	0.0024925224327018943
0.8806875631951466	0.0025351296537737215
0.8816986855409504	0.002431476569407604
0.8827098078867543	0.0024737631184407797
0.8837209302325582	0.002517162471395881
0.884732052578362	0.002406458624437199
0.8857431749241659	0.002449431099873578
0.8867542972699697	0.0024935649935649935
0.8877654196157735	0.002538902538902539
0.8887765419615774	0.0024186822351959965
0.8897876643073812	0.0024634726469588853
0.890798786653185	0.0025095188646590515
0.8918099089989889	0.002556868277199788
0.8928210313447927	0.002425876010781671
0.8938321536905965	0.0024725274725274724
0.8948432760364005	0.002520537714712472
0.8958543983822043	0.002569960022844089
0.8968655207280081	0.00242671325956125
0.897876643073812	0.002277227722772277
0.8988877654196158	0.0023232323232323234
0.8998988877654196	0.002370645227788085
0.9009100101112234	0.002419524510835262
0.9019211324570273	0.002469931271477663
0.9029322548028311	0.002302631578947368
0.9039433771486349	0.0023516237402015677
0.9049544994944388	0.002173415694349119
0.9059656218402427	0.0022206638616175784
0.9069767441860465	0.0022694696607740085
0.9079878665318504	0.0020757020757020757
0.9089989888776542	0.002122347066167291
0.910010111223458	0.002170582226762002
0.9110212335692619	0.002220480668756531
0.9120323559150657	0.00227211975407645
0.9130434782608695	0.002325581395348837
0.9140546006066734	0.002380952380952381
0.9150657229524772	0.002438324727481354
0.916076845298281	0.0024977960622979724
0.917087967644085	0.0025594700391448357
0.9180990899898888	0.002623456790123457
0.9191102123356926	0.002689873417721519
0.9201213346814965	0.00275884453099643
0.9211324570273003	0.0028305028305028305
0.9221435793731041	0.00290498974709501
0.923154701718908	0.0029824561403508773
0.9241658240647118	0.003063063063063063
0.9251769464105156	0.0031469825990373935
0.9261880687563195	0.002663622526636225
0.9271991911021233	0.0027386541471048514
0.9282103134479271	0.0028169014084507044
0.9292214357937311	0.002898550724637681
0.9302325581395349	0.0029838022165387893
0.9312436804853387	0.0030728709394205445
0.9322548028311426	0.003165988240615106
0.9332659251769464	0.0032634032634032634
0.9342770475227502	0.0033653846153846156
0.9352881698685541	0.002976190476190476
0.9362992922143579	0.0030721966205837174
0.9373104145601617	0.0031729243786356425
0.9383215369059656	0.003278688524590164
0.9393326592517695	0.003389830508474576
0.9403437815975733	0.0035067212156633548
0.9413549039433772	0.003629764065335753
0.942366026289181	0.0037593984962406013
0.9433771486349848	0.003896103896103896
0.9443882709807887	0.00404040404040404
0.9453993933265925	0.0034940600978336828
0.9464105156723963	0.00362844702467344
0.9474216380182002	0.003770739064856712
0.948432760364004	0.00392156862745098
0.9494438827098078	0.004081632653061225
0.9504550050556118	0.003401360544217687
0.9514661274014156	0.0035460992907801418
0.9524772497472194	0.0037002775208140612
0.9534883720930233	0.003864734299516908
0.9544994944388271	0.00404040404040404
0.9555106167846309	0.004228329809725159
0.9565217391304348	0.004429678848283499
0.9575328614762386	0.004645760743321719
0.9585439838220424	0.004878048780487805
0.9595551061678463	0.005128205128205128
0.9605662285136501	0.005398110661268556
0.961577350859454	0.004267425320056899
0.9625884732052579	0.0045045045045045045
0.9635995955510617	0.004761904761904762
0.9646107178968655	0.005042016806722689
0.9656218402426694	0.0035650623885918
0.9666329625884732	0.001893939393939394
0.967644084934277	0.0020161290322580645
0.9686552072800809	0.002150537634408602
0.9696663296258847	0.0022988505747126436
0.9706774519716885	0.0024630541871921183
0.9716885743174924	0.0026455026455026454
0.9726996966632963	0.002849002849002849
0.9737108190091001	0.003076923076923077
0.974721941354904	0.0033333333333333335
0.9757330637007078	0.0036231884057971015
0.9767441860465116	0.003952569169960474
0.9777553083923155	0.004329004329004329
0.9787664307381193	0.004761904761904762
0.9797775530839231	0.005263157894736842
0.980788675429727	0.005847953216374269
0.9817997977755308	0.006535947712418301
0.9828109201213346	0.007352941176470588
0.9838220424671386	0.008333333333333333
0.9848331648129424	0.009523809523809525
0.9858442871587462	0.01098901098901099
0.9868554095045501	0.01282051282051282
0.9878665318503539	0.015151515151515152
0.9888776541961577	0.01818181818181818
0.9898887765419616	0.022222222222222223
0.9908998988877654	0.027777777777777776
0.9919110212335692	0.03571428571428571
0.9929221435793731	0.0
0.993933265925177	0.0
0.9949443882709808	0.0
0.9959555106167847	0.0
0.9969666329625885	0.0
0.9979777553083923	0.0
0.9989888776541962	0.0
1.0	0.0
