Fraction_of_nodes	Efficiency
0.0010111223458038423	0.2392828942257065
0.0020222446916076846	0.23878161193714348
0.003033367037411527	0.23827765904348872
0.004044489383215369	0.23777967666525013
0.005055611729019211	0.2375079999180394
0.006066734074823054	0.23730562253970583
0.007077856420626896	0.23670899830248882
0.008088978766430738	0.23637983031815557
0.00910010111223458	0.23567846629045114
0.010111223458038422	0.2355164428936428
0.011122345803842264	0.2350288440222153
0.012133468149646108	0.2346768363634232
0.01314459049544995	0.2344131412772404
0.014155712841253791	0.2342635440472699
0.015166835187057633	0.23384480447459727
0.016177957532861477	0.23344801609086963
0.017189079878665317	0.23319446639325228
0.01820020222446916	0.23271391209210524
0.019211324570273004	0.23230622037332402
0.020222446916076844	0.23219688085598011
0.021233569261880688	0.2317565249466496
0.022244691607684528	0.2314991085946193
0.023255813953488372	0.23099129426867435
0.024266936299292215	0.23069432799075412
0.025278058645096056	0.23031830634875483
0.0262891809908999	0.229945568108721
0.027300303336703743	0.22954130160279929
0.028311425682507583	0.2292044049970169
0.029322548028311426	0.22891785855774968
0.030333670374115267	0.22828775639201251
0.03134479271991911	0.22781898709944856
0.032355915065722954	0.2274605428327543
0.033367037411526794	0.2269135678846107
0.034378159757330634	0.22675218359257315
0.03538928210313448	0.22639567212928197
0.03640040444893832	0.22596057048311305
0.03741152679474216	0.2257436676047163
0.03842264914054601	0.22487979588040885
0.03943377148634985	0.22437452870061275
0.04044489383215369	0.2242413856823921
0.041456016177957536	0.22397738767728162
0.042467138523761376	0.2238674284912453
0.043478260869565216	0.2236957056733328
0.044489383215369056	0.22334123888185375
0.0455005055611729	0.22278809978941372
0.046511627906976744	0.22214662890272133
0.047522750252780584	0.22158199543362297
0.04853387259858443	0.22091789257592198
0.04954499494438827	0.22077171133941187
0.05055611729019211	0.22059765126542988
0.05156723963599596	0.22044017456265033
0.0525783619817998	0.2202422732913168
0.05358948432760364	0.21994901521935795
0.054600606673407485	0.21972553799998226
0.055611729019211326	0.21946827249370246
0.056622851365015166	0.21925185117350338
0.057633973710819006	0.21897709442575897
0.05864509605662285	0.21889139680518407
0.05965621840242669	0.2185985165202928
0.06066734074823053	0.21836223411983793
0.06167846309403438	0.21808909762031792
0.06268958543983821	0.2179025049246051
0.06370070778564206	0.2175342871418272
0.06471183013144591	0.21716418459337553
0.06572295247724974	0.2166706030394143
0.06673407482305359	0.2164822257614753
0.06774519716885744	0.21583075572265037
0.06875631951466127	0.21581570351843088
0.06976744186046512	0.2155820747269584
0.07077856420626896	0.21550626793040784
0.0717896865520728	0.21514648739578776
0.07280080889787664	0.2150172258203689
0.07381193124368049	0.21485312716303664
0.07482305358948432	0.21450026410473744
0.07583417593528817	0.2142592364974687
0.07684529828109202	0.21421447447771338
0.07785642062689585	0.21417167579777943
0.0788675429726997	0.2139754369483002
0.07987866531850354	0.21386884397538047
0.08088978766430738	0.2137422546713397
0.08190091001011122	0.213623730216612
0.08291203235591507	0.2130241434837784
0.0839231547017189	0.21258547429275532
0.08493427704752275	0.21244312162886758
0.0859453993933266	0.212269031861407
0.08695652173913043	0.21183962942774895
0.08796764408493428	0.21146484490166104
0.08897876643073811	0.21104585440084647
0.08998988877654196	0.21100636509739468
0.0910010111223458	0.21054167176434438
0.09201213346814964	0.21035845988431404
0.09302325581395349	0.20994952764443725
0.09403437815975733	0.20958672607490417
0.09504550050556117	0.20943491036994308
0.09605662285136501	0.20921726457767545
0.09706774519716886	0.20908133232933596
0.0980788675429727	0.20899406998864353
0.09908998988877654	0.20844672583511678
0.10010111223458039	0.20807205087644554
0.10111223458038422	0.20770468372435746
0.10212335692618807	0.20760127083433805
0.10313447927199192	0.20753914840234738
0.10414560161779575	0.2072000305382609
0.1051567239635996	0.20704052787824834
0.10616784630940344	0.20622341346414816
0.10717896865520728	0.20584874050699672
0.10819009100101112	0.2056432539172957
0.10920121334681497	0.20557416234164785
0.1102123356926188	0.20515957569671392
0.11122345803842265	0.20441360683802784
0.1122345803842265	0.2042992512767687
0.11324570273003033	0.2035187715057726
0.11425682507583418	0.20326021297697514
0.11526794742163801	0.2023782531805878
0.11627906976744186	0.2021226671471107
0.1172901921132457	0.20200780661713147
0.11830131445904954	0.20189428242206917
0.11931243680485339	0.20094723227257918
0.12032355915065723	0.20092982483370977
0.12133468149646107	0.20065283642538206
0.12234580384226491	0.20039967379439805
0.12335692618806876	0.20000400426937365
0.1243680485338726	0.19972890936436796
0.12537917087967643	0.19974540348359016
0.1263902932254803	0.19967454814707167
0.12740141557128412	0.19932420068016782
0.12841253791708795	0.19834453146719783
0.12942366026289182	0.19791372472373261
0.13043478260869565	0.1978357601674124
0.13144590495449948	0.19762305853423254
0.13245702730030334	0.1972449056940007
0.13346814964610718	0.1971047213617529
0.134479271991911	0.1975657850374529
0.13549039433771487	0.19738464906298092
0.1365015166835187	0.19710147750725954
0.13751263902932254	0.19710092214957037
0.1385237613751264	0.19654261897824732
0.13953488372093023	0.19586968052177411
0.14054600606673406	0.19524965504628003
0.14155712841253792	0.19461844203505235
0.14256825075834176	0.194525826735487
0.1435793731041456	0.19408997205674536
0.14459049544994945	0.19395004573116897
0.14560161779575329	0.19385760622078266
0.14661274014155712	0.1934354666150817
0.14762386248736098	0.19280316747632076
0.1486349848331648	0.19242342669816537
0.14964610717896865	0.19226326955057177
0.1506572295247725	0.19166753010045287
0.15166835187057634	0.19079114956114906
0.15267947421638017	0.1899466031900921
0.15369059656218403	0.18975295109664503
0.15470171890798787	0.18945304062412566
0.1557128412537917	0.18907357821628126
0.15672396359959556	0.18888012231454263
0.1577350859453994	0.18875263048500324
0.15874620829120323	0.18819197133983812
0.1597573306370071	0.18795092884993042
0.16076845298281092	0.18761597138138286
0.16177957532861476	0.1866416667040304
0.16279069767441862	0.18612005848432717
0.16380182002022245	0.18547808591223391
0.16481294236602628	0.18529182181631465
0.16582406471183014	0.1848609975471771
0.16683518705763398	0.18431460514675516
0.1678463094034378	0.18408713183055547
0.16885743174924167	0.18377095986712697
0.1698685540950455	0.18346247898283197
0.17087967644084934	0.18332685112854535
0.1718907987866532	0.18307914148495857
0.17290192113245703	0.18269438750948536
0.17391304347826086	0.18264529446506333
0.17492416582406473	0.18272048972624752
0.17593528816986856	0.18254702490033223
0.1769464105156724	0.18194262401713754
0.17795753286147623	0.1817427333329715
0.1789686552072801	0.18147478446560966
0.17997977755308392	0.1813576531614816
0.18099089989888775	0.18131268267277353
0.1820020222446916	0.18065207978781228
0.18301314459049545	0.17999586295867862
0.18402426693629928	0.17951848745793705
0.18503538928210314	0.17936486122405584
0.18604651162790697	0.17908731510999848
0.1870576339737108	0.17907321531921347
0.18806875631951467	0.17828448016940285
0.1890798786653185	0.17788823543413668
0.19009100101112233	0.17761620360465635
0.1911021233569262	0.1774612193272252
0.19211324570273003	0.17645746737883886
0.19312436804853386	0.17591450259482957
0.19413549039433772	0.17567871097028667
0.19514661274014156	0.17531778637843262
0.1961577350859454	0.17522585177940214
0.19716885743174925	0.17518344534656416
0.19817997977755308	0.17474221915728183
0.19919110212335692	0.1746259156706814
0.20020222446916078	0.17458979544713984
0.2012133468149646	0.17446439697718363
0.20222446916076844	0.17413550343855588
0.2032355915065723	0.17387664574041248
0.20424671385237614	0.1738890384308392
0.20525783619817997	0.17361186496831738
0.20626895854398383	0.17294268452674458
0.20728008088978767	0.17266638362248546
0.2082912032355915	0.17251665953996628
0.20930232558139536	0.17244465968009265
0.2103134479271992	0.17239000652982006
0.21132457027300303	0.17236240953274978
0.2123356926188069	0.1717510500088682
0.21334681496461072	0.170662719891161
0.21435793731041455	0.16998701415087078
0.21536905965621841	0.1685292216740266
0.21638018200202225	0.1678447611492255
0.21739130434782608	0.16769906918090324
0.21840242669362994	0.16740440893559325
0.21941354903943378	0.16662873148341023
0.2204246713852376	0.1661579734459972
0.22143579373104147	0.1656614147055935
0.2224469160768453	0.1656080949292318
0.22345803842264914	0.1652165221595437
0.224469160768453	0.1651958516775118
0.22548028311425683	0.1648727612707836
0.22649140546006066	0.16467669577681882
0.2275025278058645	0.1643756161835059
0.22851365015166836	0.16355794731521112
0.2295247724974722	0.16318297418422378
0.23053589484327602	0.16220119309764938
0.23154701718907988	0.16192419705512406
0.23255813953488372	0.16173661854371352
0.23356926188068755	0.16088343664287585
0.2345803842264914	0.1606192374611656
0.23559150657229525	0.1603952514363188
0.23660262891809908	0.1595524052184674
0.23761375126390294	0.15927162488885482
0.23862487360970677	0.15879883982300463
0.2396359959555106	0.15858007425698964
0.24064711830131447	0.1583928822665054
0.2416582406471183	0.15822457345807356
0.24266936299292213	0.15795899142610592
0.243680485338726	0.15787858000893312
0.24469160768452983	0.15767541540242222
0.24570273003033366	0.15725805382536742
0.24671385237613752	0.15656820064820626
0.24772497472194135	0.15511363329098318
0.2487360970677452	0.15438825566579034
0.24974721941354905	0.15386302745868566
0.25075834175935285	0.1537768690294709
0.2517694641051567	0.15341731788914034
0.2527805864509606	0.15340356871001568
0.2537917087967644	0.15305734879937358
0.25480283114256824	0.15299218264476896
0.2558139534883721	0.15298214881134448
0.2568250758341759	0.1521089445293967
0.25783619817997977	0.15212607901458822
0.25884732052578363	0.15148284055156608
0.25985844287158744	0.1502761169867186
0.2608695652173913	0.14957887284210467
0.26188068756319516	0.14955844452191053
0.26289180990899896	0.1494848039121722
0.2639029322548028	0.14921239808233522
0.2649140546006067	0.1486866562370371
0.2659251769464105	0.14860990908393806
0.26693629929221435	0.1485582413496417
0.2679474216380182	0.14848411498945993
0.268958543983822	0.14798637968928244
0.2699696663296259	0.14727047117637543
0.27098078867542974	0.14716606070292304
0.27199191102123355	0.14712096009336775
0.2730030333670374	0.14707067938266846
0.27401415571284127	0.1468760713858013
0.2750252780586451	0.14666413679157989
0.27603640040444893	0.14625690685317938
0.2770475227502528	0.14620046897221667
0.2780586450960566	0.14512935919684622
0.27906976744186046	0.14444842191368149
0.2800808897876643	0.14384821574302895
0.2810920121334681	0.14342035204588982
0.282103134479272	0.14277681973734305
0.28311425682507585	0.1425154469267642
0.28412537917087965	0.14203350021691583
0.2851365015166835	0.1415515637216207
0.2861476238624874	0.13971409829280865
0.2871587462082912	0.13972691713258611
0.28816986855409504	0.13930287197096486
0.2891809908998989	0.1372399723553097
0.2901921132457027	0.13719932846969363
0.29120323559150657	0.1364580018678821
0.29221435793731043	0.13551808874704357
0.29322548028311424	0.13490224715824622
0.2942366026289181	0.1347238907849188
0.29524772497472196	0.13420614363473507
0.29625884732052576	0.1339399084278882
0.2972699696663296	0.13346187653980512
0.2982810920121335	0.1327586117337419
0.2992922143579373	0.13259281887681873
0.30030333670374115	0.13242656389706361
0.301314459049545	0.13175537542065466
0.3023255813953488	0.13139760469049125
0.3033367037411527	0.13049252125100294
0.30434782608695654	0.13027557774673287
0.30535894843276035	0.12931157730016024
0.3063700707785642	0.1292376305351281
0.30738119312436807	0.12865891615809083
0.3083923154701719	0.12808368443609458
0.30940343781597573	0.12699804641122103
0.3104145601617796	0.12699043076802752
0.3114256825075834	0.12589968470022894
0.31243680485338726	0.12499860209572558
0.3134479271991911	0.12461474585582727
0.31445904954499493	0.12463287198701804
0.3154701718907988	0.12419504388968218
0.31648129423660265	0.12383712842130662
0.31749241658240646	0.1238743706801994
0.3185035389282103	0.12386227911382741
0.3195146612740142	0.1230629465421252
0.320525783619818	0.1226878136480256
0.32153690596562184	0.12221262072392523
0.3225480283114257	0.12212489139508696
0.3235591506572295	0.12184323919952046
0.32457027300303337	0.12126490747311976
0.32558139534883723	0.120823724165367
0.32659251769464104	0.1202563141531306
0.3276036400404449	0.11996161305354353
0.32861476238624876	0.11884926991886752
0.32962588473205257	0.11788208429562179
0.3306370070778564	0.11792178361775786
0.3316481294236603	0.11770683948623217
0.3326592517694641	0.1176620232259587
0.33367037411526795	0.11743207767724466
0.3346814964610718	0.1173015780967818
0.3356926188068756	0.11641337145834339
0.3367037411526795	0.116080148539818
0.33771486349848334	0.11592942302030874
0.33872598584428715	0.1153981915176481
0.339737108190091	0.11540175402570516
0.34074823053589487	0.1150672655712819
0.3417593528816987	0.11475027688791459
0.34277047522750254	0.1147878641785633
0.3437815975733064	0.11329731273156149
0.3447927199191102	0.11308825233676335
0.34580384226491406	0.11286297818022192
0.3468149646107179	0.111127623953165
0.34782608695652173	0.11092987339501102
0.3488372093023256	0.1096470367918413
0.34984833164812945	0.10875877064845299
0.35085945399393326	0.10874238578245575
0.3518705763397371	0.10873583921832596
0.3528816986855409	0.1082954047315168
0.3538928210313448	0.10834938087334087
0.35490394337714865	0.1081268190961187
0.35591506572295245	0.10781079552189408
0.3569261880687563	0.10763042169655414
0.3579373104145602	0.10692842846567886
0.358948432760364	0.10650138349120179
0.35995955510616784	0.10633793071764441
0.3609706774519717	0.10581331693702098
0.3619817997977755	0.10538943930417045
0.36299292214357937	0.10571949379611598
0.3640040444893832	0.10372582013440747
0.36501516683518703	0.10355094625064827
0.3660262891809909	0.103126371905563
0.36703741152679475	0.1031348121019606
0.36804853387259856	0.10198670879162498
0.3690596562184024	0.10151097957861903
0.3700707785642063	0.10011013175496083
0.3710819009100101	0.09983708233390472
0.37209302325581395	0.09845962676926867
0.3731041456016178	0.0972085155951072
0.3741152679474216	0.09555813575576913
0.3751263902932255	0.09557461410509378
0.37613751263902934	0.09531796559301399
0.37714863498483314	0.09413850098781998
0.378159757330637	0.09352352754380513
0.37917087967644086	0.09382866140202309
0.38018200202224467	0.09354251988422443
0.38119312436804853	0.09345263899160085
0.3822042467138524	0.09321542550033352
0.3832153690596562	0.09270767806888314
0.38422649140546006	0.0921116869016099
0.3852376137512639	0.09193824965579017
0.3862487360970677	0.09181003708621183
0.3872598584428716	0.09130778233453331
0.38827098078867545	0.09066767708228823
0.38928210313447925	0.08898058243090562
0.3902932254802831	0.08861152300303371
0.391304347826087	0.08810103584711373
0.3923154701718908	0.08766500803890398
0.39332659251769464	0.08766138638385801
0.3943377148634985	0.0876230745295836
0.3953488372093023	0.0872297838333209
0.39635995955510617	0.08631742116303
0.39737108190091003	0.08443821895760983
0.39838220424671383	0.082961962276892
0.3993933265925177	0.08265478628331165
0.40040444893832156	0.08291816850684684
0.40141557128412536	0.08235398513319728
0.4024266936299292	0.08228310298581275
0.4034378159757331	0.08194380886983044
0.4044489383215369	0.08160069428693022
0.40546006066734075	0.08110802000786448
0.4064711830131446	0.08138483918877869
0.4074823053589484	0.08104609478482146
0.4084934277047523	0.08132364990394757
0.40950455005055614	0.08009871262108541
0.41051567239635994	0.07924749559437472
0.4115267947421638	0.07824766482955087
0.41253791708796766	0.07689516859790503
0.41354903943377147	0.07634075619857697
0.41456016177957533	0.0762738692368323
0.4155712841253792	0.07554590752258364
0.416582406471183	0.07502709665190505
0.41759352881698686	0.07527296384798902
0.4186046511627907	0.07524245429166371
0.4196157735085945	0.07520512923114901
0.4206268958543984	0.07458711769895722
0.42163801820020225	0.07370503592866325
0.42264914054600605	0.07343452677325088
0.4236602628918099	0.07297096303870888
0.4246713852376138	0.07293838605007681
0.4256825075834176	0.07226940568411573
0.42669362992922144	0.07205459286528737
0.4277047522750253	0.0723096533710052
0.4287158746208291	0.07229169594790293
0.42972699696663297	0.07105916943058385
0.43073811931243683	0.07127623007875625
0.43174924165824063	0.06946648918779771
0.4327603640040445	0.06970821760920319
0.43377148634984836	0.06855461352809365
0.43478260869565216	0.06764763740612077
0.435793731041456	0.06728329118201146
0.4368048533872599	0.06722527971540192
0.4378159757330637	0.0674675329756376
0.43882709807886755	0.06689267317194296
0.4398382204246714	0.06675848796463811
0.4408493427704752	0.06624447030782749
0.4418604651162791	0.06646848295683172
0.44287158746208294	0.06625520896002947
0.44388270980788674	0.06612857795833994
0.4448938321536906	0.06608460496496533
0.44590495449949447	0.06565425159643368
0.44691607684529827	0.06547553371720743
0.44792719919110213	0.06460473670216325
0.448938321536906	0.06422014557980688
0.4499494438827098	0.06326114655137625
0.45096056622851366	0.06282670166375091
0.45197168857431747	0.06304338894484429
0.4529828109201213	0.06279321102387411
0.4539939332659252	0.0629958611117338
0.455005055611729	0.06295629130121737
0.45601617795753285	0.06288539741663364
0.4570273003033367	0.06182139002401793
0.4580384226491405	0.06149083795604551
0.4590495449949444	0.06113128209333395
0.46006066734074824	0.06056215089929178
0.46107178968655205	0.05972184215116443
0.4620829120323559	0.05993970332970698
0.46309403437815977	0.06016589088944172
0.4641051567239636	0.05911510045749297
0.46511627906976744	0.05933902129255923
0.4661274014155713	0.05892181200308898
0.4671385237613751	0.05811857024727292
0.46814964610717896	0.057018752524092206
0.4691607684529828	0.05722911126691399
0.47017189079878663	0.05564131723641946
0.4711830131445905	0.054846730432105716
0.47219413549039435	0.05486240062105527
0.47320525783619816	0.055054954221554
0.474216380182002	0.05523438144497575
0.4752275025278059	0.05467678070651112
0.4762386248736097	0.054576085224043794
0.47724974721941354	0.054548323708179206
0.4782608695652174	0.05454428627301293
0.4792719919110212	0.05365189621712291
0.48028311425682507	0.05267147509838721
0.48129423660262893	0.05286960852557313
0.48230535894843274	0.051441563444849576
0.4833164812942366	0.04978349110669832
0.48432760364004046	0.04975350277253951
0.48533872598584427	0.04806865538900461
0.4863498483316481	0.04779536471978809
0.487360970677452	0.04639781540568404
0.4883720930232558	0.04565200328011643
0.48938321536905965	0.045567243776086376
0.4903943377148635	0.045312787215941855
0.4914054600606673	0.04549331624867469
0.4924165824064712	0.04476465555939681
0.49342770475227504	0.04493173813373004
0.49443882709807885	0.04379582639830956
0.4954499494438827	0.04394488583476827
0.49646107178968657	0.0437763583458516
0.4974721941354904	0.04395287591982681
0.49848331648129424	0.04319227545461224
0.4994944388270981	0.043191881311629286
0.5005055611729019	0.04315698427280842
0.5015166835187057	0.04273716997557332
0.5025278058645096	0.04290297302913899
0.5035389282103134	0.043065617858577473
0.5045500505561172	0.04293575172262888
0.5055611729019212	0.042815795869326975
0.506572295247725	0.042191533707921086
0.5075834175935288	0.04163717466479397
0.5085945399393327	0.04141894610947536
0.5096056622851365	0.04057961039302384
0.5106167846309403	0.03918101090390822
0.5116279069767442	0.038700390941613885
0.512639029322548	0.03864151581291193
0.5136501516683518	0.03809868229576001
0.5146612740141557	0.037814841519088815
0.5156723963599595	0.03771291162505599
0.5166835187057633	0.037871037040674675
0.5176946410515673	0.038008137657876195
0.5187057633973711	0.037625446392376076
0.5197168857431749	0.03777532058323882
0.5207280080889788	0.037926126570308014
0.5217391304347826	0.03762643464157612
0.5227502527805864	0.03719130265284761
0.5237613751263903	0.03711309135174603
0.5247724974721941	0.03727135613362981
0.5257836198179979	0.037179642547732726
0.5267947421638018	0.03732514367982097
0.5278058645096056	0.037078746663463565
0.5288169868554095	0.03722899536848155
0.5298281092012134	0.036576310615508575
0.5308392315470172	0.03648867222882159
0.531850353892821	0.035905019694312514
0.5328614762386249	0.03573349933609937
0.5338725985844287	0.03587943108366084
0.5348837209302325	0.03601208750403106
0.5358948432760364	0.03596839590221275
0.5369059656218402	0.03565281020537663
0.537917087967644	0.034832099398759746
0.538928210313448	0.03382775073755615
0.5399393326592518	0.03351859413420987
0.5409504550050556	0.033666579097274815
0.5419615773508595	0.03313845309080461
0.5429726996966633	0.03276428243836239
0.5439838220424671	0.03200923308097814
0.544994944388271	0.031949434813561266
0.5460060667340748	0.03169990878579797
0.5470171890798786	0.0318417428295823
0.5480283114256825	0.031984530914019885
0.5490394337714863	0.03211820452502052
0.5500505561172901	0.03226288112198007
0.5510616784630941	0.032363628000871836
0.5520728008088979	0.03151079582720339
0.5530839231547017	0.03106259355443367
0.5540950455005056	0.03093650315856634
0.5551061678463094	0.0310584614113768
0.5561172901921132	0.031200280869876237
0.5571284125379171	0.030676674845321106
0.5581395348837209	0.02983674031457377
0.5591506572295247	0.029646501947903886
0.5601617795753286	0.029772527991098266
0.5611729019211324	0.028886446841792732
0.5621840242669363	0.027545503197510212
0.5631951466127402	0.023440978155112053
0.564206268958544	0.017646054067739135
0.5652173913043478	0.017322166133065343
0.5662285136501517	0.01657498599770932
0.5672396359959555	0.016463870132548675
0.5682507583417593	0.016504515526368037
0.5692618806875632	0.016455862597399094
0.570273003033367	0.01652238581164876
0.5712841253791708	0.01612232473195864
0.5722952477249748	0.016181927696134836
0.5733063700707786	0.016101080758883488
0.5743174924165824	0.016058185114701393
0.5753286147623863	0.01613483516298159
0.5763397371081901	0.016200616025747676
0.5773508594539939	0.015489057022237051
0.5783619817997978	0.015298993869619321
0.5793731041456016	0.015082788292427726
0.5803842264914054	0.013405021852062828
0.5813953488372093	0.013166342031846604
0.5824064711830131	0.013230256313554596
0.583417593528817	0.013136856873624961
0.5844287158746209	0.01318907037045079
0.5854398382204247	0.012790695517739554
0.5864509605662285	0.012724824184301955
0.5874620829120324	0.012787354032873463
0.5884732052578362	0.012828156247298913
0.58948432760364	0.012151931572488502
0.5904954499494439	0.010725384853786489
0.5915065722952477	0.010527854598249143
0.5925176946410515	0.009925001100579945
0.5935288169868554	0.009962095558991541
0.5945399393326593	0.010011906036786498
0.5955510616784631	0.010020319935049418
0.596562184024267	0.010000115236137625
0.5975733063700708	0.009459108394850318
0.5985844287158746	0.009506881669571785
0.5995955510616785	0.009535838646187948
0.6006066734074823	0.009415130973576274
0.6016177957532861	0.009463045126113559
0.60262891809909	0.009341103570415291
0.6036400404448938	0.009388884151338133
0.6046511627906976	0.00905074974048424
0.6056622851365016	0.009097283158173104
0.6066734074823054	0.008451634063682066
0.6076845298281092	0.008495311759101612
0.6086956521739131	0.008539328918475196
0.6097067745197169	0.008498347976698227
0.6107178968655207	0.00854261020574353
0.6117290192113246	0.008553222182448902
0.6127401415571284	0.008537627708253878
0.6137512639029322	0.008523965427317277
0.6147623862487361	0.008520906761876747
0.6157735085945399	0.008551985008919013
0.6167846309403437	0.008576292952663774
0.6177957532861477	0.008607756031216354
0.6188068756319515	0.008533916545285963
0.6198179979777553	0.008494560790501482
0.6208291203235592	0.008504335625388297
0.621840242669363	0.008402983982026848
0.6228513650151668	0.008433747524148213
0.6238624873609707	0.008417865147914986
0.6248736097067745	0.007365331714467677
0.6258847320525783	0.0072276503672965495
0.6268958543983822	0.007212997047861348
0.627906976744186	0.0072300919257433085
0.6289180990899899	0.007254711031128097
0.6299292214357938	0.007294462872394552
0.6309403437815976	0.00733454233872639
0.6319514661274014	0.007359816661544427
0.6329625884732053	0.007300370859918315
0.6339737108190091	0.007325511801307188
0.6349848331648129	0.0073508197385228225
0.6359959555106168	0.0071255999165771074
0.6370070778564206	0.007113535943665354
0.6380182002022244	0.0071377389680590785
0.6390293225480284	0.007162101993451662
0.6400404448938322	0.0063143346844579725
0.641051567239636	0.006334094194491911
0.6420626895854399	0.006369981413724159
0.6430738119312437	0.006406174489938502
0.6440849342770475	0.00644267690868459
0.6450960566228514	0.006424682817162918
0.6461071789686552	0.006278548303926963
0.647118301314459	0.006314631914869071
0.6481294236602629	0.006351027487865435
0.6491405460060667	0.006371080569411457
0.6501516683518705	0.006211493215765668
0.6511627906976745	0.006247606548415469
0.6521739130434783	0.006186006496197038
0.6531850353892821	0.006205132546496178
0.654196157735086	0.005970483739686822
0.6552072800808898	0.00598835393039293
0.6562184024266936	0.005960926786017897
0.6572295247724975	0.00599619854214818
0.6582406471183013	0.006031784290172798
0.6592517694641051	0.006050024916599751
0.660262891809909	0.006086144468340645
0.6612740141557129	0.005937585319120762
0.6622851365015167	0.005928291357433078
0.6632962588473206	0.005945913576435669
0.6643073811931244	0.005981840546686035
0.6653185035389282	0.00597384498785213
0.6663296258847321	0.006010160154951535
0.6673407482305359	0.0060066512963317786
0.6683518705763397	0.005508670955359238
0.6693629929221436	0.005504943734526656
0.6703741152679474	0.0055388203113545115
0.6713852376137512	0.005554017207863348
0.6723963599595552	0.0055692964490693915
0.673407482305359	0.005463740760262098
0.6744186046511628	0.005468758552580443
0.6754297269969667	0.005483467888549648
0.6764408493427705	0.005498254521079739
0.6774519716885743	0.005449371609837671
0.6784630940343782	0.005483752503275133
0.679474216380182	0.004243463148147082
0.6804853387259858	0.004218500339657654
0.6814964610717897	0.0042251493661866635
0.6825075834175935	0.0038175861297083838
0.6835187057633973	0.003842057835668053
0.6845298281092013	0.0038461538461538394
0.6855409504550051	0.003575009508004006
0.6865520728008089	0.003336117200821239
0.6875631951466128	0.0032660166155311777
0.6885743174924166	0.00328729359673985
0.6895854398382204	0.0032697480005393384
0.6905965621840243	0.0032590449658916375
0.6916076845298281	0.003258915731952831
0.6926188068756319	0.003280426726883213
0.6936299292214358	0.0032802949169089077
0.6946410515672397	0.0033020908964232526
0.6956521739130435	0.0032908822443706146
0.6966632962588474	0.0032794500185804516
0.6976744186046512	0.003301459750248777
0.698685540950455	0.0033236918024390043
0.6996966632962589	0.0032570449237115887
0.7007077856420627	0.0032562223240189315
0.7017189079878665	0.003255313424804948
0.7027300303336703	0.0032775339942575418
0.7037411526794742	0.003264918104321534
0.704752275025278	0.003115143812079273
0.7057633973710818	0.003136627562507406
0.7067745197168858	0.0031583343276458654
0.7077856420626896	0.0031562379853902352
0.7087967644084934	0.0031782326751838954
0.7098078867542973	0.003176092200482445
0.7108190091001011	0.00319838056680162
0.7118301314459049	0.0031838398813936256
0.7128412537917088	0.003181456228537302
0.7138523761375126	0.00320401974788863
0.7148634984833164	0.003226824158905631
0.7158746208291203	0.003211743772241993
0.7168857431749242	0.003234767025089606
0.717896865520728	0.003232252907351538
0.7189079878665319	0.0032555904734696
0.7199191102123357	0.003279181708784597
0.7209302325581395	0.0032766798418972336
0.7219413549039434	0.003274054412740544
0.7229524772497472	0.003271302906339403
0.723963599595551	0.0031763987646340583
0.7249747219413549	0.0031727081976702116
0.7259858442871587	0.003196209739875176
0.7269969666329625	0.0032199733810638394
0.7280080889787665	0.0032162607039153673
0.7290192113245703	0.003212402407438463
0.7300303336703741	0.0032083955206367977
0.731041456016178	0.0032326098264529243
0.7320525783619818	0.0032570992948351436
0.7330637007077856	0.003118158774052311
0.7340748230535895	0.003141961512785535
0.7350859453993933	0.0031660378462168414
0.7360970677451971	0.0031903919834954325
0.737108190091001	0.0032150282150282157
0.7381193124368048	0.00323995091436952
0.7391304347826086	0.0032651645401622787
0.7401415571284126	0.003214676556420234
0.7411526794742164	0.003239889705882354
0.7421638018200202	0.0032190829087540545
0.7431749241658241	0.0031978463166412517
0.7441860465116279	0.0031113411548194165
0.7451971688574317	0.003136132717806026
0.7462082912032356	0.0031612217795484736
0.7472194135490394	0.0031866131191432404
0.7482305358948432	0.0031021937211210444
0.7492416582406471	0.003027186452483567
0.750252780586451	0.003051797724454978
0.7512639029322548	0.003076710358940325
0.7522750252780587	0.0030684732909557265
0.7532861476238625	0.0028553599136477105
0.7542972699696663	0.0028449477944427447
0.7553083923154702	0.0028685573197078295
0.756319514661274	0.0028578838174273865
0.7573306370070778	0.002881799163179917
0.7583417593528817	0.0029060159628705048
0.7593528816986855	0.002930539304329327
0.7603640040444893	0.002955374383179576
0.7613751263902933	0.0029805265055896147
0.7623862487360971	0.0030060010911074748
0.7633973710819009	0.0030318036755805004
0.7644084934277048	0.0030209412461151405
0.7654196157735086	0.003047096581579341
0.7664307381193124	0.0030735930735930742
0.7674418604651163	0.0031004366812227083
0.7684529828109201	0.00312763349421589
0.7694641051567239	0.0031551897364556773
0.7704752275025278	0.0031831117695216567
0.7714863498483316	0.0032114060963618495
0.7724974721941354	0.0031805555555555563
0.7735085945399394	0.003169042280589367
0.7745197168857432	0.0031975922110451267
0.775530839231547	0.003185764950470833
0.7765419615773509	0.0030981763334704516
0.7775530839231547	0.003126470181264702
0.7785642062689585	0.003113261558655552
0.7795753286147624	0.003141955213574036
0.7805864509605662	0.0031283779939693924
0.78159757330637	0.003157479184610968
0.782608695652174	0.0031869883358690144
0.7836198179979778	0.0031510976555072915
0.7846309403437816	0.0030996250036909078
0.7856420626895855	0.003032132105278845
0.7866531850353893	0.003061009553900548
0.7876643073811931	0.002848029163818637
0.788675429726997	0.0028754140596245854
0.7896865520728008	0.002856744704570791
0.7906976744186046	0.002884480090052061
0.7917087967644085	0.0029126213592233
0.7927199191102123	0.002941176470588235
0.7937310414560161	0.0028977108084613148
0.7947421638018201	0.0029264010144856843
0.7957532861476239	0.002955519432540268
0.7967644084934277	0.0029353233830845763
0.7977755308392316	0.0029648241206030146
0.7987866531850354	0.002994771838992944
0.7997977755308392	0.0029739014510588107
0.8008088978766431	0.00300424738423288
0.8018200202224469	0.00303506017791732
0.8028311425682507	0.0030663494581020345
0.8038422649140546	0.0029645852251482282
0.8048533872598584	0.002887521588946459
0.8058645096056622	0.0029177574171029663
0.8068756319514662	0.0029484706530724714
0.80788675429727	0.0028497168848046037
0.8088978766430738	0.00282374573154715
0.8099089989888777	0.002853946220654606
0.8109201213346815	0.0028846338144250857
0.8119312436804853	0.0028576964060835026
0.8129423660262892	0.0028887583235409323
0.813953488372093	0.0029203294527599586
0.8149646107178968	0.0025621009227566605
0.8159757330637007	0.0025904114301904357
0.8169868554095046	0.00255780642520974
0.8179979777553084	0.0025863852679495138
0.8190091001011123	0.002552675077940284
0.8200202224469161	0.002486298906028481
0.8210313447927199	0.0025145523026878958
0.8220424671385238	0.002478354978354978
0.8230535894843276	0.0025068418171866444
0.8240647118301314	0.002535822647443138
0.8250758341759353	0.0025653089572971275
0.8260869565217391	0.0025953125708327667
0.8270980788675429	0.0026258456599013874
0.8281092012133469	0.0025873071121939903
0.8291203235591507	0.002618108387339157
0.8301314459049545	0.0026494629788042963
0.8311425682507584	0.002681384219512782
0.8321536905965622	0.0027138858464159673
0.833164812942366	0.0027469820152746984
0.8341759352881699	0.002780687316075615
0.8351870576339737	0.0027392764270746553
0.8361981799797775	0.002773304705671856
0.8372093023255814	0.0027303312629399588
0.8382204246713852	0.002764675052410902
0.839231547017189	0.0027996709391502803
0.840242669362993	0.0028353355371012394
0.8412537917087968	0.002790026675376994
0.8422649140546006	0.002826027019575407
0.8432760364004045	0.0028627286691802825
0.8442871587462083	0.0029001499589734886
0.8452982810920121	0.002938309826854719
0.846309403437816	0.002890089462065761
0.8473205257836198	0.0029286239882266377
0.8483316481294236	0.0029679343773303508
0.8493427704752275	0.003008041598645626
0.8503538928210314	0.003048967334681621
0.8513650151668352	0.0030907340104991774
0.8523761375126391	0.0028971815462131953
0.8533872598584429	0.0029374201787994896
0.8543983822042467	0.002978502978502979
0.8554095045500506	0.0030204537246790774
0.8564206268958544	0.0029634069190557057
0.8574317492416582	0.002904424181019926
0.8584428715874621	0.002946214457005824
0.8594539939332659	0.002884648802696973
0.8604651162790697	0.0029267604640502137
0.8614762386248737	0.002969801059109776
0.8624873609706775	0.003013798111837328
0.8634984833164813	0.0030587801732080344
0.8645096056622852	0.002992556016907942
0.865520728008089	0.0030378977747398807
0.8665318503538928	0.003084277893438199
0.8675429726996967	0.0031317283225680177
0.8685540950455005	0.0030610216656728286
0.8695652173913043	0.0031088501291989664
0.8705763397371082	0.0031578083989501314
0.871587462082912	0.00320793234179061
0.8725985844287159	0.0032592592592592595
0.8736097067745198	0.0033118279569892477
0.8746208291203236	0.0033656788180785034
0.8756319514661274	0.0034208538806699542
0.8766430738119313	0.0033419139231359797
0.8776541961577351	0.0033976124885215795
0.8786653185035389	0.003104575163398693
0.8796764408493428	0.0031571950814223994
0.8806875631951466	0.003066299676469168
0.8816986855409504	0.003119166912270361
0.8827098078867543	0.0031734132933533233
0.8837209302325582	0.0032290872107805747
0.884732052578362	0.0029498525073746312
0.8857431749241659	0.0028445006321112516
0.8867542972699697	0.0028957528957528956
0.8877654196157735	0.0029484029484029483
0.8887765419615774	0.0030025020850708924
0.8897876643073812	0.0030581039755351682
0.890798786653185	0.003115264797507788
0.8918099089989889	0.0031740433785928408
0.8928210313447927	0.003234501347708895
0.8938321536905965	0.0029304029304029304
0.8948432760364005	0.002707244212098581
0.8958543983822043	0.0027603274319436513
0.8968655207280081	0.0028149873810910503
0.897876643073812	0.0028712871287128712
0.8988877654196158	0.0029292929292929295
0.8998988877654196	0.0029890744176458463
0.9009100101112234	0.0030507048180096782
0.9019211324570273	0.00311426116838488
0.9029322548028311	0.0031798245614035087
0.9039433771486349	0.003247480403135498
0.9049544994944388	0.0033173186913749713
0.9059656218402427	0.0033894343151005145
0.9069767441860465	0.003463927376970855
0.9079878665318504	0.0032967032967032967
0.9089989888776542	0.0033707865168539327
0.910010111223458	0.003192032686414709
0.9110212335692619	0.0032654127481713687
0.9120323559150657	0.0033413525795241913
0.9130434782608695	0.003419972640218878
0.9140546006066734	0.0035014005602240898
0.9150657229524772	0.003585771658060815
0.916076845298281	0.0033793711431090215
0.917087967644085	0.003462812405901837
0.9180990899898888	0.0035493827160493828
0.9191102123356926	0.003639240506329114
0.9201213346814965	0.003732554365465758
0.9211324570273003	0.0038295038295038295
0.9221435793731041	0.00393028024606972
0.923154701718908	0.004035087719298246
0.9241658240647118	0.004144144144144144
0.9251769464105156	0.0037023324694557573
0.9261880687563195	0.00380517503805175
0.9271991911021233	0.0035211267605633804
0.9282103134479271	0.0036217303822937627
0.9292214357937311	0.0037267080745341614
0.9302325581395349	0.0038363171355498722
0.9312436804853387	0.003950834064969272
0.9322548028311426	0.004070556309362279
0.9332659251769464	0.004195804195804196
0.9342770475227502	0.004326923076923077
0.9352881698685541	0.003224206349206349
0.9362992922143579	0.0033282130056323605
0.9373104145601617	0.002908514013749339
0.9383215369059656	0.003005464480874317
0.9393326592517695	0.002542372881355932
0.9403437815975733	0.002630040911747516
0.9413549039433772	0.0027223230490018148
0.942366026289181	0.002819548872180451
0.9433771486349848	0.002922077922077922
0.9443882709807887	0.0030303030303030303
0.9453993933265925	0.0031446540880503146
0.9464105156723963	0.003265602322206096
0.9474216380182002	0.003393665158371041
0.948432760364004	0.002352941176470588
0.9494438827098078	0.0024489795918367346
0.9504550050556118	0.002551020408163265
0.9514661274014156	0.0026595744680851063
0.9524772497472194	0.0027752081406105457
0.9534883720930233	0.001932367149758454
0.9544994944388271	0.00202020202020202
0.9555106167846309	0.0021141649048625794
0.9565217391304348	0.0022148394241417496
0.9575328614762386	0.0023228803716608595
0.9585439838220424	0.0024390243902439024
0.9595551061678463	0.002564102564102564
0.9605662285136501	0.002699055330634278
0.961577350859454	0.002844950213371266
0.9625884732052579	0.003003003003003003
0.9635995955510617	0.0031746031746031746
0.9646107178968655	0.0033613445378151263
0.9656218402426694	0.0035650623885918
0.9666329625884732	0.001893939393939394
0.967644084934277	0.0020161290322580645
0.9686552072800809	0.002150537634408602
0.9696663296258847	0.0022988505747126436
0.9706774519716885	0.0024630541871921183
0.9716885743174924	0.0
0.9726996966632963	0.0
0.9737108190091001	0.0
0.974721941354904	0.0
0.9757330637007078	0.0
0.9767441860465116	0.0
0.9777553083923155	0.0
0.9787664307381193	0.0
0.9797775530839231	0.0
0.980788675429727	0.0
0.9817997977755308	0.0
0.9828109201213346	0.0
0.9838220424671386	0.0
0.9848331648129424	0.0
0.9858442871587462	0.0
0.9868554095045501	0.0
0.9878665318503539	0.0
0.9888776541961577	0.0
0.9898887765419616	0.0
0.9908998988877654	0.0
0.9919110212335692	0.0
0.9929221435793731	0.0
0.993933265925177	0.0
0.9949443882709808	0.0
0.9959555106167847	0.0
0.9969666329625885	0.0
0.9979777553083923	0.0
0.9989888776541962	0.0
1.0	0.0
