Fraction_of_nodes	Efficiency
0.0010111223458038423	0.2392828942257065
0.0020222446916076846	0.23878161193714348
0.003033367037411527	0.2381608901234085
0.004044489383215369	0.23777967666525013
0.005055611729019211	0.237126348106429
0.006066734074823054	0.23679033894132462
0.007077856420626896	0.23647689707867606
0.008088978766430738	0.23623792204277877
0.00910010111223458	0.23575774864788288
0.010111223458038422	0.2353529526305418
0.011122345803842264	0.23495281516237754
0.012133468149646108	0.23470307493380968
0.01314459049544995	0.23424107101295194
0.014155712841253791	0.2340172486284809
0.015166835187057633	0.23381797851466501
0.016177957532861477	0.23328476548701424
0.017189079878665317	0.23280482563951826
0.01820020222446916	0.23263087650315412
0.019211324570273004	0.23247297460139627
0.020222446916076844	0.23205884705272917
0.021233569261880688	0.23154984130771794
0.022244691607684528	0.23104263037312212
0.023255813953488372	0.2306446587558052
0.024266936299292215	0.23009333796200737
0.025278058645096056	0.22958621758246434
0.0262891809908999	0.22894779857510808
0.027300303336703743	0.22861316108046303
0.028311425682507583	0.22828521412577352
0.029322548028311426	0.2280419513213562
0.030333670374115267	0.2275825963634458
0.03134479271991911	0.22750490756679825
0.032355915065722954	0.2273541290234047
0.033367037411526794	0.22721218792774706
0.034378159757330634	0.22687758385018092
0.03538928210313448	0.22633387878690228
0.03640040444893832	0.22585860244859435
0.03741152679474216	0.2255457966582078
0.03842264914054601	0.22502421230174527
0.03943377148634985	0.22453830220179277
0.04044489383215369	0.223876407696876
0.041456016177957536	0.22322316853317695
0.042467138523761376	0.22299044658784983
0.043478260869565216	0.2222282768987234
0.044489383215369056	0.22154260401668893
0.0455005055611729	0.22105693232373083
0.046511627906976744	0.22072369313398346
0.047522750252780584	0.2205246932987052
0.04853387259858443	0.22038938452885148
0.04954499494438827	0.22003140758942405
0.05055611729019211	0.21979860663575254
0.05156723963599596	0.21950844536636244
0.0525783619817998	0.2189412085674911
0.05358948432760364	0.21864784634462256
0.054600606673407485	0.21830259116887316
0.055611729019211326	0.2179734360845019
0.056622851365015166	0.21771527607623026
0.057633973710819006	0.2174767083257151
0.05864509605662285	0.2172744319659956
0.05965621840242669	0.21709963474323704
0.06066734074823053	0.21693439879416432
0.06167846309403438	0.21663760739573718
0.06268958543983821	0.2164371760112633
0.06370070778564206	0.21629612704401832
0.06471183013144591	0.2161374574951794
0.06572295247724974	0.21595197317085374
0.06673407482305359	0.2158538229027436
0.06774519716885744	0.21553508794513263
0.06875631951466127	0.2154550697292553
0.06976744186046512	0.2149504817781287
0.07077856420626896	0.21427972269037357
0.0717896865520728	0.21386576966148066
0.07280080889787664	0.21337767192439494
0.07381193124368049	0.21278979986343569
0.07482305358948432	0.21260800041345965
0.07583417593528817	0.21257081144158027
0.07684529828109202	0.21234972071058586
0.07785642062689585	0.21181831576179316
0.0788675429726997	0.21122851448595686
0.07987866531850354	0.21103015717626264
0.08088978766430738	0.210648183726554
0.08190091001011122	0.21016587898729153
0.08291203235591507	0.2096555785693999
0.0839231547017189	0.20944926870490538
0.08493427704752275	0.20900782979832178
0.0859453993933266	0.20857331899435072
0.08695652173913043	0.20845842230086295
0.08796764408493428	0.20790795532851708
0.08897876643073811	0.20776590090996971
0.08998988877654196	0.20746673748838582
0.0910010111223458	0.20672502998751074
0.09201213346814964	0.20632989186083914
0.09302325581395349	0.20624564915646687
0.09403437815975733	0.20613495072172994
0.09504550050556117	0.20595550445302935
0.09605662285136501	0.20557784381173058
0.09706774519716886	0.20520207349810493
0.0980788675429727	0.20512985295439645
0.09908998988877654	0.20508620877768552
0.10010111223458039	0.20461117019305775
0.10111223458038422	0.20417662962681252
0.10212335692618807	0.20395124851883842
0.10313447927199192	0.20376024281384963
0.10414560161779575	0.20342490119839038
0.1051567239635996	0.20287584549070867
0.10616784630940344	0.20251942642460033
0.10717896865520728	0.20204090100143776
0.10819009100101112	0.20187541709467013
0.10920121334681497	0.20145276247464003
0.1102123356926188	0.20119537452688285
0.11122345803842265	0.20085479318452878
0.1122345803842265	0.2007831809629164
0.11324570273003033	0.20043464095216884
0.11425682507583418	0.20024361234200821
0.11526794742163801	0.19994245797078294
0.11627906976744186	0.19960030827663977
0.1172901921132457	0.1989783200017294
0.11830131445904954	0.19867464653437705
0.11931243680485339	0.19788319712930527
0.12032355915065723	0.19762935608109755
0.12133468149646107	0.19729173543626186
0.12234580384226491	0.19704755294493245
0.12335692618806876	0.19682139697650014
0.1243680485338726	0.19656283919830156
0.12537917087967643	0.19639788891922155
0.1263902932254803	0.19631703303633316
0.12740141557128412	0.19627317341441278
0.12841253791708795	0.19600236472496355
0.12942366026289182	0.195894603795126
0.13043478260869565	0.19584289389669576
0.13144590495449948	0.195724981794947
0.13245702730030334	0.19554279949157405
0.13346814964610718	0.1954858585929371
0.134479271991911	0.19541516378661386
0.13549039433771487	0.19524432696007957
0.1365015166835187	0.19510346093453335
0.13751263902932254	0.19478939687439126
0.1385237613751264	0.19434436653507994
0.13953488372093023	0.19390105640228303
0.14054600606673406	0.19380909769762866
0.14155712841253792	0.19334046722636428
0.14256825075834176	0.1926611886147794
0.1435793731041456	0.1915484203625772
0.14459049544994945	0.19110906268560462
0.14560161779575329	0.19078211839592565
0.14661274014155712	0.1905512339862374
0.14762386248736098	0.19043385161028842
0.1486349848331648	0.19014712912161885
0.14964610717896865	0.18970754392493044
0.1506572295247725	0.18959720796114968
0.15166835187057634	0.18866000516533543
0.15267947421638017	0.18812768621686674
0.15369059656218403	0.1878112595511282
0.15470171890798787	0.18747795932374756
0.1557128412537917	0.18703756998522683
0.15672396359959556	0.18661061484582003
0.1577350859453994	0.18653751845783784
0.15874620829120323	0.1861328211872722
0.1597573306370071	0.18558694580024163
0.16076845298281092	0.1851709175615413
0.16177957532861476	0.18464107026124466
0.16279069767441862	0.1846125009150453
0.16380182002022245	0.18420701502117406
0.16481294236602628	0.1840199684546467
0.16582406471183014	0.18376650939663866
0.16683518705763398	0.18351938411086222
0.1678463094034378	0.18350877152988437
0.16885743174924167	0.1830610638910884
0.1698685540950455	0.1827710230723501
0.17087967644084934	0.18193065247624648
0.1718907987866532	0.18158511249354928
0.17290192113245703	0.18092379831472405
0.17391304347826086	0.18093393174903993
0.17492416582406473	0.18065925935010121
0.17593528816986856	0.18057174851066685
0.1769464105156724	0.18042119206967872
0.17795753286147623	0.18017117386987133
0.1789686552072801	0.1800242449053089
0.17997977755308392	0.17976119535344662
0.18099089989888775	0.1797146481104046
0.1820020222446916	0.17941408015926416
0.18301314459049545	0.17921470452910082
0.18402426693629928	0.1791451392359751
0.18503538928210314	0.17895308469411567
0.18604651162790697	0.1789145098449544
0.1870576339737108	0.17877971601245116
0.18806875631951467	0.1787229255060295
0.1890798786653185	0.17845370676253705
0.19009100101112233	0.17808831541571363
0.1911021233569262	0.17804711069041135
0.19211324570273003	0.17783277656701493
0.19312436804853386	0.17725979033151698
0.19413549039433772	0.17673047711531656
0.19514661274014156	0.17663919695413022
0.1961577350859454	0.17553876206474275
0.19716885743174925	0.17519165524579017
0.19817997977755308	0.17518958547671545
0.19919110212335692	0.174963817316138
0.20020222446916078	0.17487429664155868
0.2012133468149646	0.17398331305599385
0.20222446916076844	0.17362140813980462
0.2032355915065723	0.17345405760400393
0.20424671385237614	0.17333881057986206
0.20525783619817997	0.173034136771336
0.20626895854398383	0.17238551841086297
0.20728008088978767	0.17199851168119693
0.2082912032355915	0.17140292753578956
0.20930232558139536	0.17116451377192882
0.2103134479271992	0.17068730832115256
0.21132457027300303	0.16950436453708992
0.2123356926188069	0.16936420520556153
0.21334681496461072	0.16889090111602856
0.21435793731041455	0.1683528072975914
0.21536905965621841	0.16778438337298324
0.21638018200202225	0.16734947724759233
0.21739130434782608	0.16726656184811683
0.21840242669362994	0.16676219798154668
0.21941354903943378	0.16580040159366638
0.2204246713852376	0.16539053044473623
0.22143579373104147	0.1649436483552801
0.2224469160768453	0.1648456100284595
0.22345803842264914	0.1644119936259893
0.224469160768453	0.16484126776078298
0.22548028311425683	0.1642887952160785
0.22649140546006066	0.16403577152409804
0.2275025278058645	0.16374069615601175
0.22851365015166836	0.16205060859797962
0.2295247724974722	0.16198192712064535
0.23053589484327602	0.161920243623545
0.23154701718907988	0.16094779444255622
0.23255813953488372	0.16085433926785075
0.23356926188068755	0.16069521038564105
0.2345803842264914	0.16051603071230586
0.23559150657229525	0.1604637502002821
0.23660262891809908	0.16045844007087012
0.23761375126390294	0.15953464764624523
0.23862487360970677	0.15895170038157885
0.2396359959555106	0.15937500717354047
0.24064711830131447	0.15878269322488814
0.2416582406471183	0.15810164794368928
0.24266936299292213	0.15804612107073596
0.243680485338726	0.15770886640634063
0.24469160768452983	0.15716769532499825
0.24570273003033366	0.1570546147704224
0.24671385237613752	0.15658041570696524
0.24772497472194135	0.15669137259638713
0.2487360970677452	0.15631978007249353
0.24974721941354905	0.1560656911578008
0.25075834175935285	0.15577325504407907
0.2517694641051567	0.15552140027739628
0.2527805864509606	0.15541760498343699
0.2537917087967644	0.1549914952440624
0.25480283114256824	0.1546150977874416
0.2558139534883721	0.15447210135608722
0.2568250758341759	0.15434011476090367
0.25783619817997977	0.15375345657445705
0.25884732052578363	0.15343338791060984
0.25985844287158744	0.15299747453107887
0.2608695652173913	0.15286160027152648
0.26188068756319516	0.1528194135816893
0.26289180990899896	0.15253929621026868
0.2639029322548028	0.15214282370537077
0.2649140546006067	0.15167139103426897
0.2659251769464105	0.1516416699304619
0.26693629929221435	0.15128199744156356
0.2679474216380182	0.1511197779140303
0.268958543983822	0.1507180687731408
0.2699696663296259	0.15030768382829593
0.27098078867542974	0.14933863009000997
0.27199191102123355	0.14911443092695315
0.2730030333670374	0.14898987707933528
0.27401415571284127	0.1487391847015814
0.2750252780586451	0.14863148929334496
0.27603640040444893	0.1485079505749069
0.2770475227502528	0.14692925101703488
0.2780586450960566	0.14611658565698246
0.27906976744186046	0.14575544757568476
0.2800808897876643	0.14503230692528116
0.2810920121334681	0.14467957748024213
0.282103134479272	0.1443614303233144
0.28311425682507585	0.14375365649072755
0.28412537917087965	0.14372832834414193
0.2851365015166835	0.14367222131816693
0.2861476238624874	0.14265455071625469
0.2871587462082912	0.14265519322620002
0.28816986855409504	0.14189048835380477
0.2891809908998989	0.14190571736630594
0.2901921132457027	0.1414298536286513
0.29120323559150657	0.14149963761478393
0.29221435793731043	0.1414901370395987
0.29322548028311424	0.14123630494941178
0.2942366026289181	0.1412309943562409
0.29524772497472196	0.1407369891276737
0.29625884732052576	0.13955540640523886
0.2972699696663296	0.1392504364762987
0.2982810920121335	0.1392583204469044
0.2992922143579373	0.13894587176226514
0.30030333670374115	0.1384046510317981
0.301314459049545	0.13843757554174635
0.3023255813953488	0.138386777769728
0.3033367037411527	0.13785159418344434
0.30434782608695654	0.13778000768751306
0.30535894843276035	0.1371389685301648
0.3063700707785642	0.137026832381278
0.30738119312436807	0.136575413222361
0.3083923154701719	0.1353838147763472
0.30940343781597573	0.134614503738611
0.3104145601617796	0.1326968043612076
0.3114256825075834	0.13119991487285487
0.31243680485338726	0.13036752581931862
0.3134479271991911	0.12906331199697946
0.31445904954499493	0.12864676970704622
0.3154701718907988	0.1279372680900268
0.31648129423660265	0.12607878059264438
0.31749241658240646	0.12473233289726075
0.3185035389282103	0.12395450885236911
0.3195146612740142	0.12375158111840714
0.320525783619818	0.12189215248828891
0.32153690596562184	0.12124308823542337
0.3225480283114257	0.12121999277710638
0.3235591506572295	0.12062710127074448
0.32457027300303337	0.11941290859250152
0.32558139534883723	0.11932754762557143
0.32659251769464104	0.11884868584711364
0.3276036400404449	0.1186994425486615
0.32861476238624876	0.11703827818336672
0.32962588473205257	0.11703641370204389
0.3306370070778564	0.11601090055601955
0.3316481294236603	0.11556042911101018
0.3326592517694641	0.11465955876789888
0.33367037411526795	0.11469252006524654
0.3346814964610718	0.1146140277653236
0.3356926188068756	0.11455037732204512
0.3367037411526795	0.11451699538877827
0.33771486349848334	0.11319064460474937
0.33872598584428715	0.11300361623424601
0.339737108190091	0.11277620330727849
0.34074823053589487	0.11268275668826247
0.3417593528816987	0.11273752669855412
0.34277047522750254	0.11246985576347072
0.3437815975733064	0.11242472847527088
0.3447927199191102	0.11240156666381547
0.34580384226491406	0.1114177889060194
0.3468149646107179	0.1112087092307944
0.34782608695652173	0.11116694614645518
0.3488372093023256	0.11079168765876082
0.34984833164812945	0.11050484706364336
0.35085945399393326	0.10783455297687791
0.3518705763397371	0.1073331493760464
0.3528816986855409	0.10704311436126225
0.3538928210313448	0.10591624151675116
0.35490394337714865	0.1040244603394922
0.35591506572295245	0.10394354700807527
0.3569261880687563	0.10304345655165463
0.3579373104145602	0.1029820272018821
0.358948432760364	0.1027376585900181
0.35995955510616784	0.10182078460909541
0.3609706774519717	0.10078694662501646
0.3619817997977755	0.10041422336537545
0.36299292214357937	0.09996014842678258
0.3640040444893832	0.0989354770973046
0.36501516683518703	0.09875825850048532
0.3660262891809909	0.09846447267576813
0.36703741152679475	0.09832730734221613
0.36804853387259856	0.09801563655995575
0.3690596562184024	0.09743038029043266
0.3700707785642063	0.09655329987114049
0.3710819009100101	0.09604622038942416
0.37209302325581395	0.0958687808094458
0.3731041456016178	0.09551990355885961
0.3741152679474216	0.09530779160509883
0.3751263902932255	0.09561673096200353
0.37613751263902934	0.09528842721732592
0.37714863498483314	0.09530478389169372
0.378159757330637	0.0951525781836545
0.37917087967644086	0.09512126641638284
0.38018200202224467	0.09472981799557215
0.38119312436804853	0.0940689481667989
0.3822042467138524	0.09410085444246125
0.3832153690596562	0.09394064323173121
0.38422649140546006	0.0938731890990745
0.3852376137512639	0.09387859347963758
0.3862487360970677	0.09313449099771183
0.3872598584428716	0.09278988021963874
0.38827098078867545	0.09231552050373086
0.38928210313447925	0.09224023775881242
0.3902932254802831	0.09161016273275725
0.391304347826087	0.09154510494284353
0.3923154701718908	0.09105534838405076
0.39332659251769464	0.08927711521124909
0.3943377148634985	0.08905599295578082
0.3953488372093023	0.08863455893183608
0.39635995955510617	0.08858189948871338
0.39737108190091003	0.08822960837812853
0.39838220424671383	0.087956699659369
0.3993933265925177	0.08756593683836113
0.40040444893832156	0.08667693526307597
0.40141557128412536	0.08573216231682844
0.4024266936299292	0.08573529573951964
0.4034378159757331	0.08527787001018429
0.4044489383215369	0.08487181319732962
0.40546006066734075	0.08470244565386927
0.4064711830131446	0.08339516599071732
0.4074823053589484	0.08145128745419353
0.4084934277047523	0.08045989073628641
0.40950455005055614	0.08002628276522354
0.41051567239635994	0.07997194871424355
0.4115267947421638	0.08021470870354847
0.41253791708796766	0.07942141239376171
0.41354903943377147	0.0796957523329457
0.41456016177957533	0.07868596663563489
0.4155712841253792	0.07832101328035541
0.416582406471183	0.07691825891794121
0.41759352881698686	0.07717674271707607
0.4186046511627907	0.07704476780304378
0.4196157735085945	0.07693900749547901
0.4206268958543984	0.07687740778656511
0.42163801820020225	0.07594244445628219
0.42264914054600605	0.07278604725081053
0.4236602628918099	0.07272105778520557
0.4246713852376138	0.07295288044921408
0.4256825075834176	0.0726434690178574
0.42669362992922144	0.07208798718538141
0.4277047522750253	0.07137319431437661
0.4287158746208291	0.07052950764681998
0.42972699696663297	0.07046307712929362
0.43073811931243683	0.06868047865347236
0.43174924165824063	0.06852688965394035
0.4327603640040445	0.0665101769110574
0.43377148634984836	0.06602155856900371
0.43478260869565216	0.06624355456740562
0.435793731041456	0.06454974297067644
0.4368048533872599	0.06440512355008993
0.4378159757330637	0.06459130486683519
0.43882709807886755	0.06426803451008274
0.4398382204246714	0.06288198967197844
0.4408493427704752	0.06290296658580041
0.4418604651162791	0.06234486019687219
0.44287158746208294	0.06256496920837838
0.44388270980788674	0.06202821260780273
0.4448938321536906	0.06005386995950071
0.44590495449949447	0.0602356368236919
0.44691607684529827	0.05948280275392442
0.44792719919110213	0.059141364343018615
0.448938321536906	0.059344742042921395
0.4499494438827098	0.05889536059187509
0.45096056622851366	0.058802939869916776
0.45197168857431747	0.05746030636938845
0.4529828109201213	0.05702234647035214
0.4539939332659252	0.055837788065841186
0.455005055611729	0.05510010252153718
0.45601617795753285	0.05501254573319394
0.4570273003033367	0.05439967680360093
0.4580384226491405	0.053091489006683736
0.4590495449949444	0.05326699821796328
0.46006066734074824	0.05344930722463459
0.46107178968655205	0.05267595496390494
0.4620829120323559	0.05286373803769675
0.46309403437815977	0.052313018419120144
0.4641051567239636	0.052281871144457176
0.46511627906976744	0.05247990853515588
0.4661274014155713	0.05240488287969718
0.4671385237613751	0.05230050653638451
0.46814964610717896	0.05113869886898928
0.4691607684529828	0.05057753573001013
0.47017189079878663	0.050400219059222776
0.4711830131445905	0.04996742358898583
0.47219413549039435	0.04956894848324253
0.47320525783619816	0.0488496966652964
0.474216380182002	0.04852418939181362
0.4752275025278059	0.048079934964589996
0.4762386248736097	0.04782195647081154
0.47724974721941354	0.04798857029456671
0.4782608695652174	0.04777380696517983
0.4792719919110212	0.04794836410761546
0.48028311425682507	0.04735978330685384
0.48129423660262893	0.04728580393982851
0.48230535894843274	0.04613654000421044
0.4833164812942366	0.046291886603410944
0.48432760364004046	0.046454518924900524
0.48533872598584427	0.046155733190307656
0.4863498483316481	0.045828036357133534
0.487360970677452	0.04567113372767216
0.4883720930232558	0.045852009504811456
0.48938321536905965	0.046033961923481345
0.4903943377148635	0.0462169995454435
0.4914054600606673	0.04537009695659352
0.4924165824064712	0.04539830793688286
0.49342770475227504	0.04557990116863039
0.49443882709807885	0.04574588607645382
0.4954499494438827	0.04354536038542191
0.49646107178968657	0.04372059322399503
0.4974721941354904	0.04363303617625112
0.49848331648129424	0.04336413772575526
0.4994944388270981	0.04353152208083847
0.5005055611729019	0.043708120547697855
0.5015166835187057	0.04221238867256576
0.5025278058645096	0.03975948945212034
0.5035389282103134	0.03971602022770181
0.5045500505561172	0.03917755405034451
0.5055611729019212	0.03776082495232747
0.506572295247725	0.03771390004863054
0.5075834175935288	0.037869101283398564
0.5085945399393327	0.037261253498072744
0.5096056622851365	0.03712079900162214
0.5106167846309403	0.03562639821977596
0.5116279069767442	0.03465111281602224
0.512639029322548	0.03378238259950391
0.5136501516683518	0.03391448001833934
0.5146612740141557	0.03382745833961153
0.5156723963599595	0.03327930894582714
0.5166835187057633	0.03341884483239246
0.5176946410515673	0.03347205545361623
0.5187057633973711	0.033392278038390545
0.5197168857431749	0.03334006352786318
0.5207280080889788	0.0325401407285595
0.5217391304347826	0.03226041419337717
0.5227502527805864	0.032397401090164334
0.5237613751263903	0.03226173017106435
0.5247724974721941	0.03137943024857115
0.5257836198179979	0.030766134141795052
0.5267947421638018	0.030897894887584324
0.5278058645096056	0.029303378856708008
0.5288169868554095	0.027633600496927674
0.5298281092012134	0.026516602533093694
0.5308392315470172	0.026607871092482943
0.531850353892821	0.02666711310516595
0.5328614762386249	0.026603559645073206
0.5338725985844287	0.02651126728438632
0.5348837209302325	0.02353557869273954
0.5358948432760364	0.023614569765224535
0.5369059656218402	0.023333435125435387
0.537917087967644	0.023393386689657236
0.538928210313448	0.022330735635850602
0.5399393326592518	0.022364216816679702
0.5409504550050556	0.022462955080771
0.5419615773508595	0.022421678136104198
0.5429726996966633	0.02246404153553956
0.5439838220424671	0.022554027076140983
0.544994944388271	0.022278092650183517
0.5460060667340748	0.02114833677911715
0.5470171890798786	0.021038852884959932
0.5480283114256825	0.019566591973530296
0.5490394337714863	0.019291683896977507
0.5500505561172901	0.0184689719968692
0.5510616784630941	0.01849473366384036
0.5520728008088979	0.01841363092781707
0.5530839231547017	0.01720527324048119
0.5540950455005056	0.017273171874773632
0.5551061678463094	0.016732116834315722
0.5561172901921132	0.016798117804664114
0.5571284125379171	0.016198082992854995
0.5581395348837209	0.015692926571394664
0.5591506572295247	0.015738714992623474
0.5601617795753286	0.014928370453930691
0.5611729019211324	0.01430103069089048
0.5621840242669363	0.014098895538914004
0.5631951466127402	0.013127003676159543
0.564206268958544	0.012064935211014023
0.5652173913043478	0.012121181995214555
0.5662285136501517	0.01217782303257537
0.5672396359959555	0.012165631014603344
0.5682507583417593	0.012222746653169556
0.5692618806875632	0.012076927787851802
0.570273003033367	0.011796767341762581
0.5712841253791708	0.01185254401950141
0.5722952477249748	0.01189751310872249
0.5733063700707786	0.011894181882745235
0.5743174924165824	0.009793286040628752
0.5753286147623863	0.009840032036049414
0.5763397371081901	0.009864274918089186
0.5773508594539939	0.009818454352521686
0.5783619817997978	0.009707323589420658
0.5793731041456016	0.009715489869307889
0.5803842264914054	0.009750783837013647
0.5813953488372093	0.009501494302177622
0.5824064711830131	0.00926301340709554
0.583417593528817	0.009308088898127636
0.5844287158746209	0.009341625477999818
0.5854398382204247	0.009387305798185636
0.5864509605662285	0.009403358917600012
0.5874620829120324	0.009437522939838062
0.5884732052578362	0.009461823523263344
0.58948432760364	0.009287430156983993
0.5904954499494439	0.009174481147532961
0.5915065722952477	0.00918930180428558
0.5925176946410515	0.009152805979965088
0.5935288169868554	0.00852327348210027
0.5945399393326593	0.008565889849510773
0.5955510616784631	0.008596295312415587
0.596562184024267	0.008639492776297072
0.5975733063700708	0.008683016669376655
0.5985844287158746	0.008726870288918961
0.5995955510616785	0.008686957997422107
0.6006066734074823	0.008334327210696348
0.6016177957532861	0.008363824697437862
0.60262891809909	0.008406497272424788
0.6036400404448938	0.0069972120441221496
0.6046511627906976	0.007033095182809955
0.6056622851365016	0.006796301787403264
0.6066734074823054	0.006565741103479981
0.6076845298281092	0.006569259766934214
0.6086956521739131	0.006433888981987173
0.6097067745197169	0.006345276044488771
0.6107178968655207	0.0063647962186923444
0.6117290192113246	0.006398032752471417
0.6127401415571284	0.006417860326790947
0.6137512639029322	0.006437808144532
0.6147623862487361	0.00645787728257685
0.6157735085945399	0.006457238390303265
0.6167846309403437	0.00644486888571156
0.6177957532861477	0.006479059171577404
0.6188068756319515	0.006421812787860556
0.6198179979777553	0.006456062456062479
0.6208291203235592	0.00649058685422324
0.621840242669363	0.006327741423654048
0.6228513650151668	0.006082864760327375
0.6238624873609707	0.0061011649906094045
0.6248736097067745	0.006061971587578077
0.6258847320525783	0.006037453354526544
0.6268958543983822	0.006048172988788066
0.627906976744186	0.005845863222062743
0.6289180990899899	0.005840583845676106
0.6299292214357938	0.00565229519754561
0.6309403437815976	0.00566077160499863
0.6319514661274014	0.005691960429268595
0.6329625884732053	0.0052580439868691676
0.6339737108190091	0.005287174424469551
0.6349848331648129	0.005316547615716604
0.6359959555106168	0.005346166265386334
0.6370070778564206	0.00537603311603095
0.6380182002022244	0.005310811757692197
0.6390293225480284	0.005324911147071483
0.6400404448938322	0.005279740524636879
0.641051567239636	0.005207860758111422
0.6420626895854399	0.0051840174997614934
0.6430738119312437	0.005213472144646502
0.6440849342770475	0.005077256497711049
0.6450960566228514	0.005041963327677618
0.6461071789686552	0.005040839362574938
0.647118301314459	0.005053342292745518
0.6481294236602629	0.0049155041851056975
0.6491405460060667	0.004927259444092418
0.6501516683518705	0.004939068638490608
0.6511627906976745	0.00496778415383067
0.6521739130434783	0.00495437507099315
0.6531850353892821	0.0049265166036686694
0.654196157735086	0.004955411129203383
0.6552072800808898	0.004927059600166379
0.6562184024266936	0.004895788028271109
0.6572295247724975	0.004924757188201707
0.6582406471183013	0.004895456441907022
0.6592517694641051	0.004924596063585039
0.660262891809909	0.004936228335748589
0.6612740141557129	0.004947911890891599
0.6622851365015167	0.00494466198059012
0.6632962588473206	0.004974449100955121
0.6643073811931244	0.004899554667053661
0.6653185035389282	0.004929248937763077
0.6663296258847321	0.004940792681881376
0.6673407482305359	0.004970919466526994
0.6683518705763397	0.004982675668231717
0.6693629929221436	0.0048471614000403255
0.6703741152679474	0.0048769900855790355
0.6713852376137512	0.004888101610323823
0.6723963599595552	0.004899257535136443
0.673407482305359	0.004910458046334817
0.6744186046511628	0.004912028594329628
0.6754297269969667	0.004942728773044188
0.6764408493427705	0.00477093553651155
0.6774519716885743	0.004800941420388981
0.6784630940343782	0.004831231271621719
0.679474216380182	0.004861808684733249
0.6804853387259858	0.004872584886147268
0.6814964610717897	0.0046794789030154445
0.6825075834175935	0.004678855317324206
0.6835187057633973	0.004611909064784456
0.6845298281092013	0.0045986264836747085
0.6855409504550051	0.004607550305610666
0.6865520728008089	0.004637372637685816
0.6875631951466128	0.004646470862900057
0.6885743174924166	0.004623862314014176
0.6895854398382204	0.004654083636327994
0.6905965621840243	0.004684602217549817
0.6916076845298281	0.004422834439551431
0.6926188068756319	0.004394127539320342
0.6936299292214358	0.004401371231415157
0.6946410515672397	0.004430616222986022
0.6956521739130435	0.004438005270231179
0.6966632962588474	0.004467690924212658
0.6976744186046512	0.0037626397854002144
0.698685540950455	0.0037879774270527414
0.6996966632962589	0.003813571869127422
0.7007077856420627	0.0037630790596892274
0.7017189079878665	0.0036868295879018804
0.7027300303336703	0.0036887781820567215
0.7037411526794742	0.003714043786043411
0.704752275025278	0.0036336526168470793
0.7057633973710818	0.0035046656020705056
0.7067745197168858	0.003429989981117531
0.7077856420626896	0.0034097557868463277
0.7087967644084934	0.0034335171512145947
0.7098078867542973	0.003433161882639233
0.7108190091001011	0.0034572542467279296
0.7118301314459049	0.003456891446142742
0.7128412537917088	0.003245325901225968
0.7138523761375126	0.003243281624606339
0.7148634984833164	0.003154892607455644
0.7158746208291203	0.0031774275546517555
0.7168857431749242	0.003174603174603176
0.717896865520728	0.0031587633119311014
0.7189079878665319	0.0031555982650702556
0.7199191102123357	0.003152304714068959
0.7209302325581395	0.003175230566534915
0.7219413549039434	0.003171864631718647
0.7229524772497472	0.0031951017352477213
0.723963599595551	0.003191661279896575
0.7249747219413549	0.003215215975689169
0.7259858442871587	0.003239032390323904
0.7269969666329625	0.003235577585019965
0.7280080889787665	0.003259723686400711
0.7290192113245703	0.003284141092291353
0.7300303336703741	0.0031487895769386023
0.731041456016178	0.003144181207736323
0.7320525783619818	0.003110825233466744
0.7330637007077856	0.0031344816991204835
0.7340748230535895	0.0031293839917181875
0.7350859453993933	0.0031241164828951103
0.7360970677451971	0.00314814814814815
0.737108190091001	0.003172458172458174
0.7381193124368048	0.003167120608981076
0.7391304347826086	0.0031917674619692553
0.7401415571284126	0.0031863043125810652
0.7411526794742164	0.0031551266339869296
0.7421638018200202	0.0031799701507899763
0.7431749241658241	0.003088917245028167
0.7441860465116279	0.0031134324612585498
0.7451971688574317	0.00309081135774363
0.7462082912032356	0.003115537848605579
0.7472194135490394	0.0031405622489959852
0.7482305358948432	0.003165889363907243
0.7492416582406471	0.0031915240955988
0.750252780586451	0.003129697288875724
0.7512639029322548	0.0031552458381726685
0.7522750252780587	0.0031811085089773626
0.7532861476238625	0.0032072904720142135
0.7542972699696663	0.003233797004840777
0.7553083923154702	0.0032263411177028693
0.756319514661274	0.0032186491470723847
0.7573306370070778	0.003210715946071596
0.7583417593528817	0.003202536244623374
0.7593528816986855	0.0031763760356463273
0.7603640040444893	0.003149657917947986
0.7613751263902933	0.0031764635172496706
0.7623862487360971	0.0031490574043765546
0.7633973710819009	0.0031760879400364395
0.7644084934277048	0.003203468008485029
0.7654196157735086	0.0032312036622381465
0.7664307381193124	0.0032216575694836574
0.7674418604651163	0.00319283589646225
0.7684529828109201	0.0032208432288873576
0.7694641051567239	0.003249220702269625
0.7704752275025278	0.0031486751653606758
0.7714863498483316	0.003040970173713537
0.7724974721941354	0.0030681216931216933
0.7735085945399394	0.00309563847960709
0.7745197168857432	0.003123527114558505
0.775530839231547	0.003151794328264917
0.7765419615773509	0.003118744001096942
0.7775530839231547	0.003050366680503667
0.7785642062689585	0.0030783516959211315
0.7795753286147624	0.0031067236009526627
0.7805864509605662	0.003135489560220743
0.78159757330637	0.0031646569049669825
0.782608695652174	0.003085561109903644
0.7836198179979778	0.003114533514691472
0.7846309403437816	0.0030996250036909078
0.7856420626895855	0.002801126710185102
0.7866531850353893	0.0028278041074249597
0.7876643073811931	0.0028548644338118015
0.788675429726997	0.0028823150533676843
0.7896865520728008	0.0029101635079895943
0.7906976744186046	0.00293841752263027
0.7917087967644085	0.002919725313757991
0.7927199191102123	0.0029483500717360106
0.7937310414560161	0.002977397855694001
0.7947421638018201	0.0029581036921426124
0.7957532861476239	0.0029136495739126144
0.7967644084934277	0.002893034825870646
0.7977755308392316	0.002829983249581239
0.7987866531850354	0.0028078100942422546
0.7997977755308392	0.002697875540515134
0.8008088978766431	0.0026736075140716183
0.8018200202224469	0.002701029129600558
0.8028311425682507	0.0027288747907304603
0.8038422649140546	0.0027571532859711908
0.8048533872598584	0.002785873632700057
0.8058645096056622	0.002733238801628854
0.8068756319514662	0.0027620097363828416
0.80788675429727	0.002791237352640861
0.8088978766430738	0.0028209313670306576
0.8099089989888777	0.0027942124625478814
0.8109201213346815	0.0028242577578440954
0.8119312436804853	0.0028547902741451123
0.8129423660262892	0.0028858206032119074
0.813953488372093	0.0026233467965470817
0.8149646107178968	0.0026521747833223243
0.8159757330637007	0.0025296986622953474
0.8169868554095046	0.00255780642520974
0.8179979777553084	0.0025863852679495138
0.8190091001011123	0.00261544577657816
0.8200202224469161	0.002644998836200512
0.8210313447927199	0.002675055641157336
0.8220424671385238	0.0027056277056277055
0.8230535894843276	0.002736726874657909
0.8240647118301314	0.002768365335636613
0.8250758341759353	0.002800555630237039
0.8260869565217391	0.0028333106668479986
0.8270980788675429	0.0028666437335167984
0.8281092012133469	0.0027265344007425456
0.8291203235591507	0.0027589931436085282
0.8301314459049545	0.00279203497766372
0.8311425682507584	0.002825673953298223
0.8321536905965622	0.0028599245466715347
0.833164812942366	0.00289480167528948
0.8341759352881699	0.002855504015162851
0.8351870576339737	0.0028907571511525157
0.8361981799797775	0.0028116453237226184
0.8372093023255814	0.002846790890269151
0.8382204246713852	0.002882599580712788
0.839231547017189	0.002919088183000292
0.840242669362993	0.0028756483646429627
0.8412537917087968	0.0029125156513691544
0.8422649140546006	0.0029500964984835953
0.8432760364004045	0.0029884094400223432
0.8442871587462083	0.0030274736157089098
0.8452982810920121	0.0030673087948629744
0.846309403437816	0.0031079354014174505
0.8473205257836198	0.003149374540103017
0.8483316481294236	0.0031916480238627885
0.8493427704752275	0.003234778402563637
0.8503538928210314	0.003278788993074707
0.8513650151668352	0.0033237039107880595
0.8523761375126391	0.003369548102660998
0.8533872598584429	0.003416347381864623
0.8543983822042467	0.003464128464128464
0.8554095045500506	0.003414425949637218
0.8564206268958544	0.0032630772816568446
0.8574317492416582	0.0032083755488010813
0.8584428715874621	0.00315176430284344
0.8594539939332659	0.00319744204636291
0.8604651162790697	0.003138333509644205
0.8614762386248737	0.0030234721625876635
0.8624873609706775	0.002832244008714597
0.8634984833164813	0.0028745163073521283
0.8645096056622852	0.002917742116485243
0.865520728008089	0.002961950330371383
0.8665318503538928	0.003007170946102244
0.8675429726996967	0.002935995302407516
0.8685540950455005	0.0029815146094215863
0.8695652173913043	0.0030281007751937986
0.8705763397371082	0.0030757874015748033
0.871587462082912	0.003124609423822022
0.8725985844287159	0.0031746031746031746
0.8736097067745198	0.0032258064516129032
0.8746208291203236	0.0032782585890375033
0.8756319514661274	0.0033320005331200853
0.8766430738119313	0.003387074922097277
0.8776541961577351	0.003443526170798898
0.8786653185035389	0.0035014005602240898
0.8796764408493428	0.0032046716991881497
0.8806875631951466	0.003042155584528466
0.8816986855409504	0.0028735632183908046
0.8827098078867543	0.0027736131934032984
0.8837209302325582	0.0028222730739893213
0.884732052578362	0.002872224809812141
0.8857431749241659	0.0029235145385587864
0.8867542972699697	0.002976190476190476
0.8877654196157735	0.0030303030303030303
0.8887765419615774	0.0027522935779816515
0.8897876643073812	0.0028032619775739042
0.890798786653185	0.0028556593977154725
0.8918099089989889	0.002909539763710104
0.8928210313447927	0.002785265049415993
0.8938321536905965	0.002655677655677656
0.8948432760364005	0.002520537714712472
0.8958543983822043	0.002569960022844089
0.8968655207280081	0.0026208503203261502
0.897876643073812	0.0026732673267326735
0.8988877654196158	0.0025252525252525255
0.8998988877654196	0.002370645227788085
0.9009100101112234	0.002419524510835262
0.9019211324570273	0.002469931271477663
0.9029322548028311	0.0025219298245614035
0.9039433771486349	0.0025755879059350503
0.9049544994944388	0.0024021962937542897
0.9059656218402427	0.0024544179523141654
0.9069767441860465	0.002508361204013378
0.9079878665318504	0.002564102564102564
0.9089989888776542	0.002372034956304619
0.910010111223458	0.002425944841675179
0.9110212335692619	0.0024817136886102404
0.9120323559150657	0.0025394279604383854
0.9130434782608695	0.0025991792065663474
0.9140546006066734	0.002661064425770308
0.9150657229524772	0.0027251864601262193
0.916076845298281	0.002791654422568322
0.917087967644085	0.0028605841613971697
0.9180990899898888	0.002932098765432099
0.9191102123356926	0.002689873417721519
0.9201213346814965	0.00275884453099643
0.9211324570273003	0.0028305028305028305
0.9221435793731041	0.002563226247436774
0.923154701718908	0.002631578947368421
0.9241658240647118	0.0023423423423423423
0.9251769464105156	0.002406516105146242
0.9261880687563195	0.0024733637747336376
0.9271991911021233	0.002543035993740219
0.9282103134479271	0.0026156941649899397
0.9292214357937311	0.002691511387163561
0.9302325581395349	0.0027706734867860186
0.9312436804853387	0.0028533801580333624
0.9322548028311426	0.002939846223428313
0.9332659251769464	0.0030303030303030303
0.9342770475227502	0.003125
0.9352881698685541	0.003224206349206349
0.9362992922143579	0.0033282130056323605
0.9373104145601617	0.003437334743521946
0.9383215369059656	0.003551912568306011
0.9393326592517695	0.003672316384180791
0.9403437815975733	0.003798947983635301
0.9413549039433772	0.003932244404113733
0.942366026289181	0.004072681704260651
0.9433771486349848	0.0042207792207792205
0.9443882709807887	0.004377104377104377
0.9453993933265925	0.004542278127183787
0.9464105156723963	0.0047169811320754715
0.9474216380182002	0.004901960784313725
0.948432760364004	0.005098039215686275
0.9494438827098078	0.005306122448979592
0.9504550050556118	0.0055272108843537416
0.9514661274014156	0.00576241134751773
0.9524772497472194	0.005087881591119334
0.9534883720930233	0.004347826086956522
0.9544994944388271	0.0030303030303030303
0.9555106167846309	0.0021141649048625794
0.9565217391304348	0.0022148394241417496
0.9575328614762386	0.0023228803716608595
0.9585439838220424	0.0012195121951219512
0.9595551061678463	0.001282051282051282
0.9605662285136501	0.001349527665317139
0.961577350859454	0.001422475106685633
0.9625884732052579	0.0015015015015015015
0.9635995955510617	0.0015873015873015873
0.9646107178968655	0.0016806722689075631
0.9656218402426694	0.0017825311942959
0.9666329625884732	0.001893939393939394
0.967644084934277	0.0020161290322580645
0.9686552072800809	0.002150537634408602
0.9696663296258847	0.0022988505747126436
0.9706774519716885	0.0024630541871921183
0.9716885743174924	0.0026455026455026454
0.9726996966632963	0.0
0.9737108190091001	0.0
0.974721941354904	0.0
0.9757330637007078	0.0
0.9767441860465116	0.0
0.9777553083923155	0.0
0.9787664307381193	0.0
0.9797775530839231	0.0
0.980788675429727	0.0
0.9817997977755308	0.0
0.9828109201213346	0.0
0.9838220424671386	0.0
0.9848331648129424	0.0
0.9858442871587462	0.0
0.9868554095045501	0.0
0.9878665318503539	0.0
0.9888776541961577	0.0
0.9898887765419616	0.0
0.9908998988877654	0.0
0.9919110212335692	0.0
0.9929221435793731	0.0
0.993933265925177	0.0
0.9949443882709808	0.0
0.9959555106167847	0.0
0.9969666329625885	0.0
0.9979777553083923	0.0
0.9989888776541962	0.0
1.0	0.0
