0	1	-51.000000
0	2	-75.000000
0	3	-88.000000
0	4	-54.000000
0	5	-60.000000
0	6	-72.000000
0	7	-55.000000
0	9	-59.000000
0	10	-77.000000
0	11	-77.000000
0	12	-68.000000
0	13	-50.000000
0	16	-71.000000
0	17	-72.000000
0	19	-73.000000
0	20	-62.000000
0	21	-64.000000
0	22	-70.000000
0	23	-72.000000
0	24	-68.000000
0	31	-79.000000
0	38	-81.000000
0	39	-67.000000
0	41	-76.000000
0	46	-82.000000
0	48	-82.000000
0	52	-75.000000
0	56	-75.000000
0	60	-73.000000
0	61	-81.000000
0	66	-83.000000
0	67	-68.000000
0	70	-80.000000
0	72	-79.000000
0	76	-83.000000
0	86	-84.000000
0	92	-85.000000
0	102	-85.000000
0	109	-82.000000
0	115	-82.000000
0	124	-79.000000
0	130	-82.000000
0	140	-81.000000
0	143	-83.000000
0	155	-84.000000
0	165	-84.000000
0	168	-85.000000
0	169	-84.000000
0	172	-81.000000
0	194	-85.000000
0	203	-83.000000
0	224	-83.000000
0	228	-85.000000
0	233	-85.000000
0	241	-86.000000
0	242	-85.000000
0	252	-81.000000
0	341	-86.000000
0	344	-84.000000
0	381	-85.000000
0	424	-82.000000
0	440	-86.000000
0	451	-85.000000
0	474	-83.000000
0	477	-86.000000
0	483	-81.000000
0	484	-86.000000
0	512	-85.000000
0	517	-84.000000
0	523	-84.000000
0	535	-86.000000
0	557	-84.000000
0	563	-87.000000
0	566	-86.000000
0	581	-85.000000
0	587	-84.000000
0	594	-85.000000
0	596	-87.000000
0	601	-86.000000
0	611	-85.000000
0	659	-84.000000
0	686	-86.000000
0	720	-86.000000
0	738	-87.000000
0	803	-86.000000
0	839	-85.000000
0	871	-87.000000
0	876	-86.000000
0	911	-88.000000
0	959	-86.000000
0	965	-86.000000
1	4	-46.000000
1	5	-46.000000
1	6	-49.000000
1	7	-47.000000
1	11	-52.000000
1	24	-55.000000
1	30	-52.000000
1	34	-54.000000
1	39	-47.000000
1	46	-54.000000
1	53	-59.000000
1	54	-47.000000
1	67	-52.000000
1	80	-56.000000
1	81	-60.000000
1	85	-57.000000
1	87	-58.000000
1	89	-54.000000
1	112	-59.000000
1	115	-55.000000
1	121	-57.000000
1	123	-58.000000
1	126	-59.000000
1	169	-56.000000
1	178	-58.000000
1	184	-61.000000
1	201	-59.000000
1	230	-59.000000
1	235	-59.000000
1	236	-60.000000
1	285	-58.000000
1	306	-60.000000
1	307	-60.000000
1	314	-57.000000
1	320	-58.000000
1	344	-58.000000
1	354	-59.000000
1	362	-59.000000
1	390	-61.000000
1	408	-59.000000
1	455	-59.000000
1	463	-58.000000
1	481	-60.000000
1	505	-59.000000
1	509	-60.000000
1	540	-59.000000
1	555	-60.000000
1	570	-60.000000
1	581	-58.000000
1	582	-59.000000
1	635	-58.000000
1	647	-59.000000
1	658	-57.000000
1	664	-61.000000
1	691	-60.000000
1	708	-60.000000
1	765	-60.000000
1	772	-60.000000
1	826	-61.000000
1	830	-60.000000
1	898	-59.000000
1	946	-59.000000
1	999	-60.000000
2	4	-48.000000
2	8	-32.000000
2	25	-19.000000
2	43	-18.000000
2	52	-24.000000
2	62	-20.000000
2	69	-24.000000
2	74	-19.000000
2	79	-25.000000
2	206	-20.000000
2	208	-21.000000
2	216	-19.000000
2	219	-19.000000
2	232	-19.000000
2	257	-21.000000
2	294	-19.000000
2	363	-20.000000
2	410	-19.000000
2	418	-20.000000
2	490	-21.000000
2	624	-20.000000
2	632	-20.000000
2	787	-20.000000
4	5	-48.000000
4	8	-44.000000
4	9	-45.000000
4	13	-40.000000
4	15	-52.000000
4	18	-46.000000
4	25	-51.000000
4	29	-50.000000
4	31	-52.000000
4	37	-56.000000
4	45	-53.000000
4	49	-52.000000
4	50	-51.000000
4	64	-51.000000
4	65	-55.000000
4	76	-58.000000
4	93	-57.000000
4	99	-54.000000
4	112	-55.000000
4	114	-57.000000
4	116	-56.000000
4	125	-55.000000
4	126	-53.000000
4	135	-54.000000
4	138	-54.000000
4	142	-57.000000
4	150	-50.000000
4	151	-57.000000
4	153	-56.000000
4	164	-57.000000
4	179	-57.000000
4	180	-54.000000
4	192	-59.000000
4	205	-57.000000
4	245	-56.000000
4	271	-59.000000
4	279	-57.000000
4	281	-56.000000
4	304	-56.000000
4	305	-57.000000
4	311	-55.000000
4	380	-59.000000
4	404	-57.000000
4	434	-59.000000
4	506	-58.000000
4	575	-57.000000
4	623	-58.000000
4	646	-59.000000
4	698	-59.000000
4	701	-58.000000
4	758	-60.000000
4	774	-57.000000
4	799	-57.000000
4	834	-59.000000
4	872	-57.000000
4	917	-59.000000
4	956	-60.000000
4	994	-58.000000
4	995	-59.000000
4	998	-59.000000
5	6	-27.000000
5	9	-51.000000
5	18	-29.000000
5	20	-40.000000
5	22	-36.000000
5	52	-33.000000
5	64	-29.000000
5	71	-28.000000
5	91	-32.000000
5	137	-33.000000
5	146	-34.000000
5	152	-32.000000
5	167	-34.000000
5	178	-31.000000
5	183	-33.000000
5	193	-30.000000
5	196	-33.000000
5	216	-32.000000
5	245	-31.000000
5	254	-33.000000
5	258	-33.000000
5	262	-33.000000
5	269	-36.000000
5	343	-34.000000
5	346	-32.000000
5	355	-34.000000
5	406	-34.000000
5	469	-32.000000
5	583	-34.000000
5	617	-34.000000
5	618	-34.000000
5	653	-33.000000
5	779	-34.000000
5	849	-35.000000
5	910	-35.000000
6	7	-39.000000
6	8	-31.000000
6	17	-24.000000
6	27	-20.000000
6	57	-17.000000
6	98	-16.000000
6	150	-18.000000
6	164	-17.000000
6	175	-18.000000
6	188	-25.000000
6	189	-20.000000
6	272	-16.000000
6	395	-18.000000
6	396	-18.000000
6	485	-16.000000
6	568	-17.000000
6	705	-20.000000
6	722	-18.000000
6	957	-18.000000
7	12	-39.000000
7	14	-36.000000
7	15	-43.000000
7	28	-42.000000
7	38	-42.000000
7	47	-43.000000
7	54	-40.000000
7	65	-40.000000
7	75	-40.000000
7	77	-40.000000
7	106	-39.000000
7	124	-46.000000
7	126	-40.000000
7	134	-41.000000
7	148	-43.000000
7	204	-43.000000
7	219	-42.000000
7	237	-43.000000
7	265	-43.000000
7	314	-41.000000
7	316	-41.000000
7	321	-43.000000
7	322	-44.000000
7	368	-44.000000
7	411	-44.000000
7	413	-41.000000
7	420	-43.000000
7	473	-45.000000
7	479	-42.000000
7	558	-42.000000
7	588	-44.000000
7	598	-44.000000
7	626	-42.000000
7	674	-44.000000
7	696	-44.000000
7	701	-42.000000
7	783	-43.000000
7	814	-43.000000
7	832	-42.000000
7	886	-44.000000
7	887	-44.000000
7	912	-44.000000
7	952	-43.000000
7	954	-44.000000
9	10	-47.000000
9	11	-43.000000
9	29	-46.000000
9	33	-48.000000
9	76	-46.000000
9	94	-42.000000
9	96	-49.000000
9	98	-49.000000
9	106	-47.000000
9	113	-48.000000
9	117	-48.000000
9	125	-47.000000
9	163	-46.000000
9	171	-46.000000
9	177	-49.000000
9	199	-47.000000
9	209	-51.000000
9	218	-48.000000
9	227	-48.000000
9	249	-48.000000
9	250	-47.000000
9	252	-47.000000
9	253	-50.000000
9	286	-48.000000
9	291	-52.000000
9	323	-49.000000
9	337	-50.000000
9	338	-50.000000
9	404	-47.000000
9	427	-51.000000
9	430	-50.000000
9	472	-49.000000
9	475	-49.000000
9	515	-49.000000
9	525	-51.000000
9	536	-48.000000
9	571	-49.000000
9	587	-48.000000
9	601	-46.000000
9	621	-49.000000
9	670	-50.000000
9	685	-50.000000
9	732	-49.000000
9	752	-49.000000
9	780	-48.000000
9	799	-48.000000
9	854	-48.000000
9	857	-49.000000
9	920	-48.000000
9	981	-50.000000
10	8	-27.000000
10	12	-26.000000
10	51	-16.000000
10	62	-12.000000
10	114	-9.000000
10	203	-10.000000
10	288	-14.000000
10	364	-11.000000
10	593	-11.000000
10	605	-11.000000
10	829	-11.000000
10	853	-11.000000
11	16	-21.000000
11	34	-8.000000
11	44	-10.000000
11	120	-9.000000
11	134	-6.000000
11	196	-6.000000
11	899	-8.000000
11	920	-7.000000
12	15	-26.000000
12	34	-30.000000
12	35	-27.000000
12	59	-27.000000
12	73	-32.000000
12	86	-28.000000
12	104	-31.000000
12	149	-29.000000
12	197	-32.000000
12	202	-33.000000
12	220	-30.000000
12	270	-28.000000
12	317	-27.000000
12	343	-29.000000
12	344	-27.000000
12	377	-29.000000
12	413	-28.000000
12	441	-30.000000
12	446	-29.000000
12	511	-28.000000
12	626	-28.000000
12	690	-31.000000
12	694	-29.000000
12	716	-31.000000
12	722	-28.000000
12	754	-30.000000
12	776	-29.000000
12	839	-29.000000
12	923	-29.000000
12	945	-29.000000
13	8	-33.000000
13	14	-34.000000
13	20	-42.000000
13	21	-35.000000
13	23	-39.000000
13	24	-32.000000
13	26	-41.000000
13	27	-40.000000
13	33	-42.000000
13	35	-41.000000
13	36	-41.000000
13	38	-41.000000
13	40	-45.000000
13	45	-42.000000
13	46	-40.000000
13	75	-43.000000
13	85	-41.000000
13	107	-41.000000
13	114	-42.000000
13	129	-40.000000
13	143	-43.000000
13	144	-43.000000
13	154	-42.000000
13	162	-42.000000
13	163	-43.000000
13	172	-41.000000
13	173	-43.000000
13	210	-43.000000
13	224	-40.000000
13	246	-43.000000
13	249	-43.000000
13	259	-41.000000
13	297	-43.000000
13	301	-44.000000
13	302	-43.000000
13	351	-41.000000
13	354	-43.000000
13	435	-41.000000
13	564	-45.000000
13	659	-42.000000
13	675	-45.000000
13	743	-43.000000
13	750	-44.000000
13	807	-43.000000
13	892	-44.000000
13	926	-44.000000
16	14	-21.000000
16	17	-29.000000
16	56	-24.000000
16	66	-20.000000
16	77	-21.000000
16	83	-25.000000
16	111	-23.000000
16	128	-23.000000
16	136	-23.000000
16	198	-24.000000
16	227	-22.000000
16	272	-24.000000
16	298	-24.000000
16	371	-23.000000
16	447	-25.000000
16	469	-23.000000
16	481	-23.000000
16	497	-26.000000
16	511	-22.000000
16	578	-24.000000
16	621	-24.000000
16	700	-24.000000
16	742	-26.000000
16	768	-22.000000
16	953	-24.000000
17	36	-32.000000
17	43	-28.000000
17	83	-30.000000
17	97	-26.000000
17	103	-28.000000
17	105	-28.000000
17	118	-27.000000
17	148	-30.000000
17	187	-31.000000
17	256	-28.000000
17	319	-30.000000
17	320	-28.000000
17	349	-30.000000
17	372	-32.000000
17	375	-31.000000
17	385	-30.000000
17	396	-29.000000
17	409	-29.000000
17	421	-29.000000
17	457	-30.000000
17	545	-31.000000
17	565	-31.000000
17	575	-28.000000
17	576	-30.000000
17	589	-30.000000
17	629	-29.000000
17	650	-27.000000
17	787	-28.000000
17	907	-28.000000
17	946	-29.000000
19	14	-19.000000
19	18	-18.000000
19	29	-18.000000
19	31	-16.000000
19	32	-19.000000
19	48	-16.000000
19	95	-17.000000
19	153	-21.000000
19	192	-19.000000
19	262	-19.000000
19	265	-18.000000
19	348	-20.000000
19	351	-18.000000
19	386	-19.000000
19	393	-19.000000
19	555	-17.000000
19	603	-19.000000
19	665	-18.000000
19	731	-17.000000
19	970	-19.000000
19	988	-18.000000
20	21	-43.000000
20	26	-46.000000
20	44	-47.000000
20	47	-49.000000
20	58	-47.000000
20	63	-51.000000
20	70	-45.000000
20	71	-44.000000
20	87	-48.000000
20	89	-50.000000
20	101	-50.000000
20	105	-50.000000
20	121	-49.000000
20	129	-47.000000
20	159	-50.000000
20	191	-48.000000
20	193	-51.000000
20	195	-51.000000
20	235	-47.000000
20	279	-50.000000
20	284	-50.000000
20	288	-53.000000
20	309	-53.000000
20	318	-52.000000
20	334	-51.000000
20	346	-47.000000
20	358	-50.000000
20	407	-50.000000
20	422	-50.000000
20	430	-51.000000
20	521	-49.000000
20	534	-51.000000
20	543	-50.000000
20	548	-51.000000
20	557	-49.000000
20	558	-51.000000
20	559	-50.000000
20	592	-52.000000
20	625	-50.000000
20	668	-51.000000
20	673	-52.000000
20	703	-52.000000
20	710	-51.000000
20	714	-51.000000
20	721	-52.000000
20	730	-50.000000
20	772	-51.000000
20	793	-49.000000
20	797	-49.000000
20	832	-50.000000
20	977	-51.000000
20	981	-52.000000
21	23	-24.000000
21	25	-24.000000
21	28	-28.000000
21	32	-24.000000
21	55	-25.000000
21	69	-25.000000
21	81	-24.000000
21	135	-24.000000
21	140	-25.000000
21	157	-22.000000
21	166	-27.000000
21	186	-23.000000
21	255	-23.000000
21	287	-24.000000
21	317	-24.000000
21	361	-24.000000
21	466	-24.000000
21	551	-23.000000
21	679	-24.000000
21	680	-23.000000
21	745	-24.000000
21	783	-24.000000
21	793	-22.000000
21	841	-24.000000
21	861	-23.000000
22	15	-22.000000
22	37	-19.000000
22	49	-24.000000
22	68	-21.000000
22	108	-20.000000
22	113	-19.000000
22	117	-20.000000
22	119	-21.000000
22	131	-24.000000
22	173	-20.000000
22	199	-20.000000
22	224	-18.000000
22	240	-21.000000
22	361	-23.000000
22	377	-19.000000
22	569	-21.000000
22	594	-19.000000
22	691	-20.000000
22	694	-20.000000
22	751	-20.000000
22	815	-22.000000
22	858	-22.000000
23	30	-28.000000
23	45	-26.000000
23	59	-26.000000
23	73	-28.000000
23	191	-19.000000
23	317	-19.000000
23	328	-21.000000
23	332	-21.000000
23	346	-19.000000
23	358	-20.000000
23	394	-21.000000
23	437	-21.000000
23	467	-22.000000
23	504	-22.000000
23	517	-18.000000
23	519	-20.000000
23	611	-18.000000
23	613	-20.000000
23	615	-20.000000
23	676	-21.000000
23	915	-20.000000
24	28	-36.000000
24	36	-38.000000
24	42	-37.000000
24	49	-33.000000
24	51	-34.000000
24	57	-36.000000
24	58	-32.000000
24	62	-37.000000
24	78	-35.000000
24	89	-32.000000
24	90	-38.000000
24	92	-35.000000
24	107	-33.000000
24	129	-34.000000
24	141	-33.000000
24	162	-34.000000
24	199	-36.000000
24	211	-36.000000
24	226	-36.000000
24	244	-36.000000
24	265	-36.000000
24	379	-37.000000
24	415	-35.000000
24	417	-38.000000
24	495	-35.000000
24	499	-36.000000
24	514	-35.000000
24	583	-36.000000
24	607	-35.000000
24	643	-37.000000
24	654	-36.000000
24	711	-35.000000
24	774	-35.000000
24	784	-37.000000
24	786	-37.000000
24	975	-36.000000
24	993	-36.000000
31	99	-18.000000
31	120	-13.000000
31	132	-12.000000
31	200	-16.000000
31	207	-18.000000
31	231	-11.000000
31	414	-12.000000
31	465	-11.000000
31	524	-12.000000
31	708	-12.000000
31	773	-11.000000
31	841	-11.000000
38	61	-9.000000
38	78	-4.000000
38	634	-5.000000
38	718	-5.000000
39	28	-32.000000
39	40	-30.000000
39	64	-28.000000
39	66	-26.000000
39	77	-24.000000
39	84	-29.000000
39	88	-31.000000
39	91	-30.000000
39	121	-25.000000
39	123	-28.000000
39	131	-32.000000
39	180	-27.000000
39	185	-27.000000
39	195	-27.000000
39	218	-28.000000
39	326	-26.000000
39	384	-25.000000
39	397	-28.000000
39	408	-27.000000
39	421	-27.000000
39	494	-29.000000
39	635	-26.000000
39	658	-27.000000
39	729	-28.000000
39	745	-28.000000
39	825	-29.000000
39	840	-30.000000
39	881	-29.000000
39	967	-30.000000
39	974	-29.000000
41	34	-18.000000
41	40	-25.000000
41	53	-26.000000
41	58	-22.000000
41	139	-29.000000
41	161	-22.000000
41	226	-22.000000
41	228	-21.000000
41	254	-20.000000
41	414	-21.000000
41	442	-21.000000
41	454	-24.000000
41	461	-21.000000
41	474	-20.000000
41	643	-21.000000
41	741	-22.000000
41	777	-21.000000
41	794	-20.000000
41	842	-20.000000
41	846	-22.000000
41	868	-21.000000
41	888	-21.000000
41	975	-19.000000
46	63	-8.000000
46	101	-7.000000
46	420	-4.000000
46	627	-5.000000
48	32	-10.000000
48	100	-8.000000
48	111	-6.000000
48	148	-6.000000
48	183	-6.000000
48	382	-7.000000
48	531	-5.000000
52	103	-17.000000
52	109	-18.000000
52	151	-17.000000
52	166	-21.000000
52	190	-18.000000
52	311	-20.000000
52	369	-21.000000
52	383	-17.000000
52	389	-19.000000
52	506	-19.000000
52	572	-18.000000
52	586	-21.000000
52	658	-18.000000
52	666	-19.000000
52	727	-18.000000
52	736	-19.000000
52	909	-19.000000
52	970	-19.000000
52	999	-19.000000
56	8	-28.000000
56	69	-13.000000
56	74	-10.000000
56	124	-10.000000
56	160	-12.000000
56	165	-9.000000
56	179	-7.000000
56	383	-8.000000
56	416	-15.000000
56	752	-9.000000
60	29	-22.000000
60	35	-21.000000
60	68	-24.000000
60	72	-28.000000
60	88	-25.000000
60	94	-30.000000
60	102	-21.000000
60	106	-22.000000
60	139	-32.000000
60	249	-21.000000
60	263	-21.000000
60	267	-22.000000
60	296	-23.000000
60	298	-20.000000
60	326	-22.000000
60	342	-22.000000
60	470	-23.000000
60	583	-24.000000
60	620	-22.000000
60	644	-22.000000
60	755	-22.000000
60	796	-23.000000
60	913	-22.000000
60	924	-22.000000
60	982	-21.000000
61	27	-20.000000
61	96	-21.000000
61	176	-13.000000
61	181	-19.000000
61	267	-12.000000
61	295	-10.000000
61	319	-11.000000
61	350	-12.000000
61	629	-10.000000
61	790	-10.000000
61	828	-11.000000
61	986	-11.000000
66	287	-3.000000
66	820	-2.000000
67	54	-30.000000
67	96	-30.000000
67	107	-23.000000
67	109	-23.000000
67	122	-29.000000
67	208	-25.000000
67	213	-26.000000
67	222	-29.000000
67	233	-23.000000
67	245	-24.000000
67	274	-24.000000
67	284	-25.000000
67	321	-25.000000
67	412	-26.000000
67	423	-26.000000
67	446	-26.000000
67	468	-24.000000
67	510	-26.000000
67	547	-26.000000
67	551	-26.000000
67	584	-26.000000
67	746	-25.000000
67	750	-24.000000
67	771	-26.000000
67	816	-26.000000
67	851	-25.000000
67	989	-26.000000
70	34	-10.000000
70	231	-10.000000
70	234	-12.000000
70	345	-12.000000
70	380	-12.000000
70	423	-12.000000
70	455	-13.000000
70	521	-10.000000
70	571	-10.000000
70	747	-12.000000
70	828	-11.000000
70	891	-11.000000
70	919	-14.000000
72	36	-14.000000
72	81	-10.000000
72	113	-10.000000
72	190	-9.000000
72	217	-12.000000
72	229	-11.000000
72	336	-9.000000
72	363	-11.000000
72	532	-10.000000
72	572	-10.000000
72	906	-11.000000
72	930	-11.000000
76	170	-13.000000
76	289	-10.000000
76	429	-9.000000
76	744	-7.000000
76	794	-6.000000
76	904	-7.000000
76	997	-7.000000
86	32	-7.000000
86	328	-0.000000
92	71	-13.000000
92	689	-1.000000
92	955	-1.000000
102	65	-9.000000
109	185	-7.000000
109	205	-4.000000
109	452	-4.000000
115	107	-5.000000
115	133	-14.000000
115	268	-6.000000
115	302	-5.000000
115	325	-4.000000
115	411	-8.000000
115	843	-6.000000
124	171	-12.000000
124	215	-10.000000
124	223	-11.000000
124	271	-13.000000
124	273	-13.000000
124	624	-11.000000
124	717	-11.000000
124	791	-11.000000
124	845	-13.000000
124	890	-10.000000
124	936	-11.000000
130	80	-6.000000
130	105	-7.000000
130	221	-6.000000
130	424	-3.000000
130	535	-4.000000
130	785	-4.000000
140	69	-13.000000
140	145	-9.000000
140	147	-11.000000
140	160	-11.000000
140	648	-9.000000
140	650	-7.000000
140	692	-9.000000
140	729	-8.000000
140	936	-8.000000
143	44	-11.000000
143	186	-10.000000
143	334	-8.000000
143	335	-9.000000
143	421	-9.000000
143	756	-10.000000
143	859	-7.000000
143	927	-7.000000
155	58	-12.000000
155	138	-9.000000
155	162	-1.000000
155	325	-1.000000
165	33	-5.000000
165	538	-4.000000
165	793	-2.000000
165	900	-3.000000
168	64	-12.000000
168	120	-7.000000
168	177	-14.000000
168	182	-10.000000
168	602	-7.000000
168	633	-7.000000
168	672	-8.000000
168	753	-8.000000
169	30	-13.000000
169	204	-2.000000
172	116	-17.000000
172	479	-6.000000
172	523	-3.000000
172	528	-5.000000
172	548	-4.000000
172	951	-5.000000
194	88	-13.000000
194	148	-2.000000
194	267	-1.000000
203	152	-12.000000
203	328	-4.000000
203	433	-6.000000
203	448	-4.000000
203	537	-4.000000
224	832	-0.000000
224	860	-1.000000
228	131	-15.000000
228	271	-6.000000
228	735	-5.000000
228	878	-5.000000
228	942	-5.000000
233	142	-0.000000
241	65	-9.000000
241	217	-4.000000
241	260	-1.000000
242	141	-3.000000
242	217	-5.000000
242	952	-1.000000
252	25	-10.000000
252	275	-7.000000
252	424	-6.000000
252	751	-5.000000
252	764	-5.000000
252	837	-8.000000
252	924	-5.000000
341	35	-5.000000
341	54	-19.000000
381	54	-18.000000
381	173	-10.000000
381	814	-2.000000
424	746	-2.000000
424	898	-2.000000
440	149	-13.000000
440	428	-5.000000
440	487	-4.000000
440	584	-3.000000
451	77	-5.000000
451	138	-9.000000
451	534	-1.000000
451	748	-2.000000
474	18	-15.000000
474	483	-2.000000
474	867	-3.000000
477	239	-9.000000
477	394	-1.000000
477	568	-3.000000
483	438	-7.000000
483	523	-1.000000
483	532	-3.000000
483	686	-2.000000
484	118	-7.000000
484	466	-7.000000
484	628	-4.000000
484	880	-3.000000
512	96	-16.000000
512	204	-5.000000
512	516	-2.000000
512	615	-3.000000
517	316	-4.000000
517	537	-2.000000
517	660	-2.000000
535	299	-6.000000
535	600	-3.000000
557	259	-7.000000
557	635	-0.000000
563	27	-14.000000
563	282	-3.000000
566	47	-5.000000
566	435	-2.000000
581	274	-3.000000
587	215	-3.000000
587	816	-1.000000
594	186	-8.000000
596	35	-5.000000
596	554	-2.000000
601	250	-1.000000
611	8	-30.000000
611	935	-1.000000
659	384	-1.000000
659	854	-2.000000
659	870	-3.000000
686	645	-2.000000
720	15	-13.000000
720	201	-4.000000
738	65	-9.000000
738	426	-3.000000
803	193	-8.000000
803	729	-0.000000
839	91	-25.000000
839	862	-2.000000
871	54	-19.000000
871	110	-1.000000
876	65	-9.000000
876	545	-2.000000
911	399	-5.000000
911	669	-3.000000
959	28	-23.000000
959	731	-1.000000
959	962	-2.000000
965	51	-16.000000
965	351	-2.000000
30	18	-21.000000
30	33	-16.000000
30	47	-18.000000
30	119	-15.000000
30	120	-16.000000
30	133	-20.000000
30	182	-15.000000
30	200	-14.000000
30	362	-14.000000
30	382	-17.000000
30	438	-18.000000
30	531	-14.000000
30	577	-19.000000
30	680	-14.000000
30	905	-16.000000
30	997	-16.000000
34	141	-6.000000
34	255	-12.000000
34	730	-5.000000
34	823	-7.000000
34	843	-8.000000
53	26	-13.000000
53	90	-14.000000
53	212	-10.000000
53	277	-10.000000
53	419	-11.000000
53	462	-12.000000
53	506	-11.000000
53	541	-12.000000
53	559	-12.000000
53	619	-10.000000
53	712	-11.000000
53	935	-11.000000
54	25	-21.000000
54	63	-21.000000
54	84	-20.000000
54	142	-19.000000
54	205	-19.000000
54	247	-21.000000
54	269	-26.000000
54	310	-19.000000
54	463	-19.000000
54	572	-20.000000
54	582	-18.000000
54	653	-20.000000
54	675	-21.000000
54	698	-19.000000
54	707	-19.000000
54	885	-20.000000
54	963	-20.000000
80	75	-4.000000
80	77	-3.000000
80	285	-0.000000
85	8	-32.000000
85	97	-18.000000
85	167	-14.000000
85	210	-13.000000
85	327	-12.000000
85	495	-14.000000
85	544	-14.000000
85	567	-14.000000
85	641	-13.000000
85	647	-12.000000
85	737	-14.000000
85	818	-12.000000
85	880	-13.000000
85	914	-14.000000
87	51	-19.000000
87	207	-11.000000
87	240	-8.000000
87	273	-8.000000
87	395	-5.000000
87	432	-7.000000
87	625	-4.000000
89	156	-8.000000
89	314	-5.000000
89	415	-9.000000
89	471	-9.000000
89	701	-7.000000
89	770	-10.000000
89	792	-8.000000
89	807	-7.000000
112	36	-14.000000
112	139	-20.000000
112	286	-8.000000
112	466	-11.000000
112	558	-8.000000
112	573	-8.000000
112	713	-10.000000
112	775	-8.000000
112	864	-9.000000
121	196	-1.000000
121	845	-3.000000
123	96	-16.000000
123	333	-3.000000
123	676	-2.000000
126	127	-9.000000
126	149	-14.000000
126	330	-11.000000
126	431	-9.000000
126	435	-8.000000
126	456	-10.000000
126	638	-10.000000
126	661	-7.000000
126	692	-9.000000
178	18	-13.000000
178	197	-6.000000
178	437	-3.000000
184	152	-13.000000
184	173	-13.000000
184	556	-6.000000
184	630	-5.000000
184	711	-3.000000
201	133	-12.000000
201	154	-7.000000
201	359	-4.000000
201	670	-4.000000
201	973	-5.000000
230	97	-6.000000
230	219	-2.000000
230	811	-3.000000
235	125	-9.000000
235	284	-8.000000
235	472	-8.000000
235	537	-9.000000
235	543	-9.000000
235	674	-8.000000
235	704	-9.000000
235	780	-9.000000
235	875	-10.000000
235	992	-9.000000
236	182	-6.000000
236	234	-5.000000
236	246	-5.000000
236	571	-1.000000
285	138	-8.000000
306	133	-10.000000
306	166	-8.000000
307	59	-14.000000
307	119	-3.000000
307	348	-4.000000
320	150	-9.000000
320	715	-4.000000
320	750	-1.000000
354	288	-8.000000
354	485	-1.000000
362	238	-5.000000
390	69	-17.000000
390	108	-8.000000
390	527	-4.000000
390	703	-3.000000
408	264	-3.000000
455	167	-4.000000
455	553	-3.000000
455	649	-3.000000
463	156	-3.000000
481	249	-2.000000
505	47	-5.000000
505	468	-5.000000
505	693	-5.000000
505	879	-2.000000
505	991	-4.000000
509	25	-6.000000
509	202	-10.000000
540	40	-12.000000
540	101	-7.000000
555	170	-9.000000
570	99	-12.000000
570	291	-8.000000
570	859	-2.000000
582	442	-1.000000
582	714	-1.000000
647	492	-3.000000
658	707	-2.000000
658	848	-3.000000
664	55	-6.000000
664	622	-3.000000
691	157	-5.000000
708	339	-4.000000
765	14	-19.000000
765	239	-7.000000
772	300	-2.000000
826	418	-4.000000
826	449	-4.000000
830	135	-9.000000
830	187	-5.000000
898	627	-3.000000
946	138	-8.000000
999	243	-5.000000
8	14	-34.000000
8	26	-30.000000
8	35	-28.000000
8	42	-28.000000
8	79	-33.000000
8	82	-30.000000
8	94	-36.000000
8	98	-30.000000
8	104	-31.000000
8	117	-33.000000
8	239	-33.000000
8	282	-30.000000
8	298	-29.000000
8	366	-31.000000
8	378	-30.000000
8	391	-31.000000
8	428	-33.000000
8	437	-31.000000
8	441	-32.000000
8	514	-31.000000
8	615	-32.000000
8	712	-32.000000
8	732	-32.000000
8	872	-30.000000
8	925	-32.000000
8	931	-32.000000
8	986	-32.000000
25	99	-11.000000
25	347	-7.000000
25	458	-8.000000
25	578	-7.000000
43	26	-10.000000
43	44	-6.000000
43	118	-5.000000
43	204	-6.000000
43	947	-7.000000
43	979	-6.000000
62	330	-10.000000
62	431	-4.000000
62	802	-5.000000
62	950	-5.000000
69	84	-16.000000
69	90	-16.000000
69	128	-18.000000
69	272	-19.000000
69	308	-15.000000
69	432	-16.000000
69	436	-19.000000
69	467	-16.000000
69	657	-16.000000
69	685	-17.000000
69	688	-15.000000
69	888	-16.000000
69	969	-16.000000
74	28	-24.000000
74	118	-9.000000
74	849	-6.000000
74	927	-5.000000
74	938	-6.000000
74	945	-5.000000
79	50	-15.000000
79	82	-17.000000
79	88	-27.000000
79	119	-15.000000
79	128	-19.000000
79	174	-14.000000
79	186	-18.000000
79	379	-16.000000
79	398	-13.000000
79	486	-15.000000
79	507	-15.000000
79	531	-13.000000
79	556	-16.000000
79	637	-15.000000
79	933	-15.000000
206	97	-11.000000
206	103	-6.000000
206	288	-11.000000
206	364	-9.000000
206	688	-5.000000
206	767	-7.000000
206	976	-7.000000
208	63	-11.000000
208	492	-4.000000
208	684	-4.000000
216	44	-10.000000
216	275	-5.000000
216	352	-5.000000
216	656	-5.000000
216	886	-5.000000
219	188	-19.000000
219	327	-3.000000
232	45	-9.000000
232	160	-9.000000
232	410	-1.000000
232	663	-3.000000
257	106	-5.000000
257	209	-12.000000
257	501	-2.000000
294	28	-23.000000
294	150	-11.000000
294	342	-6.000000
294	425	-6.000000
294	576	-4.000000
294	608	-4.000000
363	32	-8.000000
363	459	-3.000000
410	331	-5.000000
418	298	-5.000000
418	334	-9.000000
418	450	-4.000000
418	688	-3.000000
490	327	-4.000000
490	374	-9.000000
490	798	-4.000000
490	882	-3.000000
624	156	-4.000000
632	305	-2.000000
632	466	-5.000000
787	136	-2.000000
15	103	-16.000000
15	149	-19.000000
15	313	-14.000000
15	407	-14.000000
15	453	-14.000000
15	467	-16.000000
15	564	-13.000000
15	663	-14.000000
15	722	-12.000000
15	892	-14.000000
15	930	-14.000000
15	974	-13.000000
18	14	-19.000000
18	27	-17.000000
18	55	-13.000000
18	116	-19.000000
18	145	-18.000000
18	158	-18.000000
18	159	-18.000000
18	304	-13.000000
18	392	-16.000000
18	538	-17.000000
18	579	-14.000000
18	749	-15.000000
18	767	-14.000000
29	93	-7.000000
29	170	-13.000000
29	214	-8.000000
29	304	-8.000000
29	636	-10.000000
29	716	-10.000000
29	748	-10.000000
29	773	-9.000000
29	868	-10.000000
37	27	-14.000000
37	42	-10.000000
37	426	-4.000000
45	131	-19.000000
45	151	-5.000000
45	179	-5.000000
45	383	-5.000000
45	602	-8.000000
45	760	-9.000000
45	809	-9.000000
49	50	-13.000000
49	51	-22.000000
49	78	-13.000000
49	220	-15.000000
49	280	-13.000000
49	369	-13.000000
49	501	-13.000000
49	573	-12.000000
49	591	-15.000000
49	662	-14.000000
49	693	-13.000000
49	782	-14.000000
49	973	-14.000000
50	14	-19.000000
50	136	-6.000000
50	137	-8.000000
50	606	-8.000000
50	724	-7.000000
50	774	-4.000000
50	820	-7.000000
64	136	-8.000000
64	164	-5.000000
64	268	-7.000000
64	325	-7.000000
64	349	-12.000000
64	407	-7.000000
64	884	-9.000000
65	36	-17.000000
65	75	-10.000000
65	331	-12.000000
65	478	-11.000000
65	530	-11.000000
65	534	-10.000000
65	682	-13.000000
93	58	-15.000000
93	97	-11.000000
93	493	-8.000000
93	515	-4.000000
93	590	-5.000000
99	111	-13.000000
99	150	-12.000000
99	171	-13.000000
99	218	-11.000000
99	239	-9.000000
99	299	-14.000000
99	419	-13.000000
99	446	-15.000000
99	460	-13.000000
99	507	-13.000000
99	539	-12.000000
114	747	-1.000000
116	73	-25.000000
116	156	-16.000000
116	225	-18.000000
116	234	-15.000000
116	259	-13.000000
116	356	-20.000000
116	374	-16.000000
116	580	-15.000000
116	589	-15.000000
116	644	-14.000000
116	703	-16.000000
116	705	-14.000000
116	728	-15.000000
116	796	-16.000000
116	901	-14.000000
125	32	-10.000000
125	376	-3.000000
125	974	-2.000000
135	36	-15.000000
135	154	-11.000000
135	173	-13.000000
135	237	-9.000000
135	276	-9.000000
135	300	-10.000000
135	323	-12.000000
135	724	-9.000000
135	792	-9.000000
135	905	-10.000000
138	14	-19.000000
138	59	-14.000000
138	181	-15.000000
138	202	-15.000000
138	243	-10.000000
138	549	-11.000000
138	763	-10.000000
142	101	-8.000000
142	769	-3.000000
150	158	-12.000000
150	163	-9.000000
150	202	-16.000000
150	239	-11.000000
150	508	-10.000000
150	533	-12.000000
150	673	-11.000000
150	802	-10.000000
153	149	-13.000000
153	225	-10.000000
153	292	-9.000000
153	350	-8.000000
153	365	-8.000000
153	378	-5.000000
153	426	-7.000000
180	97	-10.000000
180	353	-7.000000
180	414	-6.000000
180	541	-6.000000
180	575	-3.000000
180	716	-7.000000
180	942	-6.000000
192	161	-4.000000
192	264	-6.000000
192	588	-3.000000
205	303	-6.000000
205	309	-5.000000
205	335	-4.000000
245	335	-4.000000
245	385	-5.000000
245	929	-4.000000
245	977	-4.000000
271	329	-5.000000
271	491	-7.000000
271	661	-3.000000
271	980	-4.000000
279	268	-8.000000
279	488	-10.000000
279	511	-7.000000
279	616	-8.000000
279	639	-6.000000
279	739	-6.000000
279	869	-7.000000
281	94	-19.000000
281	108	-13.000000
281	323	-13.000000
281	345	-12.000000
281	366	-14.000000
281	376	-10.000000
281	391	-10.000000
281	400	-13.000000
281	520	-12.000000
281	678	-10.000000
281	679	-9.000000
281	861	-10.000000
281	913	-11.000000
304	667	-1.000000
305	59	-14.000000
305	295	-3.000000
305	347	-3.000000
311	36	-17.000000
311	333	-10.000000
311	388	-14.000000
311	401	-11.000000
311	508	-10.000000
311	679	-8.000000
311	693	-10.000000
311	785	-11.000000
311	922	-9.000000
311	971	-10.000000
380	375	-5.000000
404	175	-4.000000
404	749	1.000000
434	51	-17.000000
434	416	-11.000000
434	492	-4.000000
434	547	-5.000000
434	848	-5.000000
434	937	-5.000000
506	831	-2.000000
623	246	-4.000000
623	369	-6.000000
646	176	-6.000000
646	497	-6.000000
646	807	-2.000000
646	873	-4.000000
698	554	-3.000000
698	889	-2.000000
701	836	-1.000000
758	411	-4.000000
758	494	-3.000000
799	530	-1.000000
834	357	-3.000000
834	739	-0.000000
872	55	-6.000000
917	141	-3.000000
917	181	-11.000000
917	951	-2.000000
956	244	-3.000000
956	403	-3.000000
994	139	-15.000000
994	330	-7.000000
995	101	-7.000000
995	626	-1.000000
998	63	-11.000000
998	722	-3.000000
71	47	-14.000000
71	73	-21.000000
71	147	-20.000000
71	278	-15.000000
71	283	-13.000000
71	402	-14.000000
71	422	-11.000000
71	428	-14.000000
71	444	-14.000000
71	478	-14.000000
71	631	-10.000000
71	853	-15.000000
71	879	-13.000000
71	945	-13.000000
91	58	-26.000000
91	211	-25.000000
91	248	-26.000000
91	268	-24.000000
91	283	-22.000000
91	326	-24.000000
91	338	-26.000000
91	352	-24.000000
91	358	-23.000000
91	366	-28.000000
91	384	-24.000000
91	419	-25.000000
91	447	-25.000000
91	453	-25.000000
91	469	-21.000000
91	499	-24.000000
91	605	-26.000000
91	654	-24.000000
91	687	-26.000000
91	730	-24.000000
91	744	-25.000000
91	845	-26.000000
91	914	-24.000000
91	961	-26.000000
91	978	-24.000000
137	131	-15.000000
137	671	-3.000000
137	707	-3.000000
146	40	-13.000000
146	44	-7.000000
152	51	-21.000000
152	73	-18.000000
152	175	-11.000000
152	209	-19.000000
152	350	-13.000000
152	402	-12.000000
152	429	-12.000000
152	492	-12.000000
152	494	-14.000000
152	763	-11.000000
152	827	-13.000000
167	157	-7.000000
167	620	-2.000000
167	782	-1.000000
183	63	-9.000000
193	131	-16.000000
193	207	-12.000000
193	369	-11.000000
193	438	-11.000000
193	580	-9.000000
193	599	-10.000000
193	604	-8.000000
193	628	-10.000000
193	810	-9.000000
196	386	-4.000000
254	59	-13.000000
254	714	-0.000000
258	73	-13.000000
258	83	-2.000000
262	177	-11.000000
262	273	-9.000000
262	353	-5.000000
262	371	-4.000000
262	391	-4.000000
269	78	-11.000000
269	319	-9.000000
269	357	-9.000000
269	568	-10.000000
269	728	-10.000000
269	733	-10.000000
269	755	-9.000000
269	829	-9.000000
269	838	-11.000000
269	882	-9.000000
343	293	-3.000000
346	797	1.000000
355	44	-8.000000
355	170	-11.000000
406	188	-19.000000
406	277	-3.000000
469	762	-1.000000
583	900	-3.000000
583	927	-2.000000
617	96	-15.000000
617	468	-4.000000
617	735	-4.000000
617	937	-3.000000
618	83	-5.000000
618	331	-5.000000
653	631	-1.000000
779	272	-6.000000
779	321	-1.000000
779	885	-2.000000
849	503	-2.000000
910	267	-3.000000
910	776	-3.000000
27	32	-15.000000
27	55	-15.000000
27	108	-14.000000
27	274	-15.000000
27	286	-16.000000
27	339	-16.000000
27	405	-16.000000
27	413	-14.000000
27	464	-18.000000
27	622	-17.000000
27	847	-15.000000
27	860	-13.000000
57	32	-11.000000
57	105	-8.000000
57	127	-8.000000
57	159	-8.000000
57	308	-8.000000
57	444	-8.000000
57	522	-7.000000
57	684	-8.000000
98	403	-6.000000
98	462	-4.000000
98	672	-5.000000
175	157	-4.000000
175	422	-5.000000
175	606	-5.000000
188	14	-25.000000
188	177	-21.000000
188	197	-21.000000
188	243	-21.000000
188	247	-20.000000
188	280	-19.000000
188	290	-18.000000
188	394	-18.000000
188	409	-19.000000
188	417	-19.000000
188	520	-21.000000
188	530	-20.000000
188	656	-17.000000
188	668	-20.000000
188	778	-19.000000
188	840	-19.000000
188	902	-19.000000
188	964	-20.000000
188	996	-21.000000
189	128	-16.000000
189	177	-14.000000
189	300	-11.000000
189	333	-9.000000
189	412	-10.000000
189	417	-9.000000
189	485	-7.000000
189	655	-10.000000
189	734	-10.000000
189	817	-10.000000
272	348	-7.000000
272	595	-6.000000
272	715	-7.000000
272	829	-5.000000
395	132	-5.000000
396	84	-5.000000
396	489	-6.000000
396	743	-3.000000
396	962	-4.000000
568	634	-3.000000
568	663	-3.000000
705	388	-4.000000
722	796	-5.000000
722	836	-4.000000
957	133	-10.000000
957	595	-0.000000
14	40	-21.000000
14	95	-20.000000
14	134	-18.000000
14	200	-21.000000
14	250	-20.000000
14	287	-20.000000
14	290	-21.000000
14	312	-21.000000
14	438	-22.000000
14	608	-21.000000
14	852	-20.000000
14	860	-19.000000
14	889	-19.000000
14	907	-20.000000
28	68	-24.000000
28	95	-24.000000
28	100	-24.000000
28	157	-22.000000
28	212	-24.000000
28	221	-23.000000
28	243	-25.000000
28	260	-23.000000
28	292	-23.000000
28	301	-21.000000
28	357	-23.000000
28	459	-24.000000
28	521	-23.000000
28	522	-21.000000
28	539	-22.000000
28	606	-22.000000
28	651	-25.000000
28	776	-23.000000
28	882	-22.000000
47	213	-6.000000
47	824	-8.000000
47	846	-8.000000
75	303	-5.000000
75	510	-5.000000
75	726	-6.000000
77	187	-8.000000
77	475	-5.000000
77	541	-5.000000
106	247	-6.000000
106	301	-4.000000
106	316	-6.000000
106	786	-5.000000
148	460	-6.000000
148	719	-2.000000
204	251	-5.000000
204	329	-5.000000
237	200	-7.000000
265	670	-2.000000
265	869	-4.000000
316	229	-7.000000
316	336	-7.000000
316	342	-5.000000
316	661	-5.000000
316	915	-5.000000
321	173	-11.000000
322	209	-13.000000
322	220	-6.000000
322	894	-3.000000
368	122	-13.000000
368	226	-5.000000
368	491	-4.000000
411	82	-12.000000
411	449	-5.000000
411	454	-6.000000
411	518	-6.000000
420	131	-17.000000
420	425	-4.000000
420	579	-4.000000
420	633	-3.000000
420	980	-4.000000
473	261	-5.000000
473	356	-7.000000
479	207	-8.000000
479	595	-3.000000
558	645	-2.000000
588	496	-5.000000
598	97	-9.000000
598	389	-4.000000
598	991	-2.000000
626	338	-4.000000
674	58	-14.000000
674	766	-1.000000
696	181	-12.000000
696	446	-3.000000
696	740	-3.000000
783	42	-10.000000
814	342	-3.000000
814	944	-4.000000
814	970	-3.000000
886	672	-3.000000
887	207	-5.000000
887	592	-3.000000
887	990	-0.000000
912	239	-9.000000
912	657	-3.000000
952	533	-4.000000
954	166	-9.000000
954	843	-4.000000
954	982	-2.000000
26	59	-16.000000
26	122	-18.000000
26	251	-8.000000
26	253	-11.000000
26	337	-10.000000
26	687	-11.000000
26	766	-11.000000
26	776	-10.000000
26	938	-11.000000
35	295	-6.000000
35	431	-6.000000
35	697	-5.000000
42	282	-9.000000
42	351	-11.000000
42	449	-11.000000
42	458	-10.000000
42	513	-10.000000
42	579	-11.000000
42	633	-9.000000
42	636	-10.000000
42	644	-10.000000
82	51	-18.000000
82	182	-13.000000
82	296	-8.000000
82	318	-9.000000
82	353	-9.000000
82	609	-10.000000
82	789	-8.000000
82	791	-6.000000
94	100	-20.000000
94	110	-18.000000
94	170	-23.000000
94	259	-20.000000
94	274	-20.000000
94	372	-20.000000
94	448	-19.000000
94	529	-19.000000
94	549	-19.000000
94	559	-18.000000
94	562	-18.000000
94	574	-20.000000
94	585	-23.000000
94	602	-20.000000
94	643	-18.000000
94	709	-19.000000
94	749	-18.000000
94	881	-19.000000
104	101	-19.000000
104	127	-14.000000
104	145	-17.000000
104	190	-13.000000
104	367	-17.000000
104	435	-13.000000
104	445	-14.000000
104	450	-15.000000
104	496	-16.000000
104	527	-15.000000
104	605	-14.000000
104	742	-16.000000
104	857	-14.000000
104	906	-13.000000
104	924	-14.000000
117	166	-10.000000
117	238	-7.000000
117	377	-3.000000
117	652	-7.000000
117	866	-6.000000
239	427	-9.000000
239	442	-8.000000
239	475	-7.000000
239	723	-9.000000
239	885	-9.000000
282	139	-18.000000
282	299	-7.000000
282	361	-6.000000
298	982	-1.000000
366	449	-8.000000
366	717	-6.000000
366	778	-6.000000
366	831	-6.000000
366	968	-5.000000
378	173	-10.000000
428	375	-7.000000
428	955	-2.000000
437	592	-4.000000
437	937	-2.000000
441	334	-8.000000
441	515	-4.000000
441	542	-4.000000
514	369	-5.000000
615	908	-3.000000
712	499	-3.000000
712	897	-3.000000
732	465	-2.000000
732	819	-3.000000
925	273	-7.000000
925	622	-4.000000
931	345	-4.000000
931	414	-3.000000
986	147	-9.000000
33	157	-8.000000
33	198	-5.000000
33	585	-8.000000
33	660	-5.000000
96	110	-14.000000
96	187	-18.000000
96	226	-16.000000
96	293	-16.000000
96	387	-14.000000
96	648	-15.000000
96	665	-15.000000
96	694	-15.000000
96	831	-16.000000
96	841	-15.000000
96	865	-16.000000
96	879	-15.000000
163	387	-3.000000
163	465	-2.000000
163	576	-3.000000
171	185	-5.000000
171	195	-7.000000
171	290	-7.000000
171	296	-4.000000
177	58	-16.000000
177	212	-10.000000
177	447	-9.000000
177	488	-13.000000
177	516	-9.000000
177	822	-12.000000
177	851	-10.000000
199	562	-2.000000
199	960	-2.000000
209	200	-18.000000
209	210	-15.000000
209	244	-15.000000
209	270	-11.000000
209	277	-15.000000
209	331	-14.000000
209	397	-14.000000
209	493	-12.000000
209	610	-13.000000
209	725	-13.000000
209	928	-11.000000
227	118	-7.000000
227	261	-6.000000
227	549	-5.000000
227	964	-4.000000
249	374	-7.000000
250	36	-13.000000
250	502	-4.000000
250	728	-3.000000
253	88	-16.000000
253	264	-5.000000
253	388	-6.000000
253	616	-6.000000
286	589	-2.000000
286	764	-2.000000
291	63	-15.000000
291	108	-11.000000
291	324	-9.000000
291	666	-8.000000
291	777	-6.000000
291	842	-6.000000
291	844	-9.000000
291	855	-8.000000
323	706	-4.000000
323	769	-4.000000
323	972	-6.000000
323	987	-5.000000
337	246	-4.000000
337	944	-3.000000
338	256	-4.000000
338	373	-7.000000
338	805	-5.000000
427	367	-9.000000
427	460	-6.000000
427	600	-7.000000
427	630	-6.000000
427	804	-7.000000
427	896	-8.000000
430	95	-9.000000
430	933	-2.000000
472	186	-9.000000
515	824	-3.000000
515	961	-4.000000
525	128	-9.000000
525	349	-7.000000
525	560	-4.000000
536	247	-4.000000
536	259	-8.000000
536	690	-3.000000
621	58	-15.000000
621	642	-4.000000
621	677	-5.000000
685	185	-7.000000
685	695	-6.000000
685	850	-4.000000
685	873	-5.000000
752	255	-12.000000
752	992	-2.000000
780	290	-4.000000
854	238	-5.000000
857	36	-12.000000
920	550	-2.000000
981	943	-3.000000
51	222	-20.000000
51	266	-17.000000
51	327	-17.000000
51	465	-18.000000
51	546	-20.000000
51	550	-18.000000
51	607	-15.000000
51	791	-15.000000
51	806	-19.000000
51	818	-16.000000
51	844	-19.000000
51	930	-17.000000
288	293	-11.000000
288	392	-8.000000
288	491	-10.000000
288	627	-10.000000
288	724	-9.000000
288	740	-9.000000
288	949	-9.000000
364	220	-9.000000
364	480	-7.000000
364	498	-6.000000
364	842	-5.000000
364	850	-5.000000
593	255	-11.000000
593	324	-2.000000
605	916	-3.000000
853	436	-5.000000
44	147	-16.000000
44	158	-11.000000
44	251	-8.000000
44	907	-7.000000
120	248	-7.000000
120	542	-6.000000
120	934	-3.000000
899	88	-15.000000
899	388	-4.000000
59	101	-13.000000
59	176	-14.000000
59	275	-14.000000
59	385	-14.000000
59	533	-14.000000
59	554	-14.000000
59	584	-15.000000
59	810	-13.000000
59	984	-13.000000
73	83	-15.000000
73	132	-18.000000
73	211	-17.000000
73	270	-13.000000
73	426	-17.000000
73	500	-16.000000
73	612	-17.000000
73	637	-16.000000
73	695	-19.000000
73	819	-17.000000
73	867	-16.000000
73	884	-17.000000
73	992	-17.000000
149	174	-17.000000
149	280	-12.000000
149	470	-12.000000
149	476	-14.000000
149	496	-12.000000
149	503	-11.000000
149	817	-14.000000
149	905	-12.000000
149	949	-11.000000
149	984	-12.000000
197	217	-8.000000
197	678	-6.000000
197	866	-6.000000
197	976	-6.000000
197	989	-6.000000
202	213	-10.000000
202	401	-12.000000
202	697	-10.000000
202	760	-11.000000
202	761	-11.000000
202	781	-11.000000
202	788	-11.000000
202	847	-10.000000
202	873	-12.000000
220	128	-12.000000
220	329	-6.000000
220	332	-5.000000
220	604	-7.000000
317	550	-4.000000
317	768	-1.000000
377	493	-5.000000
446	727	-4.000000
446	821	-3.000000
511	768	2.000000
690	569	-3.000000
690	822	-4.000000
716	963	-3.000000
716	987	-3.000000
754	274	-4.000000
754	559	-2.000000
754	778	-2.000000
776	809	-2.000000
923	435	-2.000000
923	480	-2.000000
36	480	-15.000000
36	488	-15.000000
36	538	-13.000000
36	553	-13.000000
36	727	-13.000000
36	827	-12.000000
40	110	-13.000000
40	303	-15.000000
40	359	-12.000000
40	371	-12.000000
40	719	-12.000000
40	731	-12.000000
40	795	-13.000000
40	903	-13.000000
40	913	-13.000000
40	985	-13.000000
107	108	-4.000000
107	614	-4.000000
129	191	1.000000
144	95	-8.000000
144	101	-8.000000
144	640	-2.000000
154	88	-20.000000
154	629	-4.000000
154	743	-2.000000
154	935	-4.000000
162	261	-4.000000
173	221	-10.000000
173	349	-15.000000
173	376	-11.000000
173	403	-13.000000
173	497	-13.000000
173	503	-12.000000
173	639	-11.000000
210	757	-4.000000
210	811	-4.000000
246	244	-6.000000
246	264	-6.000000
246	801	-6.000000
259	289	-8.000000
259	339	-9.000000
259	439	-6.000000
259	513	-8.000000
259	552	-9.000000
297	131	-16.000000
297	156	-6.000000
297	384	-2.000000
297	518	-4.000000
297	554	-6.000000
302	58	-13.000000
351	737	-5.000000
351	775	-3.000000
435	439	-4.000000
564	176	-6.000000
564	662	-3.000000
564	991	-3.000000
675	315	-4.000000
892	182	-6.000000
926	215	-4.000000
926	889	-1.000000
95	122	-16.000000
95	132	-10.000000
95	330	-14.000000
95	370	-11.000000
95	794	-8.000000
95	858	-9.000000
200	276	-7.000000
200	300	-10.000000
200	638	-9.000000
200	682	-9.000000
200	741	-12.000000
200	847	-9.000000
200	993	-10.000000
287	616	-5.000000
287	747	-3.000000
287	963	-4.000000
290	656	-3.000000
290	667	-5.000000
290	706	-5.000000
312	58	-16.000000
312	229	-5.000000
312	660	-1.000000
438	651	-8.000000
438	806	-6.000000
438	916	-6.000000
608	369	-6.000000
852	133	-11.000000
852	700	-1.000000
889	549	-4.000000
103	677	-7.000000
103	922	-3.000000
313	132	-4.000000
313	195	-4.000000
407	631	-1.000000
453	293	-3.000000
467	471	-6.000000
467	900	-4.000000
467	960	-4.000000
83	429	-6.000000
83	462	-7.000000
83	877	-6.000000
111	812	-2.000000
128	215	-9.000000
128	256	-7.000000
128	261	-11.000000
128	365	-10.000000
128	649	-9.000000
136	266	-6.000000
136	612	-4.000000
198	181	-11.000000
447	552	-3.000000
447	798	-4.000000
497	375	-8.000000
497	577	-7.000000
497	735	-6.000000
497	753	-6.000000
578	132	-4.000000
700	357	-4.000000
700	494	-5.000000
742	122	-12.000000
742	835	-2.000000
742	844	-5.000000
953	182	-6.000000
953	827	-2.000000
97	482	-7.000000
97	770	-8.000000
97	958	-7.000000
105	161	-7.000000
105	709	-6.000000
105	833	-5.000000
105	861	-5.000000
105	958	-4.000000
118	176	-9.000000
118	721	-7.000000
118	723	-7.000000
187	445	-3.000000
187	498	-7.000000
187	527	-5.000000
187	812	-5.000000
256	170	-9.000000
256	482	-2.000000
319	739	-3.000000
349	433	-9.000000
349	445	-6.000000
349	640	-7.000000
349	813	-6.000000
349	909	-7.000000
372	360	-7.000000
372	824	-2.000000
375	212	-6.000000
375	277	-6.000000
375	619	-4.000000
375	833	-6.000000
385	448	-2.000000
409	186	-10.000000
421	436	-8.000000
421	539	-4.000000
421	650	-1.000000
457	122	-12.000000
457	310	-1.000000
545	330	-12.000000
545	400	-6.000000
545	951	-3.000000
565	273	-7.000000
565	556	-3.000000
576	733	-2.000000
55	478	-8.000000
55	580	-7.000000
55	613	-7.000000
55	773	-7.000000
55	941	-8.000000
145	546	-6.000000
145	628	-4.000000
145	895	-3.000000
158	547	-4.000000
158	567	-6.000000
158	591	-5.000000
159	161	-5.000000
159	278	-5.000000
159	715	-8.000000
159	766	-5.000000
159	850	-7.000000
392	335	-3.000000
538	550	-3.000000
579	599	-5.000000
579	767	-2.000000
767	929	-2.000000
32	156	-9.000000
32	367	-11.000000
32	800	-9.000000
348	402	-4.000000
348	721	-4.000000
386	139	-19.000000
386	516	-2.000000
386	530	-5.000000
393	278	-6.000000
393	293	-6.000000
393	684	-4.000000
393	790	-3.000000
393	795	-4.000000
603	157	-6.000000
603	217	-5.000000
665	465	-1.000000
731	255	-12.000000
970	977	-1.000000
988	370	-5.000000
988	913	-2.000000
58	141	-11.000000
58	174	-16.000000
58	214	-13.000000
58	231	-13.000000
58	238	-16.000000
58	997	-14.000000
63	133	-15.000000
63	223	-9.000000
63	244	-11.000000
63	340	-11.000000
63	425	-11.000000
63	532	-10.000000
101	263	-10.000000
101	412	-10.000000
101	802	-9.000000
191	891	-0.000000
195	370	-9.000000
195	399	-8.000000
195	567	-6.000000
284	416	-10.000000
284	904	-3.000000
309	261	-6.000000
309	756	-5.000000
309	950	-4.000000
318	289	-5.000000
334	186	-11.000000
334	339	-9.000000
334	725	-8.000000
334	870	-7.000000
334	979	-7.000000
358	360	-3.000000
422	631	-0.000000
422	759	-5.000000
521	901	-1.000000
543	335	-5.000000
543	806	-3.000000
548	160	-7.000000
559	958	-2.000000
592	122	-11.000000
592	835	-2.000000
625	88	-18.000000
625	641	-1.000000
625	718	-4.000000
668	345	-3.000000
668	859	-2.000000
673	519	-2.000000
703	762	-3.000000
710	466	-5.000000
710	707	-2.000000
721	753	-3.000000
730	975	0.000000
797	268	-3.000000
157	823	-5.000000
166	529	-7.000000
166	591	-10.000000
166	610	-6.000000
166	748	-7.000000
166	966	-8.000000
186	480	-12.000000
186	680	-8.000000
186	801	-10.000000
186	838	-10.000000
186	883	-8.000000
255	238	-13.000000
255	266	-13.000000
255	345	-12.000000
255	360	-15.000000
255	374	-16.000000
255	519	-11.000000
255	569	-10.000000
255	784	-12.000000
255	792	-10.000000
361	399	-7.000000
361	456	-4.000000
361	706	-4.000000
466	387	-7.000000
466	489	-8.000000
466	518	-6.000000
551	324	-2.000000
551	569	-1.000000
680	682	-3.000000
745	416	-8.000000
68	324	-4.000000
68	454	-6.000000
68	771	-5.000000
108	468	-6.000000
108	519	-6.000000
119	292	-5.000000
131	229	-17.000000
131	293	-16.000000
131	324	-18.000000
131	356	-20.000000
131	389	-17.000000
131	522	-16.000000
131	597	-15.000000
131	604	-15.000000
131	667	-17.000000
131	681	-18.000000
131	813	-16.000000
240	221	-3.000000
240	933	-2.000000
240	971	-4.000000
751	374	-7.000000
751	810	-1.000000
815	425	-4.000000
815	648	-3.000000
815	948	-3.000000
858	347	-3.000000
328	781	-2.000000
332	139	-16.000000
394	315	-3.000000
504	399	-5.000000
504	425	-4.000000
613	429	-3.000000
676	419	-1.000000
915	274	-5.000000
78	295	-3.000000
78	432	-6.000000
78	524	-5.000000
90	160	-10.000000
90	347	-6.000000
90	640	-5.000000
90	795	-5.000000
211	452	-3.000000
226	468	-5.000000
226	476	-5.000000
226	713	-6.000000
244	526	-5.000000
244	528	-5.000000
379	283	-5.000000
379	764	-2.000000
415	292	-4.000000
415	808	-4.000000
415	809	-2.000000
417	804	-5.000000
417	881	-3.000000
495	122	-15.000000
495	689	-3.000000
495	697	-4.000000
495	699	-5.000000
499	181	-13.000000
499	904	-3.000000
607	398	-3.000000
607	725	-2.000000
643	678	-1.000000
654	586	-3.000000
711	606	-4.000000
711	983	-2.000000
784	401	-3.000000
786	273	-6.000000
993	327	-2.000000
458	225	-9.000000
458	614	-2.000000
458	968	-3.000000
122	225	-19.000000
122	574	-13.000000
122	599	-15.000000
122	600	-13.000000
122	775	-12.000000
122	862	-13.000000
122	976	-13.000000
251	277	-3.000000
251	370	-6.000000
687	585	-6.000000
938	677	-4.000000
274	669	-4.000000
339	387	-4.000000
339	702	-6.000000
405	139	-17.000000
405	292	-4.000000
464	370	-9.000000
464	436	-8.000000
464	507	-4.000000
464	746	-3.000000
622	454	-7.000000
622	493	-8.000000
622	874	-4.000000
100	476	-3.000000
100	855	-3.000000
243	365	-5.000000
243	486	-6.000000
243	590	-6.000000
260	181	-11.000000
357	88	-17.000000
459	303	-6.000000
459	657	-3.000000
459	695	-5.000000
539	614	-1.000000
606	883	-4.000000
606	903	-5.000000
606	966	-4.000000
651	185	-8.000000
651	837	-6.000000
651	908	-5.000000
651	979	-5.000000
170	215	-10.000000
170	238	-12.000000
170	373	-14.000000
170	400	-12.000000
170	577	-12.000000
170	639	-10.000000
170	890	-9.000000
214	88	-16.000000
214	234	-5.000000
636	432	-2.000000
868	374	-6.000000
133	217	-13.000000
133	229	-13.000000
133	276	-9.000000
133	403	-13.000000
133	777	-10.000000
133	944	-12.000000
182	278	-6.000000
182	500	-5.000000
382	181	-11.000000
382	863	-4.000000
382	918	-2.000000
577	683	-4.000000
577	699	-5.000000
132	669	-6.000000
207	444	-9.000000
207	789	-7.000000
207	864	-9.000000
207	870	-9.000000
207	941	-9.000000
207	990	-7.000000
414	736	-2.000000
524	403	-5.000000
367	238	-7.000000
367	529	-4.000000
367	704	-5.000000
367	983	-6.000000
800	336	-3.000000
800	584	-4.000000
585	329	-8.000000
585	638	-6.000000
585	677	-5.000000
585	734	-4.000000
585	919	-7.000000
823	330	-8.000000
843	494	-5.000000
843	897	-4.000000
431	788	-2.000000
480	798	-4.000000
488	612	-6.000000
488	813	-4.000000
488	838	-5.000000
488	878	-5.000000
553	496	-5.000000
827	336	-3.000000
426	489	-6.000000
426	821	-4.000000
634	247	-4.000000
634	941	-3.000000
718	299	-5.000000
718	723	-2.000000
84	781	-4.000000
88	331	-18.000000
88	340	-16.000000
88	461	-16.000000
88	471	-18.000000
88	487	-17.000000
88	719	-14.000000
88	736	-16.000000
88	788	-17.000000
88	856	-18.000000
185	442	-5.000000
185	929	-6.000000
185	968	-6.000000
326	528	-2.000000
397	352	-3.000000
397	645	-3.000000
494	412	-5.000000
729	584	-3.000000
825	147	-10.000000
825	289	-5.000000
840	315	-3.000000
840	921	-3.000000
881	932	-2.000000
967	591	-4.000000
967	715	-3.000000
303	443	-7.000000
303	554	-5.000000
359	139	-15.000000
903	616	-3.000000
985	416	-9.000000
985	549	-4.000000
139	181	-25.000000
139	308	-17.000000
139	352	-19.000000
139	389	-18.000000
139	590	-17.000000
139	649	-16.000000
139	683	-18.000000
139	865	-17.000000
139	934	-17.000000
139	943	-17.000000
161	671	-5.000000
454	655	-5.000000
454	922	-5.000000
461	330	-8.000000
741	652	-4.000000
741	744	-3.000000
741	921	-4.000000
777	884	-3.000000
846	470	-3.000000
846	902	-3.000000
888	373	-6.000000
449	501	-4.000000
449	874	-4.000000
513	471	-2.000000
947	356	-8.000000
947	493	-5.000000
147	336	-12.000000
147	340	-9.000000
147	556	-11.000000
147	642	-11.000000
147	657	-10.000000
147	895	-9.000000
147	984	-11.000000
383	573	-2.000000
383	681	-3.000000
602	836	-2.000000
760	234	-5.000000
627	567	-5.000000
627	739	-5.000000
627	811	-5.000000
369	789	-5.000000
369	822	-10.000000
369	928	-8.000000
591	989	-3.000000
662	370	-7.000000
693	726	-4.000000
782	620	-0.000000
973	811	-3.000000
820	264	-3.000000
222	181	-12.000000
222	486	-5.000000
222	642	-6.000000
222	812	-5.000000
222	918	-3.000000
266	436	-6.000000
266	699	-4.000000
546	264	-6.000000
546	683	-3.000000
806	878	-3.000000
818	215	-3.000000
844	996	-3.000000
389	610	-2.000000
586	356	-9.000000
586	533	-7.000000
586	894	-4.000000
666	580	-2.000000
909	804	-2.000000
462	692	-2.000000
541	756	-5.000000
619	370	-6.000000
247	960	-4.000000
310	223	-0.000000
310	273	-5.000000
478	978	-2.000000
160	248	-11.000000
160	283	-8.000000
160	299	-10.000000
160	315	-12.000000
160	508	-10.000000
416	353	-9.000000
416	456	-8.000000
416	487	-6.000000
416	520	-10.000000
416	544	-6.000000
416	932	-9.000000
127	560	-4.000000
174	223	-5.000000
174	373	-7.000000
174	883	-3.000000
238	785	-8.000000
176	637	-5.000000
176	808	-6.000000
275	482	-3.000000
533	181	-12.000000
533	921	-5.000000
263	225	-9.000000
263	510	-3.000000
263	620	-2.000000
267	964	-4.000000
342	433	-5.000000
470	330	-7.000000
755	331	-3.000000
796	932	-4.000000
796	939	-4.000000
181	502	-12.000000
181	561	-12.000000
181	689	-11.000000
350	356	-8.000000
350	450	-5.000000
350	669	-5.000000
790	356	-5.000000
828	399	-4.000000
330	423	-9.000000
330	452	-9.000000
330	652	-10.000000
950	352	-3.000000
268	360	-8.000000
268	595	-6.000000
331	980	-5.000000
530	552	-3.000000
682	759	-5.000000
682	761	-3.000000
423	893	-3.000000
468	939	-5.000000
547	562	-2.000000
771	401	-4.000000
771	875	-2.000000
816	753	-2.000000
851	669	-2.000000
432	890	-2.000000
436	763	-5.000000
436	855	-6.000000
657	819	-3.000000
969	932	-2.000000
969	961	-3.000000
234	289	-7.000000
234	896	-5.000000
345	561	-7.000000
891	360	-4.000000
919	695	-4.000000
278	398	-4.000000
283	399	-8.000000
283	526	-4.000000
402	574	-3.000000
217	902	-4.000000
229	560	-5.000000
229	943	-5.000000
906	737	-3.000000
500	486	-3.000000
695	897	-4.000000
867	400	-4.000000
726	672	-4.000000
726	893	-3.000000
289	315	-6.000000
289	757	-6.000000
429	443	-6.000000
398	373	-6.000000
486	805	-3.000000
609	373	-6.000000
609	491	-4.000000
609	759	-4.000000
877	757	-3.000000
877	770	-3.000000
544	487	-0.000000
567	704	-3.000000
641	273	-5.000000
737	356	-10.000000
737	936	-4.000000
880	600	-1.000000
914	762	-1.000000
273	681	-9.000000
856	360	-3.000000
856	443	-1.000000
770	225	-10.000000
770	940	-3.000000
248	597	-5.000000
248	671	-5.000000
248	801	-7.000000
248	934	-2.000000
845	893	-4.000000
845	987	-4.000000
961	599	-4.000000
978	526	-2.000000
955	837	-2.000000
493	928	-2.000000
590	862	-3.000000
549	630	-4.000000
709	433	-2.000000
370	498	-7.000000
648	403	-5.000000
865	833	-3.000000
403	526	-6.000000
672	452	-4.000000
299	496	-9.000000
299	863	-6.000000
460	652	-4.000000
460	916	-4.000000
677	734	-2.000000
677	864	-5.000000
496	503	-4.000000
496	948	-6.000000
527	655	-3.000000
833	785	-2.000000
713	433	-5.000000
713	874	-3.000000
225	315	-11.000000
225	561	-11.000000
225	949	-7.000000
225	972	-9.000000
356	400	-10.000000
374	388	-9.000000
374	439	-6.000000
374	502	-8.000000
901	896	-1.000000
866	443	-4.000000
542	373	-7.000000
599	761	-4.000000
717	628	-2.000000
560	597	-1.000000
261	983	-4.000000
365	702	-4.000000
604	996	-3.000000
681	875	-4.000000
681	972	-4.000000
300	942	-3.000000
671	762	-2.000000
943	735	-3.000000
769	388	-4.000000
335	869	-4.000000
756	848	-4.000000
756	896	-5.000000
895	699	-3.000000
817	616	-4.000000
508	804	-3.000000
508	808	-4.000000
492	971	-3.000000
715	908	-4.000000
966	801	-2.000000
373	740	-6.000000
400	702	-6.000000
822	835	-4.000000
822	948	-4.000000
502	821	-2.000000
561	805	-3.000000
561	918	-1.000000
520	757	-4.000000
399	401	-8.000000
873	962	-3.000000
870	939	-3.000000
990	526	-4.000000
811	940	-3.000000
837	702	-4.000000
388	733	-6.000000
360	443	-5.000000
439	940	-3.000000
491	645	-4.000000
863	489	-3.000000
894	759	-3.000000
