0	-88.000000	-79.505495	-7235.000000
1	-61.000000	-57.046875	-3651.000000
2	-75.000000	-24.250000	-582.000000
3	-88.000000	-88.000000	-88.000000
4	-60.000000	-54.857143	-3456.000000
5	-60.000000	-34.789474	-1322.000000
6	-72.000000	-24.272727	-534.000000
7	-55.000000	-42.617021	-2003.000000
9	-59.000000	-48.415094	-2566.000000
10	-77.000000	-20.928571	-293.000000
11	-77.000000	-22.454545	-247.000000
12	-68.000000	-30.484848	-1006.000000
13	-50.000000	-41.604167	-1997.000000
16	-71.000000	-25.222222	-681.000000
17	-72.000000	-30.363636	-1002.000000
19	-73.000000	-20.772727	-457.000000
20	-62.000000	-49.600000	-2728.000000
21	-64.000000	-26.535714	-743.000000
22	-70.000000	-23.375000	-561.000000
23	-72.000000	-24.375000	-585.000000
24	-68.000000	-36.700000	-1468.000000
31	-79.000000	-20.266667	-304.000000
38	-81.000000	-26.714286	-187.000000
39	-67.000000	-29.875000	-956.000000
41	-76.000000	-23.958333	-575.000000
46	-82.000000	-28.571429	-200.000000
48	-82.000000	-16.222222	-146.000000
52	-75.000000	-22.227273	-489.000000
56	-75.000000	-18.333333	-220.000000
60	-73.000000	-25.000000	-650.000000
61	-81.000000	-17.857143	-250.000000
66	-83.000000	-26.800000	-134.000000
67	-68.000000	-28.068966	-814.000000
70	-80.000000	-18.266667	-274.000000
72	-79.000000	-16.785714	-235.000000
76	-83.000000	-24.600000	-246.000000
86	-84.000000	-29.750000	-119.000000
92	-85.000000	-27.000000	-135.000000
102	-85.000000	-38.333333	-115.000000
109	-82.000000	-23.000000	-138.000000
115	-82.000000	-20.555556	-185.000000
124	-79.000000	-18.642857	-261.000000
130	-82.000000	-16.000000	-112.000000
140	-81.000000	-17.363636	-191.000000
143	-83.000000	-19.700000	-197.000000
155	-84.000000	-21.400000	-107.000000
165	-84.000000	-17.833333	-107.000000
168	-85.000000	-17.555556	-158.000000
169	-84.000000	-38.750000	-155.000000
172	-81.000000	-20.250000	-162.000000
194	-85.000000	-25.250000	-101.000000
203	-83.000000	-17.571429	-123.000000
224	-83.000000	-28.400000	-142.000000
228	-85.000000	-20.285714	-142.000000
233	-85.000000	-36.000000	-108.000000
241	-86.000000	-25.000000	-100.000000
242	-85.000000	-23.500000	-94.000000
252	-81.000000	-19.333333	-174.000000
341	-86.000000	-36.666667	-110.000000
344	-84.000000	-56.333333	-169.000000
381	-85.000000	-28.750000	-115.000000
424	-82.000000	-19.000000	-95.000000
440	-86.000000	-22.200000	-111.000000
451	-85.000000	-20.400000	-102.000000
474	-83.000000	-24.600000	-123.000000
477	-86.000000	-24.750000	-99.000000
483	-81.000000	-16.000000	-96.000000
484	-86.000000	-21.400000	-107.000000
512	-85.000000	-22.200000	-111.000000
517	-84.000000	-22.000000	-110.000000
523	-84.000000	-29.333333	-88.000000
535	-86.000000	-24.750000	-99.000000
557	-84.000000	-35.000000	-140.000000
563	-87.000000	-34.666667	-104.000000
566	-86.000000	-31.000000	-93.000000
581	-85.000000	-48.666667	-146.000000
587	-84.000000	-34.000000	-136.000000
594	-85.000000	-37.333333	-112.000000
596	-87.000000	-31.333333	-94.000000
601	-86.000000	-44.333333	-133.000000
611	-85.000000	-33.500000	-134.000000
659	-84.000000	-26.400000	-132.000000
686	-86.000000	-30.000000	-90.000000
720	-86.000000	-34.333333	-103.000000
738	-87.000000	-33.000000	-99.000000
803	-86.000000	-31.333333	-94.000000
839	-85.000000	-35.250000	-141.000000
871	-87.000000	-35.666667	-107.000000
876	-86.000000	-32.333333	-97.000000
911	-88.000000	-32.000000	-96.000000
959	-86.000000	-28.000000	-112.000000
965	-86.000000	-34.666667	-104.000000
30	-52.000000	-18.736842	-356.000000
34	-54.000000	-15.800000	-158.000000
53	-59.000000	-15.857143	-222.000000
54	-47.000000	-22.391304	-515.000000
80	-56.000000	-13.800000	-69.000000
81	-60.000000	-31.333333	-94.000000
85	-57.000000	-19.187500	-307.000000
87	-58.000000	-18.666667	-168.000000
89	-54.000000	-18.090909	-199.000000
112	-59.000000	-19.090909	-210.000000
121	-57.000000	-27.000000	-135.000000
123	-58.000000	-21.400000	-107.000000
126	-59.000000	-19.916667	-239.000000
178	-58.000000	-22.200000	-111.000000
184	-61.000000	-16.833333	-101.000000
201	-59.000000	-13.571429	-95.000000
230	-59.000000	-17.500000	-70.000000
235	-59.000000	-16.166667	-194.000000
236	-60.000000	-15.400000	-77.000000
285	-58.000000	-22.000000	-66.000000
306	-60.000000	-26.000000	-78.000000
307	-60.000000	-20.250000	-81.000000
314	-57.000000	-34.333333	-103.000000
320	-58.000000	-20.000000	-100.000000
354	-59.000000	-27.750000	-111.000000
362	-59.000000	-26.000000	-78.000000
390	-61.000000	-18.600000	-93.000000
408	-59.000000	-29.666667	-89.000000
455	-59.000000	-16.400000	-82.000000
463	-58.000000	-26.666667	-80.000000
481	-60.000000	-28.333333	-85.000000
505	-59.000000	-13.333333	-80.000000
509	-60.000000	-25.333333	-76.000000
540	-59.000000	-26.000000	-78.000000
555	-60.000000	-28.666667	-86.000000
570	-60.000000	-20.500000	-82.000000
582	-59.000000	-19.750000	-79.000000
635	-58.000000	-28.000000	-84.000000
647	-59.000000	-24.666667	-74.000000
658	-57.000000	-21.400000	-107.000000
664	-61.000000	-23.333333	-70.000000
691	-60.000000	-28.333333	-85.000000
708	-60.000000	-25.333333	-76.000000
765	-60.000000	-28.666667	-86.000000
772	-60.000000	-37.666667	-113.000000
826	-61.000000	-23.000000	-69.000000
830	-60.000000	-24.666667	-74.000000
898	-59.000000	-21.333333	-64.000000
946	-59.000000	-32.000000	-96.000000
999	-60.000000	-28.000000	-84.000000
8	-44.000000	-31.514286	-1103.000000
25	-51.000000	-16.400000	-164.000000
43	-28.000000	-10.750000	-86.000000
62	-37.000000	-13.285714	-93.000000
69	-25.000000	-17.055556	-307.000000
74	-24.000000	-10.500000	-84.000000
79	-33.000000	-17.705882	-301.000000
206	-20.000000	-9.500000	-76.000000
208	-25.000000	-13.000000	-65.000000
216	-32.000000	-11.571429	-81.000000
219	-42.000000	-17.000000	-85.000000
232	-19.000000	-8.200000	-41.000000
257	-21.000000	-10.000000	-40.000000
294	-23.000000	-10.428571	-73.000000
363	-20.000000	-10.500000	-42.000000
410	-19.000000	-8.333333	-25.000000
418	-20.000000	-7.500000	-45.000000
490	-21.000000	-8.200000	-41.000000
624	-20.000000	-11.666667	-35.000000
632	-20.000000	-9.000000	-27.000000
787	-28.000000	-16.666667	-50.000000
15	-52.000000	-19.352941	-329.000000
18	-46.000000	-18.578947	-353.000000
29	-50.000000	-17.000000	-221.000000
37	-56.000000	-20.600000	-103.000000
45	-53.000000	-17.272727	-190.000000
49	-52.000000	-18.312500	-293.000000
50	-51.000000	-13.800000	-138.000000
64	-51.000000	-15.909091	-175.000000
65	-55.000000	-16.538462	-215.000000
93	-57.000000	-15.285714	-107.000000
99	-54.000000	-15.533333	-233.000000
114	-57.000000	-27.250000	-109.000000
116	-56.000000	-18.555556	-334.000000
125	-55.000000	-21.000000	-126.000000
135	-54.000000	-14.923077	-194.000000
138	-54.000000	-15.166667	-182.000000
142	-57.000000	-17.400000	-87.000000
150	-50.000000	-14.692308	-191.000000
151	-57.000000	-26.333333	-79.000000
153	-56.000000	-15.222222	-137.000000
164	-57.000000	-26.333333	-79.000000
179	-57.000000	-23.000000	-69.000000
180	-54.000000	-14.000000	-126.000000
192	-59.000000	-18.200000	-91.000000
205	-57.000000	-15.833333	-95.000000
245	-56.000000	-18.285714	-128.000000
271	-59.000000	-13.857143	-97.000000
279	-57.000000	-17.666667	-159.000000
281	-56.000000	-15.142857	-212.000000
304	-56.000000	-19.500000	-78.000000
305	-57.000000	-15.800000	-79.000000
311	-55.000000	-15.416667	-185.000000
380	-59.000000	-25.333333	-76.000000
404	-57.000000	-26.750000	-107.000000
434	-59.000000	-15.142857	-106.000000
506	-58.000000	-22.500000	-90.000000
575	-57.000000	-29.333333	-88.000000
623	-58.000000	-22.666667	-68.000000
646	-59.000000	-15.400000	-77.000000
698	-59.000000	-20.750000	-83.000000
701	-58.000000	-27.000000	-108.000000
758	-60.000000	-22.333333	-67.000000
774	-57.000000	-32.000000	-96.000000
799	-57.000000	-35.333333	-106.000000
834	-59.000000	-20.666667	-62.000000
872	-57.000000	-31.000000	-93.000000
917	-59.000000	-18.750000	-75.000000
956	-60.000000	-22.000000	-66.000000
994	-58.000000	-26.666667	-80.000000
995	-59.000000	-22.333333	-67.000000
998	-59.000000	-24.333333	-73.000000
71	-44.000000	-16.823529	-286.000000
91	-32.000000	-25.142857	-704.000000
137	-33.000000	-12.400000	-62.000000
146	-34.000000	-18.000000	-54.000000
152	-32.000000	-15.214286	-213.000000
167	-34.000000	-10.333333	-62.000000
183	-33.000000	-16.000000	-48.000000
193	-51.000000	-15.416667	-185.000000
196	-33.000000	-11.000000	-44.000000
254	-33.000000	-16.500000	-66.000000
258	-33.000000	-16.000000	-48.000000
262	-33.000000	-12.142857	-85.000000
269	-36.000000	-13.250000	-159.000000
343	-34.000000	-22.000000	-66.000000
346	-47.000000	-24.250000	-97.000000
355	-34.000000	-17.666667	-53.000000
406	-34.000000	-18.666667	-56.000000
469	-32.000000	-19.250000	-77.000000
583	-36.000000	-19.800000	-99.000000
617	-34.000000	-12.000000	-60.000000
618	-34.000000	-14.666667	-44.000000
653	-33.000000	-18.000000	-54.000000
779	-34.000000	-10.750000	-43.000000
849	-35.000000	-14.333333	-43.000000
910	-35.000000	-13.666667	-41.000000
27	-40.000000	-17.166667	-309.000000
57	-36.000000	-11.900000	-119.000000
98	-49.000000	-18.333333	-110.000000
175	-18.000000	-7.833333	-47.000000
188	-25.000000	-20.000000	-440.000000
189	-20.000000	-11.454545	-126.000000
272	-24.000000	-11.250000	-90.000000
395	-18.000000	-9.333333	-28.000000
396	-29.000000	-10.833333	-65.000000
485	-16.000000	-8.000000	-24.000000
568	-17.000000	-7.200000	-36.000000
705	-20.000000	-12.666667	-38.000000
722	-28.000000	-11.666667	-70.000000
957	-18.000000	-9.333333	-28.000000
14	-36.000000	-22.000000	-528.000000
28	-42.000000	-24.846154	-646.000000
47	-49.000000	-17.333333	-156.000000
75	-43.000000	-16.142857	-113.000000
77	-40.000000	-13.875000	-111.000000
106	-47.000000	-16.750000	-134.000000
134	-41.000000	-21.666667	-65.000000
148	-43.000000	-14.833333	-89.000000
204	-43.000000	-11.000000	-66.000000
237	-43.000000	-19.666667	-59.000000
265	-43.000000	-20.600000	-103.000000
316	-41.000000	-10.000000	-80.000000
321	-43.000000	-20.000000	-80.000000
322	-44.000000	-16.500000	-66.000000
368	-44.000000	-16.500000	-66.000000
411	-44.000000	-12.142857	-85.000000
413	-41.000000	-27.666667	-83.000000
420	-43.000000	-11.285714	-79.000000
473	-45.000000	-19.000000	-57.000000
479	-42.000000	-14.750000	-59.000000
558	-51.000000	-25.750000	-103.000000
588	-44.000000	-17.333333	-52.000000
598	-44.000000	-14.750000	-59.000000
626	-42.000000	-18.750000	-75.000000
674	-44.000000	-16.750000	-67.000000
696	-44.000000	-15.500000	-62.000000
783	-43.000000	-25.666667	-77.000000
814	-43.000000	-11.000000	-55.000000
832	-50.000000	-30.666667	-92.000000
886	-44.000000	-17.333333	-52.000000
887	-44.000000	-13.000000	-52.000000
912	-44.000000	-18.666667	-56.000000
952	-43.000000	-16.000000	-48.000000
954	-44.000000	-14.750000	-59.000000
26	-46.000000	-17.571429	-246.000000
35	-41.000000	-16.000000	-144.000000
42	-37.000000	-13.538462	-176.000000
82	-30.000000	-12.727273	-140.000000
94	-42.000000	-21.727273	-478.000000
104	-31.000000	-16.823529	-286.000000
117	-48.000000	-16.750000	-134.000000
239	-33.000000	-10.909091	-120.000000
282	-30.000000	-12.166667	-73.000000
298	-29.000000	-15.800000	-79.000000
366	-31.000000	-13.000000	-104.000000
378	-30.000000	-15.000000	-45.000000
391	-31.000000	-15.000000	-45.000000
428	-33.000000	-12.200000	-61.000000
437	-31.000000	-12.200000	-61.000000
441	-32.000000	-15.600000	-78.000000
514	-35.000000	-23.666667	-71.000000
615	-32.000000	-14.500000	-58.000000
712	-32.000000	-12.250000	-49.000000
732	-49.000000	-21.500000	-86.000000
925	-32.000000	-14.333333	-43.000000
931	-32.000000	-13.000000	-39.000000
986	-32.000000	-17.333333	-52.000000
33	-48.000000	-17.125000	-137.000000
96	-49.000000	-18.444444	-332.000000
113	-48.000000	-25.666667	-77.000000
163	-46.000000	-17.666667	-106.000000
171	-46.000000	-13.428571	-94.000000
177	-49.000000	-15.666667	-188.000000
199	-47.000000	-21.400000	-107.000000
209	-51.000000	-16.400000	-246.000000
218	-48.000000	-29.000000	-87.000000
227	-48.000000	-15.333333	-92.000000
249	-48.000000	-24.200000	-121.000000
250	-47.000000	-14.666667	-88.000000
253	-50.000000	-15.666667	-94.000000
286	-48.000000	-15.200000	-76.000000
291	-52.000000	-13.200000	-132.000000
323	-49.000000	-13.285714	-93.000000
337	-50.000000	-16.750000	-67.000000
338	-50.000000	-16.000000	-96.000000
427	-51.000000	-12.875000	-103.000000
430	-51.000000	-28.000000	-112.000000
472	-49.000000	-22.000000	-66.000000
475	-49.000000	-20.333333	-61.000000
515	-49.000000	-12.800000	-64.000000
525	-51.000000	-17.750000	-71.000000
536	-48.000000	-15.750000	-63.000000
571	-49.000000	-20.000000	-60.000000
621	-49.000000	-19.400000	-97.000000
670	-50.000000	-18.666667	-56.000000
685	-50.000000	-14.833333	-89.000000
752	-49.000000	-18.000000	-72.000000
780	-48.000000	-20.333333	-61.000000
854	-48.000000	-18.333333	-55.000000
857	-49.000000	-25.000000	-75.000000
920	-48.000000	-19.000000	-57.000000
981	-52.000000	-35.000000	-105.000000
51	-34.000000	-18.700000	-374.000000
288	-53.000000	-13.818182	-152.000000
364	-11.000000	-7.428571	-52.000000
593	-11.000000	-8.000000	-24.000000
605	-26.000000	-13.500000	-54.000000
829	-11.000000	-8.333333	-25.000000
853	-15.000000	-10.333333	-31.000000
44	-47.000000	-12.818182	-141.000000
120	-16.000000	-8.714286	-61.000000
899	-15.000000	-9.000000	-27.000000
59	-27.000000	-15.500000	-248.000000
73	-32.000000	-18.526316	-352.000000
149	-29.000000	-14.333333	-215.000000
197	-32.000000	-11.375000	-91.000000
202	-33.000000	-13.230769	-172.000000
220	-30.000000	-11.250000	-90.000000
270	-28.000000	-17.333333	-52.000000
317	-27.000000	-15.000000	-75.000000
377	-29.000000	-14.000000	-56.000000
446	-29.000000	-13.333333	-80.000000
511	-28.000000	-13.750000	-55.000000
690	-31.000000	-10.250000	-41.000000
694	-29.000000	-21.333333	-64.000000
716	-31.000000	-10.800000	-54.000000
754	-30.000000	-9.500000	-38.000000
776	-29.000000	-13.400000	-67.000000
923	-29.000000	-11.000000	-33.000000
945	-29.000000	-15.666667	-47.000000
36	-41.000000	-18.375000	-294.000000
40	-45.000000	-17.125000	-274.000000
107	-41.000000	-18.333333	-110.000000
129	-47.000000	-30.000000	-120.000000
144	-43.000000	-15.250000	-61.000000
154	-42.000000	-12.857143	-90.000000
162	-42.000000	-20.250000	-81.000000
173	-43.000000	-14.642857	-205.000000
210	-43.000000	-15.800000	-79.000000
246	-43.000000	-10.571429	-74.000000
259	-41.000000	-12.900000	-129.000000
297	-43.000000	-12.833333	-77.000000
301	-44.000000	-23.000000	-69.000000
302	-43.000000	-20.333333	-61.000000
351	-41.000000	-13.333333	-80.000000
435	-41.000000	-11.666667	-70.000000
564	-45.000000	-14.000000	-70.000000
675	-45.000000	-23.333333	-70.000000
743	-43.000000	-16.000000	-48.000000
750	-44.000000	-23.000000	-69.000000
807	-43.000000	-17.333333	-52.000000
892	-44.000000	-21.333333	-64.000000
926	-44.000000	-16.333333	-49.000000
95	-24.000000	-13.272727	-146.000000
200	-21.000000	-11.833333	-142.000000
287	-24.000000	-9.833333	-59.000000
290	-21.000000	-9.000000	-63.000000
312	-21.000000	-10.750000	-43.000000
438	-22.000000	-11.142857	-78.000000
608	-21.000000	-10.333333	-31.000000
852	-20.000000	-10.666667	-32.000000
860	-19.000000	-11.000000	-33.000000
889	-19.000000	-6.500000	-26.000000
907	-28.000000	-18.333333	-55.000000
103	-28.000000	-12.833333	-77.000000
313	-14.000000	-7.333333	-22.000000
407	-50.000000	-18.000000	-72.000000
453	-25.000000	-14.000000	-42.000000
467	-22.000000	-11.333333	-68.000000
663	-14.000000	-6.666667	-20.000000
930	-17.000000	-14.000000	-42.000000
974	-29.000000	-14.666667	-44.000000
83	-30.000000	-12.000000	-96.000000
111	-23.000000	-11.000000	-44.000000
128	-23.000000	-13.000000	-143.000000
136	-23.000000	-8.166667	-49.000000
198	-24.000000	-13.333333	-40.000000
371	-23.000000	-13.000000	-39.000000
447	-25.000000	-13.200000	-66.000000
497	-26.000000	-10.285714	-72.000000
578	-24.000000	-11.666667	-35.000000
700	-24.000000	-8.500000	-34.000000
742	-26.000000	-12.200000	-61.000000
768	-22.000000	-7.000000	-21.000000
953	-24.000000	-10.666667	-32.000000
97	-26.000000	-11.300000	-113.000000
105	-50.000000	-13.333333	-120.000000
118	-27.000000	-9.750000	-78.000000
187	-31.000000	-10.250000	-82.000000
256	-28.000000	-10.000000	-50.000000
319	-30.000000	-13.250000	-53.000000
349	-30.000000	-11.000000	-99.000000
372	-32.000000	-15.250000	-61.000000
375	-31.000000	-9.125000	-73.000000
385	-30.000000	-12.750000	-51.000000
409	-29.000000	-19.333333	-58.000000
421	-29.000000	-13.000000	-78.000000
457	-30.000000	-14.333333	-43.000000
545	-31.000000	-10.800000	-54.000000
565	-31.000000	-13.666667	-41.000000
576	-30.000000	-9.750000	-39.000000
589	-30.000000	-15.666667	-47.000000
629	-29.000000	-14.333333	-43.000000
650	-27.000000	-11.666667	-35.000000
55	-25.000000	-10.200000	-102.000000
145	-18.000000	-9.500000	-57.000000
158	-18.000000	-9.333333	-56.000000
159	-50.000000	-13.250000	-106.000000
392	-16.000000	-9.000000	-27.000000
538	-17.000000	-9.250000	-37.000000
579	-14.000000	-7.200000	-36.000000
749	-18.000000	-10.666667	-32.000000
767	-14.000000	-6.250000	-25.000000
32	-24.000000	-12.090909	-133.000000
348	-20.000000	-7.800000	-39.000000
386	-19.000000	-9.800000	-49.000000
393	-19.000000	-7.000000	-42.000000
603	-19.000000	-10.000000	-30.000000
665	-18.000000	-11.333333	-34.000000
731	-17.000000	-10.500000	-42.000000
970	-19.000000	-10.500000	-42.000000
988	-18.000000	-8.333333	-25.000000
58	-47.000000	-18.294118	-311.000000
63	-51.000000	-14.846154	-193.000000
101	-50.000000	-13.454545	-148.000000
191	-48.000000	-16.500000	-66.000000
195	-51.000000	-16.000000	-112.000000
284	-50.000000	-19.200000	-96.000000
309	-53.000000	-14.600000	-73.000000
318	-52.000000	-22.000000	-66.000000
334	-51.000000	-13.111111	-118.000000
358	-50.000000	-24.000000	-96.000000
422	-50.000000	-14.200000	-71.000000
521	-49.000000	-20.750000	-83.000000
534	-51.000000	-20.666667	-62.000000
543	-50.000000	-16.750000	-67.000000
548	-51.000000	-20.666667	-62.000000
559	-50.000000	-16.800000	-84.000000
592	-52.000000	-14.400000	-72.000000
625	-50.000000	-15.400000	-77.000000
668	-51.000000	-19.000000	-76.000000
673	-52.000000	-21.666667	-65.000000
703	-52.000000	-18.500000	-74.000000
710	-51.000000	-19.333333	-58.000000
714	-51.000000	-17.333333	-52.000000
721	-52.000000	-16.500000	-66.000000
730	-50.000000	-19.750000	-79.000000
793	-49.000000	-24.333333	-73.000000
797	-49.000000	-17.000000	-51.000000
977	-51.000000	-18.666667	-56.000000
157	-22.000000	-9.875000	-79.000000
166	-27.000000	-11.300000	-113.000000
186	-23.000000	-11.416667	-137.000000
255	-23.000000	-13.000000	-182.000000
361	-24.000000	-11.333333	-68.000000
466	-24.000000	-9.125000	-73.000000
551	-26.000000	-13.000000	-52.000000
679	-24.000000	-13.666667	-41.000000
680	-23.000000	-12.000000	-48.000000
745	-28.000000	-20.000000	-60.000000
841	-24.000000	-16.666667	-50.000000
861	-23.000000	-12.666667	-38.000000
68	-24.000000	-14.000000	-84.000000
108	-20.000000	-10.250000	-82.000000
119	-21.000000	-11.800000	-59.000000
131	-32.000000	-17.842105	-339.000000
240	-21.000000	-7.600000	-38.000000
569	-21.000000	-8.750000	-35.000000
751	-20.000000	-8.250000	-33.000000
815	-22.000000	-8.000000	-32.000000
858	-22.000000	-11.333333	-34.000000
328	-21.000000	-6.750000	-27.000000
332	-21.000000	-14.000000	-42.000000
394	-21.000000	-10.750000	-43.000000
504	-22.000000	-10.333333	-31.000000
519	-20.000000	-9.750000	-39.000000
613	-20.000000	-10.000000	-30.000000
676	-21.000000	-8.000000	-24.000000
915	-20.000000	-10.000000	-30.000000
78	-35.000000	-11.000000	-77.000000
90	-38.000000	-13.428571	-94.000000
141	-33.000000	-11.200000	-56.000000
211	-36.000000	-20.250000	-81.000000
226	-36.000000	-13.571429	-95.000000
244	-36.000000	-11.571429	-81.000000
379	-37.000000	-15.000000	-60.000000
415	-35.000000	-10.800000	-54.000000
417	-38.000000	-14.800000	-74.000000
495	-35.000000	-12.666667	-76.000000
499	-36.000000	-15.800000	-79.000000
607	-35.000000	-13.750000	-55.000000
643	-37.000000	-19.250000	-77.000000
654	-36.000000	-21.000000	-63.000000
711	-35.000000	-11.000000	-44.000000
784	-37.000000	-17.333333	-52.000000
786	-37.000000	-16.000000	-48.000000
975	-36.000000	-18.333333	-55.000000
993	-36.000000	-16.000000	-48.000000
347	-7.000000	-4.750000	-19.000000
458	-10.000000	-6.400000	-32.000000
122	-29.000000	-14.933333	-224.000000
251	-8.000000	-6.000000	-30.000000
687	-26.000000	-14.333333	-43.000000
766	-11.000000	-5.666667	-17.000000
938	-11.000000	-7.000000	-21.000000
274	-24.000000	-10.714286	-75.000000
339	-16.000000	-8.000000	-48.000000
405	-17.000000	-12.333333	-37.000000
464	-18.000000	-8.400000	-42.000000
622	-17.000000	-7.166667	-43.000000
847	-15.000000	-11.333333	-34.000000
100	-24.000000	-11.600000	-58.000000
212	-24.000000	-12.500000	-50.000000
221	-23.000000	-10.500000	-42.000000
243	-25.000000	-11.142857	-78.000000
260	-23.000000	-11.666667	-35.000000
292	-23.000000	-9.000000	-45.000000
357	-23.000000	-11.200000	-56.000000
459	-24.000000	-8.200000	-41.000000
522	-21.000000	-14.666667	-44.000000
539	-22.000000	-9.750000	-39.000000
606	-22.000000	-7.428571	-52.000000
651	-25.000000	-9.500000	-57.000000
882	-22.000000	-11.333333	-34.000000
170	-23.000000	-12.076923	-157.000000
214	-16.000000	-10.500000	-42.000000
636	-10.000000	-7.333333	-22.000000
748	-10.000000	-6.333333	-19.000000
773	-11.000000	-9.000000	-27.000000
868	-21.000000	-12.333333	-37.000000
133	-20.000000	-12.461538	-162.000000
182	-15.000000	-8.375000	-67.000000
382	-17.000000	-8.200000	-41.000000
531	-14.000000	-10.666667	-32.000000
577	-19.000000	-9.400000	-47.000000
905	-16.000000	-12.666667	-38.000000
997	-16.000000	-12.333333	-37.000000
132	-18.000000	-8.428571	-59.000000
207	-18.000000	-9.454545	-104.000000
231	-13.000000	-11.333333	-34.000000
414	-21.000000	-8.800000	-44.000000
465	-18.000000	-6.800000	-34.000000
524	-12.000000	-7.333333	-22.000000
156	-16.000000	-7.666667	-46.000000
367	-17.000000	-8.428571	-59.000000
800	-9.000000	-5.333333	-16.000000
585	-23.000000	-8.375000	-67.000000
660	-5.000000	-2.666667	-8.000000
823	-8.000000	-6.666667	-20.000000
843	-8.000000	-5.400000	-27.000000
295	-10.000000	-5.500000	-22.000000
431	-9.000000	-5.250000	-21.000000
697	-10.000000	-6.333333	-19.000000
480	-15.000000	-8.000000	-40.000000
488	-15.000000	-8.285714	-58.000000
553	-13.000000	-7.000000	-21.000000
727	-18.000000	-11.666667	-35.000000
827	-13.000000	-7.500000	-30.000000
426	-17.000000	-6.833333	-41.000000
634	-5.000000	-3.750000	-15.000000
718	-5.000000	-4.000000	-16.000000
84	-29.000000	-14.800000	-74.000000
88	-31.000000	-18.315789	-348.000000
185	-27.000000	-8.875000	-71.000000
326	-26.000000	-18.500000	-74.000000
384	-25.000000	-13.000000	-52.000000
397	-28.000000	-12.000000	-48.000000
494	-29.000000	-10.166667	-61.000000
729	-28.000000	-9.750000	-39.000000
825	-29.000000	-14.666667	-44.000000
840	-30.000000	-13.750000	-55.000000
881	-29.000000	-13.250000	-53.000000
967	-30.000000	-12.333333	-37.000000
110	-18.000000	-11.500000	-46.000000
303	-15.000000	-7.333333	-44.000000
359	-15.000000	-10.333333	-31.000000
719	-14.000000	-9.333333	-28.000000
795	-13.000000	-7.333333	-22.000000
903	-13.000000	-7.000000	-21.000000
913	-22.000000	-12.000000	-48.000000
985	-13.000000	-8.666667	-26.000000
139	-32.000000	-19.052632	-362.000000
161	-22.000000	-8.600000	-43.000000
442	-21.000000	-8.750000	-35.000000
454	-24.000000	-8.833333	-53.000000
461	-21.000000	-15.000000	-45.000000
741	-22.000000	-9.000000	-45.000000
777	-21.000000	-10.000000	-40.000000
794	-20.000000	-11.333333	-34.000000
842	-20.000000	-10.333333	-31.000000
846	-22.000000	-9.000000	-36.000000
888	-21.000000	-14.333333	-43.000000
449	-11.000000	-6.000000	-36.000000
513	-10.000000	-6.666667	-20.000000
633	-9.000000	-6.333333	-19.000000
644	-22.000000	-15.333333	-46.000000
947	-8.000000	-6.666667	-20.000000
979	-7.000000	-6.000000	-18.000000
147	-20.000000	-11.583333	-139.000000
383	-17.000000	-7.000000	-35.000000
602	-20.000000	-9.250000	-37.000000
760	-11.000000	-8.333333	-25.000000
809	-9.000000	-4.333333	-13.000000
627	-10.000000	-5.500000	-33.000000
213	-26.000000	-14.000000	-42.000000
824	-8.000000	-4.333333	-13.000000
280	-19.000000	-14.666667	-44.000000
369	-21.000000	-9.444444	-85.000000
501	-13.000000	-6.333333	-19.000000
573	-12.000000	-7.333333	-22.000000
591	-15.000000	-7.400000	-37.000000
662	-14.000000	-8.000000	-24.000000
693	-13.000000	-8.000000	-32.000000
782	-14.000000	-5.000000	-15.000000
973	-14.000000	-7.333333	-22.000000
724	-9.000000	-8.333333	-25.000000
820	-7.000000	-4.000000	-12.000000
222	-29.000000	-11.428571	-80.000000
266	-17.000000	-9.200000	-46.000000
327	-17.000000	-7.600000	-38.000000
546	-20.000000	-8.750000	-35.000000
550	-18.000000	-6.750000	-27.000000
791	-15.000000	-10.666667	-32.000000
806	-19.000000	-7.750000	-31.000000
818	-16.000000	-10.333333	-31.000000
844	-19.000000	-9.000000	-36.000000
190	-18.000000	-13.333333	-40.000000
389	-19.000000	-12.000000	-60.000000
572	-20.000000	-16.000000	-48.000000
586	-21.000000	-8.800000	-44.000000
666	-19.000000	-9.666667	-29.000000
736	-19.000000	-12.333333	-37.000000
909	-19.000000	-9.333333	-28.000000
277	-15.000000	-7.400000	-37.000000
419	-25.000000	-12.500000	-50.000000
462	-12.000000	-6.250000	-25.000000
541	-12.000000	-7.000000	-28.000000
619	-10.000000	-6.666667	-20.000000
935	-11.000000	-5.333333	-16.000000
247	-21.000000	-9.833333	-59.000000
310	-19.000000	-6.250000	-25.000000
707	-19.000000	-6.500000	-26.000000
885	-20.000000	-10.333333	-31.000000
963	-20.000000	-9.000000	-27.000000
478	-14.000000	-8.750000	-35.000000
580	-15.000000	-8.250000	-33.000000
941	-9.000000	-6.666667	-20.000000
160	-12.000000	-10.000000	-100.000000
416	-15.000000	-9.181818	-101.000000
127	-14.000000	-8.750000	-35.000000
308	-17.000000	-13.333333	-40.000000
444	-14.000000	-10.333333	-31.000000
684	-8.000000	-5.333333	-16.000000
174	-17.000000	-10.333333	-62.000000
238	-16.000000	-9.125000	-73.000000
176	-14.000000	-8.428571	-59.000000
275	-14.000000	-7.250000	-29.000000
533	-14.000000	-9.000000	-54.000000
554	-14.000000	-6.000000	-30.000000
584	-26.000000	-10.200000	-51.000000
810	-13.000000	-7.666667	-23.000000
984	-13.000000	-12.000000	-36.000000
263	-21.000000	-9.000000	-45.000000
267	-22.000000	-8.400000	-42.000000
296	-23.000000	-11.666667	-35.000000
342	-22.000000	-8.200000	-41.000000
470	-23.000000	-11.250000	-45.000000
620	-22.000000	-6.500000	-26.000000
755	-22.000000	-11.333333	-34.000000
796	-23.000000	-10.400000	-52.000000
924	-22.000000	-13.666667	-41.000000
982	-21.000000	-8.000000	-24.000000
181	-25.000000	-13.357143	-187.000000
350	-13.000000	-8.500000	-51.000000
790	-10.000000	-6.000000	-18.000000
828	-11.000000	-8.666667	-26.000000
330	-14.000000	-9.545455	-105.000000
802	-10.000000	-8.000000	-24.000000
950	-5.000000	-4.000000	-12.000000
223	-11.000000	-6.250000	-25.000000
340	-16.000000	-12.000000	-36.000000
425	-11.000000	-5.800000	-29.000000
532	-10.000000	-7.666667	-23.000000
268	-24.000000	-8.857143	-62.000000
325	-7.000000	-4.000000	-12.000000
884	-17.000000	-9.666667	-29.000000
331	-18.000000	-8.857143	-62.000000
530	-20.000000	-8.000000	-40.000000
682	-13.000000	-6.600000	-33.000000
412	-26.000000	-12.750000	-51.000000
423	-26.000000	-12.500000	-50.000000
468	-24.000000	-8.166667	-49.000000
510	-26.000000	-11.333333	-34.000000
547	-26.000000	-9.250000	-37.000000
746	-25.000000	-10.000000	-30.000000
771	-26.000000	-9.250000	-37.000000
816	-26.000000	-9.666667	-29.000000
851	-25.000000	-12.333333	-37.000000
989	-26.000000	-11.666667	-35.000000
324	-18.000000	-7.000000	-35.000000
432	-16.000000	-6.600000	-33.000000
436	-19.000000	-8.142857	-57.000000
657	-16.000000	-7.000000	-35.000000
688	-15.000000	-7.666667	-23.000000
969	-16.000000	-7.000000	-21.000000
234	-15.000000	-7.714286	-54.000000
345	-12.000000	-8.333333	-50.000000
747	-12.000000	-5.333333	-16.000000
891	-11.000000	-5.000000	-15.000000
919	-14.000000	-8.333333	-25.000000
278	-15.000000	-7.200000	-36.000000
283	-22.000000	-10.000000	-60.000000
402	-14.000000	-8.250000	-33.000000
631	-10.000000	-3.000000	-12.000000
879	-15.000000	-10.000000	-30.000000
217	-13.000000	-7.285714	-51.000000
229	-17.000000	-9.000000	-63.000000
336	-12.000000	-6.800000	-34.000000
906	-13.000000	-9.000000	-27.000000
500	-16.000000	-8.000000	-24.000000
612	-17.000000	-9.000000	-27.000000
637	-16.000000	-12.000000	-36.000000
695	-19.000000	-7.600000	-38.000000
819	-17.000000	-7.666667	-23.000000
867	-16.000000	-7.666667	-23.000000
992	-17.000000	-9.333333	-28.000000
927	-7.000000	-4.666667	-14.000000
726	-6.000000	-4.250000	-17.000000
289	-10.000000	-6.714286	-47.000000
429	-12.000000	-7.200000	-36.000000
744	-25.000000	-11.666667	-35.000000
904	-7.000000	-4.333333	-13.000000
398	-13.000000	-6.500000	-26.000000
486	-15.000000	-6.400000	-32.000000
507	-15.000000	-10.666667	-32.000000
556	-16.000000	-9.000000	-36.000000
933	-15.000000	-6.333333	-19.000000
353	-9.000000	-7.500000	-30.000000
609	-10.000000	-6.000000	-24.000000
789	-8.000000	-6.666667	-20.000000
877	-6.000000	-4.000000	-12.000000
781	-11.000000	-5.666667	-17.000000
544	-14.000000	-6.666667	-20.000000
567	-14.000000	-6.800000	-34.000000
641	-13.000000	-6.333333	-19.000000
737	-14.000000	-7.200000	-36.000000
880	-13.000000	-5.666667	-17.000000
914	-24.000000	-13.000000	-39.000000
273	-13.000000	-7.666667	-69.000000
471	-18.000000	-8.750000	-35.000000
487	-17.000000	-6.750000	-27.000000
788	-17.000000	-10.000000	-30.000000
856	-18.000000	-7.333333	-22.000000
770	-10.000000	-6.800000	-34.000000
792	-10.000000	-9.000000	-27.000000
640	-7.000000	-4.666667	-14.000000
248	-26.000000	-9.000000	-63.000000
352	-24.000000	-10.800000	-54.000000
845	-26.000000	-10.000000	-50.000000
961	-26.000000	-9.250000	-37.000000
978	-24.000000	-9.333333	-28.000000
689	-11.000000	-5.000000	-15.000000
955	-2.000000	-1.666667	-5.000000
493	-12.000000	-6.666667	-40.000000
590	-17.000000	-7.750000	-31.000000
448	-19.000000	-8.333333	-25.000000
529	-19.000000	-10.000000	-30.000000
549	-19.000000	-7.833333	-47.000000
562	-18.000000	-7.333333	-22.000000
574	-20.000000	-12.000000	-36.000000
709	-19.000000	-9.000000	-27.000000
370	-11.000000	-7.500000	-60.000000
293	-16.000000	-9.166667	-55.000000
387	-14.000000	-7.000000	-28.000000
648	-15.000000	-8.000000	-32.000000
831	-16.000000	-8.000000	-24.000000
865	-17.000000	-12.000000	-36.000000
482	-7.000000	-4.000000	-12.000000
958	-7.000000	-4.333333	-13.000000
403	-13.000000	-7.285714	-51.000000
672	-8.000000	-4.800000	-24.000000
299	-14.000000	-8.142857	-57.000000
460	-13.000000	-6.600000	-33.000000
476	-14.000000	-7.333333	-22.000000
855	-8.000000	-5.666667	-17.000000
677	-7.000000	-4.666667	-28.000000
922	-9.000000	-5.666667	-17.000000
445	-14.000000	-7.666667	-23.000000
450	-15.000000	-8.000000	-24.000000
496	-16.000000	-8.142857	-57.000000
527	-15.000000	-6.750000	-27.000000
833	-6.000000	-4.000000	-16.000000
614	-4.000000	-2.333333	-7.000000
452	-9.000000	-5.000000	-20.000000
812	-5.000000	-4.000000	-12.000000
713	-10.000000	-6.000000	-24.000000
775	-12.000000	-7.666667	-23.000000
864	-9.000000	-7.666667	-23.000000
225	-19.000000	-11.300000	-113.000000
356	-20.000000	-10.777778	-97.000000
374	-16.000000	-9.333333	-84.000000
728	-15.000000	-9.333333	-28.000000
901	-14.000000	-5.333333	-16.000000
652	-10.000000	-6.250000	-25.000000
866	-6.000000	-5.333333	-16.000000
723	-9.000000	-6.000000	-18.000000
542	-7.000000	-5.666667	-17.000000
934	-17.000000	-7.333333	-22.000000
599	-15.000000	-7.600000	-38.000000
600	-13.000000	-6.000000	-24.000000
862	-13.000000	-6.000000	-18.000000
976	-13.000000	-8.666667	-26.000000
333	-10.000000	-7.333333	-22.000000
215	-10.000000	-6.500000	-39.000000
717	-11.000000	-6.333333	-19.000000
890	-10.000000	-7.000000	-21.000000
936	-11.000000	-7.666667	-23.000000
376	-11.000000	-8.000000	-24.000000
456	-10.000000	-7.333333	-22.000000
638	-10.000000	-8.333333	-25.000000
661	-7.000000	-5.000000	-15.000000
692	-9.000000	-6.666667	-20.000000
560	-5.000000	-3.500000	-14.000000
261	-11.000000	-6.000000	-36.000000
365	-10.000000	-6.750000	-27.000000
649	-16.000000	-9.333333	-28.000000
785	-11.000000	-6.250000	-25.000000
597	-15.000000	-7.000000	-21.000000
604	-15.000000	-8.250000	-33.000000
667	-17.000000	-7.666667	-23.000000
681	-18.000000	-7.600000	-38.000000
813	-16.000000	-8.666667	-26.000000
669	-6.000000	-4.000000	-20.000000
276	-9.000000	-8.333333	-25.000000
944	-12.000000	-6.333333	-19.000000
300	-11.000000	-7.200000	-36.000000
671	-5.000000	-3.750000	-15.000000
763	-11.000000	-8.666667	-26.000000
683	-18.000000	-8.333333	-25.000000
943	-17.000000	-7.000000	-28.000000
769	-4.000000	-3.666667	-11.000000
335	-9.000000	-4.833333	-29.000000
756	-10.000000	-5.800000	-29.000000
859	-7.000000	-3.666667	-11.000000
628	-10.000000	-5.000000	-20.000000
895	-9.000000	-5.000000	-15.000000
642	-11.000000	-7.000000	-21.000000
503	-12.000000	-7.250000	-29.000000
817	-14.000000	-9.333333	-28.000000
949	-11.000000	-9.000000	-27.000000
508	-10.000000	-7.400000	-37.000000
492	-12.000000	-5.200000	-26.000000
715	-8.000000	-5.200000	-26.000000
850	-7.000000	-5.333333	-16.000000
315	-12.000000	-6.500000	-39.000000
900	-4.000000	-3.333333	-10.000000
610	-13.000000	-7.000000	-21.000000
966	-8.000000	-4.666667	-14.000000
753	-8.000000	-4.750000	-19.000000
373	-14.000000	-7.375000	-59.000000
400	-13.000000	-8.500000	-51.000000
639	-11.000000	-9.000000	-27.000000
528	-5.000000	-4.000000	-12.000000
951	-5.000000	-3.333333	-10.000000
883	-8.000000	-5.000000	-15.000000
808	-6.000000	-4.666667	-14.000000
516	-9.000000	-4.333333	-13.000000
822	-12.000000	-6.800000	-34.000000
942	-6.000000	-4.666667	-14.000000
502	-12.000000	-6.500000	-26.000000
561	-12.000000	-6.800000	-34.000000
630	-6.000000	-5.000000	-15.000000
929	-6.000000	-4.000000	-12.000000
968	-6.000000	-4.666667	-14.000000
801	-10.000000	-6.250000	-25.000000
838	-11.000000	-8.666667	-26.000000
498	-7.000000	-6.666667	-20.000000
520	-21.000000	-11.750000	-47.000000
656	-17.000000	-8.333333	-25.000000
778	-19.000000	-9.000000	-27.000000
902	-19.000000	-8.666667	-26.000000
964	-20.000000	-9.333333	-28.000000
996	-21.000000	-9.000000	-27.000000
655	-10.000000	-6.000000	-18.000000
734	-10.000000	-5.333333	-16.000000
264	-6.000000	-4.833333	-29.000000
399	-8.000000	-6.428571	-45.000000
678	-10.000000	-5.666667	-17.000000
960	-4.000000	-3.333333	-10.000000
401	-12.000000	-7.600000	-38.000000
761	-11.000000	-6.000000	-18.000000
873	-12.000000	-6.000000	-24.000000
433	-9.000000	-5.400000	-27.000000
537	-9.000000	-5.000000	-15.000000
329	-8.000000	-6.000000	-24.000000
870	-9.000000	-5.500000	-22.000000
990	-7.000000	-3.666667	-11.000000
725	-13.000000	-7.666667	-23.000000
928	-11.000000	-7.000000	-21.000000
757	-6.000000	-4.250000	-17.000000
811	-5.000000	-3.600000	-18.000000
918	-3.000000	-2.000000	-6.000000
972	-9.000000	-6.333333	-19.000000
735	-6.000000	-4.500000	-18.000000
878	-5.000000	-4.333333	-13.000000
896	-8.000000	-4.750000	-19.000000
704	-9.000000	-5.666667	-17.000000
875	-10.000000	-5.333333	-16.000000
971	-10.000000	-5.666667	-17.000000
526	-6.000000	-4.200000	-21.000000
764	-5.000000	-3.000000	-9.000000
837	-8.000000	-5.000000	-20.000000
388	-14.000000	-6.714286	-47.000000
616	-8.000000	-5.200000	-26.000000
360	-15.000000	-6.428571	-45.000000
439	-6.000000	-4.750000	-19.000000
552	-9.000000	-5.000000	-15.000000
983	-6.000000	-4.000000	-12.000000
869	-7.000000	-5.000000	-15.000000
699	-5.000000	-4.250000	-17.000000
595	-6.000000	-3.750000	-15.000000
733	-10.000000	-6.000000	-18.000000
491	-10.000000	-5.800000	-29.000000
980	-5.000000	-4.333333	-13.000000
739	-6.000000	-3.500000	-14.000000
740	-9.000000	-6.000000	-18.000000
706	-5.000000	-4.333333	-13.000000
518	-6.000000	-5.333333	-16.000000
863	-6.000000	-4.333333	-13.000000
443	-7.000000	-4.600000	-23.000000
894	-4.000000	-3.333333	-10.000000
987	-5.000000	-4.000000	-12.000000
805	-5.000000	-3.666667	-11.000000
702	-6.000000	-5.000000	-20.000000
489	-8.000000	-5.750000	-23.000000
962	-4.000000	-3.000000	-9.000000
645	-4.000000	-2.750000	-11.000000
932	-9.000000	-4.250000	-17.000000
804	-7.000000	-4.250000	-17.000000
759	-5.000000	-4.250000	-17.000000
893	-4.000000	-3.333333	-10.000000
821	-4.000000	-3.000000	-9.000000
848	-5.000000	-4.000000	-12.000000
937	-5.000000	-3.333333	-10.000000
916	-6.000000	-4.333333	-13.000000
940	-3.000000	-3.000000	-9.000000
798	-4.000000	-4.000000	-12.000000
874	-4.000000	-3.666667	-11.000000
939	-5.000000	-4.000000	-12.000000
762	-3.000000	-1.750000	-7.000000
948	-6.000000	-4.333333	-13.000000
991	-4.000000	-3.000000	-9.000000
921	-5.000000	-4.000000	-12.000000
835	-4.000000	-2.666667	-8.000000
836	-4.000000	-2.333333	-7.000000
908	-5.000000	-4.000000	-12.000000
897	-4.000000	-3.666667	-11.000000
