Fraction_of_nodes	Efficiency
0.00088261253309797	0.2982569285167644
0.00176522506619594	0.296979555216431
0.00264783759929391	0.2963451204265863
0.00353045013239188	0.29510338340041103
0.00441306266548985	0.29425629156642985
0.00529567519858782	0.2928374235751049
0.00617828773168579	0.29181208003328674
0.00706090026478376	0.2907157619245929
0.00794351279788173	0.28972781527543884
0.0088261253309797	0.2876465044055295
0.009708737864077669	0.28656031033621554
0.01059135039717564	0.28602013698105816
0.01147396293027361	0.2849561721483795
0.01235657546337158	0.2833563814233279
0.01323918799646955	0.28136126548852247
0.01412180052956752	0.28047728248817055
0.01500441306266549	0.2799539042959136
0.01588702559576346	0.27924998080087016
0.01676963812886143	0.27815566960271637
0.0176522506619594	0.2772192379599184
0.018534863195057368	0.276792068982368
0.019417475728155338	0.2746947596964091
0.02030008826125331	0.27319876362428097
0.02118270079435128	0.271752092902954
0.02206531332744925	0.2711585302459799
0.02294792586054722	0.27060420507750604
0.02383053839364519	0.2696416917970262
0.02471315092674316	0.26918405331472883
0.02559576345984113	0.268740083538199
0.0264783759929391	0.2675200626506537
0.02736098852603707	0.2669266249779017
0.02824360105913504	0.2664182135373986
0.02912621359223301	0.26563739041466233
0.03000882612533098	0.2647820579491648
0.03089143865842895	0.26431906788103193
0.03177405119152692	0.26394717078110397
0.03265666372462489	0.2617278358164327
0.03353927625772286	0.2607562575887913
0.03442188879082083	0.2596104947595572
0.0353045013239188	0.2584881295381737
0.03618711385701677	0.2577202753160493
0.037069726390114736	0.25585261183065167
0.03795233892321271	0.2548441529044247
0.038834951456310676	0.2546355188867981
0.03971756398940865	0.25368685077744596
0.04060017652250662	0.252982786183449
0.04148278905560459	0.2520170386638303
0.04236540158870256	0.25025805223706643
0.04324801412180053	0.24963776278594432
0.0441306266548985	0.24906705330309076
0.04501323918799647	0.2475098980925741
0.04589585172109444	0.24705595310372555
0.04677846425419241	0.24632688943482328
0.04766107678729038	0.24523798333947552
0.04854368932038835	0.24395071485696965
0.04942630185348632	0.24365810247338202
0.05030891438658429	0.24323184113193935
0.05119152691968226	0.24265790492345324
0.05207413945278023	0.24098763223893918
0.0529567519858782	0.23982047171260418
0.05383936451897617	0.238768059049803
0.05472197705207414	0.23712739024498805
0.05560458958517211	0.23700720109422002
0.05648720211827008	0.23668058266148176
0.05736981465136805	0.23637828214208992
0.05825242718446602	0.23602285876801873
0.05913503971756399	0.23561536126820695
0.06001765225066196	0.23481073506101255
0.06090026478375993	0.23397448118076275
0.0617828773168579	0.23338078551233518
0.06266548984995587	0.2330046159281834
0.06354810238305383	0.2320282581362789
0.06443071491615181	0.23151004977257755
0.06531332744924978	0.23081995069312639
0.06619593998234775	0.23049361308802133
0.06707855251544571	0.23016490975941947
0.06796116504854369	0.2296735928757239
0.06884377758164166	0.22885241565570308
0.06972639011473963	0.22871631288050584
0.0706090026478376	0.2279866592320478
0.07149161518093557	0.22702401582464338
0.07237422771403354	0.22616586442317965
0.07325684024713151	0.22582869262672928
0.07413945278022947	0.2246199860954352
0.07502206531332745	0.22389684481177136
0.07590467784642542	0.2230697738636705
0.07678729037952339	0.222623825193907
0.07766990291262135	0.2223351278477068
0.07855251544571933	0.22208035673971835
0.0794351279788173	0.2204870422850522
0.08031774051191527	0.2198233821491578
0.08120035304501325	0.2186260422800814
0.0820829655781112	0.21657291971602277
0.08296557811120918	0.215034835400111
0.08384819064430715	0.2143649972159462
0.08473080317740513	0.2139752217409228
0.08561341571050309	0.21361197872186424
0.08649602824360106	0.2131476032096042
0.08737864077669903	0.21292118478304695
0.088261253309797	0.211913975649371
0.08914386584289496	0.21126715207378732
0.09002647837599294	0.2099997318324287
0.09090909090909091	0.2096444631904967
0.09179170344218888	0.20905512291208378
0.09267431597528684	0.20742324245110041
0.09355692850838482	0.2069038391370512
0.09443954104148279	0.20671221057312986
0.09532215357458076	0.20599377939442523
0.09620476610767872	0.20568759678952242
0.0970873786407767	0.20540762329283424
0.09796999117387467	0.20459681426929874
0.09885260370697264	0.20377404590275602
0.0997352162400706	0.20302380454057714
0.10061782877316858	0.20170149245128247
0.10150044130626655	0.20127667666463395
0.10238305383936452	0.19966931161147947
0.10326566637246248	0.1991155217926419
0.10414827890556046	0.1985546629567116
0.10503089143865843	0.19809356852866603
0.1059135039717564	0.19611030092998838
0.10679611650485436	0.19534601634033388
0.10767872903795234	0.19511249669616182
0.10856134157105031	0.1945630416793182
0.10944395410414828	0.19419972404340513
0.11032656663724624	0.19389204414021227
0.11120917917034422	0.19301169109249686
0.11209179170344219	0.19212168168995278
0.11297440423654016	0.1912460980032375
0.11385701676963812	0.1910171209929132
0.1147396293027361	0.1896664447851765
0.11562224183583407	0.1888663485468714
0.11650485436893204	0.18815456743885867
0.11738746690203	0.18765133524628616
0.11827007943512798	0.1874551905897367
0.11915269196822595	0.1867099620183301
0.12003530450132392	0.18547255123611484
0.1209179170344219	0.18499928594028245
0.12180052956751986	0.1832402010667244
0.12268314210061783	0.18236719718627364
0.1235657546337158	0.1809043588595049
0.12444836716681378	0.17895028252637726
0.12533097969991175	0.17799788468279806
0.1262135922330097	0.1776004482051753
0.12709620476610767	0.17704403965823673
0.12797881729920565	0.176528306350642
0.12886142983230361	0.17613396213419388
0.1297440423654016	0.1747783549361773
0.13062665489849956	0.17330196157856692
0.13150926743159752	0.17202036298163703
0.1323918799646955	0.17137148826611331
0.13327449249779347	0.17066063381387656
0.13415710503089143	0.17046151597729742
0.13503971756398941	0.16992730744575554
0.13592233009708737	0.16959435897716385
0.13680494263018536	0.16930577561838092
0.13768755516328332	0.16899324206946825
0.13857016769638128	0.1685945266262892
0.13945278022947927	0.167974219431088
0.14033539276257723	0.16739770240898103
0.1412180052956752	0.16593526257418661
0.14210061782877317	0.16533785313683602
0.14298323036187113	0.1646750774658205
0.14386584289496912	0.1644195567147348
0.14474845542806708	0.16352626890600233
0.14563106796116504	0.16247945182403334
0.14651368049426303	0.16156517813460147
0.147396293027361	0.1608674871759617
0.14827890556045895	0.1601126759411839
0.14916151809355693	0.15983748017613095
0.1500441306266549	0.15937987070272655
0.15092674315975288	0.15843804611119752
0.15180935569285084	0.15812255975664857
0.1526919682259488	0.15777206477582295
0.15357458075904679	0.15747092431751358
0.15445719329214475	0.15698407789888671
0.1553398058252427	0.15622188090792202
0.1562224183583407	0.1559149864875664
0.15710503089143865	0.15527267171722078
0.15798764342453664	0.1545112910326357
0.1588702559576346	0.1529020232128179
0.15975286849073256	0.15228281660075701
0.16063548102383055	0.15181254467231892
0.1615180935569285	0.15051854319603356
0.1624007060900265	0.14834039706274943
0.16328331862312445	0.14754671275796707
0.1641659311562224	0.14655938819802483
0.1650485436893204	0.14555291885416524
0.16593115622241836	0.14494868019194787
0.16681376875551632	0.1444203682264866
0.1676963812886143	0.143765412493211
0.16857899382171226	0.1424557796542741
0.16946160635481025	0.14022075515677895
0.1703442188879082	0.13942238167252022
0.17122683142100617	0.1386806335161393
0.17210944395410416	0.13848686276989888
0.17299205648720212	0.13821096744189165
0.17387466902030008	0.13729090362312507
0.17475728155339806	0.13542940714940002
0.17563989408649602	0.1353529780548538
0.176522506619594	0.1343848816620574
0.17740511915269197	0.13390147918817266
0.17828773168578993	0.13337172245797432
0.17917034421888792	0.13144261859471493
0.18005295675198588	0.1312256193340599
0.18093556928508384	0.13064878785634249
0.18181818181818182	0.1298209390452237
0.18270079435127978	0.12905528224078475
0.18358340688437777	0.12874741766276032
0.18446601941747573	0.12816480892289206
0.1853486319505737	0.1278094173339236
0.18623124448367168	0.12642436946519728
0.18711385701676964	0.1256326252607861
0.1879964695498676	0.12544048808346217
0.18887908208296558	0.1252056384870789
0.18976169461606354	0.12455672093923614
0.19064430714916153	0.12427040770167548
0.1915269196822595	0.1227571450786304
0.19240953221535745	0.1226324248370251
0.19329214474845544	0.12244075577386411
0.1941747572815534	0.1204527513953342
0.19505736981465135	0.12009029121631297
0.19593998234774934	0.11987249344745037
0.1968225948808473	0.1197847940811167
0.1977052074139453	0.11935034578288085
0.19858781994704325	0.11880715603124688
0.1994704324801412	0.11829622595820673
0.2003530450132392	0.1182086017422212
0.20123565754633715	0.11669550861628422
0.20211827007943514	0.1144613307000678
0.2030008826125331	0.11418358111007157
0.20388349514563106	0.11363702471818035
0.20476610767872905	0.11307723164983914
0.205648720211827	0.11299946287840522
0.20653133274492497	0.11241615368937205
0.20741394527802295	0.11146691680487139
0.2082965578111209	0.11126895957488894
0.2091791703442189	0.1110273073939094
0.21006178287731686	0.1100248761708825
0.21094439541041482	0.10927661972308599
0.2118270079435128	0.10898226152533808
0.21270962047661077	0.10845197793473906
0.21359223300970873	0.10784175166803417
0.2144748455428067	0.10769366472208117
0.21535745807590467	0.1075293487446183
0.21624007060900266	0.10740932819892725
0.21712268314210062	0.10627503339501151
0.21800529567519858	0.10534011569804429
0.21888790820829657	0.10412940340600232
0.21977052074139453	0.10368104390751061
0.22065313327449249	0.10273183742957104
0.22153574580759047	0.10227190091985712
0.22241835834068843	0.10197065828767274
0.22330097087378642	0.10170857009439996
0.22418358340688438	0.10141820050937932
0.22506619593998234	0.10102332099479763
0.22594880847308033	0.09986435666760486
0.22683142100617829	0.09947890391453205
0.22771403353927624	0.09916819118886312
0.22859664607237423	0.09862179195213273
0.2294792586054722	0.0984417539734486
0.23036187113857018	0.0980757596837856
0.23124448367166814	0.09755490780047198
0.2321270962047661	0.09622971776051659
0.23300970873786409	0.09500260119117986
0.23389232127096204	0.09456424978425623
0.23477493380406	0.09425588871395735
0.235657546337158	0.09204579414243022
0.23654015887025595	0.0918783156801923
0.23742277140335394	0.09136355136760851
0.2383053839364519	0.09117012079018524
0.23918799646954986	0.09068121858912147
0.24007060900264784	0.08925921922851912
0.2409532215357458	0.0879747366687573
0.2418358340688438	0.0879190199577155
0.24271844660194175	0.08790069010110171
0.2436010591350397	0.0877519361878904
0.2444836716681377	0.0865274932194938
0.24536628420123566	0.08578420329018935
0.24624889673433362	0.08549635402817268
0.2471315092674316	0.08539465010745463
0.24801412180052956	0.08399753228333724
0.24889673433362755	0.08378398069491341
0.2497793468667255	0.08324405675737213
0.2506619593998235	0.08263090490416439
0.25154457193292146	0.08262131381021154
0.2524271844660194	0.08181453437695307
0.2533097969991174	0.08149334570732658
0.25419240953221534	0.08118662767855117
0.25507502206531335	0.08036783144467043
0.2559576345984113	0.08009890150517983
0.25684024713150927	0.07961731581843173
0.25772285966460723	0.07879577060665602
0.2586054721977052	0.07862693562132507
0.2594880847308032	0.0782323092434767
0.26037069726390116	0.07648439279099202
0.2612533097969991	0.0761566329509957
0.2621359223300971	0.07584250251582461
0.26301853486319504	0.07568142280618335
0.263901147396293	0.07527555276155284
0.264783759929391	0.07480119580945543
0.265666372462489	0.07471215099790178
0.26654898499558694	0.07443477107854249
0.2674315975286849	0.07417048389613021
0.26831421006178285	0.07395666972938837
0.26919682259488087	0.07396011355531075
0.27007943512797883	0.07370121399913453
0.2709620476610768	0.07301159136512714
0.27184466019417475	0.07231705943211503
0.2727272727272727	0.07191146529186258
0.2736098852603707	0.07069668813538336
0.2744924977934687	0.06921732379926127
0.27537511032656664	0.06874734142299768
0.2762577228596646	0.06750997952451329
0.27714033539276256	0.06765444180104081
0.2780229479258605	0.06761202662278937
0.27890556045895853	0.06714060199192327
0.2797881729920565	0.06730235686749597
0.28067078552515445	0.06698670577117068
0.2815533980582524	0.06672716948945799
0.2824360105913504	0.06592997618732531
0.2833186231244484	0.06573698760263265
0.28420123565754635	0.06514944520651067
0.2850838481906443	0.06512023879564657
0.28596646072374227	0.06420488899271845
0.2868490732568402	0.06232090337853066
0.28773168578993824	0.06137056955197263
0.2886142983230362	0.059078466640691656
0.28949691085613416	0.057888777341487264
0.2903795233892321	0.05727314956435498
0.2912621359223301	0.05613254455130606
0.2921447484554281	0.05591058297926113
0.29302736098852605	0.05495641025018385
0.293909973521624	0.05459058705507946
0.294792586054722	0.05376445115055842
0.29567519858781993	0.05235821879343561
0.2965578111209179	0.05195729039988878
0.2974404236540159	0.05002544816321894
0.29832303618711387	0.04917255835061759
0.2992056487202118	0.04877893388389014
0.3000882612533098	0.04838089887050948
0.30097087378640774	0.048492319669008965
0.30185348631950576	0.048461468002405396
0.3027360988526037	0.04823128370715318
0.3036187113857017	0.04666419845079801
0.30450132391879964	0.04494745450560545
0.3053839364518976	0.04392342333321942
0.3062665489849956	0.043884553952716523
0.30714916151809357	0.043988380076637454
0.30803177405119153	0.04391525297894779
0.3089143865842895	0.04376877568577893
0.30979699911738745	0.04333361994074391
0.3106796116504854	0.042622619167236045
0.3115622241835834	0.04196413461699927
0.3124448367166814	0.0399021648996857
0.31332744924977934	0.03874997950305454
0.3142100617828773	0.03640466912976451
0.31509267431597526	0.03445409095222767
0.3159752868490733	0.033217098579397274
0.31685789938217124	0.033069512187700226
0.3177405119152692	0.03285872855649645
0.31862312444836716	0.032691987596797444
0.3195057369814651	0.032776901850295616
0.32038834951456313	0.03138795215997254
0.3212709620476611	0.030464979312884975
0.32215357458075905	0.030296517172422217
0.323036187113857	0.02953558524211282
0.32391879964695497	0.029290681121379544
0.324801412180053	0.02918840467990775
0.32568402471315094	0.028993882431629744
0.3265666372462489	0.02905851540398324
0.32744924977934686	0.02887284135238617
0.3283318623124448	0.028730418484821812
0.3292144748455428	0.02821969055513102
0.3300970873786408	0.027643265549754093
0.33097969991173876	0.02753900222277884
0.3318623124448367	0.02749636467424144
0.3327449249779347	0.026303279404976346
0.33362753751103263	0.02602108693236321
0.33451015004413065	0.025739330771841165
0.3353927625772286	0.022369760883212686
0.33627537511032657	0.02238748687096484
0.33715798764342453	0.022447186835954078
0.3380406001765225	0.022064614121218
0.3389232127096205	0.021942563075495445
0.33980582524271846	0.021383722590510166
0.3406884377758164	0.021231231278512036
0.3415710503089144	0.021276232502761044
0.34245366284201234	0.02131929422805469
0.3433362753751103	0.017418331077753896
0.3442188879082083	0.017465280757208757
0.3451015004413063	0.017479956907480103
0.34598411297440423	0.017527200034257076
0.3468667255075022	0.01652182130584547
0.34774933804060015	0.016323458487732118
0.34863195057369817	0.016152635565739912
0.34951456310679613	0.015861800196838135
0.3503971756398941	0.015865386117665796
0.35127978817299205	0.014669068161080122
0.35216240070609	0.014705375583565569
0.353045013239188	0.014657518478937934
0.353927625772286	0.014586829942050253
0.35481023830538394	0.014567487563112899
0.3556928508384819	0.014603695037871237
0.35657546337157986	0.01462553774609191
0.3574580759046778	0.014653176764433968
0.35834068843777583	0.014423446160098437
0.3592233009708738	0.014253873109422738
0.36010591350397175	0.014174701544578831
0.3609885260370697	0.013918321499650185
0.36187113857016767	0.013737621492248225
0.3627537511032657	0.013757096442562696
0.36363636363636365	0.013482004082180803
0.3645189761694616	0.013445586641313234
0.36540158870255957	0.013424106296952261
0.3662842012356575	0.012809576211391277
0.36716681376875554	0.012841461340083786
0.3680494263018535	0.012818455335419837
0.36893203883495146	0.012848484896309244
0.3698146513680494	0.012014163725936059
0.3706972639011474	0.011891720048049339
0.3715798764342454	0.011904626797026937
0.37246248896734335	0.011833881229846391
0.3733451015004413	0.011021426575317152
0.37422771403353927	0.010239599370783512
0.37511032656663723	0.010264570148696533
0.3759929390997352	0.00979361685310821
0.3768755516328332	0.009803853836338597
0.37775816416593117	0.009639972509620405
0.3786407766990291	0.009667397751468543
0.3795233892321271	0.00969494019520492
0.38040600176522504	0.009598352481704998
0.38128861429832306	0.009549869235590742
0.382171226831421	0.0092816020721259
0.383053839364519	0.0093081969204701
0.38393645189761694	0.00927324204406772
0.3848190644307149	0.007029427540297349
0.3857016769638129	0.007045521485422825
0.38658428949691087	0.006916915479868384
0.38746690203000883	0.006293412442594608
0.3883495145631068	0.006165753734754985
0.38923212709620475	0.005674487764405148
0.3901147396293027	0.005686740836177643
0.3909973521624007	0.005596548874140805
0.3918799646954987	0.005558250568713958
0.39276257722859664	0.005498753105892294
0.3936451897616946	0.005473468580270839
0.39452780229479256	0.005406919353526095
0.3954104148278906	0.005414191901258056
0.39629302736098854	0.005337646106249461
0.3971756398940865	0.005334335481757303
0.39805825242718446	0.005334068567044846
0.3989408649602824	0.005335360643406705
0.39982347749338043	0.005265328634036875
0.4007060900264784	0.005266379219485623
0.40158870255957635	0.005232786360810768
0.4024713150926743	0.005167251954002523
0.40335392762577227	0.005148958706815311
0.4042365401588703	0.005159841428552204
0.40511915269196824	0.004942400415705905
0.4060017652250662	0.0049128871996502645
0.40688437775816416	0.0046650095980119675
0.4077669902912621	0.004516532741503189
0.4086496028243601	0.004530035081537578
0.4095322153574581	0.004418335173752524
0.41041482789055606	0.004431583555083117
0.411297440423654	0.004427257788077314
0.412180052956752	0.004198769574709387
0.41306266548984993	0.004211416471018753
0.41394527802294795	0.004173339287892486
0.4148278905560459	0.0041681001582437975
0.41571050308914387	0.004155573510917158
0.4165931156222418	0.003737403557235749
0.4174757281553398	0.003725371336765994
0.4183583406884378	0.003705792162789253
0.41924095322153576	0.0036870018209624704
0.4201235657546337	0.003647429672042641
0.4210061782877317	0.0036500333795995515
0.42188879082082964	0.003654192269641514
0.4227714033539276	0.003660701121959658
0.4236540158870256	0.0036312948000628105
0.4245366284201236	0.0036424508516759066
0.42541924095322153	0.0035417284541708325
0.4263018534863195	0.0033390517269858183
0.42718446601941745	0.003339449828706797
0.42806707855251547	0.0033338715192999845
0.4289496910856134	0.0033322302929348485
0.4298323036187114	0.0033377628283668974
0.43071491615180935	0.0033433136831230083
0.4315975286849073	0.003339223258830491
0.4324801412180053	0.0033496258234997447
0.4333627537511033	0.00332686702297561
0.43424536628420124	0.003325075494902907
0.4351279788172992	0.003246015620942258
0.43601059135039716	0.0032398386037987437
0.4368932038834951	0.003250010781518677
0.43777581641659313	0.0030670085059765527
0.4386584289496911	0.0030480280873981733
0.43954104148278905	0.0030526754846782744
0.440423654015887	0.0029957609591918307
0.44130626654898497	0.0030002419152938176
0.442188879082083	0.003004736252644945
0.44307149161518095	0.003014275097891437
0.4439541041482789	0.003012335309254085
0.44483671668137686	0.002895820449211245
0.4457193292144748	0.0029050575160348853
0.44660194174757284	0.0027897049688021583
0.4474845542806708	0.002762423292007971
0.44836716681376876	0.0027661490076874846
0.4492497793468667	0.002775029100810077
0.4501323918799647	0.0026120202263281472
0.4510150044130627	0.0023837189206808904
0.45189761694616065	0.0023740932187246776
0.4527802294792586	0.0023765526371185976
0.45366284201235657	0.002273429064604944
0.45454545454545453	0.0022535236823761078
0.4554280670785525	0.0022445276190619255
0.4563106796116505	0.0022465476222999266
0.45719329214474846	0.002132645564758068
0.4580759046778464	0.0020864661214093495
0.4589585172109444	0.0020799568491728605
0.45984112974404234	0.002078742369490426
0.46072374227714036	0.002021164690263995
0.4616063548102383	0.0019922697561395816
0.4624889673433363	0.0019853196885216626
0.46337157987643424	0.0018904731969957877
0.4642541924095322	0.0018586525633029324
0.4651368049426302	0.0018466132327518497
0.46601941747572817	0.0018183381940154993
0.46690203000882613	0.001818877859206022
0.4677846425419241	0.001800127664162971
0.46866725507502205	0.0017950623348050685
0.46954986760812	0.0017954995642183677
0.470432480141218	0.0017513183347907897
0.471315092674316	0.001703667603355489
0.47219770520741394	0.0016935022834083356
0.4730803177405119	0.0016851328122448825
0.47396293027360986	0.0016474643548694634
0.4748455428067079	0.0016473525437110859
0.47572815533980584	0.0016377674331581008
0.4766107678729038	0.001630956721597529
0.47749338040600176	0.0016259960105137754
0.4783759929390997	0.0016123886819920524
0.47925860547219773	0.0016121084559402863
0.4801412180052957	0.0016031548038408483
0.48102383053839365	0.0016086170007874952
0.4819064430714916	0.0016082929034769507
0.48278905560458957	0.001607957205226827
0.4836716681376876	0.0016076097925412966
0.48455428067078554	0.0015901174727744871
0.4854368932038835	0.001562418864500169
0.48631950573698146	0.0015513347308865138
0.4872021182700794	0.001532053619121098
0.4880847308031774	0.0015313901154530034
0.4889673433362754	0.0015366890431881349
0.48984995586937335	0.00153302018126039
0.4907325684024713	0.001532325451844513
0.4916151809355693	0.0015044427191166297
0.49249779346866723	0.001509684679810416
0.49338040600176525	0.0015149540853245883
0.4942630185348632	0.0014592301241515878
0.49514563106796117	0.00144219469963778
0.4960282436010591	0.001431892632924984
0.4969108561341571	0.0014276758093241283
0.4977934686672551	0.0014198106035156436
0.49867608120035306	0.0013576313850179246
0.499558693733451	0.0013343844714084196
0.500441306266549	0.0013328538520070447
0.501323918799647	0.0013313040021757762
0.502206531332745	0.0012773515740145862
0.5030891438658429	0.0012818973091534283
0.5039717563989409	0.0012864673530363282
0.5048543689320388	0.00127620745267804
0.5057369814651368	0.0012743845301984827
0.5066195939982348	0.001262922568248899
0.5075022065313327	0.0012674572991941374
0.5083848190644307	0.0012591004395765247
0.5092674315975286	0.001247434484844556
0.5101500441306267	0.0012270031764616595
0.5110326566637247	0.0012058719205819686
0.5119152691968226	0.001200413205091245
0.5127978817299206	0.001198194762267988
0.5136804942630185	0.0012025518341307806
0.5145631067961165	0.0011936854887674552
0.5154457193292145	0.0011980420051498181
0.5163283318623124	0.001192414274721217
0.5172109443954104	0.0011967820925773386
0.5180935569285083	0.0012011739534675307
0.5189761694616064	0.001198844216585716
0.5198587819947044	0.0012032598490593284
0.5207413945278023	0.0011975064502026229
0.5216240070609003	0.001179197559073557
0.5225066195939982	0.001183564957440496
0.5233892321270962	0.0011522251998442473
0.5242718446601942	0.0011496115850868902
0.5251544571932921	0.0011538931924801375
0.5260370697263901	0.0011512502663590797
0.526919682259488	0.0011323057609150507
0.527802294792586	0.0011295460114109698
0.5286849073256841	0.0011267575942829435
0.529567519858782	0.0011309935250885185
0.53045013239188	0.0011352533877065543
0.531332744924978	0.0011253242369328072
0.5322153574580759	0.0011117451938509823
0.5330979699911739	0.0011159563498882967
0.5339805825242718	0.0011201914783508708
0.5348631950573698	0.0011172358063794633
0.5357458075904677	0.0011070070613796849
0.5366284201235657	0.001091360717314916
0.5375110326566638	0.0010955341808610534
0.5383936451897617	0.0010643233726242895
0.5392762577228597	0.0010684090669529816
0.5401588702559577	0.0010725183325951085
0.5410414827890556	0.0010535546662714297
0.5419240953221536	0.0010576224449056822
0.5428067078552515	0.0010374425268042295
0.5436893203883495	0.001041463621869362
0.5445719329214475	0.0010342189107147343
0.5454545454545454	0.001030687670784381
0.5463371579876434	0.0010271210523787498
0.5472197705207414	0.0010120969379467193
0.5481023830538394	0.0010007695287018923
0.5489849955869374	0.0009618459255848463
0.5498676081200353	0.000965625280891663
0.5507502206531333	0.0009616921656895054
0.5516328331862312	0.0009654858231478466
0.5525154457193292	0.0009615059782283867
0.5533980582524272	0.0009457467485879027
0.5542806707855251	0.00094949971187595
0.5551632833186231	0.000896735986199207
0.556045895851721	0.0009003086395306779
0.5569285083848191	0.0009039026859958703
0.5578111209179171	0.0008955422488356622
0.558693733451015	0.0008830995323981297
0.559576345984113	0.000878597891901608
0.560458958517211	0.0008821334971004072
0.5613415710503089	0.0008856904870080701
0.5622241835834069	0.0008811230585424136
0.5631067961165048	0.0008846903583745691
0.5639894086496028	0.0008882793659136139
0.5648720211827007	0.0008836447390843078
0.5657546337157988	0.0008665463436711762
0.5666372462488968	0.0008700832675228952
0.5675198587819947	0.0008527746476913875
0.5684024713150927	0.0008562696257556965
0.5692850838481907	0.0008597861334590053
0.5701676963812886	0.0008351571588319631
0.5710503089143866	0.0008386011058786929
0.5719329214474845	0.0008420663997046378
0.5728155339805825	0.0008455532170947191
0.5736981465136805	0.0008490617366677263
0.5745807590467784	0.0008525921388991929
0.5754633715798765	0.0008561446061446063
0.5763459841129744	0.0008597193226629553
0.5772285966460724	0.0008545814006982236
0.5781112091791704	0.000845007002739694
0.5789938217122683	0.0008485574523310373
0.5798764342453663	0.0008432846822939703
0.5807590467784642	0.0008246354282330299
0.5816416593115622	0.0008281222587963831
0.5825242718446602	0.0008316312514184017
0.5834068843777581	0.0008216680461093719
0.5842894969108562	0.0008251645058800501
0.5851721094439541	0.0008196101559073932
0.5860547219770521	0.0007790716745940627
0.5869373345101501	0.0007732571972400666
0.587819947043248	0.0007673856503478509
0.588702559576346	0.0007706862337902072
0.589585172109444	0.0007647385984427142
0.5904677846425419	0.0007587324048558873
0.5913503971756399	0.0007526670593625237
0.5922330097087378	0.0007418467288315445
0.5931156222418358	0.0007356408563614071
0.5939982347749339	0.0007388462631429384
0.5948808473080318	0.000718288285717004
0.5957634598411298	0.0007214317793087633
0.5966460723742277	0.0007245959537794158
0.5975286849073257	0.0007277809909388857
0.5984112974404237	0.0007309870745994094
0.5992939099735216	0.0007099026558139083
0.6001765225066196	0.000703276094473422
0.6010591350397175	0.0007063948354688696
0.6019417475728155	0.0007095343680709534
0.6028243601059136	0.0007126948775055679
0.6037069726390115	0.0007158765510658606
0.6045895851721095	0.0007190795781399808
0.6054721977052074	0.0007223041502392632
0.6063548102383054	0.0007255504610268554
0.6072374227714034	0.0007288187063467963
0.6081200353045013	0.0007066886299391943
0.6090026478375993	0.0007098863160475165
0.6098852603706972	0.0007131057551225618
0.6107678729037952	0.0007060399917542774
0.6116504854368932	0.0007092565748602196
0.6125330979699912	0.0007020937997316442
0.6134157105030892	0.0006948580504268413
0.6142983230361871	0.0006980454726765058
0.6151809355692851	0.0007012548771485816
0.6160635481023831	0.0006885957942687642
0.616946160635481	0.0006917763753046477
0.617828773168579	0.0006949790437088359
0.6187113857016769	0.0006731402709747644
0.6195939982347749	0.0006762711559560423
0.6204766107678729	0.0006794239352378887
0.6213592233009708	0.0006462903659165342
0.6222418358340689	0.000649317487068368
0.6231244483671668	0.0006413709946381385
0.6240070609002648	0.0006443892110834944
0.6248896734333628	0.0006474287828338883
0.6257722859664607	0.0006504899118307388
0.6266548984995587	0.0006535728024081358
0.6275375110326566	0.0006454203299899059
0.6284201235657546	0.0006315273536176149
0.6293027360988526	0.0006061294844111073
0.6301853486319505	0.0006090296254848447
0.6310679611650486	0.0005737037164526751
0.6319505736981466	0.0005764619073971592
0.6328331862312445	0.0005792400370713623
0.6337157987643425	0.000570397532157616
0.6345984112974404	0.0005731597478097109
0.6354810238305384	0.0005759420766825737
0.6363636363636364	0.0005787447145253113
0.6372462488967343	0.0005815678594742152
0.6381288614298323	0.000536704633550003
0.6390114739629302	0.0005273503044249485
0.6398940864960282	0.0005299417064122947
0.6407766990291263	0.0005325522566901877
0.6416593115622242	0.0005351821443775466
0.6425419240953222	0.0005378315609338712
0.6434245366284201	0.0005405007001940889
0.6443071491615181	0.0005431897584040098
0.6451897616946161	0.0005458989342563988
0.646072374227714	0.0005486284289276808
0.646954986760812	0.0005513784461152882
0.6478375992939099	0.000541554892255765
0.6487202118270079	0.0005316253813146336
0.649602824360106	0.0005343103579879398
0.6504854368932039	0.000505050505050505
0.6513680494263019	0.0005076142131979696
0.6522506619593998	0.000510197491636636
0.6531332744924978	0.0005128005400633536
0.6540158870255958	0.0005023748629886738
0.6548984995586937	0.0005049511443373335
0.6557811120917917	0.0004943642475776152
0.6566637246248896	0.0004969125168950255
0.6575463371579876	0.0004994805402381523
0.6584289496910856	0.0005020685223119251
0.6593115622241836	0.0004912186259336519
0.6601941747572816	0.0004937770562770563
0.6610767872903796	0.0004963555265448216
0.6619593998234775	0.0004989542465790877
0.6628420123565755	0.0005015734289758283
0.6637246248896734	0.00046967813233872083
0.6646072374227714	0.0004721566449104291
0.6654898499558694	0.000460694392092809
0.6663724624889673	0.00046313839417287694
0.6672550750220653	0.00046560189626954117
0.6681376875551632	0.00045390070921985816
0.6690203000882613	0.00045632798573975043
0.6699029126213593	0.0004587747845909019
0.6707855251544572	0.000461241315690853
0.6716681376875552	0.00042749905805292295
0.6725507502206531	0.0004298098637721279
0.6734333627537511	0.00043213945652970044
0.6743159752868491	0.00043448804053257926
0.675198587819947	0.000436855822769814
0.676081200353045	0.0004243534193951847
0.6769638128861429	0.00042667864361104873
0.677846425419241	0.0004139695920517838
0.678729037952339	0.00040111403747767385
0.6796116504854369	0.0004033301371322466
0.6804942630185349	0.0003902603265943282
0.6813768755516328	0.00039242843951985227
0.6822594880847308	0.0003946146703806871
0.6831421006178288	0.00039681922161186414
0.6840247131509267	0.0003990422984836393
0.6849073256840247	0.0004012841091492777
0.6857899382171226	0.00040354486469378065
0.6866725507502206	0.00040582477918357606
0.6875551632833187	0.00040812406971719404
0.6884377758164166	0.00039434715426216844
0.6893203883495146	0.0003804066304066304
0.6902030008826125	0.00038258038258038256
0.6910856134157105	0.00038477282030290624
0.6919682259488085	0.00037051674735698054
0.6928508384819064	0.0003726522905694127
0.6937334510150044	0.0003748063500524729
0.6946160635481023	0.0003769791404875597
0.6954986760812003	0.00037917087967644087
0.6963812886142984	0.000381381788595837
0.6972639011473963	0.0003836120914531226
0.6981465136804943	0.0003858620157431702
0.6990291262135923	0.0003881317923063654
0.6999117387466902	0.00039042165538781884
0.7007943512797882	0.00039273184269780596
0.7016769638128861	0.0003950625954734606
0.7025595763459841	0.0003797513070510103
0.703442188879082	0.0003820184790334044
0.70432480141218	0.0003843060148359996
0.705207413945278	0.0003866141590692489
0.706090026478376	0.0003889431600274974
0.706972639011474	0.0003912932697557602
0.707855251544572	0.0003936647441179163
0.7087378640776699	0.0003960578428663535
0.7096204766107679	0.0003984728297130996
0.7105030891438658	0.0004009099724024763
0.7113857016769638	0.0004033695427853136
0.7122683142100618	0.00038697498820198205
0.7131509267431597	0.00038936372269705605
0.7140335392762577	0.0003917746435806291
0.7149161518093556	0.00037497836663269424
0.7157987643424537	0.00037731468044348987
0.7166813768755517	0.0003796728971962617
0.7175639894086496	0.00038205329153605017
0.7184466019417476	0.0003351668933972122
0.7193292144748455	0.0003372815110211694
0.7202118270079435	0.0003394162041288983
0.7210944395410415	0.0003214788024914607
0.7219770520741394	0.00030330603579011223
0.7228596646072374	0.00030524409352679024
0.7237422771403353	0.0003072007864340133
0.7246248896734334	0.0003091763541924314
0.7255075022065314	0.00031117104034851154
0.7263901147396293	0.00031318509238960227
0.7272727272727273	0.00031521876182070356
0.7281553398058253	0.0003172723042429883
0.7290379523389232	0.00031934597943411895
0.7299205648720212	0.0003214400514304082
0.7308031774051191	0.0003019844693701467
0.7316857899382171	0.0003039777661976724
0.732568402471315	0.00030599086398706095
0.733451015004413	0.00030802402587401816
0.7343336275375111	0.000310077519379845
0.735216240070609	0.0002898550724637681
0.736098852603707	0.0002918004085205719
0.736981465136805	0.0002937653944365354
0.7378640776699029	0.00029575029575029573
0.7387466902030009	0.0002977553825011452
0.7396293027360988	0.0002997809293208809
0.7405119152691968	0.0003018272155278494
0.7413945278022948	0.0002805180232829959
0.7422771403353927	0.00028244598220590313
0.7431597528684908	0.00028439388553146107
0.7440423654015887	0.0002863620093067653
0.7449249779346867	0.0002883506343713956
0.7458075904677847	0.0002661633759194735
0.7466902030008826	0.0002680246582685607
0.7475728155339806	0.0002699055330634278
0.7484554280670785	0.0002718062762540153
0.7493380406001765	0.0002737271686657045
0.7502206531332745	0.0002756684961030499
0.7511032656663724	0.0002776305494560965
0.7519858781994704	0.00027961362480935433
0.7528684907325685	0.0002560163850486431
0.7537511032656664	0.00025785822954539595
0.7546337157987644	0.00025972002181648185
0.7555163283318623	0.0002616020509600795
0.7563989408649603	0.00023715415019762845
0.7572815533980582	0.00023888520238885203
0.7581641659311562	0.0002406352771316275
0.7590467784642542	0.00024240465416936006
0.7599293909973521	0.0002441936184067723
0.7608120035304501	0.0002460024600246002
0.7616946160635482	0.00024783147459727387
0.7625772285966461	0.00022193863396770792
0.7634598411297441	0.00022360109564536866
0.764342453662842	0.00022528230689082256
0.76522506619594	0.00022698255071641366
0.766107678729038	0.00022870211549456832
0.7669902912621359	0.00023044129508007836
0.7678729037952339	0.00023220038893565146
0.7687555163283318	0.00023397970226082888
0.7696381288614298	0.0002357795461243737
0.7705207413945278	0.0002376002376002376
0.7714033539276258	0.00023944209990721618
0.7722859664607238	0.00024130546255240852
0.7731685789938217	0.00024319066147859923
0.7740511915269197	0.00024509803921568627
0.7749338040600177	0.0002470279450362822
0.7758164165931156	0.00024898073511562044
0.7766990291262136	0.0002509567726959031
0.7775816416593115	0.000252956428255233
0.7784642541924095	0.0002549800796812749
0.7793468667255075	0.0002570281124497992
0.7802294792586054	0.0002591009198082653
0.7811120917917035	0.0002611989029646076
0.7819947043248014	0.00026332247128139295
0.7828773168578994	0.0002654720424755268
0.7837599293909974	0.00026764804282368687
0.7846425419240953	0.00026985090737367606
0.7855251544571933	0.0002720810801618882
0.7864077669902912	0.00027433901443709065
0.7872903795233892	0.00027662517289073305
0.7881729920564872	0.0002789400278940028
0.7890556045895851	0.00028128406174185157
0.7899382171226832	0.00028365776690423005
0.7908208296557812	0.0002860616462847744
0.7917034421888791	0.000288496213487198
0.7925860547219771	0.0002909619930896527
0.793468667255075	0.00029345952092733207
0.794351279788173	0.0002959893443836022
0.795233892321271	0.0002985520226899537
0.7961165048543689	0.00030114812723508374
0.7969991173874669	0.0003037782418834251
0.7978817299205648	0.00030644296330345516
0.7987643424536628	0.00030914290130612873
0.7996469549867609	0.0003118786791937936
0.8005295675198588	0.00031465093411996067
0.8014121800529568	0.00031746031746031746
0.8022947925860547	0.00032030749519538755
0.8031774051191527	0.00028279400476709894
0.8040600176522507	0.00028535322652969714
0.8049426301853486	0.00024681201151789385
0.8058252427184466	0.00024906600249066
0.8067078552515445	0.00025135101168782207
0.8075904677846425	0.0002536676108738849
0.8084730803177406	0.0002560163850486431
0.8093556928508385	0.00025839793281653745
0.8102383053839365	0.0002608128667680939
0.8111209179170344	0.00026326181387389757
0.8120035304501324	0.00026574541589157585
0.8128861429832304	0.00026826432978628275
0.8137687555163283	0.00022568269013766644
0.8146513680494263	0.000227842333105491
0.8155339805825242	0.00023003312476996689
0.8164165931156222	0.00023225566703827572
0.8172992056487202	0.00023451057642699685
0.8181818181818182	0.00023679848448969926
0.8190644307149162	0.00023912003825920613
0.8199470432480142	0.00019318072056408772
0.8208296557811121	0.00019509340096571234
0.8217122683142101	0.00019703462883601794
0.822594880847308	0.0001990049751243781
0.823477493380406	0.00020100502512562814
0.824360105913504	0.0002030353789147759
0.8252427184466019	0.00020509665179715942
0.8261253309796999	0.00020718947477468144
0.8270079435127978	0.00020931449502878074
0.8278905560458959	0.00021147237642083004
0.8287731685789939	0.0002136638000106832
0.8296557811120918	0.0002158894645941278
0.8305383936451898	0.0002181500872600349
0.8314210061782877	0.00022044640396803528
0.8323036187113857	0.0002227791701475912
0.8331862312444837	0.00022514916131937407
0.8340688437775816	0.00022755717373990216
0.8349514563106796	0.00023000402507043874
0.8358340688437775	0.00023249055507120023
0.8367166813768756	0.00023501762632197415
0.8375992939099736	0.0001781895937277263
0.8384819064430715	0.0001801477211313277
0.8393645189761695	0.00018213830368526501
0.8402471315092674	0.00018416206261510129
0.8411297440423654	0.00018621973929236498
0.8420123565754634	0.00012554139727575167
0.8428949691085613	0.00012695994413762458
0.8437775816416593	0.00012840267077555214
0.8446601941747572	0.00012987012987012987
0.8455428067078552	6.568144499178982e-05
0.8464254192409533	6.644076805527871e-05
0.8473080317740512	6.721333512568894e-05
0.8481906443071492	6.799945600435197e-05
0.8490732568402471	0.0
0.8499558693733451	0.0
0.8508384819064431	0.0
0.851721094439541	0.0
0.852603706972639	0.0
0.853486319505737	0.0
0.8543689320388349	0.0
0.855251544571933	0.0
0.8561341571050309	0.0
0.8570167696381289	0.0
0.8578993821712269	0.0
0.8587819947043248	0.0
0.8596646072374228	0.0
0.8605472197705207	0.0
0.8614298323036187	0.0
0.8623124448367167	0.0
0.8631950573698146	0.0
0.8640776699029126	0.0
0.8649602824360106	0.0
0.8658428949691086	0.0
0.8667255075022066	0.0
0.8676081200353045	0.0
0.8684907325684025	0.0
0.8693733451015004	0.0
0.8702559576345984	0.0
0.8711385701676964	0.0
0.8720211827007943	0.0
0.8729037952338923	0.0
0.8737864077669902	0.0
0.8746690203000883	0.0
0.8755516328331863	0.0
0.8764342453662842	0.0
0.8773168578993822	0.0
0.8781994704324801	0.0
0.8790820829655781	0.0
0.8799646954986761	0.0
0.880847308031774	0.0
0.881729920564872	0.0
0.8826125330979699	0.0
0.883495145631068	0.0
0.884377758164166	0.0
0.8852603706972639	0.0
0.8861429832303619	0.0
0.8870255957634599	0.0
0.8879082082965578	0.0
0.8887908208296558	0.0
0.8896734333627537	0.0
0.8905560458958517	0.0
0.8914386584289496	0.0
0.8923212709620476	0.0
0.8932038834951457	0.0
0.8940864960282436	0.0
0.8949691085613416	0.0
0.8958517210944396	0.0
0.8967343336275375	0.0
0.8976169461606355	0.0
0.8984995586937334	0.0
0.8993821712268314	0.0
0.9002647837599294	0.0
0.9011473962930273	0.0
0.9020300088261254	0.0
0.9029126213592233	0.0
0.9037952338923213	0.0
0.9046778464254193	0.0
0.9055604589585172	0.0
0.9064430714916152	0.0
0.9073256840247131	0.0
0.9082082965578111	0.0
0.9090909090909091	0.0
0.909973521624007	0.0
0.910856134157105	0.0
0.911738746690203	0.0
0.912621359223301	0.0
0.913503971756399	0.0
0.9143865842894969	0.0
0.9152691968225949	0.0
0.9161518093556928	0.0
0.9170344218887908	0.0
0.9179170344218888	0.0
0.9187996469549867	0.0
0.9196822594880847	0.0
0.9205648720211828	0.0
0.9214474845542807	0.0
0.9223300970873787	0.0
0.9232127096204766	0.0
0.9240953221535746	0.0
0.9249779346866726	0.0
0.9258605472197705	0.0
0.9267431597528685	0.0
0.9276257722859664	0.0
0.9285083848190644	0.0
0.9293909973521624	0.0
0.9302736098852604	0.0
0.9311562224183584	0.0
0.9320388349514563	0.0
0.9329214474845543	0.0
0.9338040600176523	0.0
0.9346866725507502	0.0
0.9355692850838482	0.0
0.9364518976169461	0.0
0.9373345101500441	0.0
0.9382171226831421	0.0
0.93909973521624	0.0
0.9399823477493381	0.0
0.940864960282436	0.0
0.941747572815534	0.0
0.942630185348632	0.0
0.9435127978817299	0.0
0.9443954104148279	0.0
0.9452780229479258	0.0
0.9461606354810238	0.0
0.9470432480141218	0.0
0.9479258605472197	0.0
0.9488084730803178	0.0
0.9496910856134158	0.0
0.9505736981465137	0.0
0.9514563106796117	0.0
0.9523389232127096	0.0
0.9532215357458076	0.0
0.9541041482789056	0.0
0.9549867608120035	0.0
0.9558693733451015	0.0
0.9567519858781994	0.0
0.9576345984112974	0.0
0.9585172109443955	0.0
0.9593998234774934	0.0
0.9602824360105914	0.0
0.9611650485436893	0.0
0.9620476610767873	0.0
0.9629302736098853	0.0
0.9638128861429832	0.0
0.9646954986760812	0.0
0.9655781112091791	0.0
0.9664607237422771	0.0
0.9673433362753752	0.0
0.9682259488084731	0.0
0.9691085613415711	0.0
0.969991173874669	0.0
0.970873786407767	0.0
0.971756398940865	0.0
0.9726390114739629	0.0
0.9735216240070609	0.0
0.9744042365401588	0.0
0.9752868490732568	0.0
0.9761694616063548	0.0
0.9770520741394528	0.0
0.9779346866725508	0.0
0.9788172992056487	0.0
0.9796999117387467	0.0
0.9805825242718447	0.0
0.9814651368049426	0.0
0.9823477493380406	0.0
0.9832303618711385	0.0
0.9841129744042365	0.0
0.9849955869373345	0.0
0.9858781994704324	0.0
0.9867608120035305	0.0
0.9876434245366285	0.0
0.9885260370697264	0.0
0.9894086496028244	0.0
0.9902912621359223	0.0
0.9911738746690203	0.0
0.9920564872021183	0.0
0.9929390997352162	0.0
0.9938217122683142	0.0
0.9947043248014121	0.0
0.9955869373345102	0.0
0.9964695498676082	0.0
0.9973521624007061	0.0
0.9982347749338041	0.0
0.999117387466902	0.0
1.0	0.0
