Fraction_of_nodes	Efficiency
0.00088261253309797	0.2982569285167644
0.00176522506619594	0.2976350897947218
0.00264783759929391	0.29654248582716175
0.00353045013239188	0.29571320247132293
0.00441306266548985	0.294903890701141
0.00529567519858782	0.2943613826726439
0.00617828773168579	0.2939464490126384
0.00706090026478376	0.29289562032887023
0.00794351279788173	0.2915312058291418
0.0088261253309797	0.29121692013202605
0.009708737864077669	0.2907436477696128
0.01059135039717564	0.28945069430644693
0.01147396293027361	0.287858558192058
0.01235657546337158	0.2876261148717862
0.01323918799646955	0.28738525897195805
0.01412180052956752	0.28682344748069166
0.01500441306266549	0.28670190623261466
0.01588702559576346	0.28645931021491494
0.01676963812886143	0.2845345286711168
0.0176522506619594	0.2843024425293967
0.018534863195057368	0.283854076570336
0.019417475728155338	0.2837203025335103
0.02030008826125331	0.2834067546885245
0.02118270079435128	0.28321206631052026
0.02206531332744925	0.2829937763032356
0.02294792586054722	0.28244319533951917
0.02383053839364519	0.2819934322331416
0.02471315092674316	0.28120389627568987
0.02559576345984113	0.28058877554743633
0.0264783759929391	0.2795615845048359
0.02736098852603707	0.278359476474678
0.02824360105913504	0.27752633772682367
0.02912621359223301	0.27655089436050717
0.03000882612533098	0.2761773787066472
0.03089143865842895	0.275881323568177
0.03177405119152692	0.2756800310782874
0.03265666372462489	0.27528567976702717
0.03353927625772286	0.27439609517066815
0.03442188879082083	0.2741802579503828
0.0353045013239188	0.27387035444003893
0.03618711385701677	0.2737960619411124
0.037069726390114736	0.27258484867233956
0.03795233892321271	0.2718336889706423
0.038834951456310676	0.271466768527465
0.03971756398940865	0.27146559060794656
0.04060017652250662	0.2705992572382883
0.04148278905560459	0.27057577620436546
0.04236540158870256	0.2696301015366295
0.04324801412180053	0.268708909340728
0.0441306266548985	0.2677539789435143
0.04501323918799647	0.267437726775624
0.04589585172109444	0.265152726183017
0.04677846425419241	0.2649938377869357
0.04766107678729038	0.2646497752738064
0.04854368932038835	0.2636573716918541
0.04942630185348632	0.2636284669593317
0.05030891438658429	0.26225288485092507
0.05119152691968226	0.26149001569560043
0.05207413945278023	0.26103656082184373
0.0529567519858782	0.26015212100396795
0.05383936451897617	0.25797406027288644
0.05472197705207414	0.2572858343773174
0.05560458958517211	0.2571877064669081
0.05648720211827008	0.25702335684211425
0.05736981465136805	0.2563821626566599
0.05825242718446602	0.25627048823758897
0.05913503971756399	0.2557050901076893
0.06001765225066196	0.2553513681664805
0.06090026478375993	0.25421080110551336
0.0617828773168579	0.2527032471322641
0.06266548984995587	0.25212369215832403
0.06354810238305383	0.2512765551175115
0.06443071491615181	0.25098340470127517
0.06531332744924978	0.24997700625642386
0.06619593998234775	0.24966393402079226
0.06707855251544571	0.24950268341699436
0.06796116504854369	0.24906948490974923
0.06884377758164166	0.24860709457501073
0.06972639011473963	0.24699810598698793
0.0706090026478376	0.245384031623804
0.07149161518093557	0.24397866383015024
0.07237422771403354	0.24382013027409996
0.07325684024713151	0.2426954843813937
0.07413945278022947	0.24231826336089501
0.07502206531332745	0.24219643987126813
0.07590467784642542	0.2417495325707655
0.07678729037952339	0.24125916724312438
0.07766990291262135	0.2389356365795231
0.07855251544571933	0.23758060035450068
0.0794351279788173	0.237146136157351
0.08031774051191527	0.23664968740749984
0.08120035304501325	0.2366283065867466
0.0820829655781112	0.23394667785588982
0.08296557811120918	0.23366721090766027
0.08384819064430715	0.23366588841704608
0.08473080317740513	0.23269907357576888
0.08561341571050309	0.23243324291617465
0.08649602824360106	0.23212139233108522
0.08737864077669903	0.2308951755214203
0.088261253309797	0.2303092761692501
0.08914386584289496	0.22999909326355336
0.09002647837599294	0.22856973429326652
0.09090909090909091	0.2278330570954364
0.09179170344218888	0.22762163037004124
0.09267431597528684	0.227286072655155
0.09355692850838482	0.22714672754970577
0.09443954104148279	0.22653201658302913
0.09532215357458076	0.22646232049231843
0.09620476610767872	0.2264263155279808
0.0970873786407767	0.22607156741342704
0.09796999117387467	0.22575595043897403
0.09885260370697264	0.22531971532896042
0.0997352162400706	0.22411871301916433
0.10061782877316858	0.2238889637151114
0.10150044130626655	0.22368046987171142
0.10238305383936452	0.2230598863822206
0.10326566637246248	0.22248874140240046
0.10414827890556046	0.22204172548552273
0.10503089143865843	0.22184214398624816
0.1059135039717564	0.22148649989555158
0.10679611650485436	0.22057668907706818
0.10767872903795234	0.22031923398756487
0.10856134157105031	0.21959841545642972
0.10944395410414828	0.2191836038651522
0.11032656663724624	0.21905374897872437
0.11120917917034422	0.2177745713432253
0.11209179170344219	0.21741479340129238
0.11297440423654016	0.2171016754283857
0.11385701676963812	0.216946633697634
0.1147396293027361	0.21693404404955852
0.11562224183583407	0.21623643520666413
0.11650485436893204	0.21612479980439359
0.11738746690203	0.21447138328902832
0.11827007943512798	0.21385169723052497
0.11915269196822595	0.21226856684278805
0.12003530450132392	0.2121027661945754
0.1209179170344219	0.21018441237318747
0.12180052956751986	0.2096440026463828
0.12268314210061783	0.20834614056002954
0.1235657546337158	0.20667726521081348
0.12444836716681378	0.20656766715286726
0.12533097969991175	0.20590325273213056
0.1262135922330097	0.20502373957115647
0.12709620476610767	0.2048542108564833
0.12797881729920565	0.2047736660065909
0.12886142983230361	0.204392764687898
0.1297440423654016	0.20434373959701155
0.13062665489849956	0.20341134405489159
0.13150926743159752	0.20325629832261888
0.1323918799646955	0.20196816198389744
0.13327449249779347	0.2020776942760967
0.13415710503089143	0.20173111601868088
0.13503971756398941	0.20088424041303432
0.13592233009708737	0.20029591211320086
0.13680494263018536	0.19952453680460788
0.13768755516328332	0.19957556854813127
0.13857016769638128	0.1996073588681549
0.13945278022947927	0.19955934224777144
0.14033539276257723	0.19952896501944953
0.1412180052956752	0.19903477738564432
0.14210061782877317	0.19830731271594113
0.14298323036187113	0.1976681495328159
0.14386584289496912	0.19644843613021853
0.14474845542806708	0.19623515251200682
0.14563106796116504	0.1957475699124969
0.14651368049426303	0.19545872598242814
0.147396293027361	0.1947235039798738
0.14827890556045895	0.19435953304101478
0.14916151809355693	0.19371522650427644
0.1500441306266549	0.1933372856273971
0.15092674315975288	0.19290587721947425
0.15180935569285084	0.19223078980904332
0.1526919682259488	0.1916729413189235
0.15357458075904679	0.19166258545970077
0.15445719329214475	0.19150368766178022
0.1553398058252427	0.19090896133940674
0.1562224183583407	0.18983443076581485
0.15710503089143865	0.18817148163713515
0.15798764342453664	0.1878991266060212
0.1588702559576346	0.18829166822085872
0.15975286849073256	0.18729587491907093
0.16063548102383055	0.18582966856989772
0.1615180935569285	0.18569783849113927
0.1624007060900265	0.18471771326396416
0.16328331862312445	0.18403637975306633
0.1641659311562224	0.1832713198140761
0.1650485436893204	0.1815570122290112
0.16593115622241836	0.18158376695536424
0.16681376875551632	0.18111147629020144
0.1676963812886143	0.18085176050638677
0.16857899382171226	0.17893638964405423
0.16946160635481025	0.17845890499800995
0.1703442188879082	0.17838665446503346
0.17122683142100617	0.17829488786346961
0.17210944395410416	0.17753589542975917
0.17299205648720212	0.17704950523349455
0.17387466902030008	0.17601894738262236
0.17475728155339806	0.17538864879075955
0.17563989408649602	0.17524101175291346
0.176522506619594	0.17365769017268487
0.17740511915269197	0.17294907949362254
0.17828773168578993	0.17290661752564626
0.17917034421888792	0.17263124140462408
0.18005295675198588	0.17161843219023212
0.18093556928508384	0.17146760273082126
0.18181818181818182	0.1695851876085053
0.18270079435127978	0.16924790673812942
0.18358340688437777	0.16868190437014993
0.18446601941747573	0.16812602507673946
0.1853486319505737	0.1677068726119189
0.18623124448367168	0.16720108157685867
0.18711385701676964	0.1671765760530444
0.1879964695498676	0.16643997704170152
0.18887908208296558	0.16511356812109435
0.18976169461606354	0.1650107772307795
0.19064430714916153	0.1640927605233084
0.1915269196822595	0.16350073684063446
0.19240953221535745	0.16337611169766056
0.19329214474845544	0.16302724108619637
0.1941747572815534	0.16215906071984795
0.19505736981465135	0.1614124418189053
0.19593998234774934	0.16136947226777645
0.1968225948808473	0.16120090092012826
0.1977052074139453	0.16077223509682623
0.19858781994704325	0.1606783109890738
0.1994704324801412	0.16015280272318774
0.2003530450132392	0.15949009329227148
0.20123565754633715	0.15942981529651976
0.20211827007943514	0.15942145391371781
0.2030008826125331	0.15944652022497732
0.20388349514563106	0.15943937505957637
0.20476610767872905	0.15936263717071397
0.205648720211827	0.15918022251549782
0.20653133274492497	0.15843899069869252
0.20741394527802295	0.1580982221388035
0.2082965578111209	0.15845111995607764
0.2091791703442189	0.15745899712595224
0.21006178287731686	0.15732236756448098
0.21094439541041482	0.15704803354635755
0.2118270079435128	0.15617259874077244
0.21270962047661077	0.15611430610629776
0.21359223300970873	0.15605989604260465
0.2144748455428067	0.1560235483938937
0.21535745807590467	0.15518991650855346
0.21624007060900266	0.1551006953695986
0.21712268314210062	0.15498057491816492
0.21800529567519858	0.1538220790414323
0.21888790820829657	0.15371601150085978
0.21977052074139453	0.1534341866788451
0.22065313327449249	0.15222040028064093
0.22153574580759047	0.15208029442466425
0.22241835834068843	0.1505695384581102
0.22330097087378642	0.1504839012971347
0.22418358340688438	0.15047508708223162
0.22506619593998234	0.1503242168110407
0.22594880847308033	0.14888343179639715
0.22683142100617829	0.1488887849916566
0.22771403353927624	0.14700476253951683
0.22859664607237423	0.1466724344614596
0.2294792586054722	0.14661906973902156
0.23036187113857018	0.14615484106131307
0.23124448367166814	0.1454724491714731
0.2321270962047661	0.14401393424363454
0.23300970873786409	0.14233308178088105
0.23389232127096204	0.14194678717021106
0.23477493380406	0.1419961486739769
0.235657546337158	0.14203586125366074
0.23654015887025595	0.14194554946235743
0.23742277140335394	0.1419343669970834
0.2383053839364519	0.14204056086224678
0.23918799646954986	0.1401425521684691
0.24007060900264784	0.13944025357014256
0.2409532215357458	0.13944589049282968
0.2418358340688438	0.13918975598757954
0.24271844660194175	0.13951186626721088
0.2436010591350397	0.13921157495039815
0.2444836716681377	0.13869293176510308
0.24536628420123566	0.13859417110551916
0.24624889673433362	0.13666566974503347
0.2471315092674316	0.13639105574563923
0.24801412180052956	0.13644259820749358
0.24889673433362755	0.13632010473928058
0.2497793468667255	0.13497997514288163
0.2506619593998235	0.13268855081241598
0.25154457193292146	0.13256339660903066
0.2524271844660194	0.13234326436674518
0.2533097969991174	0.13204394867908437
0.25419240953221534	0.13178795292568513
0.25507502206531335	0.12977987376772515
0.2559576345984113	0.12794032878641481
0.25684024713150927	0.12791338456006013
0.25772285966460723	0.1275595052605212
0.2586054721977052	0.1273744688849181
0.2594880847308032	0.1276784652307055
0.26037069726390116	0.12770799384380582
0.2612533097969991	0.12774015704395417
0.2621359223300971	0.1274646964673652
0.26301853486319504	0.1258971887095528
0.263901147396293	0.12550818248773962
0.264783759929391	0.1251756971917407
0.265666372462489	0.12547117697763227
0.26654898499558694	0.12528038481882747
0.2674315975286849	0.1251245165242303
0.26831421006178285	0.12511321766462963
0.26919682259488087	0.1251392105964423
0.27007943512797883	0.12496465454632841
0.2709620476610768	0.12467704841415139
0.27184466019417475	0.1245356746483524
0.2727272727272727	0.12441808598687693
0.2736098852603707	0.1239078387464323
0.2744924977934687	0.12333788922060936
0.27537511032656664	0.12336371906519009
0.2762577228596646	0.12162174759504278
0.27714033539276256	0.12142388512804711
0.2780229479258605	0.12010154991715019
0.27890556045895853	0.11716725036565759
0.2797881729920565	0.11745477736041994
0.28067078552515445	0.11709274844213678
0.2815533980582524	0.11641418114047367
0.2824360105913504	0.11604916377212088
0.2833186231244484	0.1154041537666744
0.28420123565754635	0.11532363990797956
0.2850838481906443	0.11529757462245357
0.28596646072374227	0.11468090469959746
0.2868490732568402	0.11414158655952052
0.28773168578993824	0.11192835357064611
0.2886142983230362	0.11220335396513448
0.28949691085613416	0.11184789287844336
0.2903795233892321	0.11161795317006686
0.2912621359223301	0.1113656786342981
0.2921447484554281	0.11136582802120057
0.29302736098852605	0.11012857412357734
0.293909973521624	0.10909318843932438
0.294792586054722	0.10903803901222173
0.29567519858781993	0.10931166018916583
0.2965578111209179	0.10914598868688755
0.2974404236540159	0.10900100407867605
0.29832303618711387	0.10898748078983787
0.2992056487202118	0.10752086091056355
0.3000882612533098	0.10779237823609528
0.30097087378640774	0.10762139076835545
0.30185348631950576	0.10680945065523585
0.3027360988526037	0.10640842763541075
0.3036187113857017	0.10624862410742851
0.30450132391879964	0.10630582110038826
0.3053839364518976	0.10636404338272432
0.3062665489849956	0.1066350345760561
0.30714916151809357	0.1060276762768285
0.30803177405119153	0.1062876404545975
0.3089143865842895	0.10623211730785281
0.30979699911738745	0.10650415858136844
0.3106796116504854	0.10602584515778322
0.3115622241835834	0.10390337537855929
0.3124448367166814	0.10332945256171734
0.31332744924977934	0.1020047865435916
0.3142100617828773	0.10176199138797593
0.31509267431597526	0.10155579815343678
0.3159752868490733	0.10126874300963183
0.31685789938217124	0.10019510314616804
0.3177405119152692	0.09999616741414308
0.31862312444836716	0.10025556084452997
0.3195057369814651	0.09960196019620424
0.32038834951456313	0.09943718767108209
0.3212709620476611	0.0996961386806422
0.32215357458075905	0.0990057207113697
0.323036187113857	0.09716811194917864
0.32391879964695497	0.0969028194309822
0.324801412180053	0.09715649173315755
0.32568402471315094	0.09741116143625887
0.3265666372462489	0.09736928295006361
0.32744924977934686	0.09722504754387362
0.3283318623124448	0.09716639256412556
0.3292144748455428	0.09666535491909313
0.3300970873786408	0.09691693231187003
0.33097969991173876	0.09692243030172142
0.3318623124448367	0.09686166342783753
0.3327449249779347	0.09676454752129997
0.33362753751103263	0.09663443356654244
0.33451015004413065	0.0963118528307692
0.3353927625772286	0.09543470362286995
0.33627537511032657	0.09507797300510044
0.33715798764342453	0.09490606159119852
0.3380406001765225	0.09480883540608452
0.3389232127096205	0.09372634980916732
0.33980582524271846	0.09329453079983477
0.3406884377758164	0.09330719808468778
0.3415710503089144	0.09355768720706278
0.34245366284201234	0.09247519951644015
0.3433362753751103	0.09113838139749991
0.3442188879082083	0.09138403741204842
0.3451015004413063	0.09087340705877442
0.34598411297440423	0.0900042667747654
0.3468667255075022	0.08963811199189016
0.34774933804060015	0.08952371043783725
0.34863195057369817	0.08953541799436159
0.34951456310679613	0.08876281236640601
0.3503971756398941	0.0877252786656551
0.35127978817299205	0.08651478970847586
0.35216240070609	0.08352044624303945
0.353045013239188	0.08343640468364955
0.353927625772286	0.08322143226492514
0.35481023830538394	0.083232490336317
0.3556928508384819	0.08318056761808992
0.35657546337157986	0.08340908566099677
0.3574580759046778	0.08233188346277166
0.35834068843777583	0.08205777777992458
0.3592233009708738	0.08153345928071347
0.36010591350397175	0.08109653887064402
0.3609885260370697	0.08084663898382634
0.36187113857016767	0.08077287151785913
0.3627537511032657	0.08099692941388648
0.36363636363636365	0.08029332082172873
0.3645189761694616	0.0793847571008382
0.36540158870255957	0.0796058845579436
0.3662842012356575	0.0785832475981114
0.36716681376875554	0.07799543216009684
0.3680494263018535	0.07801036188587966
0.36893203883495146	0.07639624195119754
0.3698146513680494	0.07562539410240131
0.3706972639011474	0.07583782498471144
0.3715798764342454	0.07553373494925807
0.37246248896734335	0.07454180369503369
0.3733451015004413	0.07326242876074011
0.37422771403353927	0.0727386626684708
0.37511032656663723	0.07268989725382588
0.3759929390997352	0.07289581764264691
0.3768755516328332	0.07310261428844166
0.37775816416593117	0.0729275054657954
0.3786407766990291	0.07179613638273448
0.3795233892321271	0.07071515616164928
0.38040600176522504	0.0689803850457773
0.38128861429832306	0.06877983728455159
0.382171226831421	0.06853626067035946
0.383053839364519	0.06833216296778016
0.38393645189761694	0.06852823804085845
0.3848190644307149	0.06848188073370724
0.3857016769638129	0.06714209244849918
0.38658428949691087	0.06694945670121326
0.38746690203000883	0.06714267302646929
0.3883495145631068	0.06689528431267495
0.38923212709620475	0.06669798481048196
0.3901147396293027	0.06689131230268626
0.3909973521624007	0.06665611631270375
0.3918799646954987	0.06684988409268254
0.39276257722859664	0.06676476814005544
0.3936451897616946	0.06695941760985152
0.39452780229479256	0.06519826035712079
0.3954104148278906	0.06495226180705227
0.39629302736098854	0.0647238587209292
0.3971756398940865	0.06312491743768867
0.39805825242718446	0.06304117691786341
0.3989408649602824	0.06294824872908784
0.39982347749338043	0.06291704686446535
0.4007060900264784	0.0631026428729151
0.40158870255957635	0.06328470407415358
0.4024713150926743	0.05867730089151991
0.40335392762577227	0.05883654928980754
0.4042365401588703	0.0576286469447024
0.40511915269196824	0.057795496773586426
0.4060017652250662	0.057902941978640945
0.40688437775816416	0.05805106006085184
0.4077669902912621	0.058079867999785824
0.4086496028243601	0.05675547645585255
0.4095322153574581	0.05563064173656883
0.41041482789055606	0.05558948676224312
0.411297440423654	0.054684317386567635
0.412180052956752	0.05419012165930984
0.41306266548984993	0.048556133900658355
0.41394527802294795	0.04836308630223688
0.4148278905560459	0.04850919834544605
0.41571050308914387	0.04865597352954725
0.4165931156222418	0.04583724496008042
0.4174757281553398	0.04597635647740995
0.4183583406884378	0.04576599713730217
0.41924095322153576	0.04582358301142672
0.4201235657546337	0.04509726054112323
0.4210061782877317	0.04521005984718813
0.42188879082082964	0.04494395598588525
0.4227714033539276	0.04460847146727658
0.4236540158870256	0.041479844045714614
0.4245366284201236	0.04141785803471843
0.42541924095322153	0.041533481457053815
0.4263018534863195	0.04124999095401723
0.42718446601941745	0.04094587168759566
0.42806707855251547	0.04106290245091704
0.4289496910856134	0.04119003217986725
0.4298323036187114	0.04071613386307503
0.43071491615180935	0.040530428063496854
0.4315975286849073	0.040088356508406295
0.4324801412180053	0.040039016518854546
0.4333627537511033	0.03996233958784182
0.43424536628420124	0.04008234670404596
0.4351279788172992	0.03449565097261789
0.43601059135039716	0.034283406203359124
0.4368932038834951	0.03438612522403177
0.43777581641659313	0.03400678915818449
0.4386584289496911	0.03393510748291159
0.43954104148278905	0.03403719046188099
0.440423654015887	0.0341447329277953
0.44130626654898497	0.03285029326320921
0.442188879082083	0.03232785352831487
0.44307149161518095	0.03193918010164397
0.4439541041482789	0.0315039857119293
0.44483671668137686	0.030960056796924915
0.4457193292144748	0.030467261131804257
0.44660194174757284	0.03055186183564598
0.4474845542806708	0.030549180509174944
0.44836716681376876	0.030647094549268453
0.4492497793468667	0.03069180404872007
0.4501323918799647	0.030777588495527877
0.4510150044130627	0.03086635549846483
0.45189761694616065	0.030965924387169556
0.4527802294792586	0.030862787631242908
0.45366284201235657	0.030962667202865054
0.45454545454545453	0.031063032412598814
0.4554280670785525	0.03084873201403155
0.4563106796116505	0.030941134183394035
0.45719329214474846	0.03104191963676014
0.4580759046778464	0.03114319833051792
0.4589585172109444	0.030987444462472705
0.45984112974404234	0.0310835277931908
0.46072374227714036	0.029816225874598916
0.4616063548102383	0.02990876078958185
0.4624889673433363	0.030007144871126528
0.46337157987643424	0.030085996299975232
0.4642541924095322	0.030185290017136865
0.4651368049426302	0.030279621008874498
0.46601941747572817	0.03037988465459925
0.46690203000882613	0.03015078588288636
0.4677846425419241	0.030250954606749772
0.46866725507502205	0.03035162334088205
0.46954986760812	0.030096202290216537
0.470432480141218	0.029190157169963208
0.471315092674316	0.02928219967193028
0.47219770520741394	0.02937469534653415
0.4730803177405119	0.02947326814971044
0.47396293027360986	0.02793433251160317
0.4748455428067079	0.02802272867403651
0.47572815533980584	0.028117240406495318
0.4766107678729038	0.028183725252972695
0.47749338040600176	0.027113004332765228
0.4783759929390997	0.026750471255996583
0.47925860547219773	0.0266479752878896
0.4801412180052957	0.026738614659617115
0.48102383053839365	0.02663747590782493
0.4819064430714916	0.02649740283731744
0.48278905560458957	0.026541319164511266
0.4836716681376876	0.026632214093156855
0.48455428067078554	0.02667658316333216
0.4854368932038835	0.026593415022683427
0.48631950573698146	0.026434706322094735
0.4872021182700794	0.026478521230379665
0.4880847308031774	0.025362553716194176
0.4889673433362754	0.025444337238683574
0.48984995586937335	0.025532532515074157
0.4907325684024713	0.02561516942570624
0.4916151809355693	0.02542822286473566
0.49249779346866723	0.025250176244640703
0.49338040600176525	0.025338309495058296
0.4942630185348632	0.025336947432112285
0.49514563106796117	0.02220402743214991
0.4960282436010591	0.022281936300332893
0.4969108561341571	0.02197551758282353
0.4977934686672551	0.022052896165861643
0.49867608120035306	0.022130684159392018
0.499558693733451	0.02220888445677503
0.500441306266549	0.02185247433572131
0.501323918799647	0.020790228417617712
0.502206531332745	0.020836054909609294
0.5030891438658429	0.020193231737983933
0.5039717563989409	0.02011363925453178
0.5048543689320388	0.019752938301381428
0.5057369814651368	0.019817221750453588
0.5066195939982348	0.019888251219093208
0.5075022065313327	0.019947865968145174
0.5083848190644307	0.020019620881699653
0.5092674315975286	0.020091763659651724
0.5101500441306267	0.02008049488870024
0.5110326566637247	0.020134622103139415
0.5119152691968226	0.01972666787880507
0.5127978817299206	0.01979827102900037
0.5136804942630185	0.01929254357845339
0.5145631067961165	0.019362826068720983
0.5154457193292145	0.01905024041155747
0.5163283318623124	0.019067518008973557
0.5172109443954104	0.018614209529173448
0.5180935569285083	0.018675797447330035
0.5189761694616064	0.018744458467356985
0.5198587819947044	0.018813498830036014
0.5207413945278023	0.01886933003880994
0.5216240070609003	0.018874744663549586
0.5225066195939982	0.0189378050925424
0.5233892321270962	0.018997768088144483
0.5242718446601942	0.018651226532560475
0.5251544571932921	0.018720691063408002
0.5260370697263901	0.01878012164166928
0.526919682259488	0.018850327703881127
0.527802294792586	0.018898176248258406
0.5286849073256841	0.018969088729490144
0.529567519858782	0.01879371423286902
0.53045013239188	0.018864500350506942
0.531332744924978	0.018509256077727715
0.5322153574580759	0.018579234361575454
0.5330979699911739	0.018468003549185076
0.5339805825242718	0.01713160231493343
0.5348631950573698	0.01598358835181316
0.5357458075904677	0.0160372357714985
0.5366284201235657	0.01596691001095455
0.5375110326566638	0.016027968940250742
0.5383936451897617	0.01608205293661529
0.5392762577228597	0.016143788264586945
0.5401588702559577	0.016205879757912278
0.5410414827890556	0.0162217662566583
0.5419240953221536	0.014047479781955413
0.5428067078552515	0.014030626247633677
0.5436893203883495	0.014085008519911327
0.5445719329214475	0.014139707582124574
0.5454545454545454	0.01406175019029799
0.5463371579876434	0.014116571828466793
0.5472197705207414	0.014171714687171742
0.5481023830538394	0.014206796414584028
0.5489849955869374	0.01406955370277712
0.5498676081200353	0.014124836821452078
0.5507502206531333	0.014162398572985778
0.5516328331862312	0.014218266022977832
0.5525154457193292	0.014274464702910552
0.5533980582524272	0.014323170366743939
0.5542806707855251	0.014049029478452326
0.5551632833186231	0.014104890430652932
0.556045895851721	0.014161085213245175
0.5569285083848191	0.013248779114438702
0.5578111209179171	0.013220223047548859
0.558693733451015	0.013273209913470899
0.559576345984113	0.01331176089827979
0.560458958517211	0.013365329352598824
0.5613415710503089	0.01307687763400026
0.5622241835834069	0.012918907466528328
0.5631067961165048	0.012963031780076208
0.5639894086496028	0.013015620144295584
0.5648720211827007	0.01275415403856618
0.5657546337157988	0.012793687128385977
0.5666372462488968	0.012845906259522246
0.5675198587819947	0.012498866850354269
0.5684024713150927	0.012292379367875946
0.5692850838481907	0.00801617938168733
0.5701676963812886	0.008021423092874055
0.5710503089143866	0.008046016123489106
0.5719329214474845	0.008079264123999392
0.5728155339805825	0.008112718633829617
0.5736981465136805	0.0072914470114284445
0.5745807590467784	0.007080049906414423
0.5754633715798765	0.007080675085482785
0.5763459841129744	0.007110239490850144
0.5772285966460724	0.007139989446878807
0.5781112091791704	0.007133523958739092
0.5789938217122683	0.007141475361310475
0.5798764342453663	0.007162699087732271
0.5807590467784642	0.007192921446752238
0.5816416593115622	0.007214414963899816
0.5825242718446602	0.007244984518831594
0.5834068843777581	0.00727574878430434
0.5842894969108562	0.007306709417429039
0.5851721094439541	0.007287209531686245
0.5860547219770521	0.0071347312087293585
0.5869373345101501	0.007165286802771026
0.587819947043248	0.007165404948947064
0.588702559576346	0.007051319753105731
0.589585172109444	0.006802236175845762
0.5904677846425419	0.00677886508512302
0.5913503971756399	0.006808210821422254
0.5922330097087378	0.006809576133040112
0.5931156222418358	0.00660246127330917
0.5939982347749339	0.006621757779757236
0.5948808473080318	0.006641160000465903
0.5957634598411298	0.006456547485949446
0.5966460723742277	0.006484865676677294
0.5975286849073257	0.0065133705807506005
0.5984112974404237	0.006518665802201681
0.5992939099735216	0.0064663715858394805
0.6001765225066196	0.006426609784753164
0.6010591350397175	0.006455109162956061
0.6019417475728155	0.0064837985370136434
0.6028243601059136	0.006502781059573961
0.6037069726390115	0.006531811332161345
0.6045895851721095	0.00646615788334392
0.6054721977052074	0.006495154107036045
0.6063548102383054	0.0065058711463710055
0.6072374227714034	0.00653517687225556
0.6081200353045013	0.006564681056780416
0.6090026478375993	0.006594385495951368
0.6098852603706972	0.0065986407199816015
0.6107678729037952	0.006577614133272794
0.6116504854368932	0.0066075804846772255
0.6125330979699912	0.00663775208506388
0.6134157105030892	0.006668130813141975
0.6142983230361871	0.006698718569165562
0.6151809355692851	0.0067295172752306915
0.6160635481023831	0.006760528875577376
0.616946160635481	0.006775791266697102
0.617828773168579	0.006807160670709588
0.6187113857016769	0.006838748423241883
0.6195939982347749	0.006870556555443008
0.6204766107678729	0.006545515253435269
0.6213592233009708	0.006565209239054115
0.6222418358340689	0.006433995046954429
0.6231244483671668	0.0064642015964706465
0.6240070609002648	0.006061420858438304
0.6248896734333628	0.005884315092972188
0.6257722859664607	0.005912136913742742
0.6266548984995587	0.005940156519969011
0.6275375110326566	0.005968375790847724
0.6284201235657546	0.005996796627946999
0.6293027360988526	0.0058191069263350634
0.6301853486319505	0.00584694954320748
0.6310679611650486	0.005874992466676101
0.6319505736981466	0.00590323762276589
0.6328331862312445	0.00593168696070693
0.6337157987643425	0.005960342453270732
0.6345984112974404	0.005774939599552759
0.6354810238305384	0.005802973286929229
0.6363636363636364	0.0057293266580348
0.6372462488967343	0.005745405861126038
0.6381288614298323	0.00571983029195747
0.6390114739629302	0.00510551719562221
0.6398940864960282	0.005130605732210034
0.6407766990291263	0.005011584310733458
0.6416593115622242	0.005036332875230908
0.6425419240953222	0.005006259715647343
0.6434245366284201	0.004740880415584999
0.6443071491615181	0.004620018438025193
0.6451897616946161	0.0046430609240003815
0.646072374227714	0.0046662762286203835
0.646954986760812	0.004591295157084643
0.6478375992939099	0.004497030098722786
0.6487202118270079	0.004519685162192422
0.649602824360106	0.004190772221838558
0.6504854368932039	0.004180026099857329
0.6513680494263019	0.004201244506455589
0.6522506619593998	0.00420970849342997
0.6531332744924978	0.004218204305834783
0.6540158870255958	0.004239780798447749
0.6548984995586937	0.004261523264080814
0.6557811120917917	0.004270250362795356
0.6566637246248896	0.004292261962603579
0.6575463371579876	0.0042944649733589295
0.6584289496910856	0.00431671608721053
0.6593115622241836	0.004339140586364871
0.6601941747572816	0.004361740276918854
0.6610767872903796	0.004384516988547673
0.6619593998234775	0.004247078150404058
0.6628420123565755	0.004269372523896992
0.6637246248896734	0.004291842905601713
0.6646072374227714	0.004314491153124677
0.6654898499558694	0.004337319148643855
0.6663724624889673	0.004360328799299791
0.6672550750220653	0.004383522037593939
0.6681376875551632	0.00440690082179444
0.6690203000882613	0.00443046713634949
0.6699029126213593	0.004214902306685932
0.6707855251544572	0.004237563071775642
0.6716681376875552	0.004245915584060089
0.6725507502206531	0.004268866479109062
0.6734333627537511	0.004292003966800711
0.6743159752868491	0.00401443220350077
0.675198587819947	0.0040363092182337445
0.676081200353045	0.00402114156860214
0.6769638128861429	0.004028204040555255
0.677846425419241	0.003869695753257384
0.678729037952339	0.003891016391016378
0.6796116504854369	0.003619365548044593
0.6804942630185349	0.00362411310820425
0.6813768755516328	0.0036442470699164955
0.6822594880847308	0.003664549282005167
0.6831421006178288	0.003685021624362738
0.6840247131509267	0.003705666003210708
0.6849073256840247	0.0037264843515433525
0.6857899382171226	0.003413941828247881
0.6866725507502206	0.0031738453318782686
0.6875551632833187	0.0031918274584044914
0.6884377758164166	0.0032099628416908804
0.6893203883495146	0.003228253228253222
0.6902030008826125	0.003246700389557526
0.6910856134157105	0.0032653061224489728
0.6919682259488085	0.0032840722495894844
0.6928508384819064	0.003261594809840853
0.6937334510150044	0.0032804479590306844
0.6946160635481023	0.00328271042018214
0.6954986760812003	0.0031827082029306443
0.6963812886142984	0.0030891117719038215
0.6972639011473963	0.003107176753026066
0.6981465136804943	0.003002455634034578
0.6990291262135923	0.003020117137764193
0.6999117387466902	0.0030205828644141986
0.7007943512797882	0.003038456135801265
0.7016769638128861	0.0029833287765266723
0.7025595763459841	0.0030010866859107596
0.703442188879082	0.0030190036213490327
0.70432480141218	0.003037081487345135
0.705207413945278	0.003055322216998859
0.706090026478376	0.003073727772522949
0.706972639011474	0.0030370944286424915
0.707855251544572	0.0029670027857339
0.7087378640776699	0.0029850392768325865
0.7096204766107679	0.003003240735837663
0.7105030891438658	0.0029065751011376397
0.7113857016769638	0.0029244068502243736
0.7122683142100618	0.0029424032000719084
0.7131509267431597	0.0029605661827884016
0.7140335392762577	0.002931120466380181
0.7149161518093556	0.002949326183562667
0.7157987643424537	0.0029677020476347087
0.7166813768755517	0.0029862501854324252
0.7175639894086496	0.0030049727571279266
0.7184466019417476	0.003023871956858291
0.7193292144748455	0.003003269835601242
0.7202118270079435	0.003022277872535427
0.7210944395410415	0.003041466938392795
0.7219770520741394	0.002835333708855091
0.7228596646072374	0.0028534508571544845
0.7237422771403353	0.0028205420777305764
0.7246248896734334	0.0028386806119925093
0.7255075022065314	0.0028362499444337433
0.7263901147396293	0.00258168911159829
0.7272727272727273	0.0025984533266086686
0.7281553398058253	0.0025942298743601697
0.7290379523389232	0.002589895893210707
0.7299205648720212	0.002606878817100613
0.7308031774051191	0.0026240293356341697
0.7316857899382171	0.00264134966128192
0.732568402471315	0.0026369855528599238
0.733451015004413	0.002654507051550023
0.7343336275375111	0.0025448504983388723
0.735216240070609	0.0024429580081754007
0.736098852603707	0.0024593536995054367
0.736981465136805	0.0024759150038792107
0.7378640776699029	0.002492644159310827
0.7387466902030009	0.0025095434417468326
0.7396293027360988	0.002468964987124795
0.7405119152691968	0.0024858179904498788
0.7413945278022948	0.002502844141069398
0.7422771403353927	0.0025200458190148926
0.7431597528684908	0.002513725954891971
0.7440423654015887	0.0025311219822614656
0.7449249779346867	0.0025486992182493927
0.7458075904677847	0.0025664601884114093
0.7466902030008826	0.0025844074624562442
0.7475728155339806	0.0026025436551752354
0.7484554280670785	0.002620871427394779
0.7493380406001765	0.0024672771612004193
0.7502206531332745	0.002484775580783401
0.7511032656663724	0.002464602104944349
0.7519858781994704	0.0024822064056939513
0.7528684907325685	0.0025000000000000014
0.7537511032656664	0.0024298840497494487
0.7546337157987644	0.0024474283389173145
0.7555163283318623	0.0024651633268804834
0.7563989408649603	0.0024567413263065444
0.7572815533980582	0.002346383543463836
0.7581641659311562	0.002363573166492875
0.7590467784642542	0.0023809523809523816
0.7599293909973521	0.002398523985239853
0.7608120035304501	0.002416290829574963
0.7616946160635482	0.002434255817155446
0.7625772285966461	0.002452421905343173
0.7634598411297441	0.0024707921068813244
0.764342453662842	0.0024893694911435897
0.76522506619594	0.0024797843665768206
0.766107678729038	0.0024556889651229288
0.7669902912621359	0.002474363405922343
0.7678729037952339	0.002493251676196559
0.7687555163283318	0.0025123570530256514
0.7696381288614298	0.002531682876510464
0.7705207413945278	0.0025512325512325527
0.7714033539276258	0.002571009547753735
0.7722859664607238	0.0025156094471088606
0.7731685789938217	0.0025352626459143983
0.7740511915269197	0.002555147058823531
0.7749338040600177	0.0024980700941794054
0.7758164165931156	0.002517817683856713
0.7766990291262136	0.002537800363887322
0.7775816416593115	0.0025580218807310456
0.7784642541924095	0.0025306772908366545
0.7793468667255075	0.002518875502008033
0.7802294792586054	0.002539189014121001
0.7811120917917035	0.002559749249053155
0.7819947043248014	0.002547644909647478
0.7828773168578994	0.0025684420109507227
0.7837599293909974	0.0025894948143191715
0.7846425419240953	0.002577076165418608
0.7855251544571933	0.0025473591130156796
0.7864077669902912	0.0025684990226672623
0.7872903795233892	0.0025899031811894894
0.7881729920564872	0.002576708507670852
0.7890556045895851	0.002598361520340355
0.7899382171226832	0.0026202886217778264
0.7908208296557812	0.0026424944575556045
0.7917034421888791	0.0026649837720879926
0.7925860547219771	0.0025968357883251513
0.793468667255075	0.00261912622427644
0.794351279788173	0.0026417048986236507
0.795233892321271	0.002664576802507838
0.7961165048543689	0.0026877470355731238
0.7969991173874669	0.0027112208088095704
0.7978817299205648	0.0027350034474833383
0.7987643424536628	0.0027591003941572004
0.7996469549867609	0.0024534456096578423
0.8005295675198588	0.002475254015077023
0.8014121800529568	0.002497354497354497
0.8022947925860547	0.002519752295537048
0.8031774051191527	0.002481854051360777
0.8040600176522507	0.0025043142690201504
0.8049426301853486	0.0025270807623748795
0.8058252427184466	0.0025501591255015906
0.8067078552515445	0.0025735550807814214
0.8075904677846425	0.0025972744824476098
0.8084730803177406	0.0024008647664561637
0.8093556928508385	0.0022186333620442147
0.8102383053839365	0.0020147793957835253
0.8111209179170344	0.0020336975121758587
0.8120035304501324	0.002052883337762423
0.8128861429832304	0.002072341947599034
0.8137687555163283	0.0020243737305348677
0.8146513680494263	0.002043745727956254
0.8155339805825242	0.002017390504232609
0.8164165931156222	0.002036882199925678
0.8172992056487202	0.002056657755264762
0.8181818181818182	0.0020767227089746624
0.8190644307149162	0.0020970827355332373
0.8199470432480142	0.0021177436491838114
0.8208296557811121	0.002138711408086621
0.8217122683142101	0.002110733461405842
0.822594880847308	0.0020820895522388055
0.823477493380406	0.002103015075376884
0.824360105913504	0.0021242576518958425
0.8252427184466019	0.00214582371942778
0.8261253309796999	0.0021677198798301044
0.8270079435127978	0.0021899529042386182
0.8278905560458959	0.002159661644197726
0.8287731685789939	0.0021820415576091017
0.8296557811120918	0.0020698402417962
0.8305383936451898	0.0016815735892961026
0.8314210061782877	0.0016441627629282631
0.8323036187113857	0.00160586651814722
0.8331862312444837	0.0016229502045104884
0.8340688437775816	0.0016403079607084615
0.8349514563106796	0.0016579456807160793
0.8358340688437775	0.0016177467790371017
0.8367166813768756	0.0016353309831570702
0.8375992939099736	0.0016532034529183498
0.8384819064430715	0.0016713705238295404
0.8393645189761695	0.0016898387064132922
0.8402471315092674	0.0017086146920401067
0.8411297440423654	0.0017277053589902754
0.8420123565754634	0.001747117778754211
0.8428949691085613	0.0017668592225819422
0.8437775816416593	0.0017869371682931008
0.8446601941747572	0.0018073593073593074
0.8455428067078552	0.0018281335522714836
0.8464254192409533	0.0018492680442052578
0.8473080317740512	0.0018707711609983423
0.8481906443071492	0.0018926515254544631
0.8490732568402471	0.0019149180139892215
0.8499558693733451	0.0019375797656340644
0.8508384819064431	0.0019606461914154225
0.851721094439541	0.0015207679878338563
0.852603706972639	0.0015390904937113727
0.853486319505737	0.0015577461360593893
0.8543689320388349	0.0015767430401576745
0.855251544571933	0.0015960895805277073
0.8561341571050309	0.0014769370597591455
0.8570167696381289	0.0014952841039797562
0.8578993821712269	0.001513975155279503
0.8587819947043248	0.0015330188679245284
0.8596646072374228	0.0015524241700501553
0.8605472197705207	0.0014915746190437796
0.8614298323036187	0.0015106973705699821
0.8623124448367167	0.0014474772539288668
0.8631950573698146	0.001466275659824047
0.8640776699029126	0.0014854426619132501
0.8649602824360106	0.0015049879600963192
0.8658428949691086	0.0014377831997211571
0.8667255075022066	0.001456953642384106
0.8676081200353045	0.0013422818791946308
0.8684907325684025	0.0013604208235080718
0.8693733451015004	0.001287001287001287
0.8702559576345984	0.001304631441617743
0.8711385701676964	0.0013226263580538497
0.8720211827007943	0.0013409961685823754
0.8729037952338923	0.001116938616938617
0.8737864077669902	0.001132670146754654
0.8746690203000883	0.0011487363899710318
0.8755516328331863	0.0011651469098277608
0.8764342453662842	0.00118191161356629
0.8773168578993822	0.001094776352830779
0.8781994704324801	0.0011107584893684545
0.8790820829655781	0.0011270931730356377
0.8799646954986761	0.0011437908496732027
0.880847308031774	0.0011608623548922056
0.881729920564872	0.001178318931657502
0.8826125330979699	0.0011961722488038277
0.883495145631068	0.0012144344205412907
0.884377758164166	0.0012331180270111568
0.8852603706972639	0.0012522361359570662
0.8861429832303619	0.0012718023255813954
0.8870255957634599	0.0012918307086614174
0.8879082082965578	0.0013123359580052493
0.8887908208296558	0.0013333333333333333
0.8896734333627537	0.0013548387096774194
0.8905560458958517	0.0013768686073957514
0.8914386584289496	0.0013994402239104358
0.8923212709620476	0.0014225714672808562
0.8932038834951457	0.001446280991735537
0.8940864960282436	0.0014705882352941176
0.8949691085613416	0.0014955134596211367
0.8958517210944396	0.001521077792264233
0.8967343336275375	0.0015473032714412025
0.8976169461606355	0.0015742128935532233
0.8984995586937334	0.0016018306636155606
0.8993821712268314	0.0016301816488122963
0.9002647837599294	0.00165929203539823
0.9011473962930273	0.0016891891891891893
0.9020300088261254	0.0017199017199017199
0.9029126213592233	0.0017514595496246873
0.9037952338923213	0.001783893985728848
0.9046778464254193	0.0018172377985462098
0.9055604589585172	0.001851525304179157
0.9064430714916152	0.0018867924528301887
0.9073256840247131	0.0019230769230769232
0.9082082965578111	0.001960418222554145
0.9090909090909091	0.0018084903864458404
0.909973521624007	0.0018443020772665503
0.910856134157105	0.0018811881188118811
0.911738746690203	0.0019191919191919192
0.912621359223301	0.001958359101216244
0.913503971756399	0.001683147485798443
0.9143865842894969	0.001718213058419244
0.9152691968225949	0.0017543859649122807
0.9161518093556928	0.0015677491601343784
0.9170344218887908	0.001601464195836193
0.9179170344218888	0.0016362786348761104
0.9187996469549867	0.0016722408026755853
0.9196822594880847	0.0017094017094017094
0.9205648720211828	0.0017478152309612985
0.9214474845542807	0.001787538304392237
0.9223300970873787	0.0018286311389759666
0.9232127096204766	0.0018711574445335472
0.9240953221535746	0.0019151846785225718
0.9249779346866726	0.00196078431372549
0.9258605472197705	0.002008032128514056
0.9267431597528685	0.001763150161622098
0.9276257722859664	0.0018066847335140017
0.9285083848190644	0.001851851851851852
0.9293909973521624	0.0018987341772151898
0.9302736098852604	0.0019474196689386564
0.9311562224183584	0.001665001665001665
0.9320388349514563	0.0017088174982911825
0.9329214474845543	0.0017543859649122807
0.9338040600176523	0.0018018018018018018
0.9346866725507502	0.0018511662347278786
0.9355692850838482	0.001902587519025875
0.9364518976169461	0.0019561815336463224
0.9373345101500441	0.002012072434607646
0.9382171226831421	0.002070393374741201
0.93909973521624	0.002131287297527707
0.9399823477493381	0.0021949078138718174
0.940864960282436	0.0018091361374943465
0.941747572815534	0.0018648018648018648
0.942630185348632	0.0019230769230769232
0.9435127978817299	0.001488095238095238
0.9443954104148279	0.0015360983102918587
0.9452780229479258	0.0015864621893178213
0.9461606354810238	0.001639344262295082
0.9470432480141218	0.0011299435028248588
0.9479258605472197	0.0011689070718877848
0.9488084730803178	0.0012099213551119178
0.9496910856134158	0.0012531328320802004
0.9505736981465137	0.0012987012987012987
0.9514563106796117	0.0013468013468013469
0.9523389232127096	0.001397624039133473
0.9532215357458076	0.001451378809869376
0.9541041482789056	0.0007541478129713424
0.9549867608120035	0.000784313725490196
0.9558693733451015	0.0008163265306122449
0.9567519858781994	0.0008503401360544217
0.9576345984112974	0.0008865248226950354
0.9585172109443955	0.0009250693802035153
0.9593998234774934	0.000966183574879227
0.9602824360105914	0.00101010101010101
0.9611650485436893	0.0010570824524312897
0.9620476610767873	0.0011074197120708748
0.9629302736098853	0.0011614401858304297
0.9638128861429832	0.0012195121951219512
0.9646954986760812	0.001282051282051282
0.9655781112091791	0.001349527665317139
0.9664607237422771	0.0
0.9673433362753752	0.0
0.9682259488084731	0.0
0.9691085613415711	0.0
0.969991173874669	0.0
0.970873786407767	0.0
0.971756398940865	0.0
0.9726390114739629	0.0
0.9735216240070609	0.0
0.9744042365401588	0.0
0.9752868490732568	0.0
0.9761694616063548	0.0
0.9770520741394528	0.0
0.9779346866725508	0.0
0.9788172992056487	0.0
0.9796999117387467	0.0
0.9805825242718447	0.0
0.9814651368049426	0.0
0.9823477493380406	0.0
0.9832303618711385	0.0
0.9841129744042365	0.0
0.9849955869373345	0.0
0.9858781994704324	0.0
0.9867608120035305	0.0
0.9876434245366285	0.0
0.9885260370697264	0.0
0.9894086496028244	0.0
0.9902912621359223	0.0
0.9911738746690203	0.0
0.9920564872021183	0.0
0.9929390997352162	0.0
0.9938217122683142	0.0
0.9947043248014121	0.0
0.9955869373345102	0.0
0.9964695498676082	0.0
0.9973521624007061	0.0
0.9982347749338041	0.0
0.999117387466902	0.0
1.0	0.0
