Fraction_of_nodes	Efficiency
0.00088261253309797	0.29972746786391957
0.00176522506619594	0.2995136426492504
0.00264783759929391	0.2993168159515137
0.00353045013239188	0.2991463303285181
0.00441306266548985	0.2991068085427094
0.00529567519858782	0.29905707998870307
0.00617828773168579	0.2989206012768567
0.00706090026478376	0.2987878152485253
0.00794351279788173	0.29874354649343876
0.0088261253309797	0.29865996121928595
0.009708737864077669	0.298613147798103
0.01059135039717564	0.29837020991559704
0.01147396293027361	0.298209657478515
0.01235657546337158	0.2980223807346014
0.01323918799646955	0.297986354661924
0.01412180052956752	0.2978947625976674
0.01500441306266549	0.2978324914266697
0.01588702559576346	0.29785636116191
0.01676963812886143	0.29773983926041714
0.0176522506619594	0.29761357086913554
0.018534863195057368	0.29750846725294644
0.019417475728155338	0.2974960246997732
0.02030008826125331	0.29732509238674626
0.02118270079435128	0.2973338881660305
0.02206531332744925	0.2972111624131336
0.02294792586054722	0.29703735324268965
0.02383053839364519	0.2969185602194694
0.02471315092674316	0.29692912728163273
0.02559576345984113	0.29682129037399924
0.0264783759929391	0.2967800323495354
0.02736098852603707	0.29662292534958645
0.02824360105913504	0.2966488784309733
0.02912621359223301	0.29652547928353135
0.03000882612533098	0.29642311618275624
0.03089143865842895	0.2964155611560922
0.03177405119152692	0.29609934858933473
0.03265666372462489	0.29592776873203
0.03353927625772286	0.2958501083028845
0.03442188879082083	0.2957014036960647
0.0353045013239188	0.2954872546537394
0.03618711385701677	0.2953149010442925
0.037069726390114736	0.2950153131453697
0.03795233892321271	0.2948304543519521
0.038834951456310676	0.29473413168749296
0.03971756398940865	0.2947102629298516
0.04060017652250662	0.2946600373740394
0.04148278905560459	0.29450469053648803
0.04236540158870256	0.2943535285330908
0.04324801412180053	0.2942321657827277
0.0441306266548985	0.29417272657167925
0.04501323918799647	0.29403197900335654
0.04589585172109444	0.29394914327866606
0.04677846425419241	0.29389807629765524
0.04766107678729038	0.2938860844792031
0.04854368932038835	0.2937829898297226
0.04942630185348632	0.29349067548850705
0.05030891438658429	0.2934504183368759
0.05119152691968226	0.293424855765104
0.05207413945278023	0.29323249227001036
0.0529567519858782	0.29307441919744753
0.05383936451897617	0.29302471451665657
0.05472197705207414	0.29269546018599696
0.05560458958517211	0.29263880753576277
0.05648720211827008	0.2925102590714714
0.05736981465136805	0.29228529886478966
0.05825242718446602	0.29228134143522194
0.05913503971756399	0.29217919699546957
0.06001765225066196	0.2919356079401962
0.06090026478375993	0.291829115792935
0.0617828773168579	0.291592795248295
0.06266548984995587	0.2915821025575596
0.06354810238305383	0.29150736596645277
0.06443071491615181	0.29133067941855845
0.06531332744924978	0.29123387090989894
0.06619593998234775	0.291027745722431
0.06707855251544571	0.29104257273904033
0.06796116504854369	0.29089457854466827
0.06884377758164166	0.2906748815322698
0.06972639011473963	0.2905492112818827
0.0706090026478376	0.29041569380186416
0.07149161518093557	0.2902159614920177
0.07237422771403354	0.2900580633367483
0.07325684024713151	0.29002119637537416
0.07413945278022947	0.28998849524433906
0.07502206531332745	0.2899889445732997
0.07590467784642542	0.2898196312379168
0.07678729037952339	0.2897635430790417
0.07766990291262135	0.28952278321638536
0.07855251544571933	0.28936676135890027
0.0794351279788173	0.28908277375867264
0.08031774051191527	0.2891098216593309
0.08120035304501325	0.2890303303287367
0.0820829655781112	0.28884794803794
0.08296557811120918	0.2886980019080421
0.08384819064430715	0.2884544236127632
0.08473080317740513	0.28805633344919895
0.08561341571050309	0.2879810828295074
0.08649602824360106	0.2877348683242403
0.08737864077669903	0.28770680861096887
0.088261253309797	0.2875719750615583
0.08914386584289496	0.28733485837930195
0.09002647837599294	0.28719033038097835
0.09090909090909091	0.2870045777568885
0.09179170344218888	0.2869389311941491
0.09267431597528684	0.2867543694877644
0.09355692850838482	0.2866707347894581
0.09443954104148279	0.28647942387005504
0.09532215357458076	0.28629805428698124
0.09620476610767872	0.28621129313057725
0.0970873786407767	0.28610550928368167
0.09796999117387467	0.2858503177003066
0.09885260370697264	0.28555989365126144
0.0997352162400706	0.28562642144594946
0.10061782877316858	0.28553900891813894
0.10150044130626655	0.28544107678918174
0.10238305383936452	0.2850968303267202
0.10326566637246248	0.2850724838600369
0.10414827890556046	0.2848983769045424
0.10503089143865843	0.2847238224566674
0.1059135039717564	0.28473394912683575
0.10679611650485436	0.2845069373524228
0.10767872903795234	0.28434962318655227
0.10856134157105031	0.28394569750942256
0.10944395410414828	0.2837289375951135
0.11032656663724624	0.28373487807440007
0.11120917917034422	0.2834178154871993
0.11209179170344219	0.2834055834795758
0.11297440423654016	0.28335916383612797
0.11385701676963812	0.2833395884426265
0.1147396293027361	0.28311319526699485
0.11562224183583407	0.28301799347751116
0.11650485436893204	0.28282789631190436
0.11738746690203	0.2827618019625637
0.11827007943512798	0.28245985026788933
0.11915269196822595	0.2821192537136448
0.12003530450132392	0.28196581633274886
0.1209179170344219	0.2818013993457677
0.12180052956751986	0.28177802509589817
0.12268314210061783	0.2816897265901311
0.1235657546337158	0.281624709099083
0.12444836716681378	0.28144902860248766
0.12533097969991175	0.281391939838162
0.1262135922330097	0.28117835301863414
0.12709620476610767	0.28090068333632107
0.12797881729920565	0.2806508651756408
0.12886142983230361	0.2804523935622418
0.1297440423654016	0.28012291376860615
0.13062665489849956	0.27991032034452573
0.13150926743159752	0.27970816731439985
0.1323918799646955	0.2796547229437716
0.13327449249779347	0.27933905818074906
0.13415710503089143	0.2793021275322011
0.13503971756398941	0.27922781455785006
0.13592233009708737	0.2792363987244102
0.13680494263018536	0.27891804007035825
0.13768755516328332	0.2786266957002016
0.13857016769638128	0.27834418890346085
0.13945278022947927	0.2782474444655591
0.14033539276257723	0.2781186663645296
0.1412180052956752	0.2779160963680949
0.14210061782877317	0.27782227329023385
0.14298323036187113	0.2777122476395981
0.14386584289496912	0.2775841280161338
0.14474845542806708	0.2775844086988951
0.14563106796116504	0.27726299028761586
0.14651368049426303	0.27730656591964553
0.147396293027361	0.27723619307987274
0.14827890556045895	0.27718926830335766
0.14916151809355693	0.27713056953194504
0.1500441306266549	0.27709788577573946
0.15092674315975288	0.2769814328131322
0.15180935569285084	0.2767583634618183
0.1526919682259488	0.27672767141811616
0.15357458075904679	0.27662993275553527
0.15445719329214475	0.27659349917521503
0.1553398058252427	0.27658521764116045
0.1562224183583407	0.2764847288002493
0.15710503089143865	0.27633923203333566
0.15798764342453664	0.2763137491396144
0.1588702559576346	0.27612920176992245
0.15975286849073256	0.2760966661480693
0.16063548102383055	0.2760924563441579
0.1615180935569285	0.2759691036530469
0.1624007060900265	0.27592540350344535
0.16328331862312445	0.2758998225716936
0.1641659311562224	0.27568997969425235
0.1650485436893204	0.2754369939102914
0.16593115622241836	0.2753167195855497
0.16681376875551632	0.27527834141747654
0.1676963812886143	0.27514712397824714
0.16857899382171226	0.27507271949503737
0.16946160635481025	0.27475251785599936
0.1703442188879082	0.2747021573334634
0.17122683142100617	0.2745047496229704
0.17210944395410416	0.27456484999428665
0.17299205648720212	0.27434565427326657
0.17387466902030008	0.2742613644541851
0.17475728155339806	0.2741568169429347
0.17563989408649602	0.2741666931712291
0.176522506619594	0.27417249230147067
0.17740511915269197	0.274001121037981
0.17828773168578993	0.2739509465105909
0.17917034421888792	0.2736846500050619
0.18005295675198588	0.27357805920709855
0.18093556928508384	0.2734067355344235
0.18181818181818182	0.2733066197068574
0.18270079435127978	0.27324669970960636
0.18358340688437777	0.2731946530033559
0.18446601941747573	0.2731321689913681
0.1853486319505737	0.27288547254162343
0.18623124448367168	0.2727558313995341
0.18711385701676964	0.2726858674498941
0.1879964695498676	0.27252972548477994
0.18887908208296558	0.27242421510998066
0.18976169461606354	0.2722184171016355
0.19064430714916153	0.2722215025285243
0.1915269196822595	0.27232585807119136
0.19240953221535745	0.27228118721978545
0.19329214474845544	0.2719490770127666
0.1941747572815534	0.2715920942461393
0.19505736981465135	0.2712910783498397
0.19593998234774934	0.2711613182538681
0.1968225948808473	0.2711311127551313
0.1977052074139453	0.2709096688999277
0.19858781994704325	0.2707183646202931
0.1994704324801412	0.27044030697142585
0.2003530450132392	0.27018018785715203
0.20123565754633715	0.2701225056065706
0.20211827007943514	0.2700665773114538
0.2030008826125331	0.26982641099684856
0.20388349514563106	0.26965378404910717
0.20476610767872905	0.2695057720516084
0.205648720211827	0.26939354995788706
0.20653133274492497	0.2693614280705988
0.20741394527802295	0.2693114683836752
0.2082965578111209	0.26918183359502873
0.2091791703442189	0.269189318949326
0.21006178287731686	0.26906103532115666
0.21094439541041482	0.26899134855927387
0.2118270079435128	0.269003479026107
0.21270962047661077	0.2689707838954543
0.21359223300970873	0.2688967382255145
0.2144748455428067	0.2685507074469347
0.21535745807590467	0.26834587761596473
0.21624007060900266	0.2683487126009376
0.21712268314210062	0.26818986688741997
0.21800529567519858	0.2681323951765828
0.21888790820829657	0.26807057886291935
0.21977052074139453	0.2677864535494321
0.22065313327449249	0.26751582367413335
0.22153574580759047	0.2676254164002029
0.22241835834068843	0.26741198233874297
0.22330097087378642	0.26728155149859084
0.22418358340688438	0.26708698283734494
0.22506619593998234	0.26676562518345354
0.22594880847308033	0.26654007543438807
0.22683142100617829	0.2663396733255553
0.22771403353927624	0.2662717873369532
0.22859664607237423	0.2661415117065646
0.2294792586054722	0.26593223588328385
0.23036187113857018	0.26555535764342714
0.23124448367166814	0.26568690085113006
0.2321270962047661	0.2655602420045685
0.23300970873786409	0.26547131425525994
0.23389232127096204	0.2651788976195506
0.23477493380406	0.2649870563037309
0.235657546337158	0.26482856183064885
0.23654015887025595	0.2646163118525936
0.23742277140335394	0.26453952922449214
0.2383053839364519	0.26417465357451786
0.23918799646954986	0.2639240584604323
0.24007060900264784	0.26372684526103274
0.2409532215357458	0.26364998339180906
0.2418358340688438	0.2635115804741088
0.24271844660194175	0.2634287384909342
0.2436010591350397	0.26332736606678286
0.2444836716681377	0.26320905619540014
0.24536628420123566	0.26324197843993574
0.24624889673433362	0.26309388941862516
0.2471315092674316	0.26303477687454085
0.24801412180052956	0.26284401167067206
0.24889673433362755	0.26278244927513617
0.2497793468667255	0.26266220566051024
0.2506619593998235	0.26253863143430445
0.25154457193292146	0.2622923616931637
0.2524271844660194	0.2621472513624109
0.2533097969991174	0.26212362198914396
0.25419240953221534	0.26186776496764336
0.25507502206531335	0.2615363458455495
0.2559576345984113	0.2613864484732448
0.25684024713150927	0.26130542779832444
0.25772285966460723	0.2607631740377124
0.2586054721977052	0.26062922670135935
0.2594880847308032	0.2605431947862535
0.26037069726390116	0.26035746533939347
0.2612533097969991	0.2603362421120966
0.2621359223300971	0.25967503998679925
0.26301853486319504	0.2595528238949796
0.263901147396293	0.25934478770449865
0.264783759929391	0.2591250222623166
0.265666372462489	0.2588266650979053
0.26654898499558694	0.2587203041730345
0.2674315975286849	0.2585647455126326
0.26831421006178285	0.2585465946969977
0.26919682259488087	0.25816936808138763
0.27007943512797883	0.2582249457696946
0.2709620476610768	0.25807827741324607
0.27184466019417475	0.2580281538226625
0.2727272727272727	0.25765529446842206
0.2736098852603707	0.25775466262535146
0.2744924977934687	0.2577516408651119
0.27537511032656664	0.25753808620834706
0.2762577228596646	0.2574367542171836
0.27714033539276256	0.2572659668292906
0.2780229479258605	0.2572549264458953
0.27890556045895853	0.25709374920287675
0.2797881729920565	0.25694056378563757
0.28067078552515445	0.2567978846909894
0.2815533980582524	0.25654949553518913
0.2824360105913504	0.2564992445993865
0.2833186231244484	0.2562147988088235
0.28420123565754635	0.25599489166854994
0.2850838481906443	0.2559565470471883
0.28596646072374227	0.2558281876774531
0.2868490732568402	0.2558587923652832
0.28773168578993824	0.2557911517607689
0.2886142983230362	0.2554845392038952
0.28949691085613416	0.255499472837292
0.2903795233892321	0.2554394170751606
0.2912621359223301	0.2552919345771008
0.2921447484554281	0.25539822824221314
0.29302736098852605	0.25523252160029336
0.293909973521624	0.25492967747412065
0.294792586054722	0.25479572393873295
0.29567519858781993	0.25465558887886275
0.2965578111209179	0.2543190561211133
0.2974404236540159	0.2541377155069974
0.29832303618711387	0.2540529776963354
0.2992056487202118	0.2538773984846079
0.3000882612533098	0.25354066407706954
0.30097087378640774	0.25358998461446147
0.30185348631950576	0.2531017417162417
0.3027360988526037	0.2528862245417999
0.3036187113857017	0.2526864384686611
0.30450132391879964	0.25225452592228287
0.3053839364518976	0.2522612568387924
0.3062665489849956	0.25189727058021943
0.30714916151809357	0.2516198467634867
0.30803177405119153	0.2515781146507333
0.3089143865842895	0.2516330570580145
0.30979699911738745	0.25148410601047894
0.3106796116504854	0.25155955364410965
0.3115622241835834	0.2512965623617443
0.3124448367166814	0.2511524344803746
0.31332744924977934	0.2508880341702656
0.3142100617828773	0.2507371891668587
0.31509267431597526	0.2507934607608546
0.3159752868490733	0.2502533272206579
0.31685789938217124	0.2501988020276806
0.3177405119152692	0.25005949149187406
0.31862312444836716	0.24981567471910432
0.3195057369814651	0.2498702393584807
0.32038834951456313	0.24930590035585948
0.3212709620476611	0.24931730110126
0.32215357458075905	0.24927220464217914
0.323036187113857	0.2492520138251606
0.32391879964695497	0.24884033735323546
0.324801412180053	0.248780416490647
0.32568402471315094	0.2482824227964929
0.3265666372462489	0.2481258654101346
0.32744924977934686	0.24811443617161139
0.3283318623124448	0.2482853367812848
0.3292144748455428	0.24811497094711318
0.3300970873786408	0.2478320419375561
0.33097969991173876	0.2476873855211545
0.3318623124448367	0.2475415456963858
0.3327449249779347	0.24725117897672244
0.33362753751103263	0.247002900260971
0.33451015004413065	0.24698911412265995
0.3353927625772286	0.24681426312614146
0.33627537511032657	0.24633984179449914
0.33715798764342453	0.2462592965988652
0.3380406001765225	0.24603810300820275
0.3389232127096205	0.24589773264121875
0.33980582524271846	0.2453860393895647
0.3406884377758164	0.24505911812659584
0.3415710503089144	0.24512911002021126
0.34245366284201234	0.24480083858204518
0.3433362753751103	0.24477779753269419
0.3442188879082083	0.24463943093459412
0.3451015004413063	0.24436773029463632
0.34598411297440423	0.24402655590758732
0.3468667255075022	0.24371946506666933
0.34774933804060015	0.24350254078443795
0.34863195057369817	0.24346121855498026
0.34951456310679613	0.24322083455591934
0.3503971756398941	0.24282399925058235
0.35127978817299205	0.24262300476549775
0.35216240070609	0.2422759898641916
0.353045013239188	0.2422368333386798
0.353927625772286	0.24205796505009033
0.35481023830538394	0.24197464222962375
0.3556928508384819	0.241819206685615
0.35657546337157986	0.24183279479291783
0.3574580759046778	0.24196979074605038
0.35834068843777583	0.2418542076829459
0.3592233009708738	0.24166771838338405
0.36010591350397175	0.2415270883034107
0.3609885260370697	0.24126052021019345
0.36187113857016767	0.2411445223605742
0.3627537511032657	0.2408187552238108
0.36363636363636365	0.24061983558193895
0.3645189761694616	0.24055573170714634
0.36540158870255957	0.24018994613821665
0.3662842012356575	0.2397736746442185
0.36716681376875554	0.23965246093337983
0.3680494263018535	0.23964547990744317
0.36893203883495146	0.23931472495697884
0.3698146513680494	0.23911635372493523
0.3706972639011474	0.23843001250506574
0.3715798764342454	0.23839099965901972
0.37246248896734335	0.23819178518466283
0.3733451015004413	0.23790890019577074
0.37422771403353927	0.23742122734543858
0.37511032656663723	0.23709621567426592
0.3759929390997352	0.23710717893435826
0.3768755516328332	0.23693637989431746
0.37775816416593117	0.2368918996187331
0.3786407766990291	0.23677826627195117
0.3795233892321271	0.23626623201129332
0.38040600176522504	0.2361606585234012
0.38128861429832306	0.23636833419000083
0.382171226831421	0.2360787133541363
0.383053839364519	0.23598512220686754
0.38393645189761694	0.2360844568446096
0.3848190644307149	0.23601947493269715
0.3857016769638129	0.23583999007637355
0.38658428949691087	0.23547394640842345
0.38746690203000883	0.23520066654191854
0.3883495145631068	0.2349342025296795
0.38923212709620475	0.23464370544571667
0.3901147396293027	0.2343887234300251
0.3909973521624007	0.2341829264826679
0.3918799646954987	0.2339663327592974
0.39276257722859664	0.2337420750103938
0.3936451897616946	0.23351620399370226
0.39452780229479256	0.23353474322794643
0.3954104148278906	0.2336321963663396
0.39629302736098854	0.2338241475994102
0.3971756398940865	0.2336353609362732
0.39805825242718446	0.23346660454008866
0.3989408649602824	0.23260903717778514
0.39982347749338043	0.23272895515547423
0.4007060900264784	0.2322887135467686
0.40158870255957635	0.23209607437391622
0.4024713150926743	0.2318117077308905
0.40335392762577227	0.2315662210529473
0.4042365401588703	0.23140052508777703
0.40511915269196824	0.23093918569083552
0.4060017652250662	0.23076730298935236
0.40688437775816416	0.23064768031278637
0.4077669902912621	0.23010104258311462
0.4086496028243601	0.22986175376189869
0.4095322153574581	0.229620497953057
0.41041482789055606	0.22962911062960267
0.411297440423654	0.22955478449064376
0.412180052956752	0.22901804722690217
0.41306266548984993	0.2286295351469767
0.41394527802294795	0.22826107669882983
0.4148278905560459	0.22819903296315025
0.41571050308914387	0.22765512031337062
0.4165931156222418	0.22751187965633357
0.4174757281553398	0.22730719690543139
0.4183583406884378	0.2273657692713976
0.41924095322153576	0.22664083803327598
0.4201235657546337	0.22635366910612467
0.4210061782877317	0.22629970476328887
0.42188879082082964	0.22615316254156387
0.4227714033539276	0.22592021953132607
0.4236540158870256	0.22562979939884403
0.4245366284201236	0.22581443969022447
0.42541924095322153	0.2257880883918606
0.4263018534863195	0.2256916305912565
0.42718446601941745	0.22569011962924884
0.42806707855251547	0.22527956098157942
0.4289496910856134	0.22483938066635006
0.4298323036187114	0.22448278223261534
0.43071491615180935	0.22420842934373764
0.4315975286849073	0.22414195647057142
0.4324801412180053	0.22407942711877787
0.4333627537511033	0.22373319278058043
0.43424536628420124	0.223175117021916
0.4351279788172992	0.22312908315811336
0.43601059135039716	0.22306554565776998
0.4368932038834951	0.22287994359404295
0.43777581641659313	0.2227915977079848
0.4386584289496911	0.22243339454603625
0.43954104148278905	0.22207880483574582
0.440423654015887	0.22200841142428668
0.44130626654898497	0.22196737160948105
0.442188879082083	0.22192953515036104
0.44307149161518095	0.22200761030498523
0.4439541041482789	0.2217354966189137
0.44483671668137686	0.22173639512684154
0.4457193292144748	0.22152331689120502
0.44660194174757284	0.22144470117941376
0.4474845542806708	0.2209639594481016
0.44836716681376876	0.22067577820295137
0.4492497793468667	0.22057259728675843
0.4501323918799647	0.22054799091883534
0.4510150044130627	0.22053322596508393
0.45189761694616065	0.21990349668278789
0.4527802294792586	0.21941695868445454
0.45366284201235657	0.2194351644362233
0.45454545454545453	0.21923968931868373
0.4554280670785525	0.21910770208481387
0.4563106796116505	0.21879256981827427
0.45719329214474846	0.21875010311080306
0.4580759046778464	0.218446835482294
0.4589585172109444	0.21811443986168877
0.45984112974404234	0.21758739813517775
0.46072374227714036	0.2173339412783583
0.4616063548102383	0.21692825737765106
0.4624889673433363	0.2166074497955155
0.46337157987643424	0.21652466795563624
0.4642541924095322	0.2162698043748291
0.4651368049426302	0.21617578597657908
0.46601941747572817	0.21562937717056446
0.46690203000882613	0.21543446902097152
0.4677846425419241	0.21477866303829063
0.46866725507502205	0.2141410526549262
0.46954986760812	0.2136599088097218
0.470432480141218	0.21298852906171462
0.471315092674316	0.2128334366146522
0.47219770520741394	0.2125085029550386
0.4730803177405119	0.21233794916380527
0.47396293027360986	0.21194479886701673
0.4748455428067079	0.2119426540126747
0.47572815533980584	0.21164064713108469
0.4766107678729038	0.21178036281667595
0.47749338040600176	0.2114425767357794
0.4783759929390997	0.21138938958765707
0.47925860547219773	0.21124048519469768
0.4801412180052957	0.21036803196962756
0.48102383053839365	0.21036259328566315
0.4819064430714916	0.2102937791517312
0.48278905560458957	0.20997677405786064
0.4836716681376876	0.20962934870785976
0.48455428067078554	0.20950137585053952
0.4854368932038835	0.20963299801915375
0.48631950573698146	0.20954355719772022
0.4872021182700794	0.20896608878068995
0.4880847308031774	0.20871397487273374
0.4889673433362754	0.20840002977543315
0.48984995586937335	0.20816443597342635
0.4907325684024713	0.2081589954720225
0.4916151809355693	0.20815684970364817
0.49249779346866723	0.2080556172670564
0.49338040600176525	0.20744583242851794
0.4942630185348632	0.2070735473648153
0.49514563106796117	0.2069596373966081
0.4960282436010591	0.20678459130073973
0.4969108561341571	0.20673167581013452
0.4977934686672551	0.20632993102024733
0.49867608120035306	0.20587127594698695
0.499558693733451	0.20576305208723214
0.500441306266549	0.20552542679160024
0.501323918799647	0.2053741293014803
0.502206531332745	0.2053514837937993
0.5030891438658429	0.20504156545186372
0.5039717563989409	0.20510352803717416
0.5048543689320388	0.20487740162614912
0.5057369814651368	0.20442906090285534
0.5066195939982348	0.2043854135174469
0.5075022065313327	0.20403052234068236
0.5083848190644307	0.203691636748411
0.5092674315975286	0.20328588326225522
0.5101500441306267	0.2029364000408484
0.5110326566637247	0.2028343202584316
0.5119152691968226	0.20284642408414247
0.5127978817299206	0.2023854309457132
0.5136804942630185	0.20200506367062263
0.5145631067961165	0.20190693801951753
0.5154457193292145	0.20184613005438176
0.5163283318623124	0.20158152365535953
0.5172109443954104	0.20122331795069148
0.5180935569285083	0.20110654400670613
0.5189761694616064	0.20109226088243873
0.5198587819947044	0.2011572467870967
0.5207413945278023	0.20100271248318843
0.5216240070609003	0.20072924138549583
0.5225066195939982	0.20060140905753748
0.5233892321270962	0.20037632345757267
0.5242718446601942	0.20040230441508458
0.5251544571932921	0.20049966987946455
0.5260370697263901	0.20029536246509821
0.526919682259488	0.1999758629122193
0.527802294792586	0.19971801029832406
0.5286849073256841	0.1993858023261075
0.529567519858782	0.1992959811341919
0.53045013239188	0.19920915317780233
0.531332744924978	0.19914812092148274
0.5322153574580759	0.19831594834900285
0.5330979699911739	0.19804263773420921
0.5339805825242718	0.19820754015837747
0.5348631950573698	0.19780593840864696
0.5357458075904677	0.19760973590934655
0.5366284201235657	0.19733194076590072
0.5375110326566638	0.19709072947108985
0.5383936451897617	0.1963991381757926
0.5392762577228597	0.1959766138172941
0.5401588702559577	0.19585919297676432
0.5410414827890556	0.19602236951635907
0.5419240953221536	0.19555812515120588
0.5428067078552515	0.19545744031007065
0.5436893203883495	0.19512385591975706
0.5445719329214475	0.19485225541852436
0.5454545454545454	0.19405004422852462
0.5463371579876434	0.1937232960426846
0.5472197705207414	0.1935752045447475
0.5481023830538394	0.1934973481967222
0.5489849955869374	0.19315018438514162
0.5498676081200353	0.19319816822342878
0.5507502206531333	0.19302311866066915
0.5516328331862312	0.19230491147791953
0.5525154457193292	0.1918513951166081
0.5533980582524272	0.19195855878620996
0.5542806707855251	0.19229583562076136
0.5551632833186231	0.19207854991015472
0.556045895851721	0.19139156172102656
0.5569285083848191	0.19107716200354635
0.5578111209179171	0.19088939543691363
0.558693733451015	0.19085948526180588
0.559576345984113	0.19076654642157073
0.560458958517211	0.190717752127639
0.5613415710503089	0.19044435206738225
0.5622241835834069	0.19024539602471047
0.5631067961165048	0.18979204627829976
0.5639894086496028	0.1892805212057116
0.5648720211827007	0.18900819020915266
0.5657546337157988	0.18858432963923924
0.5666372462488968	0.18824165538919949
0.5675198587819947	0.18791196486722042
0.5684024713150927	0.18746867706879172
0.5692850838481907	0.18711975594985578
0.5701676963812886	0.18699471995048877
0.5710503089143866	0.1866856078434639
0.5719329214474845	0.1858151735466864
0.5728155339805825	0.1854064204377831
0.5736981465136805	0.18492929900682648
0.5745807590467784	0.18472823126256602
0.5754633715798765	0.18452123437446524
0.5763459841129744	0.18442537254012967
0.5772285966460724	0.18454485753225294
0.5781112091791704	0.1841911333560295
0.5789938217122683	0.18393783112965192
0.5798764342453663	0.18384811102444262
0.5807590467784642	0.1832913675732684
0.5816416593115622	0.18326542422211034
0.5825242718446602	0.18310659329024698
0.5834068843777581	0.18302973936181993
0.5842894969108562	0.1830138400244482
0.5851721094439541	0.18257376144439832
0.5860547219770521	0.18251284617213853
0.5869373345101501	0.18227579624876655
0.587819947043248	0.18186449529361895
0.588702559576346	0.1814310815810839
0.589585172109444	0.18131407963707635
0.5904677846425419	0.18106861476825337
0.5913503971756399	0.18085267292289248
0.5922330097087378	0.18097099656662383
0.5931156222418358	0.1806744963410015
0.5939982347749339	0.18060055035526318
0.5948808473080318	0.17966797403189308
0.5957634598411298	0.1797272230819657
0.5966460723742277	0.17971321277656876
0.5975286849073257	0.17924115560015735
0.5984112974404237	0.17872436175109482
0.5992939099735216	0.1780832491824525
0.6001765225066196	0.17803798982702362
0.6010591350397175	0.17825423444743277
0.6019417475728155	0.1783558885586302
0.6028243601059136	0.17805794830978036
0.6037069726390115	0.17767498160812129
0.6045895851721095	0.17751788090035014
0.6054721977052074	0.1771073615888386
0.6063548102383054	0.1769592339914405
0.6072374227714034	0.17629134730824356
0.6081200353045013	0.17617877247396632
0.6090026478375993	0.17567439620094177
0.6098852603706972	0.1755849687713018
0.6107678729037952	0.17548815346687913
0.6116504854368932	0.17561349928005732
0.6125330979699912	0.17540801364489025
0.6134157105030892	0.1753004754639432
0.6142983230361871	0.17461433648433589
0.6151809355692851	0.17444143579488483
0.6160635481023831	0.17424771085283217
0.616946160635481	0.17397119134957578
0.617828773168579	0.17414786327548398
0.6187113857016769	0.17414685701720872
0.6195939982347749	0.17382637328267692
0.6204766107678729	0.1736903851376243
0.6213592233009708	0.17317306757099746
0.6222418358340689	0.17281095687817377
0.6231244483671668	0.1720718165196756
0.6240070609002648	0.171446639751471
0.6248896734333628	0.1716522065431049
0.6257722859664607	0.17098463157453364
0.6266548984995587	0.17084020166818512
0.6275375110326566	0.17046510602541348
0.6284201235657546	0.17035311580436913
0.6293027360988526	0.17008826990223003
0.6301853486319505	0.16982574135732967
0.6310679611650486	0.16940344188961767
0.6319505736981466	0.16900367227042612
0.6328331862312445	0.1687035469969623
0.6337157987643425	0.16790668053155616
0.6345984112974404	0.16729530160929185
0.6354810238305384	0.16653090164077056
0.6363636363636364	0.16646248782554798
0.6372462488967343	0.16614546582343453
0.6381288614298323	0.16509245509638687
0.6390114739629302	0.1650254252562858
0.6398940864960282	0.1651455689926093
0.6407766990291263	0.16510967551507544
0.6416593115622242	0.1643368543517482
0.6425419240953222	0.1636617340747581
0.6434245366284201	0.16339428780713075
0.6443071491615181	0.16319878769577376
0.6451897616946161	0.16256435540996797
0.646072374227714	0.16280566697445328
0.646954986760812	0.16276208586050814
0.6478375992939099	0.1624302128130677
0.6487202118270079	0.16242051560367393
0.649602824360106	0.1621742880333062
0.6504854368932039	0.16164798656937146
0.6513680494263019	0.16142951096050073
0.6522506619593998	0.16091684465857992
0.6531332744924978	0.16028828968784323
0.6540158870255958	0.15986710149040734
0.6548984995586937	0.15994576057729165
0.6557811120917917	0.15932667278535753
0.6566637246248896	0.1594192029434194
0.6575463371579876	0.15862270072302923
0.6584289496910856	0.1584533506337463
0.6593115622241836	0.15811982789518997
0.6601941747572816	0.15756600285172595
0.6610767872903796	0.15775225526949938
0.6619593998234775	0.1573213893228858
0.6628420123565755	0.1573219840468527
0.6637246248896734	0.15696438062953258
0.6646072374227714	0.15663378791673796
0.6654898499558694	0.15635499124861377
0.6663724624889673	0.15615274681619065
0.6672550750220653	0.155774289327357
0.6681376875551632	0.15503303995463003
0.6690203000882613	0.15456137219494753
0.6699029126213593	0.15422658779330053
0.6707855251544572	0.1538322501575861
0.6716681376875552	0.15342250184621203
0.6725507502206531	0.15248276826992313
0.6734333627537511	0.15218537366514062
0.6743159752868491	0.15215358447251628
0.675198587819947	0.15151309630449428
0.676081200353045	0.15139113027773649
0.6769638128861429	0.15093896565137946
0.677846425419241	0.1505686220173358
0.678729037952339	0.14959194659911126
0.6796116504854369	0.1494303036760795
0.6804942630185349	0.14899807327812042
0.6813768755516328	0.1485224136009746
0.6822594880847308	0.1481096607062991
0.6831421006178288	0.14694353182568395
0.6840247131509267	0.14677283149509562
0.6849073256840247	0.14662154144291792
0.6857899382171226	0.1460851138716154
0.6866725507502206	0.14608445923992863
0.6875551632833187	0.14570766329042922
0.6884377758164166	0.1455360093397482
0.6893203883495146	0.14510045903554017
0.6902030008826125	0.14423395360580424
0.6910856134157105	0.1436723144595974
0.6919682259488085	0.14267806137574535
0.6928508384819064	0.14273913226777574
0.6937334510150044	0.1427546732251865
0.6946160635481023	0.14118049273155492
0.6954986760812003	0.1401049234675797
0.6963812886142984	0.13983799279238598
0.6972639011473963	0.139856971229319
0.6981465136804943	0.13909912230155605
0.6990291262135923	0.13819128629314062
0.6999117387466902	0.1380981248974813
0.7007943512797882	0.13834320866397218
0.7016769638128861	0.1381660736016401
0.7025595763459841	0.1373491131452961
0.703442188879082	0.13677877222283014
0.70432480141218	0.1366539554575838
0.705207413945278	0.1367169762728902
0.706090026478376	0.13663890205559384
0.706972639011474	0.13669785937765155
0.707855251544572	0.13618541658024982
0.7087378640776699	0.13608868060293505
0.7096204766107679	0.135924021916567
0.7105030891438658	0.13455390697687025
0.7113857016769638	0.13318323998224116
0.7122683142100618	0.1328619958878293
0.7131509267431597	0.13263868279553936
0.7140335392762577	0.13174879753699914
0.7149161518093556	0.13117026521822187
0.7157987643424537	0.13061503069341263
0.7166813768755517	0.13003050739500935
0.7175639894086496	0.13009673398703153
0.7184466019417476	0.13016465726616894
0.7193292144748455	0.13018321315105716
0.7202118270079435	0.12949619429585293
0.7210944395410415	0.12904394444103412
0.7219770520741394	0.1289599372139688
0.7228596646072374	0.12898964125985543
0.7237422771403353	0.12897935059784973
0.7246248896734334	0.12856607377014145
0.7255075022065314	0.128019817825813
0.7263901147396293	0.1271989508849925
0.7272727272727273	0.12744574865493735
0.7281553398058253	0.12688079544932435
0.7290379523389232	0.12599616787424955
0.7299205648720212	0.12580816480447563
0.7308031774051191	0.12455910022654619
0.7316857899382171	0.12437145786465668
0.732568402471315	0.12432621173114158
0.733451015004413	0.12403080264436965
0.7343336275375111	0.12345181045115025
0.735216240070609	0.1235973601154243
0.736098852603707	0.12287702885304848
0.736981465136805	0.12256054353980195
0.7378640776699029	0.12253473576074862
0.7387466902030009	0.1211597895919954
0.7396293027360988	0.12052857659014833
0.7405119152691968	0.11992613174684721
0.7413945278022948	0.11970808370049826
0.7422771403353927	0.11980410689385412
0.7431597528684908	0.12022141869137933
0.7440423654015887	0.12012062324184933
0.7449249779346867	0.11907803729494777
0.7458075904677847	0.11896433366580579
0.7466902030008826	0.11892042466790684
0.7475728155339806	0.11867195447173115
0.7484554280670785	0.11858153351740937
0.7493380406001765	0.11836787079993397
0.7502206531332745	0.1184747051726952
0.7511032656663724	0.11785986562506301
0.7519858781994704	0.11663103648968576
0.7528684907325685	0.11517172811064866
0.7537511032656664	0.11488561150139573
0.7546337157987644	0.11468012973159891
0.7555163283318623	0.11419763195630299
0.7563989408649603	0.11366098219762111
0.7572815533980582	0.11296554761486224
0.7581641659311562	0.11268306425850097
0.7590467784642542	0.11173294568280515
0.7599293909973521	0.11147601932838039
0.7608120035304501	0.11111962098101566
0.7616946160635482	0.11006721935664181
0.7625772285966461	0.10954800901092784
0.7634598411297441	0.1096118104185316
0.764342453662842	0.10912523966937729
0.76522506619594	0.10786784214214754
0.766107678729038	0.10742233461559918
0.7669902912621359	0.10705579281546836
0.7678729037952339	0.10684515173312674
0.7687555163283318	0.10616589721252936
0.7696381288614298	0.1056967253955288
0.7705207413945278	0.10570821094908993
0.7714033539276258	0.10565890020397226
0.7722859664607238	0.10476254057952275
0.7731685789938217	0.1044539979054557
0.7740511915269197	0.10386714066950486
0.7749338040600177	0.10451464336640082
0.7758164165931156	0.10398136864906556
0.7766990291262136	0.10362781233194304
0.7775816416593115	0.10288305760750216
0.7784642541924095	0.10194754360150496
0.7793468667255075	0.10029227371775395
0.7802294792586054	0.09925495064141668
0.7811120917917035	0.09861185959829376
0.7819947043248014	0.09845805952204732
0.7828773168578994	0.09788448210168156
0.7837599293909974	0.09765921028534978
0.7846425419240953	0.09757940554694323
0.7855251544571933	0.09642905803499292
0.7864077669902912	0.0958410000070717
0.7872903795233892	0.09556729675529192
0.7881729920564872	0.09476207880799145
0.7890556045895851	0.09370859405665803
0.7899382171226832	0.09294652808684076
0.7908208296557812	0.09286415975850436
0.7917034421888791	0.09277458163338947
0.7925860547219771	0.09230702132356056
0.793468667255075	0.09237607009468822
0.794351279788173	0.09249947593673544
0.795233892321271	0.09150703024387767
0.7961165048543689	0.09154583565283989
0.7969991173874669	0.0907036412407334
0.7978817299205648	0.0900680919179286
0.7987643424536628	0.09001479230232765
0.7996469549867609	0.08906797303136081
0.8005295675198588	0.08850990893399391
0.8014121800529568	0.0880514811763766
0.8022947925860547	0.08726671965638425
0.8031774051191527	0.08763141820788424
0.8040600176522507	0.08711381611763744
0.8049426301853486	0.08704193740347865
0.8058252427184466	0.0861116086878468
0.8067078552515445	0.08451492620416083
0.8075904677846425	0.08423854717710878
0.8084730803177406	0.08375418592107883
0.8093556928508385	0.08269068111464989
0.8102383053839365	0.08248380375633388
0.8111209179170344	0.08191476173464685
0.8120035304501324	0.0812140675517784
0.8128861429832304	0.08109736198410236
0.8137687555163283	0.08042991325288035
0.8146513680494263	0.0801476750608397
0.8155339805825242	0.0799998979671657
0.8164165931156222	0.07997277939848231
0.8172992056487202	0.07810589043460923
0.8181818181818182	0.07716446275494887
0.8190644307149162	0.07694941721128304
0.8199470432480142	0.07655857504599975
0.8208296557811121	0.0757918653916458
0.8217122683142101	0.07582927724142667
0.822594880847308	0.07537770394016897
0.823477493380406	0.07513126448882965
0.824360105913504	0.07413718379859041
0.8252427184466019	0.0732313564766619
0.8261253309796999	0.07307092450056771
0.8270079435127978	0.07229228691262504
0.8278905560458959	0.0722587544998052
0.8287731685789939	0.07200457510037436
0.8296557811120918	0.072299136246484
0.8305383936451898	0.069901157049546
0.8314210061782877	0.0699744650621123
0.8323036187113857	0.06976354237355978
0.8331862312444837	0.06885584045512355
0.8340688437775816	0.06791215932829688
0.8349514563106796	0.06778861440685754
0.8358340688437775	0.06791278355462416
0.8367166813768756	0.06727052516934241
0.8375992939099736	0.06732912498120207
0.8384819064430715	0.06676807403472987
0.8393645189761695	0.0658264490952068
0.8402471315092674	0.06580908448969894
0.8411297440423654	0.06523512195034284
0.8420123565754634	0.06440777864274257
0.8428949691085613	0.06355281287729769
0.8437775816416593	0.06328330158653143
0.8446601941747572	0.061822503722828895
0.8455428067078552	0.06180792032269912
0.8464254192409533	0.06121194467467195
0.8473080317740512	0.06176708832458988
0.8481906443071492	0.061249204540718735
0.8490732568402471	0.05985157555436236
0.8499558693733451	0.05954706883788034
0.8508384819064431	0.05773314171348879
0.851721094439541	0.05655489781184868
0.852603706972639	0.05578564528802658
0.853486319505737	0.05528115695914212
0.8543689320388349	0.055575350493311096
0.855251544571933	0.053462319743369104
0.8561341571050309	0.05149681922006437
0.8570167696381289	0.051430674395938195
0.8578993821712269	0.049795495481054844
0.8587819947043248	0.04981352840904764
0.8596646072374228	0.04908790112575672
0.8605472197705207	0.04932720810593131
0.8614298323036187	0.048522709710853096
0.8623124448367167	0.048250342801211585
0.8631950573698146	0.04783716255815152
0.8640776699029126	0.04721831194392975
0.8649602824360106	0.04568239279084321
0.8658428949691086	0.04415628779471238
0.8667255075022066	0.04320004181854604
0.8676081200353045	0.04173091786613837
0.8684907325684025	0.04144515859064101
0.8693733451015004	0.041523203400257044
0.8702559576345984	0.04126756555501219
0.8711385701676964	0.04067134278036244
0.8720211827007943	0.04064744459003694
0.8729037952338923	0.039817910066500546
0.8737864077669902	0.039046917701082734
0.8746690203000883	0.038329391465265726
0.8755516328331863	0.038107583697070735
0.8764342453662842	0.03780512731496668
0.8773168578993822	0.03779667362226395
0.8781994704324801	0.03815347524310147
0.8790820829655781	0.037591181199300196
0.8799646954986761	0.03753376418389885
0.880847308031774	0.03688258684793179
0.881729920564872	0.03555174272900059
0.8826125330979699	0.0347738302473487
0.883495145631068	0.03366064862526171
0.884377758164166	0.03352421728751569
0.8852603706972639	0.03286670227302139
0.8861429832303619	0.031411147936642826
0.8870255957634599	0.0317161918314706
0.8879082082965578	0.03171296059022415
0.8887908208296558	0.03168156221514769
0.8896734333627537	0.031591119206536705
0.8905560458958517	0.031795774419952974
0.8914386584289496	0.031656940586633445
0.8923212709620476	0.030815971353769123
0.8932038834951457	0.030295016511199063
0.8940864960282436	0.030190057767016498
0.8949691085613416	0.030085234010171373
0.8958517210944396	0.02914077617170264
0.8967343336275375	0.029085507422513972
0.8976169461606355	0.028566613023873345
0.8984995586937334	0.027714023303638296
0.8993821712268314	0.027716924153025107
0.9002647837599294	0.028020798665145417
0.9011473962930273	0.02811504407223942
0.9020300088261254	0.02746824689739123
0.9029126213592233	0.026889199829971504
0.9037952338923213	0.02531787067464942
0.9046778464254193	0.02455077123561023
0.9055604589585172	0.02433245688557798
0.9064430714916152	0.024184847248189516
0.9073256840247131	0.02338232077243062
0.9082082965578111	0.022387686529303365
0.9090909090909091	0.021890323702145487
0.909973521624007	0.021241045673194743
0.910856134157105	0.021461246124612438
0.911738746690203	0.021793796551372285
0.912621359223301	0.02157331479533085
0.913503971756399	0.02147021748852169
0.9143865842894969	0.020248569860361075
0.9152691968225949	0.020420835073795576
0.9161518093556928	0.02011917204358411
0.9170344218887908	0.020307809770747292
0.9179170344218888	0.020460477006760295
0.9187996469549867	0.020060414912899362
0.9196822594880847	0.020043442448204333
0.9205648720211828	0.020186621881378417
0.9214474845542807	0.01947455088606772
0.9223300970873787	0.019281536630674546
0.9232127096204766	0.018898469361580815
0.9240953221535746	0.01893738933205416
0.9249779346866726	0.018729838400006457
0.9258605472197705	0.01912378746070655
0.9267431597528685	0.019423701563725058
0.9276257722859664	0.019828020602636668
0.9285083848190644	0.019518790194716105
0.9293909973521624	0.01942274690850639
0.9302736098852604	0.019677338601389222
0.9311562224183584	0.019258561304015834
0.9320388349514563	0.01969131679059907
0.9329214474845543	0.019170818460292127
0.9338040600176523	0.01876513656513655
0.9346866725507502	0.01835825061852458
0.9355692850838482	0.0183551375902974
0.9364518976169461	0.01721632262712075
0.9373345101500441	0.017011992590463418
0.9382171226831421	0.01663621873870321
0.93909973521624	0.01648643757019716
0.9399823477493381	0.014455837061192637
0.940864960282436	0.014188652696115384
0.941747572815534	0.014341621341621345
0.942630185348632	0.0143571047008547
0.9435127978817299	0.014277998236331569
0.9443954104148279	0.0146873755475906
0.9452780229479258	0.014052655435521644
0.9461606354810238	0.013802498048399689
0.9470432480141218	0.014077347323110037
0.9479258605472197	0.01435821435529209
0.9488084730803178	0.01447886958776251
0.9496910856134158	0.014701933404940925
0.9505736981465137	0.014658627087198516
0.9514563106796117	0.014018598685265355
0.9523389232127096	0.014262254167914545
0.9532215357458076	0.01404640956527749
0.9541041482789056	0.01372118078000431
0.9549867608120035	0.013681792717086836
0.9558693733451015	0.013723226433430515
0.9567519858781994	0.013444687398769032
0.9576345984112974	0.0131524400540358
0.9585172109443955	0.012806924805074666
0.9593998234774934	0.011895330112721418
0.9602824360105914	0.012284511784511783
0.9611650485436893	0.011807610993657505
0.9620476610767873	0.011723883351790332
0.9629302736098853	0.01118273325590399
0.9638128861429832	0.011619918699186993
0.9646954986760812	0.011532051282051283
0.9655781112091791	0.011689158794421953
0.9664607237422771	0.010749170222854432
0.9673433362753752	0.01082082082082082
0.9682259488084731	0.010804232804232802
0.9691085613415711	0.010644257703081231
0.969991173874669	0.010932857991681522
0.970873786407767	0.011616161616161616
0.971756398940865	0.01098790322580645
0.9726390114739629	0.011505376344086021
0.9735216240070609	0.01114942528735632
0.9744042365401588	0.01145320197044335
0.9752868490732568	0.011507936507936507
0.9761694616063548	0.011538461538461537
0.9770520741394528	0.010923076923076923
0.9779346866725508	0.0115
0.9788172992056487	0.011533816425120772
0.9796999117387467	0.010276679841897233
0.9805825242718447	0.00873015873015873
0.9814651368049426	0.009603174603174605
0.9823477493380406	0.006842105263157894
0.9832303618711385	0.006432748538011695
0.9841129744042365	0.005555555555555555
0.9849955869373345	0.005514705882352941
0.9858781994704324	0.004583333333333333
0.9867608120035305	0.005238095238095238
0.9876434245366285	0.004395604395604396
0.9885260370697264	0.002564102564102564
0.9894086496028244	0.0030303030303030303
0.9902912621359223	0.0018181818181818182
0.9911738746690203	0.0022222222222222222
0.9920564872021183	0.0027777777777777775
0.9929390997352162	0.0
0.9938217122683142	0.0
0.9947043248014121	0.0
0.9955869373345102	0.0
0.9964695498676082	0.0
0.9973521624007061	0.0
0.9982347749338041	0.0
0.999117387466902	0.0
1.0	0.0
