Fraction_of_nodes	Efficiency
0.00088261253309797	0.2999484957529339
0.00176522506619594	0.2999615759081188
0.00264783759929391	0.300032079599933
0.00353045013239188	0.30015760877588377
0.00441306266548985	0.30016798347517637
0.00529567519858782	0.3001991722635065
0.00617828773168579	0.3002425235187773
0.00706090026478376	0.3002837880591099
0.00794351279788173	0.30031297237061155
0.0088261253309797	0.30033099048795137
0.009708737864077669	0.3003998239206614
0.01059135039717564	0.3004795224295681
0.01147396293027361	0.3005068699738186
0.01235657546337158	0.30055552358284765
0.01323918799646955	0.3005977042610943
0.01412180052956752	0.30062990077386925
0.01500441306266549	0.3006384776943325
0.01588702559576346	0.30074254791548916
0.01676963812886143	0.30080090378867963
0.0176522506619594	0.3008822649242011
0.018534863195057368	0.30091075333192147
0.019417475728155338	0.3009655077483734
0.02030008826125331	0.300991646677648
0.02118270079435128	0.3010413164338479
0.02206531332744925	0.30110401846883644
0.02294792586054722	0.301177073462368
0.02383053839364519	0.30124894553803744
0.02471315092674316	0.3013785310675501
0.02559576345984113	0.3014424573461764
0.0264783759929391	0.30156868434953715
0.02736098852603707	0.3016391180752766
0.02824360105913504	0.3016429790319923
0.02912621359223301	0.3017223193859201
0.03000882612533098	0.3017679139000147
0.03089143865842895	0.30186727212406406
0.03177405119152692	0.3019393369575583
0.03265666372462489	0.302053376012331
0.03353927625772286	0.3021689974737423
0.03442188879082083	0.3023057908421981
0.0353045013239188	0.3023576027880125
0.03618711385701677	0.302466565959173
0.037069726390114736	0.30254501563562003
0.03795233892321271	0.3026351424815806
0.038834951456310676	0.3026862659097664
0.03971756398940865	0.3027711415185313
0.04060017652250662	0.30286121020374707
0.04148278905560459	0.3029578096320566
0.04236540158870256	0.3029664694120011
0.04324801412180053	0.30297634867008183
0.0441306266548985	0.3029851784347618
0.04501323918799647	0.3029460723887608
0.04589585172109444	0.30297856637168186
0.04677846425419241	0.30301123296687177
0.04766107678729038	0.30302375478877874
0.04854368932038835	0.3030358011365212
0.04942630185348632	0.30302924791172015
0.05030891438658429	0.30312107720324716
0.05119152691968226	0.3032148146782082
0.05207413945278023	0.3032519592006324
0.0529567519858782	0.3032687485395241
0.05383936451897617	0.303322176715711
0.05472197705207414	0.30337018504274704
0.05560458958517211	0.3034250406850558
0.05648720211827008	0.3034517461394749
0.05736981465136805	0.303506246544086
0.05825242718446602	0.3035520949598753
0.05913503971756399	0.3036669820894204
0.06001765225066196	0.3037706081947945
0.06090026478375993	0.3038813372811102
0.0617828773168579	0.30394749430072887
0.06266548984995587	0.3039604969441646
0.06354810238305383	0.3039915915338123
0.06443071491615181	0.30400215879562514
0.06531332744924978	0.3040891884198795
0.06619593998234775	0.3041258981600711
0.06707855251544571	0.30418827286685934
0.06796116504854369	0.3042545568251889
0.06884377758164166	0.30428007650190014
0.06972639011473963	0.3043089290991358
0.0706090026478376	0.3043343630437004
0.07149161518093557	0.30435699177303865
0.07237422771403354	0.3043995136917431
0.07325684024713151	0.3043451662213589
0.07413945278022947	0.3044153131431188
0.07502206531332745	0.304420223419016
0.07590467784642542	0.30441165216719085
0.07678729037952339	0.30440826340252114
0.07766990291262135	0.3044144473874143
0.07855251544571933	0.3044590652492524
0.0794351279788173	0.30450636128012004
0.08031774051191527	0.30451812274856993
0.08120035304501325	0.30455073444920727
0.0820829655781112	0.3046251216311964
0.08296557811120918	0.30466141740256236
0.08384819064430715	0.30471685847455277
0.08473080317740513	0.304692734427696
0.08561341571050309	0.3046821244503974
0.08649602824360106	0.3042818943154656
0.08737864077669903	0.30427473685354983
0.088261253309797	0.3042678875632878
0.08914386584289496	0.30427187467341515
0.09002647837599294	0.3038719909360041
0.09090909090909091	0.3038248873302297
0.09179170344218888	0.3039264178380724
0.09267431597528684	0.3039044487925915
0.09355692850838482	0.30392376456797837
0.09443954104148279	0.3039857797171003
0.09532215357458076	0.30402881596751324
0.09620476610767872	0.30398985307922344
0.0970873786407767	0.30408661315463664
0.09796999117387467	0.30414933995954385
0.09885260370697264	0.30421259297197334
0.0997352162400706	0.30422480572349214
0.10061782877316858	0.3042271933842114
0.10150044130626655	0.304258430428211
0.10238305383936452	0.30432981690486044
0.10326566637246248	0.30434898301035035
0.10414827890556046	0.3043933488529454
0.10503089143865843	0.3043955974432447
0.1059135039717564	0.3043686150266868
0.10679611650485436	0.3044338155516312
0.10767872903795234	0.3045010611716319
0.10856134157105031	0.3044874138427061
0.10944395410414828	0.3045024461456966
0.11032656663724624	0.30451388419913084
0.11120917917034422	0.30455533456623257
0.11209179170344219	0.30430386409486937
0.11297440423654016	0.30440169905702436
0.11385701676963812	0.30445777777807276
0.1147396293027361	0.30450395558088006
0.11562224183583407	0.3042341699756683
0.11650485436893204	0.30424903192202296
0.11738746690203	0.304323104058007
0.11827007943512798	0.30421853287743633
0.11915269196822595	0.3043007302293133
0.12003530450132392	0.3043233304826335
0.1209179170344219	0.304254322868591
0.12180052956751986	0.30422756207183366
0.12268314210061783	0.30425635865904027
0.1235657546337158	0.3042903531341174
0.12444836716681378	0.3042750053881066
0.12533097969991175	0.30430818686285815
0.1262135922330097	0.3043611229068107
0.12709620476610767	0.30440020971164744
0.12797881729920565	0.30442597804792654
0.12886142983230361	0.30449376620472024
0.1297440423654016	0.304454771933267
0.13062665489849956	0.30442321033247344
0.13150926743159752	0.30445243845505654
0.1323918799646955	0.304540583382495
0.13327449249779347	0.3044632668176408
0.13415710503089143	0.30441634495828374
0.13503971756398941	0.304391527224084
0.13592233009708737	0.3043998463813762
0.13680494263018536	0.30437313044887027
0.13768755516328332	0.3043946413508083
0.13857016769638128	0.3043252667205289
0.13945278022947927	0.30424766016735005
0.14033539276257723	0.3042276902211152
0.1412180052956752	0.30419984999837935
0.14210061782877317	0.30417922213507254
0.14298323036187113	0.30413744289029976
0.14386584289496912	0.3042187893443355
0.14474845542806708	0.30323719889766976
0.14563106796116504	0.3031973514423977
0.14651368049426303	0.30316810866435034
0.147396293027361	0.30312761704705654
0.14827890556045895	0.3030818624202882
0.14916151809355693	0.3030649954273756
0.1500441306266549	0.3030353502335109
0.15092674315975288	0.3030362228091956
0.15180935569285084	0.3030244464697175
0.1526919682259488	0.3030578365793705
0.15357458075904679	0.3027108723825068
0.15445719329214475	0.30262844203718975
0.1553398058252427	0.30261058656505
0.1562224183583407	0.30269718003717744
0.15710503089143865	0.3028121146949137
0.15798764342453664	0.3028296963387332
0.1588702559576346	0.3029036116039784
0.15975286849073256	0.30243985081082214
0.16063548102383055	0.3025120266511125
0.1615180935569285	0.30254072483827193
0.1624007060900265	0.3025740958481032
0.16328331862312445	0.3026315878827574
0.1641659311562224	0.30258319973159986
0.1650485436893204	0.30256965052290513
0.16593115622241836	0.3024987135489217
0.16681376875551632	0.30247094901930455
0.1676963812886143	0.3024804354761319
0.16857899382171226	0.30244475624033296
0.16946160635481025	0.3023991593175273
0.1703442188879082	0.3023917584636971
0.17122683142100617	0.30237460520942555
0.17210944395410416	0.30236385862146564
0.17299205648720212	0.30242458981985665
0.17387466902030008	0.30238448915120025
0.17475728155339806	0.3023050489439141
0.17563989408649602	0.3016840892044386
0.176522506619594	0.3016302025202628
0.17740511915269197	0.30156862771125276
0.17828773168578993	0.30165785321524935
0.17917034421888792	0.3015910495148511
0.18005295675198588	0.30158183513202175
0.18093556928508384	0.30158544167782353
0.18181818181818182	0.3016000495292285
0.18270079435127978	0.30163203438131453
0.18358340688437777	0.3016304969181826
0.18446601941747573	0.3015573069918696
0.1853486319505737	0.3015583349384374
0.18623124448367168	0.3015114733301124
0.18711385701676964	0.301490407853706
0.1879964695498676	0.3014712183800087
0.18887908208296558	0.30147734747984123
0.18976169461606354	0.3011838973663606
0.19064430714916153	0.3010719943518467
0.1915269196822595	0.30104208354972534
0.19240953221535745	0.3008432877779689
0.19329214474845544	0.3006543409155281
0.1941747572815534	0.3007255525881802
0.19505736981465135	0.3007503751851803
0.19593998234774934	0.30082025835938525
0.1968225948808473	0.3008636899815477
0.1977052074139453	0.3008291239778296
0.19858781994704325	0.3009220612188537
0.1994704324801412	0.30098944565222124
0.2003530450132392	0.30102468387440395
0.20123565754633715	0.30102271351692506
0.20211827007943514	0.3010092983840191
0.2030008826125331	0.3010858904504193
0.20388349514563106	0.30113235144887074
0.20476610767872905	0.30114440451415253
0.205648720211827	0.3011455497307905
0.20653133274492497	0.3011263413450084
0.20741394527802295	0.30119001508016824
0.2082965578111209	0.3012163116727856
0.2091791703442189	0.3011406226265371
0.21006178287731686	0.3012597149409628
0.21094439541041482	0.30129794296475926
0.2118270079435128	0.3013231993511633
0.21270962047661077	0.3012856547316154
0.21359223300970873	0.3013333111165944
0.2144748455428067	0.3009051928317761
0.21535745807590467	0.30083832124922333
0.21624007060900266	0.3008546001728436
0.21712268314210062	0.3008358306807738
0.21800529567519858	0.30075082699331057
0.21888790820829657	0.30078614279433197
0.21977052074139453	0.3008187982065809
0.22065313327449249	0.30080875633602755
0.22153574580759047	0.3003287957363203
0.22241835834068843	0.3003604135665406
0.22330097087378642	0.30041729767365555
0.22418358340688438	0.3005381655427035
0.22506619593998234	0.30061077755527127
0.22594880847308033	0.30064085185010847
0.22683142100617829	0.3006053520968115
0.22771403353927624	0.3006168495789916
0.22859664607237423	0.30060240433907687
0.2294792586054722	0.3006618041528531
0.23036187113857018	0.3007327982294432
0.23124448367166814	0.30071165267671685
0.2321270962047661	0.30081211504112426
0.23300970873786409	0.30090643499847186
0.23389232127096204	0.30090662134714874
0.23477493380406	0.3009267588770222
0.235657546337158	0.30090322607459846
0.23654015887025595	0.3008926054648572
0.23742277140335394	0.30085770320149846
0.2383053839364519	0.30088178383675307
0.23918799646954986	0.30079912692599275
0.24007060900264784	0.3007612803124808
0.2409532215357458	0.30079766127032254
0.2418358340688438	0.30041300376142477
0.24271844660194175	0.3005145606385801
0.2436010591350397	0.30058337539791136
0.2444836716681377	0.30065647308970883
0.24536628420123566	0.3001891633861226
0.24624889673433362	0.30030498371731884
0.2471315092674316	0.3002740324991664
0.24801412180052956	0.30034372904236517
0.24889673433362755	0.30037714404354926
0.2497793468667255	0.300454246717793
0.2506619593998235	0.30059925622168504
0.25154457193292146	0.30050843723722553
0.2524271844660194	0.300441582765459
0.2533097969991174	0.30042448943571104
0.25419240953221534	0.3004620452474343
0.25507502206531335	0.3004653032287035
0.2559576345984113	0.300436775952098
0.25684024713150927	0.3003269782285523
0.25772285966460723	0.30023819972040516
0.2586054721977052	0.29961440774298015
0.2594880847308032	0.2995420333697905
0.26037069726390116	0.2995033003790808
0.2612533097969991	0.2994479485084039
0.2621359223300971	0.29936888697104336
0.26301853486319504	0.299346695442206
0.263901147396293	0.2993069410031061
0.264783759929391	0.29932816876878865
0.265666372462489	0.2987762816943978
0.26654898499558694	0.2986485498478787
0.2674315975286849	0.2986750828935575
0.26831421006178285	0.2985097212210031
0.26919682259488087	0.2984464295810052
0.27007943512797883	0.29837308337675394
0.2709620476610768	0.29847205713427694
0.27184466019417475	0.2983938168100605
0.2727272727272727	0.29838096768984756
0.2736098852603707	0.29826917031649336
0.2744924977934687	0.2982348031376384
0.27537511032656664	0.298211187598506
0.2762577228596646	0.29826280668730304
0.27714033539276256	0.2983024934223906
0.2780229479258605	0.2983884235818342
0.27890556045895853	0.2985679293148375
0.2797881729920565	0.2986072695960728
0.28067078552515445	0.2986537916303605
0.2815533980582524	0.2986429245665362
0.2824360105913504	0.2985044624383963
0.2833186231244484	0.2983208792265306
0.28420123565754635	0.2982330586718585
0.2850838481906443	0.29809971811931907
0.28596646072374227	0.2979186554327158
0.2868490732568402	0.29589197203144524
0.28773168578993824	0.295881470930427
0.2886142983230362	0.29570124025541084
0.28949691085613416	0.2956389929981204
0.2903795233892321	0.295602728958312
0.2912621359223301	0.29545537730221744
0.2921447484554281	0.2953188227644796
0.29302736098852605	0.2952360628093113
0.293909973521624	0.29521788023810674
0.294792586054722	0.2952832682167294
0.29567519858781993	0.29525397933591
0.2965578111209179	0.2952507766480493
0.2974404236540159	0.29522007687520313
0.29832303618711387	0.29508990761131876
0.2992056487202118	0.2950310425842228
0.3000882612533098	0.2950972031922964
0.30097087378640774	0.29507155794374545
0.30185348631950576	0.294502906798113
0.3027360988526037	0.29444272169167185
0.3036187113857017	0.2943327556851278
0.30450132391879964	0.2941995124736615
0.3053839364518976	0.2941142691795292
0.3062665489849956	0.2940524348999243
0.30714916151809357	0.29397216006585153
0.30803177405119153	0.29350053353834366
0.3089143865842895	0.2928527916254201
0.30979699911738745	0.29282974059257144
0.3106796116504854	0.29279242275788087
0.3115622241835834	0.29276349488546255
0.3124448367166814	0.29282376186313985
0.31332744924977934	0.2928837564815328
0.3142100617828773	0.2927946526903465
0.31509267431597526	0.29287446355391095
0.3159752868490733	0.2929299586807556
0.31685789938217124	0.29292125683999215
0.3177405119152692	0.2926547988511281
0.31862312444836716	0.29243538436781846
0.3195057369814651	0.2922632944233815
0.32038834951456313	0.29207156488373565
0.3212709620476611	0.29197483606494584
0.32215357458075905	0.2918372826713565
0.323036187113857	0.29179259508225686
0.32391879964695497	0.2916192580895767
0.324801412180053	0.29150053447838303
0.32568402471315094	0.2913393026651953
0.3265666372462489	0.29075091449131674
0.32744924977934686	0.2905520967242217
0.3283318623124448	0.2903361763479952
0.3292144748455428	0.29039635072571185
0.3300970873786408	0.29039280446053967
0.33097969991173876	0.28969999898792276
0.3318623124448367	0.28883707135220626
0.3327449249779347	0.28864532494414297
0.33362753751103263	0.28847535314682826
0.33451015004413065	0.2886241275480554
0.3353927625772286	0.2885952264904929
0.33627537511032657	0.2885386817916708
0.33715798764342453	0.2885315283328683
0.3380406001765225	0.28765948672328784
0.3389232127096205	0.2875819274186101
0.33980582524271846	0.2875513300125731
0.3406884377758164	0.2872646934819883
0.3415710503089144	0.2870237345529361
0.34245366284201234	0.2870766537113826
0.3433362753751103	0.2870200468067131
0.3442188879082083	0.2867732603086092
0.3451015004413063	0.28665262402684666
0.34598411297440423	0.2866267366268514
0.3468667255075022	0.285982379054194
0.34774933804060015	0.2857240429644613
0.34863195057369817	0.28534612861157543
0.34951456310679613	0.2851032194336554
0.3503971756398941	0.2851114244870135
0.35127978817299205	0.2849795353460127
0.35216240070609	0.285102140450632
0.353045013239188	0.2849663231353118
0.353927625772286	0.2843325651520995
0.35481023830538394	0.28430738080510415
0.3556928508384819	0.2841938621474704
0.35657546337157986	0.2840724930891817
0.3574580759046778	0.28346784380868206
0.35834068843777583	0.2834140905291537
0.3592233009708738	0.2832483907592432
0.36010591350397175	0.28315423345929974
0.3609885260370697	0.2829890074059947
0.36187113857016767	0.28282961717445965
0.3627537511032657	0.2826642304716164
0.36363636363636365	0.28153802864166644
0.3645189761694616	0.28151610021979995
0.36540158870255957	0.280840994468746
0.3662842012356575	0.2806051720266212
0.36716681376875554	0.2803923442869513
0.3680494263018535	0.2800207102019702
0.36893203883495146	0.27983707702162897
0.3698146513680494	0.279633653367506
0.3706972639011474	0.27952063245642095
0.3715798764342454	0.27951432864548487
0.37246248896734335	0.2795087873698796
0.3733451015004413	0.2793987384576223
0.37422771403353927	0.2782256257506591
0.37511032656663723	0.277462304773771
0.3759929390997352	0.27738729660049394
0.3768755516328332	0.27717735184354364
0.37775816416593117	0.2769230920522379
0.3786407766990291	0.2767108524915745
0.3795233892321271	0.2765622331406338
0.38040600176522504	0.27640111293169595
0.38128861429832306	0.27629951866566005
0.382171226831421	0.27623027551447726
0.383053839364519	0.2761996749536345
0.38393645189761694	0.2761154856792917
0.3848190644307149	0.27572469273599454
0.3857016769638129	0.2748371745946226
0.38658428949691087	0.27444498086104924
0.38746690203000883	0.2741341694298655
0.3883495145631068	0.27410688716354176
0.38923212709620475	0.2741168499631806
0.3901147396293027	0.27400728982136763
0.3909973521624007	0.27392202319527265
0.3918799646954987	0.27317515333429887
0.39276257722859664	0.2730591996024016
0.3936451897616946	0.2729271130956462
0.39452780229479256	0.272722907425321
0.3954104148278906	0.27260010833987885
0.39629302736098854	0.2724760646933111
0.3971756398940865	0.27225115483321344
0.39805825242718446	0.2713219765401188
0.3989408649602824	0.27103400317473364
0.39982347749338043	0.27074401409979865
0.4007060900264784	0.26975991047143266
0.40158870255957635	0.26959432317759063
0.4024713150926743	0.2692687529673789
0.40335392762577227	0.26916199137927316
0.4042365401588703	0.2692285546809084
0.40511915269196824	0.2691177088109858
0.4060017652250662	0.26894922871262233
0.40688437775816416	0.268895636060529
0.4077669902912621	0.2689303164816613
0.4086496028243601	0.26892696989045006
0.4095322153574581	0.2688498243736739
0.41041482789055606	0.2687836096915243
0.411297440423654	0.2685536950523127
0.412180052956752	0.2685391997791741
0.41306266548984993	0.2684682176605695
0.41394527802294795	0.2684786063013366
0.4148278905560459	0.2679586506530764
0.41571050308914387	0.267935288753976
0.4165931156222418	0.26790047656098737
0.4174757281553398	0.26785440575213204
0.4183583406884378	0.26786919526733927
0.41924095322153576	0.2671105982462837
0.4201235657546337	0.26703870981084077
0.4210061782877317	0.2669689403403993
0.42188879082082964	0.266899287108805
0.4227714033539276	0.2668435674885656
0.4236540158870256	0.26701617380611065
0.4245366284201236	0.26690321817699814
0.42541924095322153	0.2668352548623402
0.4263018534863195	0.2666916473351565
0.42718446601941745	0.26665761959962814
0.42806707855251547	0.2666427240266828
0.4289496910856134	0.2666847589921241
0.4298323036187114	0.26666169527732353
0.43071491615180935	0.265647829067057
0.4315975286849073	0.26532967369057314
0.4324801412180053	0.2648212362172086
0.4333627537511033	0.2632426004645185
0.43424536628420124	0.2632691838918436
0.4351279788172992	0.2631448470913026
0.43601059135039716	0.2623254504381157
0.4368932038834951	0.2619908885386047
0.43777581641659313	0.26155146729318435
0.4386584289496911	0.261069117539076
0.43954104148278905	0.2602573988183688
0.440423654015887	0.26009038342516955
0.44130626654898497	0.2599545885000039
0.442188879082083	0.2597687038661708
0.44307149161518095	0.2597485664449612
0.4439541041482789	0.2594683158544186
0.44483671668137686	0.25859228869675227
0.4457193292144748	0.25826334800478395
0.44660194174757284	0.25752800531637576
0.4474845542806708	0.25727261220100606
0.44836716681376876	0.2570643956039756
0.4492497793468667	0.2570899895534672
0.4501323918799647	0.2565389648033447
0.4510150044130627	0.25620111417057273
0.45189761694616065	0.2553453933125153
0.4527802294792586	0.2552501867385504
0.45366284201235657	0.2536492538257228
0.45454545454545453	0.2530932911521174
0.4554280670785525	0.2527711165499815
0.4563106796116505	0.2524348261104276
0.45719329214474846	0.2523761603363983
0.4580759046778464	0.25226461920237714
0.4589585172109444	0.25191536828580613
0.45984112974404234	0.2518138642978702
0.46072374227714036	0.25157072203426945
0.4616063548102383	0.25157758524516993
0.4624889673433363	0.2516338568091668
0.46337157987643424	0.25156337094762193
0.4642541924095322	0.2513528323881004
0.4651368049426302	0.25115637537745905
0.46601941747572817	0.2511550961577711
0.46690203000882613	0.25108021858507473
0.4677846425419241	0.2508700630158166
0.46866725507502205	0.25057389979912237
0.46954986760812	0.25040923857032155
0.470432480141218	0.25013102525341424
0.471315092674316	0.2500202200351477
0.47219770520741394	0.24977337982550882
0.4730803177405119	0.24938496145338945
0.47396293027360986	0.2480966614830875
0.4748455428067079	0.24725120575697623
0.47572815533980584	0.24692275503562625
0.4766107678729038	0.24581309055352252
0.47749338040600176	0.24513993915932455
0.4783759929390997	0.24400760078398026
0.47925860547219773	0.2431358147507606
0.4801412180052957	0.24320230665878875
0.48102383053839365	0.24315658877570615
0.4819064430714916	0.2430229691787408
0.48278905560458957	0.24294940091275288
0.4836716681376876	0.2430158404927668
0.48455428067078554	0.2419791553609306
0.4854368932038835	0.24207274998926592
0.48631950573698146	0.24122708192544062
0.4872021182700794	0.24121334976289616
0.4880847308031774	0.24204655649782844
0.4889673433362754	0.24197680426749923
0.48984995586937335	0.2418359527857655
0.4907325684024713	0.24176981557494
0.4916151809355693	0.24032189824379246
0.49249779346866723	0.2402408100742656
0.49338040600176525	0.23993942133367663
0.4942630185348632	0.23913479868958193
0.49514563106796117	0.23910021191088165
0.4960282436010591	0.23901034937978485
0.4969108561341571	0.2390328731414711
0.4977934686672551	0.2389240343445353
0.49867608120035306	0.23878468735184383
0.499558693733451	0.23874137739826345
0.500441306266549	0.2386556604357254
0.501323918799647	0.23867081299752022
0.502206531332745	0.23951866668490038
0.5030891438658429	0.23911495969247548
0.5039717563989409	0.2387370469952126
0.5048543689320388	0.23845916649472287
0.5057369814651368	0.23572470073285184
0.5066195939982348	0.23512893892973227
0.5075022065313327	0.23476942540265552
0.5083848190644307	0.2343326621081611
0.5092674315975286	0.2339556102863848
0.5101500441306267	0.23275769322684053
0.5110326566637247	0.23218179593105265
0.5119152691968226	0.23215888844361598
0.5127978817299206	0.23192082947650008
0.5136804942630185	0.23164110380427683
0.5145631067961165	0.22985394407236423
0.5154457193292145	0.22985012511541222
0.5163283318623124	0.22937720562973418
0.5172109443954104	0.22898426452863999
0.5180935569285083	0.22881405522282244
0.5189761694616064	0.228261388653174
0.5198587819947044	0.22665756603425835
0.5207413945278023	0.22640255973711812
0.5216240070609003	0.22531357951538614
0.5225066195939982	0.22478162242269492
0.5233892321270962	0.2243894020650037
0.5242718446601942	0.22264378095485252
0.5251544571932921	0.22066024880490895
0.5260370697263901	0.2202653294888005
0.526919682259488	0.22001509752070872
0.527802294792586	0.21993826419675921
0.5286849073256841	0.21547173455215915
0.529567519858782	0.21491040262572877
0.53045013239188	0.21446306725007022
0.531332744924978	0.21421075978730256
0.5322153574580759	0.21321658567942622
0.5330979699911739	0.2127840568115448
0.5339805825242718	0.21176877031344007
0.5348631950573698	0.2116880298051611
0.5357458075904677	0.21146941362079477
0.5366284201235657	0.21138921777345976
0.5375110326566638	0.21070862985318567
0.5383936451897617	0.21050441765958453
0.5392762577228597	0.21019972678238608
0.5401588702559577	0.21006042901419086
0.5410414827890556	0.2099267752156168
0.5419240953221536	0.20964460980958244
0.5428067078552515	0.20923705254993968
0.5436893203883495	0.20905545880787216
0.5445719329214475	0.20832212474042472
0.5454545454545454	0.20809598464427714
0.5463371579876434	0.20779298187804668
0.5472197705207414	0.20717058669512667
0.5481023830538394	0.20422771206065296
0.5489849955869374	0.20336001067074327
0.5498676081200353	0.20262699971914136
0.5507502206531333	0.2023940278583071
0.5516328331862312	0.2020747406572198
0.5525154457193292	0.2006231969440773
0.5533980582524272	0.20019142286880642
0.5542806707855251	0.19975791966933482
0.5551632833186231	0.1996056164898378
0.556045895851721	0.1993801561714984
0.5569285083848191	0.19945121140739694
0.5578111209179171	0.19922738332840212
0.558693733451015	0.19903352419106196
0.559576345984113	0.1986382307546982
0.560458958517211	0.1965568415270994
0.5613415710503089	0.19644104063689644
0.5622241835834069	0.19636283146347613
0.5631067961165048	0.1957625220781532
0.5639894086496028	0.19568688846457005
0.5648720211827007	0.1955361118373455
0.5657546337157988	0.19534199800812685
0.5666372462488968	0.1954692828540989
0.5675198587819947	0.19219218332950966
0.5684024713150927	0.19155104731878217
0.5692850838481907	0.1911308481885968
0.5701676963812886	0.18973011205297646
0.5710503089143866	0.1893163411050649
0.5719329214474845	0.1876820149546261
0.5728155339805825	0.1871085013235146
0.5736981465136805	0.18650560470734087
0.5745807590467784	0.18545612549750287
0.5754633715798765	0.18522543835033098
0.5763459841129744	0.18500905767074521
0.5772285966460724	0.184693536863221
0.5781112091791704	0.18426661773996914
0.5789938217122683	0.18378991708482542
0.5798764342453663	0.18330116959053758
0.5807590467784642	0.18274332103102622
0.5816416593115622	0.18177096320300323
0.5825242718446602	0.18160683287053211
0.5834068843777581	0.18105256547773796
0.5842894969108562	0.17979433627954225
0.5851721094439541	0.17846547044764519
0.5860547219770521	0.17664326414318512
0.5869373345101501	0.17498987945983605
0.587819947043248	0.1737680692296366
0.588702559576346	0.1734064573265247
0.589585172109444	0.17282217234312067
0.5904677846425419	0.17211356958434354
0.5913503971756399	0.1719091452275314
0.5922330097087378	0.17146402043362274
0.5931156222418358	0.16967674243136763
0.5939982347749339	0.16902119785110475
0.5948808473080318	0.16827817169242582
0.5957634598411298	0.1671074999328987
0.5966460723742277	0.1662685730555696
0.5975286849073257	0.16277676792718027
0.5984112974404237	0.16140882717035449
0.5992939099735216	0.16065713384255684
0.6001765225066196	0.16040147824423845
0.6010591350397175	0.16005155389739922
0.6019417475728155	0.15894880668870906
0.6028243601059136	0.15857695918430095
0.6037069726390115	0.15745645557784302
0.6045895851721095	0.15693664490411488
0.6054721977052074	0.15564060862093404
0.6063548102383054	0.15517429366405996
0.6072374227714034	0.15447831057388758
0.6081200353045013	0.15346038960605893
0.6090026478375993	0.15221373147286613
0.6098852603706972	0.15204687084446208
0.6107678729037952	0.1518222760485392
0.6116504854368932	0.1516817869552083
0.6125330979699912	0.152348394380483
0.6134157105030892	0.15192436454786862
0.6142983230361871	0.15057695178653618
0.6151809355692851	0.14848939790342575
0.6160635481023831	0.14653905440342596
0.616946160635481	0.1462128080741892
0.617828773168579	0.14472243683343167
0.6187113857016769	0.14384877660777698
0.6195939982347749	0.13989654311115293
0.6204766107678729	0.13902553205942528
0.6213592233009708	0.13747853557758236
0.6222418358340689	0.1365626333499467
0.6231244483671668	0.1354407832275707
0.6240070609002648	0.13268543365567428
0.6248896734333628	0.12973645764773234
0.6257722859664607	0.12921772429172146
0.6266548984995587	0.1288621892476178
0.6275375110326566	0.1283788396739476
0.6284201235657546	0.12743067643820485
0.6293027360988526	0.1280389374235901
0.6301853486319505	0.12768286242216687
0.6310679611650486	0.1273358947011098
0.6319505736981466	0.12609492617367646
0.6328331862312445	0.12583850595528623
0.6337157987643425	0.12466228004648852
0.6345984112974404	0.12411277294867828
0.6354810238305384	0.12470350821781724
0.6363636363636364	0.12391976175024211
0.6372462488967343	0.12300433011761949
0.6381288614298323	0.12268827580480215
0.6390114739629302	0.12244498673743995
0.6398940864960282	0.12220590138377074
0.6407766990291263	0.12186630844272411
0.6416593115622242	0.12245595414275143
0.6425419240953222	0.12203428676207112
0.6434245366284201	0.12137126022073182
0.6443071491615181	0.12016944787774267
0.6451897616946161	0.11849543883829729
0.646072374227714	0.11675651239871179
0.646954986760812	0.11484205643985218
0.6478375992939099	0.1145656185102024
0.6487202118270079	0.114088023288988
0.649602824360106	0.11289793693717833
0.6504854368932039	0.1118367428647868
0.6513680494263019	0.10745039549258578
0.6522506619593998	0.10664225654929675
0.6531332744924978	0.10499586608602517
0.6540158870255958	0.10439343627535455
0.6548984995586937	0.10089013950909777
0.6557811120917917	0.09844593376730025
0.6566637246248896	0.09688440632212755
0.6575463371579876	0.09548342258925772
0.6584289496910856	0.09502585090208554
0.6593115622241836	0.09365949380082617
0.6601941747572816	0.09081331002903681
0.6610767872903796	0.08844192657020875
0.6619593998234775	0.08714500143595774
0.6628420123565755	0.08611813516172775
0.6637246248896734	0.08370465803020097
0.6646072374227714	0.08262897288797777
0.6654898499558694	0.08214557217573928
0.6663724624889673	0.08041574017218212
0.6672550750220653	0.07734412913247252
0.6681376875551632	0.07505061967190264
0.6690203000882613	0.07351660634869624
0.6699029126213593	0.06921917084029472
0.6707855251544572	0.06813628994507544
0.6716681376875552	0.0684552965028564
0.6725507502206531	0.06643583899648317
0.6734333627537511	0.06509369997174427
0.6743159752868491	0.06460025346888587
0.675198587819947	0.06381308846841034
0.676081200353045	0.06252168740219055
0.6769638128861429	0.05982809876700825
0.677846425419241	0.058393385805315945
0.678729037952339	0.056803141543394234
0.6796116504854369	0.05606425403009339
0.6804942630185349	0.055055213394534515
0.6813768755516328	0.05286838618786311
0.6822594880847308	0.049257270163718066
0.6831421006178288	0.04868448247207786
0.6840247131509267	0.04842224345298794
0.6849073256840247	0.047731977253500125
0.6857899382171226	0.04654095666953266
0.6866725507502206	0.04547477009520022
0.6875551632833187	0.04365264240906032
0.6884377758164166	0.04326469298220754
0.6893203883495146	0.04250247624615918
0.6902030008826125	0.0420439243296349
0.6910856134157105	0.04073390828936948
0.6919682259488085	0.039403842414905625
0.6928508384819064	0.037859849948687685
0.6937334510150044	0.03510551354623408
0.6946160635481023	0.03477862010282057
0.6954986760812003	0.034410480168820215
0.6963812886142984	0.03408251710170328
0.6972639011473963	0.030772462760595053
0.6981465136804943	0.02997239413095658
0.6990291262135923	0.029688673745512505
0.6999117387466902	0.028746692026233055
0.7007943512797882	0.028899336047054677
0.7016769638128861	0.029044507953431924
0.7025595763459841	0.02921739192934521
0.703442188879082	0.028927260599701084
0.70432480141218	0.028626925898799234
0.705207413945278	0.02792603047093995
0.706090026478376	0.028076169190626325
0.706972639011474	0.02675989659846497
0.707855251544572	0.02578433727156572
0.7087378640776699	0.02592265966816914
0.7096204766107679	0.02538840503570989
0.7105030891438658	0.02444411361534866
0.7113857016769638	0.02060605640979395
0.7122683142100618	0.019627040308022252
0.7131509267431597	0.018199493658183328
0.7140335392762577	0.016848776184001657
0.7149161518093556	0.015481129429363302
0.7157987643424537	0.015026008575378896
0.7166813768755517	0.013177779461365832
0.7175639894086496	0.012567502214347671
0.7184466019417476	0.01218104234310531
0.7193292144748455	0.011465931247491797
0.7202118270079435	0.010790419499439981
0.7210944395410415	0.007271846207952329
0.7219770520741394	0.005484543428128495
0.7228596646072374	0.005519588434059029
0.7237422771403353	0.004269066928811328
0.7246248896734334	0.0038111138593453623
0.7255075022065314	0.0032755938180686617
0.7263901147396293	0.0032585168945958153
0.7272727272727273	0.0031819582790456563
0.7281553398058253	0.003040526248995302
0.7290379523389232	0.002890081113878776
0.7299205648720212	0.002784028001000037
0.7308031774051191	0.0025470951970089166
0.7316857899382171	0.002542195008974583
0.732568402471315	0.002504389511798863
0.733451015004413	0.0023670179607342716
0.7343336275375111	0.0018427464008859366
0.735216240070609	0.0015180230397621706
0.736098852603707	0.0015057649285837211
0.736981465136805	0.0014707100836854755
0.7378640776699029	0.0013195013195013193
0.7387466902030009	0.0011337608795235915
0.7396293027360988	0.0010377032168799724
0.7405119152691968	0.0009867428199948922
0.7413945278022948	0.000829865818878863
0.7422771403353927	0.0008355693640257967
0.7431597528684908	0.0008413319113639056
0.7440423654015887	0.000847154277532514
0.7449249779346867	0.000853037293348712
0.7458075904677847	0.0008589818041037553
0.7466902030008826	0.0008649886698667186
0.7475728155339806	0.0008710587657956079
0.7484554280670785	0.0008771929824561404
0.7493380406001765	0.0008833922261484099
0.7502206531332745	0.0008645966468686565
0.7511032656663724	0.0008707503596577572
0.7519858781994704	0.0008769700050838841
0.7528684907325685	0.0008320532514080901
0.7537511032656664	0.0007993605115907274
0.7546337157987644	0.0008051320676310937
0.7555163283318623	0.0008109663579762465
0.7563989408649603	0.0008168642951251647
0.7572815533980582	0.0008228268082282681
0.7581641659311562	0.0008288548434533836
0.7590467784642542	0.0008080155138978668
0.7599293909973521	0.0007868461037551552
0.7608120035304501	0.0007926745934126008
0.7616946160635482	0.000798568084813438
0.7625772285966461	0.0008045275481329412
0.7634598411297441	0.0008105539717144614
0.764342453662842	0.0008166483624792317
0.76522506619594	0.0008228117463469996
0.766107678729038	0.0008004574042309891
0.7669902912621359	0.0008065445327802742
0.7678729037952339	0.0008127013612747801
0.7687555163283318	0.000818928957912901
0.7696381288614298	0.000825228411435308
0.7705207413945278	0.0008316008316008316
0.7714033539276258	0.0008380473496752566
0.7722859664607238	0.0007993243447048532
0.7731685789938217	0.0008055690661478599
0.7740511915269197	0.0008118872549019608
0.7749338040600177	0.0008182800679326849
0.7758164165931156	0.0008247486850704927
0.7766990291262136	0.0008312943095551791
0.7775816416593115	0.0008379181685954594
0.7784642541924095	0.0008446215139442232
0.7793468667255075	0.0008514056224899598
0.7802294792586054	0.0008582717968648788
0.7811120917917035	0.0008652213660702625
0.7819947043248014	0.0008393403772094401
0.7828773168578994	0.0008461921353907416
0.7837599293909974	0.0008531281365005019
0.7846425419240953	0.0008601497672535924
0.7855251544571933	0.0008672584430160188
0.7864077669902912	0.0008744556085182264
0.7872903795233892	0.0008817427385892116
0.7881729920564872	0.0008891213389121339
0.7890556045895851	0.0008965929468021519
0.7899382171226832	0.0009041591320072332
0.7908208296557812	0.0009118214975327183
0.7917034421888791	0.0009195816804904436
0.7925860547219771	0.0009274413529732679
0.793468667255075	0.000935402222955871
0.794351279788173	0.000943466035222732
0.795233892321271	0.0009516345723242275
0.7961165048543689	0.0009599096555618294
0.7969991173874669	0.0009682931460034175
0.7978817299205648	0.0009767869455297633
0.7987643424536628	0.0009853929979132855
0.7996469549867609	0.0009941132899302172
0.8005295675198588	0.0010029498525073745
0.8014121800529568	0.0010119047619047618
0.8022947925860547	0.0010209801409352978
0.8031774051191527	0.0010301781602230034
0.8040600176522507	0.0010395010395010396
0.8049426301853486	0.001048951048951049
0.8058252427184466	0.0010585305105853052
0.8067078552515445	0.0010682417996732436
0.8075904677846425	0.001078087346214011
0.8084730803177406	0.0010880696364567333
0.8093556928508385	0.0010981912144702843
0.8102383053839365	0.001108454683764399
0.8111209179170344	0.0011188627089640647
0.8120035304501324	0.0010186907609177076
0.8128861429832304	0.0010283465975140839
0.8137687555163283	0.0009252990295644324
0.8146513680494263	0.0008885850991114149
0.8155339805825242	0.0008971291866028708
0.8164165931156222	0.0009057971014492754
0.8172992056487202	0.0008676891327798884
0.8181818181818182	0.0008287946957139474
0.8190644307149162	0.0008369201339072215
0.8199470432480142	0.0008451656524678837
0.8208296557811121	0.0008047602789835634
0.8217122683142101	0.0008127678439485739
0.822594880847308	0.0008208955223880597
0.823477493380406	0.0008291457286432161
0.824360105913504	0.0008375209380234506
0.8252427184466019	0.0008460236886632825
0.8261253309796999	0.0008546565834455609
0.8270079435127978	0.0008634222919937205
0.8278905560458959	0.0008194554586307164
0.8287731685789939	0.0008279472250413974
0.8296557811120918	0.0008365716753022453
0.8305383936451898	0.0008453315881326352
0.8314210061782877	0.0008542298153761367
0.8323036187113857	0.0008632692843219159
0.8331862312444837	0.0008724530001125746
0.8340688437775816	0.0008817840482421208
0.8349514563106796	0.00089126559714795
0.8358340688437775	0.0008427782621331008
0.8367166813768756	0.0008519388954171563
0.8375992939099736	0.0008612497030173438
0.8384819064430715	0.0008707139854680838
0.8393645189761695	0.0008196223665836925
0.8402471315092674	0.0008287292817679558
0.8411297440423654	0.0008379888268156424
0.8420123565754634	0.0008474044316113238
0.8428949691085613	0.0008569796229289659
0.8437775816416593	0.0008667180277349769
0.8446601941747572	0.0008116883116883117
0.8455428067078552	0.0008210180623973727
0.8464254192409533	0.000830509600690984
0.8473080317740512	0.0008401666890711117
0.8481906443071492	0.0007819937440500476
0.8490732568402471	0.0007911936704506363
0.8499558693733451	0.0008005569091541942
0.8508384819064431	0.000810087348548887
0.851721094439541	0.0008197889934416881
0.852603706972639	0.0008296659692662867
0.853486319505737	0.0008397225264695145
0.8543689320388349	0.0008499630450849963
0.855251544571933	0.0008603920395032171
0.8561341571050309	0.0008710141634477013
0.8570167696381289	0.0008818342151675485
0.8578993821712269	0.0008928571428571428
0.8587819947043248	0.0008254716981132076
0.8596646072374228	0.0008359207069500836
0.8605472197705207	0.0008465693783761993
0.8614298323036187	0.0008574228319451249
0.8623124448367167	0.0007857733664185277
0.8631950573698146	0.000795978215333054
0.8640776699029126	0.0008063831593243358
0.8649602824360106	0.0008169934640522876
0.8658428949691086	0.0008278145695364238
0.8667255075022066	0.0008388520971302428
0.8676081200353045	0.0008501118568232662
0.8684907325684025	0.0008615998548884455
0.8693733451015004	0.0008733223018937304
0.8702559576345984	0.0008852856210977542
0.8711385701676964	0.0008974964572508266
0.8720211827007943	0.0009099616858237548
0.8729037952338923	0.0009226884226884227
0.8737864077669902	0.0008371909780360484
0.8746690203000883	0.0008490660273698931
0.8755516328331863	0.0008611955420466059
0.8764342453662842	0.0008735868448098664
0.8773168578993822	0.0007819831091648421
0.8781994704324801	0.0007933989209774674
0.8790820829655781	0.0008050665521683126
0.8799646954986761	0.0008169934640522876
0.880847308031774	0.0008291873963515755
0.881729920564872	0.0008416563797553585
0.8826125330979699	0.0008544087491455912
0.883495145631068	0.0008674531575294934
0.884377758164166	0.0008807985907222549
0.8852603706972639	0.0008944543828264759
0.8861429832303619	0.0009084302325581395
0.8870255957634599	0.0007381889763779527
0.8879082082965578	0.0006249218847644045
0.8887908208296558	0.0006349206349206349
0.8896734333627537	0.0006451612903225806
0.8905560458958517	0.0006556517178075007
0.8914386584289496	0.0006664001066240171
0.8923212709620476	0.0006774149844194553
0.8932038834951457	0.0006887052341597796
0.8940864960282436	0.0007002801120448179
0.8949691085613416	0.0007121492664862555
0.8958517210944396	0.0007243227582210633
0.8967343336275375	0.0007368110816386678
0.8976169461606355	0.0007496251874062968
0.8984995586937334	0.0007627765064836003
0.8993821712268314	0.0007762769756249029
0.9002647837599294	0.0007901390644753476
0.9011473962930273	0.0008043758043758043
0.9020300088261254	0.000819000819000819
0.9029126213592233	0.0008340283569641367
0.9037952338923213	0.0008494733265375467
0.9046778464254193	0.0008653513326410523
0.9055604589585172	0.0008816787162757891
0.9064430714916152	0.0008984725965858042
0.9073256840247131	0.0009157509157509158
0.9082082965578111	0.0009335324869305452
0.9090909090909091	0.0009518370454978108
0.909973521624007	0.0007765482430596001
0.910856134157105	0.0007920792079207921
0.911738746690203	0.0008080808080808081
0.912621359223301	0.0008245722531436817
0.913503971756399	0.0008415737428992215
0.9143865842894969	0.000859106529209622
0.9152691968225949	0.0008771929824561404
0.9161518093556928	0.0008958566629339306
0.9170344218887908	0.0009151223976206818
0.9179170344218888	0.0009350163627863488
0.9187996469549867	0.0009555661729574773
0.9196822594880847	0.0009768009768009768
0.9205648720211828	0.0009987515605493133
0.9214474845542807	0.0007660878447395301
0.9223300970873787	0.0007836990595611285
0.9232127096204766	0.0008019246190858059
0.9240953221535746	0.0008207934336525308
0.9249779346866726	0.0008403361344537816
0.9258605472197705	0.0008605851979345956
0.9267431597528685	0.0005877167205406994
0.9276257722859664	0.0006022282445046673
0.9285083848190644	0.0006172839506172839
0.9293909973521624	0.0006329113924050633
0.9302736098852604	0.0006491398896462187
0.9311562224183584	0.000666000666000666
0.9320388349514563	0.000683526999316473
0.9329214474845543	0.0007017543859649122
0.9338040600176523	0.0007207207207207207
0.9346866725507502	0.0007404664938911515
0.9355692850838482	0.00076103500761035
0.9364518976169461	0.000782472613458529
0.9373345101500441	0.00040241448692152917
0.9382171226831421	0.00041407867494824016
0.93909973521624	0.00042625745950554135
0.9399823477493381	0.0004389815627743635
0.940864960282436	0.0004522840343735866
0.941747572815534	0.0004662004662004662
0.942630185348632	0.0004807692307692308
0.9435127978817299	0.000496031746031746
0.9443954104148279	0.0005120327700972862
0.9452780229479258	0.0005288207297726071
0.9461606354810238	0.000546448087431694
0.9470432480141218	0.0005649717514124294
0.9479258605472197	0.0005844535359438924
0.9488084730803178	0.0006049606775559589
0.9496910856134158	0.0006265664160401002
0.9505736981465137	0.0006493506493506494
0.9514563106796117	0.0006734006734006734
0.9523389232127096	0.0006988120195667365
0.9532215357458076	0.000725689404934688
0.9541041482789056	0.0007541478129713424
0.9549867608120035	0.000784313725490196
0.9558693733451015	0.0008163265306122449
0.9567519858781994	0.0008503401360544217
0.9576345984112974	0.0008865248226950354
0.9585172109443955	0.0009250693802035153
0.9593998234774934	0.000966183574879227
0.9602824360105914	0.00101010101010101
0.9611650485436893	0.0010570824524312897
0.9620476610767873	0.0011074197120708748
0.9629302736098853	0.0011614401858304297
0.9638128861429832	0.0012195121951219512
0.9646954986760812	0.001282051282051282
0.9655781112091791	0.001349527665317139
0.9664607237422771	0.001422475106685633
0.9673433362753752	0.0015015015015015015
0.9682259488084731	0.0015873015873015873
0.9691085613415711	0.0016806722689075631
0.969991173874669	0.0017825311942959
0.970873786407767	0.001893939393939394
0.971756398940865	0.0020161290322580645
0.9726390114739629	0.002150537634408602
0.9735216240070609	0.0022988505747126436
0.9744042365401588	0.0024630541871921183
0.9752868490732568	0.0026455026455026454
0.9761694616063548	0.002849002849002849
0.9770520741394528	0.003076923076923077
0.9779346866725508	0.0033333333333333335
0.9788172992056487	0.0036231884057971015
0.9796999117387467	0.003952569169960474
0.9805825242718447	0.004329004329004329
0.9814651368049426	0.004761904761904762
0.9823477493380406	0.005263157894736842
0.9832303618711385	0.005847953216374269
0.9841129744042365	0.006535947712418301
0.9849955869373345	0.007352941176470588
0.9858781994704324	0.008333333333333333
0.9867608120035305	0.009523809523809525
0.9876434245366285	0.0
0.9885260370697264	0.0
0.9894086496028244	0.0
0.9902912621359223	0.0
0.9911738746690203	0.0
0.9920564872021183	0.0
0.9929390997352162	0.0
0.9938217122683142	0.0
0.9947043248014121	0.0
0.9955869373345102	0.0
0.9964695498676082	0.0
0.9973521624007061	0.0
0.9982347749338041	0.0
0.999117387466902	0.0
1.0	0.0
