Fraction_of_nodes	Efficiency
0.00088261253309797	0.2986558274733205
0.00176522506619594	0.29745724353361824
0.00264783759929391	0.29575312313796936
0.00353045013239188	0.29491184333530135
0.00441306266548985	0.2934974844534662
0.00529567519858782	0.29248678808136547
0.00617828773168579	0.29144378471442806
0.00706090026478376	0.2906802349894761
0.00794351279788173	0.28899340289818154
0.0088261253309797	0.2875682249849558
0.009708737864077669	0.28717014509365263
0.01059135039717564	0.2861885064772951
0.01147396293027361	0.28544708272924246
0.01235657546337158	0.28473432800521814
0.01323918799646955	0.2844117335813647
0.01412180052956752	0.2824052879456837
0.01500441306266549	0.2819168305211913
0.01588702559576346	0.28147354546490694
0.01676963812886143	0.2804889369543754
0.0176522506619594	0.27836823597373855
0.018534863195057368	0.2762759048274936
0.019417475728155338	0.27575851665129825
0.02030008826125331	0.275341460230443
0.02118270079435128	0.27445726560884437
0.02206531332744925	0.27397687068939974
0.02294792586054722	0.2737728789252605
0.02383053839364519	0.2732204910543925
0.02471315092674316	0.2720792750414223
0.02559576345984113	0.27174321824864045
0.0264783759929391	0.2709491897820768
0.02736098852603707	0.2699741650856312
0.02824360105913504	0.2685129627683426
0.02912621359223301	0.2680447291076748
0.03000882612533098	0.26757938395742165
0.03089143865842895	0.2660291359932326
0.03177405119152692	0.26580210223747464
0.03265666372462489	0.26444915627698573
0.03353927625772286	0.26361359191381967
0.03442188879082083	0.2626878235393956
0.0353045013239188	0.26185630659606385
0.03618711385701677	0.2613337449190973
0.037069726390114736	0.2604013462833112
0.03795233892321271	0.25938844807420847
0.038834951456310676	0.25811760721874183
0.03971756398940865	0.2575422252447713
0.04060017652250662	0.25633869880594845
0.04148278905560459	0.2539387228407894
0.04236540158870256	0.2530898903645612
0.04324801412180053	0.25231291987981813
0.0441306266548985	0.25149215609311926
0.04501323918799647	0.250906849860956
0.04589585172109444	0.2504160072645838
0.04677846425419241	0.2500079677025848
0.04766107678729038	0.2490944327393412
0.04854368932038835	0.24843721806447278
0.04942630185348632	0.2479228999175052
0.05030891438658429	0.24707696841666776
0.05119152691968226	0.24562130026821133
0.05207413945278023	0.2453869940357894
0.0529567519858782	0.2445693628083834
0.05383936451897617	0.24375914614257113
0.05472197705207414	0.24332545202435255
0.05560458958517211	0.24303836220735905
0.05648720211827008	0.24211230502480913
0.05736981465136805	0.24198974223359437
0.05825242718446602	0.24091475534977114
0.05913503971756399	0.24072360995441214
0.06001765225066196	0.24052796100108542
0.06090026478375993	0.24024118175964237
0.0617828773168579	0.23967727120418147
0.06266548984995587	0.2393788767712075
0.06354810238305383	0.2390563391452778
0.06443071491615181	0.23803221351089054
0.06531332744924978	0.23774270794357588
0.06619593998234775	0.23765725208883037
0.06707855251544571	0.23646230090650264
0.06796116504854369	0.23610196626220567
0.06884377758164166	0.23581361821772273
0.06972639011473963	0.2339753715429618
0.0706090026478376	0.23309561982099974
0.07149161518093557	0.23257406073399353
0.07237422771403354	0.23145092425546188
0.07325684024713151	0.23129901565702973
0.07413945278022947	0.23078523992418004
0.07502206531332745	0.23001730594259992
0.07590467784642542	0.22942843014494707
0.07678729037952339	0.22900628795619732
0.07766990291262135	0.2282291922204114
0.07855251544571933	0.22742123433730072
0.0794351279788173	0.2266995907258505
0.08031774051191527	0.22628839828989453
0.08120035304501325	0.2260392050193788
0.0820829655781112	0.22502850961604182
0.08296557811120918	0.2247464087028763
0.08384819064430715	0.22398899524356766
0.08473080317740513	0.22294242612255288
0.08561341571050309	0.22228246806533522
0.08649602824360106	0.22020788105248823
0.08737864077669903	0.21960072898282537
0.088261253309797	0.21920911329000992
0.08914386584289496	0.21888213639273538
0.09002647837599294	0.21825744649835427
0.09090909090909091	0.21808180053946674
0.09179170344218888	0.21798317944693757
0.09267431597528684	0.2179065785835173
0.09355692850838482	0.2174328760412577
0.09443954104148279	0.2168053768881018
0.09532215357458076	0.21624763402043595
0.09620476610767872	0.21581009366528559
0.0970873786407767	0.21553425304403603
0.09796999117387467	0.21520358907315285
0.09885260370697264	0.21480073529137927
0.0997352162400706	0.21372762135162257
0.10061782877316858	0.2135804984562931
0.10150044130626655	0.21284274852481103
0.10238305383936452	0.21220636275653998
0.10326566637246248	0.21207802765517342
0.10414827890556046	0.21161319909049447
0.10503089143865843	0.21099147805713103
0.1059135039717564	0.21074713553563
0.10679611650485436	0.21060196099478762
0.10767872903795234	0.20989256789273067
0.10856134157105031	0.20915143093049984
0.10944395410414828	0.2085262571983496
0.11032656663724624	0.2079818850569514
0.11120917917034422	0.20727927637679014
0.11209179170344219	0.20551632713477583
0.11297440423654016	0.20502415828359527
0.11385701676963812	0.20345027256261874
0.1147396293027361	0.20322883802494818
0.11562224183583407	0.2021517847872878
0.11650485436893204	0.20122914545846857
0.11738746690203	0.20043429937948726
0.11827007943512798	0.19969965034611584
0.11915269196822595	0.1984374043344555
0.12003530450132392	0.19705738222576297
0.1209179170344219	0.1968533165931915
0.12180052956751986	0.1962936613064574
0.12268314210061783	0.19549140782193086
0.1235657546337158	0.19421501183590692
0.12444836716681378	0.1934333944704574
0.12533097969991175	0.1932504193997025
0.1262135922330097	0.19257429204068
0.12709620476610767	0.19208502657885052
0.12797881729920565	0.19070943846435076
0.12886142983230361	0.19024731764448272
0.1297440423654016	0.18998426851977313
0.13062665489849956	0.1898448784619995
0.13150926743159752	0.18877836286344962
0.1323918799646955	0.18786325310035853
0.13327449249779347	0.1869924510158308
0.13415710503089143	0.18671916643020667
0.13503971756398941	0.18665130354926407
0.13592233009708737	0.18593363546189803
0.13680494263018536	0.1857250163376699
0.13768755516328332	0.1856390856806845
0.13857016769638128	0.1851395527670295
0.13945278022947927	0.18459150196563137
0.14033539276257723	0.18341463526196183
0.1412180052956752	0.18293712137072177
0.14210061782877317	0.1809508676398984
0.14298323036187113	0.1796749360686348
0.14386584289496912	0.17797009322624055
0.14474845542806708	0.17792742407297252
0.14563106796116504	0.1777105781688869
0.14651368049426303	0.17751255777953437
0.147396293027361	0.17701832944213286
0.14827890556045895	0.1745251014250288
0.14916151809355693	0.17316893672547332
0.1500441306266549	0.1714162764009498
0.15092674315975288	0.1713751321193922
0.15180935569285084	0.1698204459085628
0.1526919682259488	0.16924476004479097
0.15357458075904679	0.16909738868310817
0.15445719329214475	0.16903274928912546
0.1553398058252427	0.1673628333357045
0.1562224183583407	0.16680711124176026
0.15710503089143865	0.16667607309379062
0.15798764342453664	0.1651007974510942
0.1588702559576346	0.16416016015306775
0.15975286849073256	0.1630525719035172
0.16063548102383055	0.16269411398589914
0.1615180935569285	0.16226655266614487
0.1624007060900265	0.16100142747099422
0.16328331862312445	0.16091427813373846
0.1641659311562224	0.16062310693929746
0.1650485436893204	0.16049748202388406
0.16593115622241836	0.16031956957215884
0.16681376875551632	0.16014450926205356
0.1676963812886143	0.15945484183944303
0.16857899382171226	0.15908460485053258
0.16946160635481025	0.1590286655471058
0.1703442188879082	0.1589138809286564
0.17122683142100617	0.15885348612919542
0.17210944395410416	0.15885738221306628
0.17299205648720212	0.15830203535502363
0.17387466902030008	0.1580718257040602
0.17475728155339806	0.1573291934519635
0.17563989408649602	0.15736077063465334
0.176522506619594	0.15697361586492634
0.17740511915269197	0.15621814165407116
0.17828773168578993	0.15564186484338932
0.17917034421888792	0.15502184256741416
0.18005295675198588	0.1531812404791836
0.18093556928508384	0.15312829806393127
0.18181818181818182	0.1527085214860136
0.18270079435127978	0.15214349046073442
0.18358340688437777	0.15198462348437064
0.18446601941747573	0.15172291223978654
0.1853486319505737	0.15141192283731594
0.18623124448367168	0.15126062638014312
0.18711385701676964	0.15074924958308852
0.1879964695498676	0.1498611169301359
0.18887908208296558	0.14983636254556257
0.18976169461606354	0.14796910566151444
0.19064430714916153	0.14829218231143043
0.1915269196822595	0.14683060216537622
0.19240953221535745	0.1466186596592619
0.19329214474845544	0.1464031498260939
0.1941747572815534	0.14637004938273993
0.19505736981465135	0.14529601191770736
0.19593998234774934	0.14493572130709736
0.1968225948808473	0.14485578025500598
0.1977052074139453	0.14295480935007174
0.19858781994704325	0.14296038658248594
0.1994704324801412	0.14267137843527275
0.2003530450132392	0.14298423506660068
0.20123565754633715	0.1424318446806553
0.20211827007943514	0.14246488107082564
0.2030008826125331	0.14204007247974323
0.20388349514563106	0.14170009887652124
0.20476610767872905	0.14133186372117926
0.205648720211827	0.14121967171626823
0.20653133274492497	0.14112780261804714
0.20741394527802295	0.14085398911408473
0.2082965578111209	0.14052397742332398
0.2091791703442189	0.13871127414254303
0.21006178287731686	0.13871516926869504
0.21094439541041482	0.13843331027387865
0.2118270079435128	0.13825451971338185
0.21270962047661077	0.13818209334388132
0.21359223300970873	0.1380652235804171
0.2144748455428067	0.1373018398332084
0.21535745807590467	0.1367975135618749
0.21624007060900266	0.13646535916802907
0.21712268314210062	0.13633179264844503
0.21800529567519858	0.13602288510514923
0.21888790820829657	0.13538330814571836
0.21977052074139453	0.13527301737709435
0.22065313327449249	0.13509163593708778
0.22153574580759047	0.13489479683404124
0.22241835834068843	0.1347603018188434
0.22330097087378642	0.13459750894354242
0.22418358340688438	0.13464384380281164
0.22506619593998234	0.1341664133870189
0.22594880847308033	0.1339641745652283
0.22683142100617829	0.13311624572400185
0.22771403353927624	0.13250197824378154
0.22859664607237423	0.13176033845873825
0.2294792586054722	0.1309195260312157
0.23036187113857018	0.13009255095758368
0.23124448367166814	0.12932072609962558
0.2321270962047661	0.1272040953751325
0.23300970873786409	0.12604484466323707
0.23389232127096204	0.12581518813892784
0.23477493380406	0.12586488029236634
0.235657546337158	0.12566316750974849
0.23654015887025595	0.1251714651250384
0.23742277140335394	0.12382979970120947
0.2383053839364519	0.12309340598270899
0.23918799646954986	0.12159889087192126
0.24007060900264784	0.1209368852115897
0.2409532215357458	0.12075876061594674
0.2418358340688438	0.12050720741051336
0.24271844660194175	0.11998399087705976
0.2436010591350397	0.11981355379756328
0.2444836716681377	0.11950233765708582
0.24536628420123566	0.1192947669961223
0.24624889673433362	0.11851868835396927
0.2471315092674316	0.11768830247452897
0.24801412180052956	0.1173867535622255
0.24889673433362755	0.11694751676565177
0.2497793468667255	0.11684672425862534
0.2506619593998235	0.11649383873254042
0.25154457193292146	0.11346359366542588
0.2524271844660194	0.11304265025840682
0.2533097969991174	0.11180868518055066
0.25419240953221534	0.1098710238422694
0.25507502206531335	0.11012887957114009
0.2559576345984113	0.10981311327717554
0.25684024713150927	0.10943529576723429
0.25772285966460723	0.10940645138637087
0.2586054721977052	0.10882479176613946
0.2594880847308032	0.1079488631047953
0.26037069726390116	0.10674151379183928
0.2612533097969991	0.10666435388327573
0.2621359223300971	0.1056261690838088
0.26301853486319504	0.10551985689529142
0.263901147396293	0.10544692590941017
0.264783759929391	0.10528391991836102
0.265666372462489	0.10482172769852874
0.26654898499558694	0.10383007288722043
0.2674315975286849	0.1038861006978146
0.26831421006178285	0.10322489840364887
0.26919682259488087	0.10254678266997397
0.27007943512797883	0.10212293167999242
0.2709620476610768	0.10195867686305245
0.27184466019417475	0.10190447374176004
0.2727272727272727	0.10162246496480759
0.2736098852603707	0.10115133189287355
0.2744924977934687	0.10091085087852918
0.27537511032656664	0.09954972159932769
0.2762577228596646	0.09946307701055354
0.27714033539276256	0.0972624274940435
0.2780229479258605	0.09698151822901764
0.27890556045895853	0.09653724729389519
0.2797881729920565	0.0964850605722404
0.28067078552515445	0.09535457093497289
0.2815533980582524	0.09493797412746136
0.2824360105913504	0.09517181150215953
0.2833186231244484	0.09476554930888272
0.28420123565754635	0.09465070544477604
0.2850838481906443	0.09448795100778827
0.28596646072374227	0.09411439862095808
0.2868490732568402	0.09408032183462794
0.28773168578993824	0.09389080869867872
0.2886142983230362	0.09340746588440581
0.28949691085613416	0.09177778092267874
0.2903795233892321	0.0911780904755987
0.2912621359223301	0.09075890319576944
0.2921447484554281	0.09070589510523253
0.29302736098852605	0.09010734473468006
0.293909973521624	0.09030890671565898
0.294792586054722	0.09013455653992793
0.29567519858781993	0.08983068481563697
0.2965578111209179	0.09004588163557323
0.2974404236540159	0.08937543994681421
0.29832303618711387	0.08887057385429942
0.2992056487202118	0.08716159458939579
0.3000882612533098	0.08706113890143151
0.30097087378640774	0.0853583666134144
0.30185348631950576	0.08524291497969053
0.3027360988526037	0.08475740146387824
0.3036187113857017	0.08467659013129654
0.30450132391879964	0.08455156743601626
0.3053839364518976	0.08476671137351248
0.3062665489849956	0.08471844852704184
0.30714916151809357	0.08430931510633631
0.30803177405119153	0.08281487847044994
0.3089143865842895	0.08231010024023762
0.30979699911738745	0.08188559807632598
0.3106796116504854	0.08120655950515195
0.3115622241835834	0.08068098654075703
0.3124448367166814	0.08044478576571741
0.31332744924977934	0.0791885705355435
0.3142100617828773	0.07939266478950108
0.31509267431597526	0.07914554776517684
0.3159752868490733	0.07756677196154364
0.31685789938217124	0.07751995523355976
0.3177405119152692	0.0771190075879207
0.31862312444836716	0.07630780001885751
0.3195057369814651	0.0765026332218644
0.32038834951456313	0.07483992599979288
0.3212709620476611	0.07484414073314648
0.32215357458075905	0.07478660450860146
0.323036187113857	0.07439000582044462
0.32391879964695497	0.07404478877772548
0.324801412180053	0.07398431925911096
0.32568402471315094	0.07355966547622729
0.3265666372462489	0.0735456083501734
0.32744924977934686	0.07328077719163473
0.3283318623124448	0.07321379850788513
0.3292144748455428	0.07177157123779546
0.3300970873786408	0.07057335911478058
0.33097969991173876	0.06975847477672191
0.3318623124448367	0.06881429361169095
0.3327449249779347	0.06762589434776023
0.33362753751103263	0.06764393257126612
0.33451015004413065	0.06731078086220683
0.3353927625772286	0.06726060819771741
0.33627537511032657	0.0669397345848714
0.33715798764342453	0.06626614937061966
0.3380406001765225	0.06262955418915801
0.3389232127096205	0.06199602716681584
0.33980582524271846	0.06216201385267077
0.3406884377758164	0.06191780831232347
0.3415710503089144	0.06188088919247393
0.34245366284201234	0.061479348293480875
0.3433362753751103	0.061644837790906126
0.3442188879082083	0.05973818178783442
0.3451015004413063	0.059291711199432696
0.34598411297440423	0.05879235719199937
0.3468667255075022	0.05845893214686824
0.34774933804060015	0.05772025152467082
0.34863195057369817	0.05745646050651514
0.34951456310679613	0.057356105093993956
0.3503971756398941	0.05726243409528389
0.35127978817299205	0.05741846252606123
0.35216240070609	0.056801513761823054
0.353045013239188	0.05674785845872859
0.353927625772286	0.05529488620289893
0.35481023830538394	0.055008108311643246
0.3556928508384819	0.05490424886983359
0.35657546337157986	0.053481970664339545
0.3574580759046778	0.053629101257638964
0.35834068843777583	0.05315385450268223
0.3592233009708738	0.05253956650997996
0.36010591350397175	0.05268470343404067
0.3609885260370697	0.0526598485382098
0.36187113857016767	0.05258614224626164
0.3627537511032657	0.051712244716659014
0.36363636363636365	0.05155280167537202
0.3645189761694616	0.051298289511431124
0.36540158870255957	0.05143343337868221
0.3662842012356575	0.051400501343264154
0.36716681376875554	0.05151291167909512
0.3680494263018535	0.05128879837116421
0.36893203883495146	0.05116804007863237
0.3698146513680494	0.05108144496438593
0.3706972639011474	0.05068207284731089
0.3715798764342454	0.05079764160840828
0.37246248896734335	0.05094073355660098
0.3733451015004413	0.05066764155357387
0.37422771403353927	0.050263901864209024
0.37511032656663723	0.050204807926661286
0.3759929390997352	0.049416767990500404
0.3768755516328332	0.04955695740323941
0.37775816416593117	0.04893086380651127
0.3786407766990291	0.04890056354064859
0.3795233892321271	0.04840809218003645
0.38040600176522504	0.04813799078758031
0.38128861429832306	0.04806716650691007
0.382171226831421	0.047255540409203024
0.383053839364519	0.047172406772926584
0.38393645189761694	0.04265251229581439
0.3848190644307149	0.042034676480160744
0.3857016769638129	0.04189757011403471
0.38658428949691087	0.042012092583005145
0.38746690203000883	0.04193240918229004
0.3883495145631068	0.04144061966233293
0.38923212709620475	0.04113574897154687
0.3901147396293027	0.041254983026536865
0.3909973521624007	0.039946891954160006
0.3918799646954987	0.040063016640073265
0.39276257722859664	0.04017964842068483
0.3936451897616946	0.039781511581874124
0.39452780229479256	0.039897661980653316
0.3954104148278906	0.039830915562006124
0.39629302736098854	0.03994755074666793
0.3971756398940865	0.0394301625417015
0.39805825242718446	0.03954596331274908
0.3989408649602824	0.03923310727671959
0.39982347749338043	0.036110191348042234
0.4007060900264784	0.03621671108653203
0.40158870255957635	0.03135234935001996
0.4024713150926743	0.03128857049509924
0.40335392762577227	0.03136593658606875
0.4042365401588703	0.031459010581873115
0.40511915269196824	0.031415221338948356
0.4060017652250662	0.031504296747394515
0.40688437775816416	0.03159819927123175
0.4077669902912621	0.03148368195548196
0.4086496028243601	0.03154582594514572
0.4095322153574581	0.03164027452581981
0.41041482789055606	0.03173514791270383
0.411297440423654	0.03183044865718642
0.412180052956752	0.0316861144926393
0.41306266548984993	0.0312695705973522
0.41394527802294795	0.03067108240436106
0.4148278905560459	0.026261394056269066
0.41571050308914387	0.02608399454254023
0.4165931156222418	0.026055557720224082
0.4174757281553398	0.02573917144910199
0.4183583406884378	0.025367381407741127
0.41924095322153576	0.023877737626423135
0.4201235657546337	0.02383837628722969
0.4210061782877317	0.023733513930564158
0.42188879082082964	0.023806093483868637
0.4227714033539276	0.017372563871777477
0.4236540158870256	0.01742585394500379
0.4245366284201236	0.017249733996850643
0.42541924095322153	0.017298083645116976
0.4263018534863195	0.017301541900800303
0.42718446601941745	0.016908890694447922
0.42806707855251547	0.016809064296073813
0.4289496910856134	0.016565564119684274
0.4298323036187114	0.016616930209977867
0.43071491615180935	0.01627759113430946
0.4315975286849073	0.01612988843346753
0.4324801412180053	0.01618013730709204
0.4333627537511033	0.01593954897386996
0.43424536628420124	0.015984484869405503
0.4351279788172992	0.016034514556007712
0.43601059135039716	0.01597660694567068
0.4368932038834951	0.01602184778971008
0.43777581641659313	0.016072230958860113
0.4386584289496911	0.016063012940519605
0.43954104148278905	0.01552781392748849
0.440423654015887	0.015571891421520845
0.44130626654898497	0.015489533226112552
0.442188879082083	0.015496716129188631
0.44307149161518095	0.0152793025123601
0.4439541041482789	0.015327885350237238
0.44483671668137686	0.01064905814343799
0.4457193292144748	0.010551994734711884
0.44660194174757284	0.010510778836672662
0.4474845542806708	0.010539301507863754
0.44836716681376876	0.01044438779169546
0.4492497793468667	0.010472772458434245
0.4501323918799647	0.010336632718866782
0.4510150044130627	0.009628268001600054
0.45189761694616065	0.009648072104048378
0.4527802294792586	0.009671428217991322
0.45366284201235657	0.009702727338437897
0.45454545454545453	0.009671230270827417
0.4554280670785525	0.009702630369109325
0.4563106796116505	0.00972186533360113
0.45719329214474846	0.009753532647391363
0.4580759046778464	0.009647730338278739
0.4589585172109444	0.00966415404129312
0.45984112974404234	0.009687765084334481
0.46072374227714036	0.009719528248545415
0.4616063548102383	0.009740680431546907
0.4624889673433363	0.00958664272079807
0.46337157987643424	0.009504888169914526
0.4642541924095322	0.00947044870740361
0.4651368049426302	0.009496300884894195
0.46601941747572817	0.00949034570292291
0.46690203000882613	0.009511755406453989
0.4677846425419241	0.009533255079609575
0.46866725507502205	0.009488234246250959
0.46954986760812	0.009309051782013397
0.470432480141218	0.009296728081786396
0.471315092674316	0.008846366210925823
0.47219770520741394	0.008831872034591258
0.4730803177405119	0.008798302544719128
0.47396293027360986	0.008715643858331745
0.4748455428067079	0.008660758237194805
0.47572815533980584	0.008546249380391752
0.4766107678729038	0.008575121844514696
0.47749338040600176	0.00860414086936923
0.4783759929390997	0.008633307448587431
0.47925860547219773	0.008653989739138312
0.4801412180052957	0.008683425078387081
0.48102383053839365	0.008707216372445951
0.4819064430714916	0.00872239819016098
0.48278905560458957	0.008637869298585104
0.4836716681376876	0.008506836458627778
0.48455428067078554	0.00851643877046843
0.4854368932038835	0.00820390075796695
0.48631950573698146	0.008232141380197473
0.4872021182700794	0.008213930706956944
0.4880847308031774	0.007775552602692104
0.4889673433362754	0.007697212848977888
0.48984995586937335	0.0076849131543799505
0.4907325684024713	0.007649191731279381
0.4916151809355693	0.00766170743842843
0.49249779346866723	0.0075959353309754596
0.49338040600176525	0.007622448194259842
0.4942630185348632	0.007649100111022988
0.49514563106796117	0.007488659556403545
0.4960282436010591	0.007514935554847066
0.4969108561341571	0.006880029599482008
0.4977934686672551	0.006734750427972999
0.49867608120035306	0.006749191011244773
0.499558693733451	0.006620730567670912
0.500441306266549	0.0066441667820697475
0.501323918799647	0.006506890460948032
0.502206531332745	0.006530005524752466
0.5030891438658429	0.006553243978577207
0.5039717563989409	0.006396344799107993
0.5048543689320388	0.006419188887676236
0.5057369814651368	0.006442155574215328
0.5066195939982348	0.00646524573756377
0.5075022065313327	0.0064820253822396165
0.5083848190644307	0.006339931901618954
0.5092674315975286	0.00634106614322437
0.5101500441306267	0.006323350168115464
0.5110326566637247	0.006226618204441779
0.5119152691968226	0.00623716663941913
0.5127978817299206	0.006160983313689807
0.5136804942630185	0.006151818941292577
0.5145631067961165	0.006054508131010822
0.5154457193292145	0.0060699570890627875
0.5163283318623124	0.006092150716445101
0.5172109443954104	0.006036377269075063
0.5180935569285083	0.006058529112264329
0.5189761694616064	0.006067311481167351
0.5198587819947044	0.0060828881890386205
0.5207413945278023	0.006095140798816525
0.5216240070609003	0.006110852896223667
0.5225066195939982	0.0061334856847282
0.5233892321270962	0.006136775377138151
0.5242718446601942	0.006159588668502977
0.5251544571932921	0.006104534028149283
0.5260370697263901	0.006098939107777565
0.526919682259488	0.006100234253742382
0.527802294792586	0.006053075622538997
0.5286849073256841	0.006075788851891863
0.529567519858782	0.006057721136576782
0.53045013239188	0.0060211846988109385
0.531332744924978	0.0060439061505045645
0.5322153574580759	0.005882493145395725
0.5330979699911739	0.005904775316401011
0.5339805825242718	0.005899032796565992
0.5348631950573698	0.005869635151169909
0.5357458075904677	0.005838637271554155
0.5366284201235657	0.005860922146636423
0.5375110326566638	0.0057856648222710085
0.5383936451897617	0.005783412632712645
0.5392762577228597	0.005613412611449102
0.5401588702559577	0.005635002659954676
0.5410414827890556	0.0056048425990622526
0.5419240953221536	0.005522952467626295
0.5428067078552515	0.005544317854348254
0.5436893203883495	0.00555831041976515
0.5445719329214475	0.005393677553307275
0.5454545454545454	0.005414664625499133
0.5463371579876434	0.005414031066521578
0.5472197705207414	0.0054167778628670575
0.5481023830538394	0.005437978559003524
0.5489849955869374	0.005409165188145284
0.5498676081200353	0.005197689641235244
0.5507502206531333	0.005218152986279477
0.5516328331862312	0.005238737416205628
0.5525154457193292	0.0052594438882064415
0.5533980582524272	0.005220267368351758
0.5542806707855251	0.0052409827150515665
0.5551632833186231	0.0050695136312385305
0.556045895851721	0.005089710896701632
0.5569285083848191	0.0050185848501567805
0.5578111209179171	0.004901333840256017
0.558693733451015	0.004912962432802132
0.559576345984113	0.00486866191105998
0.560458958517211	0.004763293216300437
0.5613415710503089	0.004782500043785519
0.5622241835834069	0.004702985435512341
0.5631067961165048	0.0045715525540087265
0.5639894086496028	0.0045695680664187424
0.5648720211827007	0.004579898027802875
0.5657546337157988	0.0045985534169181615
0.5666372462488968	0.004604853676510886
0.5675198587819947	0.00458612639719442
0.5684024713150927	0.004596540891547467
0.5692850838481907	0.004607002331234032
0.5701676963812886	0.004617511031813806
0.5710503089143866	0.004598369802009906
0.5719329214474845	0.004617371330117385
0.5728155339805825	0.004636490880138575
0.5736981465136805	0.004617070634054774
0.5745807590467784	0.0046362684329489725
0.5754633715798765	0.00465558621808626
0.5763459841129744	0.004666326313638464
0.5772285966460724	0.004685850691519796
0.5781112091791704	0.004696726165240194
0.5789938217122683	0.004707651753923134
0.5798764342453663	0.0047274734455186
0.5807590467784642	0.004747420590858341
0.5816416593115622	0.004675612822507185
0.5825242718446602	0.004673028926576465
0.5834068843777581	0.004604707555290561
0.5842894969108562	0.00462430205552584
0.5851721094439541	0.004644021893715716
0.5860547219770521	0.004654756191714301
0.5869373345101501	0.0046746909077387735
0.587819947043248	0.004694753958844948
0.588702559576346	0.004556655803367734
0.589585172109444	0.00457629656114087
0.5904677846425419	0.004596064580843423
0.5913503971756399	0.004615960964310277
0.5922330097087378	0.004580180633790835
0.5931156222418358	0.00457180058354258
0.5939982347749339	0.004433148997655993
0.5948808473080318	0.004452507726903399
0.5957634598411298	0.004374710589295969
0.5966460723742277	0.004393897916442005
0.5975286849073257	0.003988902353564034
0.5984112974404237	0.003987110714612314
0.5992939099735216	0.0035655976140849515
0.6001765225066196	0.0035813745946782476
0.6010591350397175	0.003597256521927375
0.6019417475728155	0.003613244328691497
0.6028243601059136	0.003629338958217962
0.6037069726390115	0.0035219200894908934
0.6045895851721095	0.0035376781212112106
0.6054721977052074	0.0035284621434439455
0.6063548102383054	0.0035342433105319286
0.6072374227714034	0.003517265258838304
0.6081200353045013	0.0035331445602326075
0.6090026478375993	0.003509126055932599
0.6098852603706972	0.0034788681447345013
0.6107678729037952	0.0034946811817560216
0.6116504854368932	0.0035002481699520525
0.6125330979699912	0.003516231038307998
0.6134157105030892	0.003506201145773582
0.6142983230361871	0.0035222846372679564
0.6151809355692851	0.003538479049393326
0.6160635481023831	0.003316761632350387
0.616946160635481	0.003316117477312021
0.617828773168579	0.0033314698730403172
0.6187113857016769	0.0033469291299917806
0.6195939982347749	0.003351704681225002
0.6204766107678729	0.0033673303440745358
0.6213592233009708	0.0033830655325982487
0.6222418358340689	0.003398911272797772
0.6231244483671668	0.00341486860271701
0.6240070609002648	0.0034309385726121492
0.6248896734333628	0.0033780984091749946
0.6257722859664607	0.003394070505672276
0.6266548984995587	0.0033205233064061367
0.6275375110326566	0.0033025257699076543
0.6284201235657546	0.0032434113788033007
0.6293027360988526	0.003247528128196384
0.6301853486319505	0.0032516472348151767
0.6310679611650486	0.003246206862261384
0.6319505736981466	0.003261813626022256
0.6328331862312445	0.003277533209762122
0.6337157987643425	0.003293366703529089
0.6345984112974404	0.0032605771367746265
0.6354810238305384	0.0032764051811279013
0.6363636363636364	0.003292348758651638
0.6372462488967343	0.003259945008209199
0.6381288614298323	0.003275886059594085
0.6390114739629302	0.003198430961626695
0.6398940864960282	0.003214148067089234
0.6407766990291263	0.003229981308799033
0.6416593115622242	0.003185115681010581
0.6425419240953222	0.0031886601358548454
0.6434245366284201	0.003192200645091085
0.6443071491615181	0.0032080822403402942
0.6451897616946161	0.0032240826505165548
0.646072374227714	0.0032277342358389633
0.646954986760812	0.0032059016589091674
0.6478375992939099	0.003081105491654468
0.6487202118270079	0.003096627433677916
0.649602824360106	0.0031122669661712388
0.6504854368932039	0.0030662258510359684
0.6513680494263019	0.003046450219231807
0.6522506619593998	0.0030619537826884575
0.6531332744924978	0.003038629119404932
0.6540158870255958	0.003054171979350737
0.6548984995586937	0.003069834399757664
0.6557811120917917	0.003085617610039194
0.6566637246248896	0.0030816463547759664
0.6575463371579876	0.0030775929541213554
0.6584289496910856	0.0030935390316038495
0.6593115622241836	0.0028664353164723193
0.6601941747572816	0.0028813646670789463
0.6610767872903796	0.00288281217621948
0.6619593998234775	0.002897905433686598
0.6628420123565755	0.0028993757979205413
0.6637246248896734	0.0028363559818180557
0.6646072374227714	0.0028513235595585204
0.6654898499558694	0.0028664099275985126
0.6663724624889673	0.002881616346312563
0.6672550750220653	0.002875780370277796
0.6681376875551632	0.0027211415062478837
0.6690203000882613	0.0027143026907732737
0.6699029126213593	0.002693014812554312
0.6707855251544572	0.0027074933868153567
0.6716681376875552	0.002722089038496302
0.6725507502206531	0.0027368030332989846
0.6734333627537511	0.002751636654075673
0.6743159752868491	0.0025557294910423184
0.675198587819947	0.002569657172192413
0.676081200353045	0.00258369901466341
0.6769638128861429	0.002493058006195214
0.677846425419241	0.0025067561271083743
0.678729037952339	0.002490294698086902
0.6796116504854369	0.0025040532323304765
0.6804942630185349	0.00251792610342372
0.6813768755516328	0.002516525231206668
0.6822594880847308	0.0024472004834121797
0.6831421006178288	0.0024375296873390554
0.6840247131509267	0.0024511853158395544
0.6849073256840247	0.0024177461246670928
0.6857899382171226	0.002431367229594795
0.6866725507502206	0.0024451037676151044
0.6875551632833187	0.002458957046751734
0.6884377758164166	0.002272995536097519
0.6893203883495146	0.0022859470776137444
0.6902030008826125	0.0022990096323429656
0.6910856134157105	0.0023121844726429253
0.6919682259488085	0.0023254728891523675
0.6928508384819064	0.0023388761911071363
0.6937334510150044	0.0023523957066626687
0.6946160635481023	0.0021708413615928075
0.6954986760812003	0.0021834625322997426
0.6963812886142984	0.002196194092254843
0.6972639011473963	0.0022090373325604267
0.6981465136804943	0.002221993563249931
0.6990291262135923	0.0022178138117417063
0.6999117387466902	0.002230898259008619
0.7007943512797882	0.0022440988404228714
0.7016769638128861	0.0022574169344313157
0.7025595763459841	0.0022266968112665455
0.703442188879082	0.002179282160625445
0.70432480141218	0.0021923317544016454
0.705207413945278	0.002205498912085739
0.706090026478376	0.0022006946705741895
0.706972639011474	0.002195792232373604
0.707855251544572	0.0022091000640849594
0.7087378640776699	0.002204107948788801
0.7096204766107679	0.0022175476314033665
0.7105030891438658	0.002231110613858433
0.7113857016769638	0.002226037034952441
0.7122683142100618	0.002239735724398302
0.7131509267431597	0.002225071225071226
0.7140335392762577	0.002170367822242608
0.7149161518093556	0.002183848367722376
0.7157987643424537	0.0021974548996084964
0.7166813768755517	0.0022111889927310495
0.7175639894086496	0.0022250522466039716
0.7184466019417476	0.002239046285890789
0.7193292144748455	0.002253172760880636
0.7202118270079435	0.0022674333479748175
0.7210944395410415	0.002261737325028465
0.7219770520741394	0.0022761432952515762
0.7228596646072374	0.0021991141138085653
0.7237422771403353	0.002213210999153492
0.7246248896734334	0.002227443867315251
0.7255075022065314	0.0022106973688759816
0.7263901147396293	0.0022250060897101302
0.7272727272727273	0.0022394541812017547
0.7281553398058253	0.0022328919723056534
0.7290379523389232	0.002247486037484122
0.7299205648720212	0.0022622236508446736
0.7308031774051191	0.002277106701179178
0.7316857899382171	0.0022921371084476875
0.732568402471315	0.002307316824397672
0.733451015004413	0.0023226478331976564
0.7343336275375111	0.002338132152085641
0.735216240070609	0.002353771832032702
0.736098852603707	0.0023358996805159637
0.736981465136805	0.002227344285509834
0.7378640776699029	0.0022423939090605765
0.7387466902030009	0.0022346923194380827
0.7396293027360988	0.002138437295822284
0.7405119152691968	0.0021530341374319927
0.7413945278022948	0.002167780946592486
0.7422771403353927	0.0021826797847133966
0.7431597528684908	0.0021977327487459025
0.7440423654015887	0.002010897665354175
0.7449249779346867	0.00202486223247469
0.7458075904677847	0.0019784810943347534
0.7466902030008826	0.001967950748438554
0.7475728155339806	0.0019817609291293507
0.7484554280670785	0.0019339428383164492
0.7493380406001765	0.0019476102788699222
0.7502206531332745	0.0019614231177271556
0.7511032656663724	0.0019753834246148934
0.7519858781994704	0.0019894933062192858
0.7528684907325685	0.002003754906980714
0.7537511032656664	0.0020181704099086328
0.7546337157987644	0.0020327420374169985
0.7555163283318623	0.0020474720521808897
0.7563989408649603	0.002062362758014933
0.7572815533980582	0.0020774165007741655
0.7581641659311562	0.0020926356692780057
0.7590467784642542	0.002108022696257991
0.7599293909973521	0.0019833948339483404
0.7608120035304501	0.0019707530408637425
0.7616946160635482	0.0019578686493184638
0.7625772285966461	0.0019724796093880045
0.7634598411297441	0.0019872547375482143
0.764342453662842	0.001974036214130833
0.76522506619594	0.001988934600652575
0.766107678729038	0.002004002287021155
0.7669902912621359	0.0020192418481391867
0.7678729037952339	0.002034655908048646
0.7687555163283318	0.0020502471410605134
0.7696381288614298	0.002066018272914825
0.7705207413945278	0.0020819720819720824
0.7714033539276258	0.002098111400436982
0.7722859664607238	0.00211443911561548
0.7731685789938217	0.002130958171206226
0.7740511915269197	0.0021476715686274514
0.7749338040600177	0.002046214811383871
0.7758164165931156	0.0020623904225410554
0.7766990291262136	0.0020787586004977305
0.7775816416593115	0.002095322414047513
0.7784642541924095	0.0021120849933598932
0.7793468667255075	0.0018875502008032124
0.7802294792586054	0.001748931208705791
0.7811120917917035	0.001763092595011101
0.7819947043248014	0.0017774266811494026
0.7828773168578994	0.001791936286709806
0.7837599293909974	0.0018066242890598862
0.7846425419240953	0.0018214936247723133
0.7855251544571933	0.0018365472910927456
0.7864077669902912	0.0018517883474503617
0.7872903795233892	0.0018672199170124482
0.7881729920564872	0.0018305439330543933
0.7890556045895851	0.0018459266551809008
0.7899382171226832	0.0018615040953090098
0.7908208296557812	0.001805764142172638
0.7917034421888791	0.0018211323476379371
0.7925860547219771	0.0018366975813784324
0.793468667255075	0.0018157807857378673
0.794351279788173	0.0017944354003255883
0.795233892321271	0.0018099716375578445
0.7961165048543689	0.0018257105213626953
0.7969991173874669	0.0017846971710651224
0.7978817299205648	0.001800352409407799
0.7987643424536628	0.0017196073885153412
0.7996469549867609	0.0016763479006666408
0.8005295675198588	0.0016912487708947886
0.8014121800529568	0.0017063492063492064
0.8022947925860547	0.0017216527866752082
0.8031774051191527	0.0017371631721407506
0.8040600176522507	0.0017121193591781826
0.8049426301853486	0.001727684080625257
0.8058252427184466	0.0017434620174346202
0.8067078552515445	0.0017175652465334507
0.8075904677846425	0.0016911174058258994
0.8084730803177406	0.0016641065028161802
0.8093556928508385	0.0016795865633074936
0.8102383053839365	0.0016952836339926103
0.8111209179170344	0.0016673248212013515
0.8120035304501324	0.0016830543006466471
0.8128861429832304	0.0016990074219797907
0.8137687555163283	0.0016700519070187317
0.8146513680494263	0.0016860332649806333
0.8155339805825242	0.0017022451232977548
0.8164165931156222	0.0016722408026755857
0.8172992056487202	0.0016884761502743777
0.8181818181818182	0.0016575893914278952
0.8190644307149162	0.0016738402678144432
0.8199470432480142	0.0016420361247947459
0.8208296557811121	0.0016095205579671268
0.8217122683142101	0.0016255356878971479
0.822594880847308	0.0016417910447761193
0.823477493380406	0.0016582914572864321
0.824360105913504	0.0016750418760469012
0.8252427184466019	0.001692047377326565
0.8261253309796999	0.0017093131668911219
0.8270079435127978	0.001674515960230246
0.8278905560458959	0.0016917790113666403
0.8287731685789939	0.0017093104000854655
0.8296557811120918	0.0017271157167530224
0.8305383936451898	0.0017452006980802793
0.8314210061782877	0.0017635712317442822
0.8323036187113857	0.0017822333611807297
0.8331862312444837	0.0018011932905549926
0.8340688437775816	0.0018204573899192173
0.8349514563106796	0.00184003220056351
0.8358340688437775	0.0018599244405696018
0.8367166813768756	0.0018801410105757932
0.8375992939099736	0.001900688999762414
0.8384819064430715	0.0019215756920674953
0.8393645189761695	0.0019428085726428267
0.8402471315092674	0.0019643953345610805
0.8411297440423654	0.0019863438857852266
0.8420123565754634	0.0020086623564120267
0.8428949691085613	0.0020313591062019933
0.8437775816416593	0.002054442732408834
0.8446601941747572	0.002077922077922078
0.8455428067078552	0.002101806239737274
0.8464254192409533	0.0020596638097136405
0.8473080317740512	0.002083613388896357
0.8481906443071492	0.002039983680130559
0.8490732568402471	0.0020639834881320948
0.8499558693733451	0.002088409328228333
0.8508384819064431	0.002113271344040575
0.851721094439541	0.00213857998289136
0.852603706972639	0.0021643460067816175
0.853486319505737	0.002190580503833516
0.8543689320388349	0.0022172949002217295
0.855251544571933	0.002244500972617088
0.8561341571050309	0.0022722108611679163
0.8570167696381289	0.0020448329627073586
0.8578993821712269	0.0020703933747412005
0.8587819947043248	0.0020964360587002093
0.8596646072374228	0.0020433617281002043
0.8605472197705207	0.002069391813808487
0.8614298323036187	0.002095922478088083
0.8623124448367167	0.0021229666390956714
0.8631950573698146	0.002150537634408602
0.8640776699029126	0.0021786492374727667
0.8649602824360106	0.002207315674807935
0.8658428949691086	0.0022365516440106888
0.8667255075022066	0.002266372332597498
0.8676081200353045	0.002296793437733035
0.8684907325684025	0.0018592417921276983
0.8693733451015004	0.0018845375988233131
0.8702559576345984	0.001910353182368838
0.8711385701676964	0.0019367028814359943
0.8720211827007943	0.001867816091954023
0.8729037952338923	0.001893939393939394
0.8737864077669902	0.0019206145966709346
0.8746690203000883	0.001947857356907402
0.8755516328331863	0.001975683890577508
0.8764342453662842	0.002004110996916752
0.8773168578993822	0.0020331560838285894
0.8781994704324801	0.001816001974681759
0.8790820829655781	0.0016816945756404752
0.8799646954986761	0.0017066085693536676
0.880847308031774	0.001105583195135434
0.881729920564872	0.001122208506340478
0.8826125330979699	0.001139211665527455
0.883495145631068	0.0011566042100393246
0.884377758164166	0.0011743981209630064
0.8852603706972639	0.0011926058437686344
0.8861429832303619	0.0012112403100775194
0.8870255957634599	0.0012303149606299212
0.8879082082965578	0.001249843769528809
0.8887908208296558	0.0012698412698412698
0.8896734333627537	0.0012903225806451613
0.8905560458958517	0.0013113034356150013
0.8914386584289496	0.0013328002132480341
0.8923212709620476	0.0013548299688389107
0.8932038834951457	0.0012396694214876034
0.8940864960282436	0.0012605042016806723
0.8949691085613416	0.0011394388263780088
0.8958517210944396	0.0011589164131537012
0.8967343336275375	0.001031535514294135
0.8976169461606355	0.0010494752623688155
0.8984995586937334	0.0010678871090770404
0.8993821712268314	0.001086787765874864
0.9002647837599294	0.0011061946902654867
0.9011473962930273	0.0011261261261261261
0.9020300088261254	0.0011466011466011465
0.9029126213592233	0.0011676396997497916
0.9037952338923213	0.0011892626571525654
0.9046778464254193	0.0010384215991692627
0.9055604589585172	0.0010580144595309468
0.9064430714916152	0.001078167115902965
0.9073256840247131	0.001098901098901099
0.9082082965578111	0.0011202389843166542
0.9090909090909091	0.001142204454597373
0.909973521624007	0.0011648223645894002
0.910856134157105	0.001188118811881188
0.911738746690203	0.0012121212121212121
0.912621359223301	0.0012368583797155227
0.913503971756399	0.0012623606143488324
0.9143865842894969	0.001288659793814433
0.9152691968225949	0.0013157894736842105
0.9161518093556928	0.0013437849944008958
0.9170344218887908	0.0013726835964310226
0.9179170344218888	0.001402524544179523
0.9187996469549867	0.001433349259436216
0.9196822594880847	0.0014652014652014652
0.9205648720211828	0.0012484394506866417
0.9214474845542807	0.0012768130745658835
0.9223300970873787	0.0010449320794148381
0.9232127096204766	0.0010692328254477412
0.9240953221535746	0.001094391244870041
0.9249779346866726	0.0011204481792717086
0.9258605472197705	0.0011474469305794606
0.9267431597528685	0.0011754334410813989
0.9276257722859664	0.0012044564890093346
0.9285083848190644	0.0012345679012345679
0.9293909973521624	0.0012658227848101266
0.9302736098852604	0.0012982797792924375
0.9311562224183584	0.001332001332001332
0.9320388349514563	0.001367053998632946
0.9329214474845543	0.0014035087719298245
0.9338040600176523	0.001081081081081081
0.9346866725507502	0.0011106997408367272
0.9355692850838482	0.001141552511415525
0.9364518976169461	0.0011737089201877935
0.9373345101500441	0.0012072434607645875
0.9382171226831421	0.0012422360248447205
0.93909973521624	0.0012787723785166241
0.9399823477493381	0.000877963125548727
0.940864960282436	0.0009045680687471732
0.941747572815534	0.0009324009324009324
0.942630185348632	0.0009615384615384616
0.9435127978817299	0.000496031746031746
0.9443954104148279	0.0005120327700972862
0.9452780229479258	0.0005288207297726071
0.9461606354810238	0.000546448087431694
0.9470432480141218	0.0005649717514124294
0.9479258605472197	0.0005844535359438924
0.9488084730803178	0.0006049606775559589
0.9496910856134158	0.0006265664160401002
0.9505736981465137	0.0006493506493506494
0.9514563106796117	0.0006734006734006734
0.9523389232127096	0.0006988120195667365
0.9532215357458076	0.000725689404934688
0.9541041482789056	0.0007541478129713424
0.9549867608120035	0.000784313725490196
0.9558693733451015	0.0008163265306122449
0.9567519858781994	0.0
0.9576345984112974	0.0
0.9585172109443955	0.0
0.9593998234774934	0.0
0.9602824360105914	0.0
0.9611650485436893	0.0
0.9620476610767873	0.0
0.9629302736098853	0.0
0.9638128861429832	0.0
0.9646954986760812	0.0
0.9655781112091791	0.0
0.9664607237422771	0.0
0.9673433362753752	0.0
0.9682259488084731	0.0
0.9691085613415711	0.0
0.969991173874669	0.0
0.970873786407767	0.0
0.971756398940865	0.0
0.9726390114739629	0.0
0.9735216240070609	0.0
0.9744042365401588	0.0
0.9752868490732568	0.0
0.9761694616063548	0.0
0.9770520741394528	0.0
0.9779346866725508	0.0
0.9788172992056487	0.0
0.9796999117387467	0.0
0.9805825242718447	0.0
0.9814651368049426	0.0
0.9823477493380406	0.0
0.9832303618711385	0.0
0.9841129744042365	0.0
0.9849955869373345	0.0
0.9858781994704324	0.0
0.9867608120035305	0.0
0.9876434245366285	0.0
0.9885260370697264	0.0
0.9894086496028244	0.0
0.9902912621359223	0.0
0.9911738746690203	0.0
0.9920564872021183	0.0
0.9929390997352162	0.0
0.9938217122683142	0.0
0.9947043248014121	0.0
0.9955869373345102	0.0
0.9964695498676082	0.0
0.9973521624007061	0.0
0.9982347749338041	0.0
0.999117387466902	0.0
1.0	0.0
