Fraction_of_nodes	Efficiency
0.00088261253309797	0.2986558274733205
0.00176522506619594	0.296979555216431
0.00264783759929391	0.29575312313796936
0.00353045013239188	0.2941043781000831
0.00441306266548985	0.29306057683726644
0.00529567519858782	0.2920158311892038
0.00617828773168579	0.29076721707006825
0.00706090026478376	0.28935462225592723
0.00794351279788173	0.2873184128615383
0.0088261253309797	0.2858854495514883
0.009708737864077669	0.28443023692274777
0.01059135039717564	0.2833882040415554
0.01147396293027361	0.28249245662068595
0.01235657546337158	0.28207194165632943
0.01323918799646955	0.28110848307850833
0.01412180052956752	0.278974399076092
0.01500441306266549	0.27793366331161357
0.01588702559576346	0.2757897608451487
0.01676963812886143	0.27443287550093587
0.0176522506619594	0.2736171510762106
0.018534863195057368	0.27274366504150266
0.019417475728155338	0.2719248231147978
0.02030008826125331	0.27056786594844046
0.02118270079435128	0.2695204449586956
0.02206531332744925	0.2683367513454869
0.02294792586054722	0.2674134001326818
0.02383053839364519	0.2661510465939413
0.02471315092674316	0.2653152626734234
0.02559576345984113	0.2636621052648699
0.0264783759929391	0.26294669717611036
0.02736098852603707	0.26229117690925247
0.02824360105913504	0.26162930918319854
0.02912621359223301	0.26079426528593996
0.03000882612533098	0.2602623843211892
0.03089143865842895	0.25963590711803874
0.03177405119152692	0.2589428897435757
0.03265666372462489	0.25745064250403615
0.03353927625772286	0.2564319111864919
0.03442188879082083	0.2557122179295124
0.0353045013239188	0.2545006114070893
0.03618711385701677	0.25334536135131014
0.037069726390114736	0.252405893996711
0.03795233892321271	0.25120633837698897
0.038834951456310676	0.2503768627536863
0.03971756398940865	0.24986303159547574
0.04060017652250662	0.24872347676975262
0.04148278905560459	0.24822609877449572
0.04236540158870256	0.24744187132671114
0.04324801412180053	0.2463384696360193
0.0441306266548985	0.24532128523897595
0.04501323918799647	0.2438571958397791
0.04589585172109444	0.24217858189951186
0.04677846425419241	0.24063676902900136
0.04766107678729038	0.2387078573169346
0.04854368932038835	0.2376788641091164
0.04942630185348632	0.2368595769319068
0.05030891438658429	0.23634356839092122
0.05119152691968226	0.23554446898692197
0.05207413945278023	0.23478206307326638
0.0529567519858782	0.2337614354134291
0.05383936451897617	0.23277038081858978
0.05472197705207414	0.23183543753432134
0.05560458958517211	0.2313237995062721
0.05648720211827008	0.2309468266803871
0.05736981465136805	0.2301768491637883
0.05825242718446602	0.22926440684335178
0.05913503971756399	0.22824674892680688
0.06001765225066196	0.2271821166502286
0.06090026478375993	0.22659187039001766
0.0617828773168579	0.22592919851565382
0.06266548984995587	0.2251608788554777
0.06354810238305383	0.22421713271377167
0.06443071491615181	0.22331938183988334
0.06531332744924978	0.22255282823993858
0.06619593998234775	0.22097053951270978
0.06707855251544571	0.21961325394232795
0.06796116504854369	0.21909051229537368
0.06884377758164166	0.2176065401457955
0.06972639011473963	0.21693894419094392
0.0706090026478376	0.21537100285292038
0.07149161518093557	0.2148728203500006
0.07237422771403354	0.21422168218487198
0.07325684024713151	0.21346100925591682
0.07413945278022947	0.21298484845717872
0.07502206531332745	0.21125112712083668
0.07590467784642542	0.21055340213963739
0.07678729037952339	0.20937798614131028
0.07766990291262135	0.2085620559674761
0.07855251544571933	0.20810916567382615
0.0794351279788173	0.20744188182561057
0.08031774051191527	0.2066709002818588
0.08120035304501325	0.20631975020230012
0.0820829655781112	0.20498209342093307
0.08296557811120918	0.20454862077328054
0.08384819064430715	0.20378432553157955
0.08473080317740513	0.20311727677165786
0.08561341571050309	0.20250202778767148
0.08649602824360106	0.20131631917431048
0.08737864077669903	0.20087275985149153
0.088261253309797	0.19981370408782545
0.08914386584289496	0.1996673113468536
0.09002647837599294	0.19911081757363683
0.09090909090909091	0.19840405227708305
0.09179170344218888	0.1969626498341261
0.09267431597528684	0.19623618219412645
0.09355692850838482	0.19491740332740254
0.09443954104148279	0.19374268608006295
0.09532215357458076	0.1924040206762476
0.09620476610767872	0.19137248020860695
0.0970873786407767	0.1906010109726269
0.09796999117387467	0.1900125041776482
0.09885260370697264	0.18923100328755904
0.0997352162400706	0.1884576764565384
0.10061782877316858	0.187923879118486
0.10150044130626655	0.18671243865034462
0.10238305383936452	0.18551089129363663
0.10326566637246248	0.18518937148144432
0.10414827890556046	0.18496196048550442
0.10503089143865843	0.18366293612006607
0.1059135039717564	0.18313015340272887
0.10679611650485436	0.1822049504546411
0.10767872903795234	0.1818354291277728
0.10856134157105031	0.17960599811981667
0.10944395410414828	0.17876923225902774
0.11032656663724624	0.1777488492568261
0.11120917917034422	0.1771660717379094
0.11209179170344219	0.1765278378480056
0.11297440423654016	0.1758717292822846
0.11385701676963812	0.174720193318032
0.1147396293027361	0.1745479191058515
0.11562224183583407	0.1740522582524718
0.11650485436893204	0.17357098831946302
0.11738746690203	0.17275955089329098
0.11827007943512798	0.17227421228796405
0.11915269196822595	0.17113888280476316
0.12003530450132392	0.17083822959785228
0.1209179170344219	0.1691158125948411
0.12180052956751986	0.16866221687149927
0.12268314210061783	0.1678470965153471
0.1235657546337158	0.16633258900108955
0.12444836716681378	0.16556035320625515
0.12533097969991175	0.16461967493643948
0.1262135922330097	0.16356869764088072
0.12709620476610767	0.1632964358387415
0.12797881729920565	0.1629275881518095
0.12886142983230361	0.16256132383982907
0.1297440423654016	0.16148119155709464
0.13062665489849956	0.16074604279311397
0.13150926743159752	0.1605197565373113
0.1323918799646955	0.16020572100777333
0.13327449249779347	0.15950972256133442
0.13415710503089143	0.15856881448421709
0.13503971756398941	0.15820094905838483
0.13592233009708737	0.15787806533980137
0.13680494263018536	0.15767298324626328
0.13768755516328332	0.15711176348179554
0.13857016769638128	0.1567254805759926
0.13945278022947927	0.15651247604028815
0.14033539276257723	0.15597051740351425
0.1412180052956752	0.15546401110257133
0.14210061782877317	0.15476491541055828
0.14298323036187113	0.15394039759198588
0.14386584289496912	0.153323851263442
0.14474845542806708	0.15229717258716463
0.14563106796116504	0.15132663164931917
0.14651368049426303	0.15060606358030254
0.147396293027361	0.14951256078854255
0.14827890556045895	0.1488132427355762
0.14916151809355693	0.14787437185391586
0.1500441306266549	0.14703456040014493
0.15092674315975288	0.1459313504017239
0.15180935569285084	0.14556998256792214
0.1526919682259488	0.1443824380405438
0.15357458075904679	0.14386383364037308
0.15445719329214475	0.14338072481700492
0.1553398058252427	0.14297144531381084
0.1562224183583407	0.14201324223351705
0.15710503089143865	0.13997616977805247
0.15798764342453664	0.13952123424390545
0.1588702559576346	0.13893063056375207
0.15975286849073256	0.13823924137122548
0.16063548102383055	0.13796713303215943
0.1615180935569285	0.13736731303970764
0.1624007060900265	0.13674280099892389
0.16328331862312445	0.13631514917448928
0.1641659311562224	0.13569618661306806
0.1650485436893204	0.135503782739207
0.16593115622241836	0.13491439731715488
0.16681376875551632	0.13407005150606827
0.1676963812886143	0.13360336388341543
0.16857899382171226	0.13279113569827006
0.16946160635481025	0.13229359996532514
0.1703442188879082	0.1318003412532399
0.17122683142100617	0.13104568494862928
0.17210944395410416	0.13006003094555088
0.17299205648720212	0.12778684984504035
0.17387466902030008	0.126630166641065
0.17475728155339806	0.12689559783988644
0.17563989408649602	0.1271515484318671
0.176522506619594	0.12634175954708546
0.17740511915269197	0.12585094256993704
0.17828773168578993	0.12469126530534431
0.17917034421888792	0.12356161196634616
0.18005295675198588	0.12323451315872028
0.18093556928508384	0.12189072346064339
0.18181818181818182	0.1206278418402041
0.18270079435127978	0.1201294968398285
0.18358340688437777	0.12013567010944323
0.18446601941747573	0.11966333765302048
0.1853486319505737	0.11935961618136347
0.18623124448367168	0.11878084358327953
0.18711385701676964	0.11807148742880617
0.1879964695498676	0.11786695998226032
0.18887908208296558	0.1175567140466866
0.18976169461606354	0.11582367444008235
0.19064430714916153	0.11548266417195707
0.1915269196822595	0.1151575792080858
0.19240953221535745	0.11496091721252277
0.19329214474845544	0.11420067876449147
0.1941747572815534	0.11350638377602605
0.19505736981465135	0.11273846618276824
0.19593998234774934	0.11163353404175268
0.1968225948808473	0.11108951445776934
0.1977052074139453	0.11020410552268871
0.19858781994704325	0.11009756440502784
0.1994704324801412	0.10986909135663511
0.2003530450132392	0.1093376061333891
0.20123565754633715	0.10895761382409597
0.20211827007943514	0.10871270230175428
0.2030008826125331	0.10801241841439121
0.20388349514563106	0.10741175927254995
0.20476610767872905	0.10622429854619085
0.205648720211827	0.10605541285410695
0.20653133274492497	0.10552919843250233
0.20741394527802295	0.1052852589212025
0.2082965578111209	0.10360109855659684
0.2091791703442189	0.10319446091246669
0.21006178287731686	0.10214998478958728
0.21094439541041482	0.10167509432949601
0.2118270079435128	0.10122750851927555
0.21270962047661077	0.10081114059569532
0.21359223300970873	0.10064007700478426
0.2144748455428067	0.09996433991463828
0.21535745807590467	0.09938616439926666
0.21624007060900266	0.09870091334623687
0.21712268314210062	0.09851353897346186
0.21800529567519858	0.0981917840092379
0.21888790820829657	0.09742656513117542
0.21977052074139453	0.09673048008163028
0.22065313327449249	0.09667262074103336
0.22153574580759047	0.09630757261563828
0.22241835834068843	0.09459395307339785
0.22330097087378642	0.09438286519822077
0.22418358340688438	0.09399889820653408
0.22506619593998234	0.09261767793909736
0.22594880847308033	0.09243759601555099
0.22683142100617829	0.0920977854846976
0.22771403353927624	0.09110032729457017
0.22859664607237423	0.09036467625481272
0.2294792586054722	0.09033928974355708
0.23036187113857018	0.0898171632420659
0.23124448367166814	0.08957248029947326
0.2321270962047661	0.08926690558086568
0.23300970873786409	0.08886096106694423
0.23389232127096204	0.08832136694703772
0.23477493380406	0.08735622873390818
0.235657546337158	0.08552731384297517
0.23654015887025595	0.0854618804964414
0.23742277140335394	0.08440483014687979
0.2383053839364519	0.08343374648893433
0.23918799646954986	0.0832563376002652
0.24007060900264784	0.08316610754546176
0.2409532215357458	0.08287683818664007
0.2418358340688438	0.08224705437714828
0.24271844660194175	0.08156197382352595
0.2436010591350397	0.08019958848194335
0.2444836716681377	0.07929451014826941
0.24536628420123566	0.07887687775330535
0.24624889673433362	0.07877917933549042
0.2471315092674316	0.07827695473859389
0.24801412180052956	0.07787235589922414
0.24889673433362755	0.076434259254104
0.2497793468667255	0.07567380563592917
0.2506619593998235	0.07494481872100837
0.25154457193292146	0.07496118595622153
0.2524271844660194	0.07347387317590437
0.2533097969991174	0.07285828065024103
0.25419240953221534	0.07245689224942664
0.25507502206531335	0.07174136899219916
0.2559576345984113	0.0712166384561997
0.25684024713150927	0.07022407770645807
0.25772285966460723	0.06860204782986613
0.2586054721977052	0.06820087681980809
0.2594880847308032	0.06756990883404662
0.26037069726390116	0.0675342297558226
0.2612533097969991	0.06697135977555281
0.2621359223300971	0.06668828192157635
0.26301853486319504	0.06573965336555648
0.263901147396293	0.0654710764214556
0.264783759929391	0.06530746149251375
0.265666372462489	0.06512812718177038
0.26654898499558694	0.06498485262452153
0.2674315975286849	0.06437267806663607
0.26831421006178285	0.0639910254040136
0.26919682259488087	0.06363906206385182
0.27007943512797883	0.061793550894190793
0.2709620476610768	0.06081036590462152
0.27184466019417475	0.06054135593185963
0.2727272727272727	0.05981893193321431
0.2736098852603707	0.05871372380600723
0.2744924977934687	0.05776790843875787
0.27537511032656664	0.05730699042191095
0.2762577228596646	0.05722152729074866
0.27714033539276256	0.057353969892798326
0.2780229479258605	0.05690772423409623
0.27890556045895853	0.05668243155180009
0.2797881729920565	0.05607579926662842
0.28067078552515445	0.055746915954071684
0.2815533980582524	0.05509100593537797
0.2824360105913504	0.05417058014067725
0.2833186231244484	0.05400066717212119
0.28420123565754635	0.05367576832238162
0.2850838481906443	0.05312078113498602
0.28596646072374227	0.053244619120820194
0.2868490732568402	0.05230460020156352
0.28773168578993824	0.051871947482584266
0.2886142983230362	0.051171015607159136
0.28949691085613416	0.05129521655139375
0.2903795233892321	0.050772556951273085
0.2912621359223301	0.050567584384322906
0.2921447484554281	0.05021134762890944
0.29302736098852605	0.050153928806809404
0.293909973521624	0.0502690408522167
0.294792586054722	0.04887892164393356
0.29567519858781993	0.048535204599806606
0.2965578111209179	0.048276412029333284
0.2974404236540159	0.04809266172206073
0.29832303618711387	0.04772517781636198
0.2992056487202118	0.046885199217085644
0.3000882612533098	0.04700041175539166
0.30097087378640774	0.046723793678765065
0.30185348631950576	0.04649310431501188
0.3027360988526037	0.04575437567298812
0.3036187113857017	0.044362770368748014
0.30450132391879964	0.04444218435399425
0.3053839364518976	0.04419017807656578
0.3062665489849956	0.04429952307897475
0.30714916151809357	0.044223904181012054
0.30803177405119153	0.04402199026585159
0.3089143865842895	0.044098104338592056
0.30979699911738745	0.04419820569375057
0.3106796116504854	0.044308251324423994
0.3115622241835834	0.044418716536342794
0.3124448367166814	0.04452960347590281
0.31332744924977934	0.04464091430327013
0.3142100617828773	0.04426762020992229
0.31509267431597526	0.044146569884923645
0.3159752868490733	0.04396091125481397
0.31685789938217124	0.04379118035602394
0.3177405119152692	0.04390127755627062
0.31862312444836716	0.043739085519600526
0.3195057369814651	0.04384932465897294
0.32038834951456313	0.043959989479155706
0.3212709620476611	0.044060922888038555
0.32215357458075905	0.0441724192102151
0.323036187113857	0.04428434776960261
0.32391879964695497	0.044052723912037794
0.324801412180053	0.04387414481399234
0.32568402471315094	0.04398571819352166
0.3265666372462489	0.04366349564292458
0.32744924977934686	0.043763877848315515
0.3283318623124448	0.04330812078744242
0.3292144748455428	0.043163351054721084
0.3300970873786408	0.04283956346595741
0.33097969991173876	0.04262647173016772
0.3318623124448367	0.04234269796226907
0.3327449249779347	0.04180654136045142
0.33362753751103263	0.040644748732415144
0.33451015004413065	0.04074389640536353
0.3353927625772286	0.04084872586056843
0.33627537511032657	0.04080830414014185
0.33715798764342453	0.03935434698910354
0.3380406001765225	0.039134252217689514
0.3389232127096205	0.038661240681625
0.33980582524271846	0.03689527686706785
0.3406884377758164	0.03656119765568398
0.3415710503089144	0.03470113449752925
0.34245366284201234	0.034488490696125085
0.3433362753751103	0.03409212640543916
0.3442188879082083	0.03338094077019183
0.3451015004413063	0.03315417593464925
0.34598411297440423	0.032995176810842713
0.3468667255075022	0.032985512905639384
0.34774933804060015	0.032197947131116435
0.34863195057369817	0.032003308275691755
0.34951456310679613	0.029514409639464785
0.3503971756398941	0.02938448999480879
0.35127978817299205	0.02852437706105327
0.35216240070609	0.028442352512538766
0.353045013239188	0.02729322431301546
0.353927625772286	0.02736104557314943
0.35481023830538394	0.027058536585691836
0.3556928508384819	0.026605331634413372
0.35657546337157986	0.024672299269213726
0.3574580759046778	0.024640909856613085
0.35834068843777583	0.02330567792930138
0.3592233009708738	0.023314636305246324
0.36010591350397175	0.02307345674293973
0.3609885260370697	0.022988963488788035
0.36187113857016767	0.023052644828092158
0.3627537511032657	0.022522252186915854
0.36363636363636365	0.022461138564626396
0.3645189761694616	0.0221934327291226
0.36540158870255957	0.02214356027063546
0.3662842012356575	0.02209659540293653
0.36716681376875554	0.019811638855592072
0.3680494263018535	0.01967520341025865
0.36893203883495146	0.01949383264856837
0.3698146513680494	0.019419375676933946
0.3706972639011474	0.01946801497148636
0.3715798764342454	0.01943918647538391
0.37246248896734335	0.019010990333542366
0.3733451015004413	0.018792110622916972
0.37422771403353927	0.01799132068342724
0.37511032656663723	0.018036222173146134
0.3759929390997352	0.017961328951847173
0.3768755516328332	0.017680071315330323
0.37775816416593117	0.016991766923546387
0.3786407766990291	0.01695039201966108
0.3795233892321271	0.015584008147396486
0.38040600176522504	0.015620341971357666
0.38128861429832306	0.015237350240974569
0.382171226831421	0.014922496900849486
0.383053839364519	0.014955006811994341
0.38393645189761694	0.014815276051192778
0.3848190644307149	0.014853725924243461
0.3857016769638129	0.014822947996459345
0.38658428949691087	0.01477246867817827
0.38746690203000883	0.01470525037753599
0.3883495145631068	0.011453652540397513
0.38923212709620475	0.01128633713012967
0.3901147396293027	0.011239481329202073
0.3909973521624007	0.011272106819272326
0.3918799646954987	0.011282920056226404
0.39276257722859664	0.011301662294409563
0.3936451897616946	0.011159833985263856
0.39452780229479256	0.010720011697389814
0.3954104148278906	0.010616864338915295
0.39629302736098854	0.010621196512966025
0.3971756398940865	0.010645903267358866
0.39805825242718446	0.010627718747849468
0.3989408649602824	0.010589484573212588
0.39982347749338043	0.010609846911901779
0.4007060900264784	0.01054457381243396
0.40158870255957635	0.010575724695188565
0.4024713150926743	0.010465653991762802
0.40335392762577227	0.010442723461813422
0.4042365401588703	0.010456053153735875
0.40511915269196824	0.01041885775553343
0.4060017652250662	0.010363189688197572
0.40688437775816416	0.010358890535090697
0.4077669902912621	0.010385363900969408
0.4086496028243601	0.008941970653516122
0.4095322153574581	0.008817356091677449
0.41041482789055606	0.008839306166950773
0.411297440423654	0.00876075999508882
0.412180052956752	0.008748723896539433
0.41306266548984993	0.008667351344939941
0.41394527802294795	0.008557984125686527
0.4148278905560459	0.008417053498543641
0.41571050308914387	0.008405423325224677
0.4165931156222418	0.008125226186378474
0.4174757281553398	0.008123828212480208
0.4183583406884378	0.008068898348387598
0.41924095322153576	0.00800593501914484
0.4201235657546337	0.007856734921233838
0.4210061782877317	0.007824947008252061
0.42188879082082964	0.007826699419907436
0.4227714033539276	0.007845987773451508
0.4236540158870256	0.007770122974800099
0.4245366284201236	0.0068150829597462634
0.42541924095322153	0.0067071214689189956
0.4263018534863195	0.006723049542664628
0.42718446601941745	0.006602194481528362
0.42806707855251547	0.006344779728749948
0.4289496910856134	0.006242552357318348
0.4298323036187114	0.006257109147213602
0.43071491615180935	0.0061337516577774165
0.4315975286849073	0.006152830201036444
0.4324801412180053	0.004998724264795974
0.4333627537511033	0.0050094609008834706
0.43424536628420124	0.00500886481617273
0.4351279788172992	0.0049282136041232365
0.43601059135039716	0.00493875676518031
0.4368932038834951	0.004901471616160878
0.43777581641659313	0.0049168850489161005
0.4386584289496911	0.004877071609726509
0.43954104148278905	0.004887488860389349
0.440423654015887	0.00489794763383056
0.44130626654898497	0.004908448168016848
0.442188879082083	0.004869036268863768
0.44307149161518095	0.004861721960054181
0.4439541041482789	0.004811592738763628
0.44483671668137686	0.004712244005987
0.4457193292144748	0.004703148470862504
0.44660194174757284	0.004684459177175155
0.4474845542806708	0.004327893448404648
0.44836716681376876	0.004312705072705088
0.4492497793468667	0.00423041823523366
0.4501323918799647	0.004244020866215119
0.4510150044130627	0.0042525113777269205
0.45189761694616065	0.00425843735334153
0.4527802294792586	0.004266985121120319
0.45366284201235657	0.004267723674220232
0.45454545454545453	0.004273689765656864
0.4554280670785525	0.0037634291028384886
0.4563106796116505	0.0037375942784558655
0.45719329214474846	0.0036870056843044934
0.4580759046778464	0.003597637322549787
0.4589585172109444	0.0035579025003424523
0.45984112974404234	0.003444022911065052
0.46072374227714036	0.003455314789461987
0.4616063548102383	0.003390318081426867
0.4624889673433363	0.003396069008915788
0.46337157987643424	0.003397323434390986
0.4642541924095322	0.0034085357229533325
0.4651368049426302	0.003406165882231679
0.46601941747572817	0.003411971423027203
0.46690203000882613	0.003408644591801661
0.4677846425419241	0.0034052768569553483
0.46866725507502205	0.0034027891795400072
0.46954986760812	0.0032881689088012016
0.470432480141218	0.0032852356942507334
0.471315092674316	0.003265886404450693
0.47219770520741394	0.0032712252506877956
0.4730803177405119	0.0030189392702461544
0.47396293027360986	0.003029086965272192
0.4748455428067079	0.0030336270820949694
0.47572815533980584	0.003043858539370163
0.4766107678729038	0.0026507573883206435
0.47749338040600176	0.0025421473866905487
0.4783759929390997	0.002542161204726822
0.47925860547219773	0.002458517809011333
0.4801412180052957	0.0024191417208811058
0.48102383053839365	0.0023999569000959804
0.4819064430714916	0.002390705106108832
0.48278905560458957	0.0023377242148573335
0.4836716681376876	0.0022506007437514386
0.48455428067078554	0.0021590335657278082
0.4854368932038835	0.002166452925060206
0.48631950573698146	0.0021591239070877866
0.4872021182700794	0.0021070206229562923
0.4880847308031774	0.0020423356049584446
0.4889673433362754	0.002034462062789157
0.48984995586937335	0.0020355170307495064
0.4907325684024713	0.0019703722043410143
0.4916151809355693	0.0019621290545203643
0.49249779346866723	0.0019193195836128773
0.49338040600176525	0.0019057493171363
0.4942630185348632	0.0018798682411247892
0.49514563106796117	0.00186195882342993
0.4960282436010591	0.0017692509147942828
0.4969108561341571	0.0016567634669567872
0.4977934686672551	0.0016625971411362123
0.49867608120035306	0.0016405162308359247
0.499558693733451	0.0016400810640532424
0.500441306266549	0.0016458866607401564
0.501323918799647	0.0016454468563299274
0.502206531332745	0.001630296878964727
0.5030891438658429	0.001629777654568586
0.5039717563989409	0.0016197290951320653
0.5048543689320388	0.0016191476590636234
0.5057369814651368	0.0015961903544960002
0.5066195939982348	0.0016019114668777063
0.5075022065313327	0.0016076633931501577
0.5083848190644307	0.0015607057826424135
0.5092674315975286	0.0015084303213799592
0.5101500441306267	0.0014835206531957409
0.5110326566637247	0.0014725654462305845
0.5119152691968226	0.0014779008282821446
0.5127978817299206	0.0014766896000621213
0.5136804942630185	0.0014112554112554092
0.5145631067961165	0.0014163965967244633
0.5154457193292145	0.0014215659273694432
0.5163283318623124	0.0014200915157026107
0.5172109443954104	0.0014152485163192899
0.5180935569285083	0.0014204420888562414
0.5189761694616064	0.0014099240613676639
0.5198587819947044	0.0014151171518331064
0.5207413945278023	0.0013976868261184562
0.5216240070609003	0.0014028538753832194
0.5225066195939982	0.00137952449412708
0.5233892321270962	0.0013777718879759678
0.5242718446601942	0.001359903783847337
0.5251544571932921	0.0013649686024091521
0.5260370697263901	0.001363113271101262
0.526919682259488	0.0013682090216474352
0.527802294792586	0.0013733334000056651
0.5286849073256841	0.00133925329869424
0.529567519858782	0.001333708164810309
0.53045013239188	0.0013387315477286152
0.531332744924978	0.0013366768019790073
0.5322153574580759	0.0013345969696506477
0.5330979699911739	0.0013324918098074987
0.5339805825242718	0.0013231734531544768
0.5348631950573698	0.001320989575764071
0.5357458075904677	0.0012156954036367392
0.5366284201235657	0.0012070069758183166
0.5375110326566638	0.0012116226812707769
0.5383936451897617	0.0011204184244337208
0.5392762577228597	0.001106334533430966
0.5401588702559577	0.0010958251601245843
0.5410414827890556	0.0010889319415330976
0.5419240953221536	0.001063379056772946
0.5428067078552515	0.0010488224773939061
0.5436893203883495	0.0010353945905652983
0.5445719329214475	0.0010318893870485655
0.5454545454545454	0.0010056827687442325
0.5463371579876434	0.0009531322180649783
0.5472197705207414	0.0009428954330270125
0.5481023830538394	0.0008736371260833104
0.5489849955869374	0.0008770631540287352
0.5498676081200353	0.0008805093746732488
0.5507502206531333	0.0008646389731735403
0.5516328331862312	0.0008602844762747856
0.5525154457193292	0.0008636848101731049
0.5533980582524272	0.0008514516047878082
0.5542806707855251	0.0008240534937847528
0.5551632833186231	0.0008273300484320083
0.556045895851721	0.0008306261840831319
0.5569285083848191	0.0008220137225075558
0.5578111209179171	0.0008173177454614582
0.558693733451015	0.0008005534879282376
0.559576345984113	0.0008037685621769454
0.560458958517211	0.0008070030433124663
0.5613415710503089	0.0008021438925411148
0.5622241835834069	0.0008053848779655232
0.5631067961165048	0.0008004665899402743
0.5639894086496028	0.0008037139189055493
0.5648720211827007	0.0007437654063587871
0.5657546337157988	0.0007385158954877302
0.5666372462488968	0.0007415302460815577
0.5675198587819947	0.0007445630896238135
0.5684024713150927	0.0007476145776960422
0.5692850838481907	0.000750684863436067
0.5701676963812886	0.0007537741015572031
0.5710503089143866	0.0007568824483677483
0.5719329214474845	0.0006972455847807302
0.5728155339805825	0.0006787443687500154
0.5736981465136805	0.0006815607354253266
0.5745807590467784	0.0006182371327599543
0.5754633715798765	0.0006121506121506121
0.5763459841129744	0.0006147065646021803
0.5772285966460724	0.0006172785585963318
0.5781112091791704	0.0006198667286533394
0.5789938217122683	0.0006048541009695281
0.5798764342453663	0.0005852867462774583
0.5807590467784642	0.0005877563106077429
0.5816416593115622	0.0005902415381367397
0.5825242718446602	0.0005927425616034208
0.5834068843777581	0.0005952595151558769
0.5842894969108562	0.0005842405625574075
0.5851721094439541	0.0005867319935278016
0.5860547219770521	0.0005892393952095444
0.5869373345101501	0.0005917629043967373
0.587819947043248	0.0005943026593512298
0.588702559576346	0.0005968587998215576
0.589585172109444	0.0005901619082931651
0.5904677846425419	0.000536853603435863
0.5913503971756399	0.000518919525399007
0.5922330097087378	0.0005211708031664648
0.5931156222418358	0.0005140054701499576
0.5939982347749339	0.0005067727574121436
0.5948808473080318	0.0005089857388855591
0.5957634598411298	0.0004968801658815323
0.5966460723742277	0.0004894621674536451
0.5975286849073257	0.0004819741661846925
0.5984112974404237	0.00048409740039695985
0.5992939099735216	0.00047651000184769184
0.6001765225066196	0.0004786184531833011
0.6010591350397175	0.0004807409296940918
0.6019417475728155	0.00048287755604828776
0.6028243601059136	0.00047512991833704527
0.6037069726390115	0.00045239420935412025
0.6045895851721095	0.00045441834451901564
0.6054721977052074	0.00045645609494286774
0.6063548102383054	0.0004484304932735426
0.6072374227714034	0.0004251442453689645
0.6081200353045013	0.0004270636324812397
0.6090026478375993	0.00041878185551004563
0.6098852603706972	0.0003950298067945127
0.6107678729037952	0.0003968253968253968
0.6116504854368932	0.00039863325740318906
0.6125330979699912	0.0004004535005876785
0.6134157105030892	0.0004022862397208029
0.6142983230361871	0.0003936346650431424
0.6151809355692851	0.00037435410734999475
0.6160635481023831	0.00037607924148524817
0.616946160635481	0.00036717361458477455
0.617828773168579	0.0003688734924300744
0.6187113857016769	0.0003705852023717453
0.6195939982347749	0.0003723088544757999
0.6204766107678729	0.0003740445600910717
0.6213592233009708	0.0003757924318671982
0.6222418358340689	0.0003775525837728994
0.6231244483671668	0.0003793251311145562
0.6240070609002648	0.0003811101905550953
0.6248896734333628	0.00038290788013318534
0.6257722859664607	0.00037356706365136716
0.6266548984995587	0.0003641334184845327
0.6275375110326566	0.0003658632684535804
0.6284201235657546	0.0003676054744938355
0.6293027360988526	0.00035799522673031026
0.6301853486319505	0.0003482888170741456
0.6310679611650486	0.00034995926703613187
0.6319505736981466	0.0003516417635122671
0.6328331862312445	0.000353336422613531
0.6337157987643425	0.0003550433618532099
0.6345984112974404	0.00035676270016726905
0.6354810238305384	0.00035849455793507135
0.6363636363636364	0.00036023905700044884
0.6372462488967343	0.00035012758886712953
0.6381288614298323	0.00035183970421611305
0.6390114739629302	0.00035356440864854497
0.6398940864960282	0.00034325769619887266
0.6407766990291263	0.0003328451604313673
0.6416593115622242	0.00033448884023596666
0.6425419240953222	0.00033614472558366945
0.6434245366284201	0.00033781293762130557
0.6443071491615181	0.0003394935990025061
0.6451897616946161	0.0003411868339102492
0.646072374227714	0.0003428927680798005
0.646954986760812	0.00033208020050125314
0.6478375992939099	0.0003337489452273901
0.6487202118270079	0.00030378593217979065
0.649602824360106	0.000292598529374348
0.6504854368932039	0.00029408004091548395
0.6513680494263019	0.00029557283300134934
0.6522506619593998	0.00029707702044664885
0.6531332744924978	0.0002985927195305603
0.6540158870255958	0.00030012004801920766
0.6548984995586937	0.0002885435110499049
0.6557811120917917	0.00027684397864346453
0.6566637246248896	0.00027827100946121433
0.6575463371579876	0.0002797091025333653
0.6584289496910856	0.00028115837249467805
0.6593115622241836	0.0002826189354686764
0.6601941747572816	0.00025703463203463205
0.6610767872903796	0.0002583768494342907
0.6619593998234775	0.0002597296078082922
0.6628420123565755	0.0002610930178230339
0.6637246248896734	0.00026246719160104987
0.6646072374227714	0.00024996528259963894
0.6654898499558694	0.00023732741410841676
0.6663724624889673	0.00023858644548299722
0.6672550750220653	0.00022574637394886846
0.6681376875551632	0.00022695035460992908
0.6690203000882613	0.00022816399286987521
0.6699029126213593	0.00021505068027698527
0.6707855251544572	0.00021620686673008734
0.6716681376875552	0.00021737240239979132
0.6725507502206531	0.0002185473883587091
0.6734333627537511	0.00021973192704900023
0.6743159752868491	0.0002209261223047013
0.675198587819947	0.0002221300793744817
0.676081200353045	0.00020100951445035066
0.6769638128861429	0.00020211093644733886
0.677846425419241	0.00020322143609814844
0.678729037952339	0.0002043411134320225
0.6796116504854369	0.00020547006985982376
0.6804942630185349	0.00020660840819699728
0.6813768755516328	0.0002077562326869806
0.6822594880847308	0.00020891364902506963
0.6831421006178288	0.0002100807643827516
0.6840247131509267	0.0002112576874325149
0.6849073256840247	0.00021244452837314702
0.6857899382171226	0.0001661655325209685
0.6866725507502206	0.000167104320840296
0.6875551632833187	0.00016805108753060931
0.6884377758164166	0.00016900592325521505
0.6893203883495146	0.00016996891996891997
0.6902030008826125	0.00017094017094017094
0.6910856134157105	0.00017191977077363896
0.6919682259488085	0.0001729078154332576
0.6928508384819064	0.00017390440226572592
0.6937334510150044	0.00015825157002215522
0.6946160635481023	0.00015916897042808075
0.6954986760812003	0.0001600943714189417
0.6963812886142984	0.00016102786629602008
0.6972639011473963	0.00016196954972465177
0.6981465136804943	0.00016291951775822744
0.6990291262135923	0.0001638778678626876
0.6999117387466902	0.0001648446989415235
0.7007943512797882	0.00016582011136129584
0.7016769638128861	0.00016680420697768336
0.7025595763459841	0.00016779708916207434
0.703442188879082	0.00016879886282871357
0.70432480141218	0.00016980963446241843
0.705207413945278	0.00017082951214687742
0.706090026478376	0.00017185860559354536
0.706972639011474	0.00015469733920576566
0.707855251544572	0.00015563489883731576
0.7087378640776699	0.00015658100764483744
0.7096204766107679	0.00013900214989991845
0.7105030891438658	0.00013985231595435222
0.7113857016769638	0.0001407103056227838
0.7122683142100618	0.0001415762151958471
0.7131509267431597	0.0001234567901234568
0.7140335392762577	0.0001242212284523946
0.7149161518093556	0.00012499278887756477
0.7157987643424537	0.00012577156014782995
0.7166813768755517	0.0001265576323987539
0.7175639894086496	0.0001273510971786834
0.7184466019417476	0.00012815204747540466
0.7193292144748455	0.0001289605777433883
0.7202118270079435	0.00012977678393163758
0.7210944395410415	0.00013060076351215593
0.7219770520741394	0.00013143261550904863
0.7228596646072374	0.0001322724405282758
0.7237422771403353	0.00013312034078807243
0.7246248896734334	0.0001339764201500536
0.7255075022065314	0.00013484078415102168
0.7263901147396293	0.0001357135400354943
0.7272727272727273	8.405833648552095e-05
0.7281553398058253	8.46059477981302e-05
0.7290379523389232	8.515892784909838e-05
0.7299205648720212	8.571734704810886e-05
0.7308031774051191	8.628127696289905e-05
0.7316857899382171	8.685079034219212e-05
0.732568402471315	8.742596113916027e-05
0.733451015004413	8.800686453543376e-05
0.7343336275375111	8.859357696567e-05
0.735216240070609	8.918617614269788e-05
0.736098852603707	8.97847410832529e-05
0.736981465136805	9.038935213431858e-05
0.7378640776699029	9.1000091000091e-05
0.7387466902030009	9.161704076958314e-05
0.7396293027360988	9.224028594488643e-05
0.7405119152691968	9.28699124701075e-05
0.7413945278022948	9.350600776099864e-05
0.7422771403353927	9.414866073530103e-05
0.7431597528684908	9.479796184382036e-05
0.7440423654015887	9.54540031022551e-05
0.7449249779346867	9.611687812379854e-05
0.7458075904677847	9.678668215253581e-05
0.7466902030008826	9.746351209765844e-05
0.7475728155339806	9.81474665685192e-05
0.7484554280670785	9.883864591055103e-05
0.7493380406001765	9.953715224207435e-05
0.7502206531332745	0.00010024308949201815
0.7511032656663724	0.00010095656343858056
0.7519858781994704	0.00010167768174885612
0.7528684907325685	0.00010240655401945725
0.7537511032656664	0.00010314329181815838
0.7546337157987644	0.00010388800872659274
0.7555163283318623	0.00010464082038403181
0.7563989408649603	0.00010540184453227932
0.7572815533980582	0.00010617120106171201
0.7581641659311562	0.00010694901205850111
0.7590467784642542	0.00010773540185304891
0.7599293909973521	0.00010853049706967658
0.7608120035304501	0.0001093344266776001
0.7616946160635482	0.00011014732204323282
0.7625772285966461	0.00011096931698385396
0.7634598411297441	0.00011180054782268433
0.764342453662842	0.00011264115344541128
0.76522506619594	0.00011349127535820683
0.766107678729038	0.00011435105774728416
0.7669902912621359	0.00011522064754003918
0.7678729037952339	0.00011610019446782573
0.7687555163283318	0.00011698985113041444
0.7696381288614298	0.00011788977306218685
0.7705207413945278	0.0001188001188001188
0.7714033539276258	0.00011972104995360809
0.7722859664607238	0.00012065273127620426
0.7731685789938217	0.00012159533073929961
0.7740511915269197	0.00012254901960784314
0.7749338040600177	0.0001235139725181411
0.7758164165931156	0.00012449036755781022
0.7766990291262136	0.00012547838634795156
0.7775816416593115	0.0001264782141276165
0.7784642541924095	0.00012749003984063745
0.7793468667255075	0.0001285140562248996
0.7802294792586054	0.00012955045990413266
0.7811120917917035	0.0001305994514823038
0.7819947043248014	0.00013166123564069647
0.7828773168578994	0.0001327360212377634
0.7837599293909974	0.00013382402141184343
0.7846425419240953	0.00013492545368683803
0.7855251544571933	0.0001360405400809441
0.7864077669902912	0.00013716950721854532
0.7872903795233892	0.00013831258644536652
0.7881729920564872	0.0001394700139470014
0.7890556045895851	0.00014064203087092578
0.7899382171226832	0.00014182888345211502
0.7908208296557812	0.0001430308231423872
0.7917034421888791	0.000144248106743599
0.7925860547219771	0.00014548099654482634
0.793468667255075	0.00014672976046366603
0.794351279788173	0.0001479946721918011
0.795233892321271	0.00014927601134497685
0.7961165048543689	0.00015057406361754187
0.7969991173874669	0.00015188912094171256
0.7978817299205648	0.00015322148165172758
0.7987643424536628	0.00015457145065306437
0.7996469549867609	0.0001559393395968968
0.8005295675198588	0.00015732546705998033
0.8014121800529568	0.00015873015873015873
0.8022947925860547	0.00016015374759769378
0.8031774051191527	0.00016159657415262796
0.8040600176522507	0.00016305898658839835
0.8049426301853486	0.00016454134101192923
0.8058252427184466	0.00016604400166044003
0.8067078552515445	0.0001675673411252147
0.8075904677846425	0.00016911174058258994
0.8084730803177406	0.00017067759003242875
0.8093556928508385	0.0001722652885443583
0.8102383053839365	0.0001738752445120626
0.8111209179170344	0.00017550787591593173
0.8120035304501324	0.0001771636105943839
0.8128861429832304	8.942144326209425e-05
0.8137687555163283	4.513653802753329e-05
0.8146513680494263	4.55684666210982e-05
0.8155339805825242	4.6006624953993374e-05
0.8164165931156222	4.645113340765515e-05
0.8172992056487202	4.690211528539937e-05
0.8181818181818182	4.735969689793985e-05
0.8190644307149162	4.7824007651841225e-05
0.8199470432480142	4.829518014102193e-05
0.8208296557811121	4.8773350241428086e-05
0.8217122683142101	4.9258657209004484e-05
0.822594880847308	4.9751243781094526e-05
0.823477493380406	5.0251256281407036e-05
0.824360105913504	5.0758844728693974e-05
0.8252427184466019	5.1274162949289855e-05
0.8261253309796999	5.179736869367036e-05
0.8270079435127978	5.2328623757195185e-05
0.8278905560458959	5.286809410520751e-05
0.8287731685789939	5.34159500026708e-05
0.8296557811120918	5.397236614853195e-05
0.8305383936451898	5.453752181500873e-05
0.8314210061782877	5.511160099200882e-05
0.8323036187113857	5.56947925368978e-05
0.8331862312444837	5.628729032984352e-05
0.8340688437775816	5.688929343497554e-05
0.8349514563106796	5.7501006267609686e-05
0.8358340688437775	5.812263876780006e-05
0.8367166813768756	5.8754406580493536e-05
0.8375992939099736	5.9396531242575434e-05
0.8384819064430715	6.004924037710923e-05
0.8393645189761695	6.0712767895088334e-05
0.8402471315092674	6.138735420503377e-05
0.8411297440423654	6.207324643078833e-05
0.8420123565754634	6.277069863787583e-05
0.8428949691085613	6.347997206881229e-05
0.8437775816416593	6.420133538777607e-05
0.8446601941747572	6.493506493506494e-05
0.8455428067078552	6.568144499178982e-05
0.8464254192409533	6.644076805527871e-05
0.8473080317740512	6.721333512568894e-05
0.8481906443071492	6.799945600435197e-05
0.8490732568402471	6.879944960440316e-05
0.8499558693733451	6.961364427427775e-05
0.8508384819064431	7.044237813468582e-05
0.851721094439541	7.128599942971201e-05
0.852603706972639	7.214486689272058e-05
0.853486319505737	7.301935012778386e-05
0.8543689320388349	7.390983000739098e-05
0.855251544571933	7.481669908723627e-05
0.8561341571050309	7.574036203893055e-05
0.8570167696381289	7.668123610152595e-05
0.8578993821712269	7.763975155279503e-05
0.8587819947043248	7.861635220125786e-05
0.8596646072374228	7.961149590000795e-05
0.8605472197705207	8.062565508344755e-05
0.8614298323036187	8.165931732810714e-05
0.8623124448367167	8.271298593879239e-05
0.8631950573698146	8.378718056137411e-05
0.8640776699029126	8.48824378236143e-05
0.8649602824360106	8.599931200550395e-05
0.8658428949691086	8.71383757406762e-05
0.8667255075022066	8.830022075055188e-05
0.8676081200353045	8.94854586129754e-05
0.8684907325684025	9.069472156720479e-05
0.8693733451015004	9.192866335723479e-05
0.8702559576345984	9.318796011555308e-05
0.8711385701676964	9.44733112895607e-05
0.8720211827007943	9.578544061302682e-05
0.8729037952338923	9.712509712509713e-05
0.8737864077669902	9.849305623953512e-05
0.8746690203000883	9.989012086704625e-05
0.8755516328331863	0.00010131712259371833
0.8764342453662842	0.00010277492291880781
0.8773168578993822	0.00010426441455531227
0.8781994704324801	0.00010578652279699566
0.8790820829655781	0.00010734220695577502
0.8799646954986761	0.00010893246187363834
0.880847308031774	0.0001105583195135434
0.881729920564872	0.00011222085063404781
0.8826125330979699	0.0001139211665527455
0.883495145631068	0.00011566042100393245
0.884377758164166	0.00011743981209630065
0.8852603706972639	0.00011926058437686345
0.8861429832303619	0.00012112403100775194
0.8870255957634599	0.00012303149606299212
0.8879082082965578	0.00012498437695288088
0.8887908208296558	0.00012698412698412698
0.8896734333627537	0.00012903225806451613
0.8905560458958517	0.00013113034356150013
0.8914386584289496	0.0001332800213248034
0.8923212709620476	0.00013548299688389108
0.8932038834951457	0.0001377410468319559
0.8940864960282436	0.00014005602240896358
0.8949691085613416	0.0001424298532972511
0.8958517210944396	0.00014486455164421265
0.8967343336275375	0.00014736221632773356
0.8976169461606355	0.00014992503748125936
0.8984995586937334	0.00015255530129672007
0.8993821712268314	0.0001552553951249806
0.9002647837599294	0.00015802781289506955
0.9011473962930273	0.00016087516087516087
0.9020300088261254	0.0001638001638001638
0.9029126213592233	0.00016680567139282736
0.9037952338923213	0.00016989466530750936
0.9046778464254193	0.00017307026652821047
0.9055604589585172	0.00017633574325515782
0.9064430714916152	0.00017969451931716083
0.9073256840247131	0.00018315018315018315
0.9082082965578111	0.00018670649738610905
0.9090909090909091	0.00019036740909956216
0.909973521624007	0.00019413706076490002
0.910856134157105	0.00019801980198019803
0.911738746690203	0.00020202020202020202
0.912621359223301	0.00020614306328592042
0.913503971756399	0.00021039343572480537
0.9143865842894969	0.0002147766323024055
0.9152691968225949	0.0002192982456140351
0.9161518093556928	0.00022396416573348266
0.9170344218887908	0.00022878059940517045
0.9179170344218888	0.0002337540906965872
0.9187996469549867	0.00023889154323936931
0.9196822594880847	0.0002442002442002442
0.9205648720211828	0.00024968789013732833
0.9214474845542807	0.0002553626149131767
0.9223300970873787	0.00026123301985370953
0.9232127096204766	0.0002673082063619353
0.9240953221535746	0.00027359781121751026
0.9249779346866726	0.00028011204481792715
0.9258605472197705	0.00028686173264486515
0.9267431597528685	0.0002938583602703497
0.9276257722859664	0.00030111412225233364
0.9285083848190644	0.00030864197530864197
0.9293909973521624	0.00031645569620253165
0.9302736098852604	0.0003245699448231094
0.9311562224183584	0.000333000333000333
0.9320388349514563	0.0003417634996582365
0.9329214474845543	0.0003508771929824561
0.9338040600176523	0.00036036036036036037
0.9346866725507502	0.00037023324694557573
0.9355692850838482	0.000380517503805175
0.9364518976169461	0.0003912363067292645
0.9373345101500441	0.00040241448692152917
0.9382171226831421	0.0
0.93909973521624	0.0
0.9399823477493381	0.0
0.940864960282436	0.0
0.941747572815534	0.0
0.942630185348632	0.0
0.9435127978817299	0.0
0.9443954104148279	0.0
0.9452780229479258	0.0
0.9461606354810238	0.0
0.9470432480141218	0.0
0.9479258605472197	0.0
0.9488084730803178	0.0
0.9496910856134158	0.0
0.9505736981465137	0.0
0.9514563106796117	0.0
0.9523389232127096	0.0
0.9532215357458076	0.0
0.9541041482789056	0.0
0.9549867608120035	0.0
0.9558693733451015	0.0
0.9567519858781994	0.0
0.9576345984112974	0.0
0.9585172109443955	0.0
0.9593998234774934	0.0
0.9602824360105914	0.0
0.9611650485436893	0.0
0.9620476610767873	0.0
0.9629302736098853	0.0
0.9638128861429832	0.0
0.9646954986760812	0.0
0.9655781112091791	0.0
0.9664607237422771	0.0
0.9673433362753752	0.0
0.9682259488084731	0.0
0.9691085613415711	0.0
0.969991173874669	0.0
0.970873786407767	0.0
0.971756398940865	0.0
0.9726390114739629	0.0
0.9735216240070609	0.0
0.9744042365401588	0.0
0.9752868490732568	0.0
0.9761694616063548	0.0
0.9770520741394528	0.0
0.9779346866725508	0.0
0.9788172992056487	0.0
0.9796999117387467	0.0
0.9805825242718447	0.0
0.9814651368049426	0.0
0.9823477493380406	0.0
0.9832303618711385	0.0
0.9841129744042365	0.0
0.9849955869373345	0.0
0.9858781994704324	0.0
0.9867608120035305	0.0
0.9876434245366285	0.0
0.9885260370697264	0.0
0.9894086496028244	0.0
0.9902912621359223	0.0
0.9911738746690203	0.0
0.9920564872021183	0.0
0.9929390997352162	0.0
0.9938217122683142	0.0
0.9947043248014121	0.0
0.9955869373345102	0.0
0.9964695498676082	0.0
0.9973521624007061	0.0
0.9982347749338041	0.0
0.999117387466902	0.0
1.0	0.0
