Fraction_of_nodes	Efficiency
0.0012755102040816326	0.2348991081799211
0.002551020408163265	0.14257601721296995
0.003826530612244898	0.12472243718722456
0.00510204081632653	0.119272892989202
0.006377551020408163	0.10322831578918605
0.007653061224489796	0.08242878521977151
0.008928571428571428	0.07002470990868637
0.01020408163265306	0.0626723003468055
0.011479591836734694	0.05156429884288382
0.012755102040816327	0.04894134039766811
0.01403061224489796	0.04609603742155865
0.015306122448979591	0.028106169386593723
0.016581632653061226	0.027428234152177936
0.017857142857142856	0.0263084690291611
0.01913265306122449	0.018049653609482526
0.02040816326530612	0.015739945818070117
0.021683673469387755	0.015151420469603254
0.02295918367346939	0.014412622025890297
0.02423469387755102	0.011242253736862952
0.025510204081632654	0.010897946766966427
0.026785714285714284	0.008255660375349276
0.02806122448979592	0.008238268836631688
0.029336734693877552	0.0069685135967383766
0.030612244897959183	0.00657671022087509
0.03188775510204082	0.0050708745959405725
0.03316326530612245	0.0042263164105737945
0.03443877551020408	0.0035923386429770506
0.03571428571428571	0.0033268509758575325
0.036989795918367346	0.003238299342432644
0.03826530612244898	0.0031146853787325872
0.039540816326530615	0.002950491179490037
0.04081632653061224	0.0029016866400354718
0.042091836734693876	0.0028845687231838666
0.04336734693877551	0.0027860554813825484
0.044642857142857144	0.0023748241862590258
0.04591836734693878	0.002284121632101776
0.047193877551020405	0.002167921013813966
0.04846938775510204	0.002053487353881404
0.04974489795918367	0.0019964638810709423
0.05102040816326531	0.0019333974924866345
0.05229591836734694	0.0018497289466587945
0.05357142857142857	0.0017513546808482338
0.0548469387755102	0.0017524406998091287
0.05612244897959184	0.0017315827329359207
0.05739795918367347	0.001617826282006624
0.058673469387755105	0.0015431588056269581
0.05994897959183673	0.0014969618311604074
0.061224489795918366	0.0014726905254855603
0.0625	0.0013942179960085787
0.06377551020408163	0.0013273930557982168
0.06505102040816327	0.0013185948903749122
0.0663265306122449	0.001305382999558957
0.06760204081632654	0.0012664830188207831
0.06887755102040816	0.0012661993974356588
0.07015306122448979	0.0012583724003477112
0.07142857142857142	0.001261834222632024
0.07270408163265306	0.0012252069273452316
0.07397959183673469	0.0011962889078876565
0.07525510204081633	0.001195783323807712
0.07653061224489796	0.0011952703718137822
0.0778061224489796	0.0011947499964879101
0.07908163265306123	0.0011167417777965608
0.08035714285714286	0.0011140648276570606
0.08163265306122448	0.0011171637562458145
0.08290816326530612	0.0011202756330041595
0.08418367346938775	0.0011072132026433252
0.08545918367346939	0.0010973199421342279
0.08673469387755102	0.0010964826607284697
0.08801020408163265	0.0010956363897540358
0.08928571428571429	0.0010987097036102883
0.09056122448979592	0.0010978562911367793
0.09183673469387756	0.0010910676000990313
0.09311224489795919	0.0010941410299584653
0.09438775510204081	0.0010634564320573172
0.09566326530612244	0.0010531795930184675
0.09693877551020408	0.0010521633277129157
0.09821428571428571	0.0010297670803098107
0.09948979591836735	0.00101661543407068
0.10076530612244898	0.0010154738878143123
0.10204081632653061	0.001008260054312685
0.10331632653061225	0.0010010010010010001
0.10459183673469388	0.0009997927258982885
0.10586734693877552	0.0010026492765437122
0.10714285714285714	0.000995299407316574
0.10841836734693877	0.000959209021483822
0.1096938775510204	0.0009619614146588114
0.11096938775510204	0.0009399891159154994
0.11224489795918367	0.0009240883155544526
0.11352040816326531	0.0009053276111099588
0.11479591836734694	0.0008975441252098307
0.11607142857142858	0.000900138183375177
0.11734693877551021	0.000888801519118643
0.11862244897959184	0.0008871830365569743
0.11989795918367346	0.0008729307334721603
0.1211734693877551	0.000837496202787997
0.12244897959183673	0.0008357029213635281
0.12372448979591837	0.0008084331674029559
0.125	0.0007810006171394519
0.12627551020408162	0.0007640756392197034
0.12755102040816327	0.0007620319710941577
0.1288265306122449	0.0007599730359849375
0.13010204081632654	0.0007622049685428962
0.13137755102040816	0.0007374535717370645
0.1326530612244898	0.0007396257472060986
0.13392857142857142	0.0007374631268436575
0.13520408163265307	0.0007287486438085773
0.1364795918367347	0.0007199793729733506
0.1377551020408163	0.0007221126451895679
0.13903061224489796	0.0007198593252005711
0.14030612244897958	0.0007219985802531732
0.14158163265306123	0.000717513974386188
0.14285714285714285	0.0007085639770065996
0.1441326530612245	0.000710679093355873
0.14540816326530612	0.0007083416995738791
0.14668367346938777	0.0007059871288812509
0.14795918367346939	0.000708104031816427
0.14923469387755103	0.0007102304703504103
0.15051020408163265	0.0007123665018401859
0.15178571428571427	0.0007099827882960411
0.15306122448979592	0.0007030383979356338
0.15433673469387754	0.0007006055966425612
0.1556122448979592	0.0007027254320333102
0.1568877551020408	0.0006956860587722917
0.15816326530612246	0.0006794040557318251
0.15943877551020408	0.0006814691136519826
0.16071428571428573	0.0006719777194857348
0.16198979591836735	0.0006740264320451425
0.16326530612244897	0.0006760845280208528
0.16454081632653061	0.0006781520648037912
0.16581632653061223	0.0006802291002243235
0.16709183673469388	0.0006705718768496511
0.1683673469387755	0.0006537841734754462
0.16964285714285715	0.0006557958170861398
0.17091836734693877	0.0006530757378215007
0.17219387755102042	0.0006503357492058058
0.17346938775510204	0.0006523460606407542
0.1747448979591837	0.0006495805838808315
0.1760204081632653	0.0006395948832409343
0.17729591836734693	0.0006367663344407533
0.17857142857142858	0.0006339171005477046
0.1798469387755102	0.0006310470293551938
0.18112244897959184	0.0006330159748446015
0.18239795918367346	0.0006349941497659909
0.1836734693877551	0.000636981611893584
0.18494897959183673	0.0006389784194543789
0.18622448979591838	0.0006409846311324147
0.1875	0.0006430003060730826
0.18877551020408162	0.000645025503887486
0.19005102040816327	0.0006470602846568472
0.1913265306122449	0.0006491047089369637
0.19260204081632654	0.0006228294705407911
0.19387755102040816	0.0006197884277183764
0.1951530612244898	0.0006167249431908705
0.19642857142857142	0.0006186859128035601
0.19770408163265307	0.0006206562501054823
0.1989795918367347	0.0006226360148586098
0.2002551020408163	0.0006246252673022475
0.20153061224489796	0.0006266240681576146
0.20280612244897958	0.0006286324786324789
0.20408163265306123	0.0006177888902608006
0.20535714285714285	0.0006197753497150153
0.2066326530612245	0.0006217714055917143
0.20790816326530612	0.0006237771198033005
0.20918367346938777	0.0006257925547622771
0.21045918367346939	0.0005833782085801474
0.21173469387755103	0.0005642886990151394
0.21301020408163265	0.000566120805180773
0.21428571428571427	0.0005468447541618275
0.21556122448979592	0.0005433295375299032
0.21683673469387754	0.0005397884773094004
0.2181122448979592	0.0005362213763518823
0.2193877551020408	0.0005379766018063892
0.22066326530612246	0.0005397404595172299
0.22193877551020408	0.000541513006182311
0.22321428571428573	0.0005378928643447702
0.22448979591836735	0.000539665163733056
0.22576530612244897	0.0005414462368806899
0.22704081632653061	0.000543236141795998
0.22831632653061223	0.0005450349369675079
0.22959183673469388	0.0005468426813687268
0.2308673469387755	0.0005486594344629751
0.23214285714285715	0.0005504852562082761
0.23341836734693877	0.0005523202070623037
0.23469387755102042	0.00054859951771471
0.23596938775510204	0.0005448508569652508
0.2372448979591837	0.0005410740062258526
0.2385204081632653	0.0005372687449177283
0.23979591836734693	0.0005390746902787963
0.24107142857142858	0.0005352309273877903
0.2423469387755102	0.0005313581761024147
0.24362244897959184	0.0005331533050757336
0.24489795918367346	0.0005349575463788664
0.2461734693877551	0.0005367709617903201
0.24744897959183673	0.0005385936136130377
0.24872448979591838	0.0005404255646797488
0.25	0.0005422668783583851
0.2512755102040816	0.00048452147689898506
0.25255102040816324	0.0004803438250537227
0.2538265306122449	0.0004761347227100652
0.25510204081632654	0.0004777681179852284
0.25637755102040816	0.00047351554840370253
0.2576530612244898	0.00047514555029149494
0.25892857142857145	0.0004708489128929512
0.2602040816326531	0.00047247533400829816
0.2614795918367347	0.0004681340178050292
0.2627551020408163	0.00046975666604698774
0.26403061224489793	0.0004713877655818731
0.2653061224489796	0.00047302737520128833
0.26658163265306123	0.00047467555420895827
0.26785714285714285	0.000464170685087554
0.26913265306122447	0.00045969155916799904
0.27040816326530615	0.00046130168722112685
0.27168367346938777	0.00046292028963242906
0.2729591836734694	0.00045838086722371253
0.274234693877551	0.0004599948843618242
0.2755102040816326	0.0004616174412731534
0.2767857142857143	0.00046324859830945426
0.2780612244897959	0.0004648884163565674
0.27933673469387754	0.0004665369568401013
0.28061224489795916	0.00046819428173118516
0.28188775510204084	0.00046986045355229257
0.28316326530612246	0.0004651920080013026
0.2844387755102041	0.0004604872251931076
0.2857142857142857	0.00045574580458301395
0.2869897959183674	0.0004285259349025291
0.288265306122449	0.00042362974545750943
0.2895408163265306	0.00041869556419496366
0.29081632653061223	0.0004137230755935792
0.29209183673469385	0.00040871196105853145
0.29336734693877553	0.0004101901236663381
0.29464285714285715	0.00041167631976657843
0.29591836734693877	0.0004131706076786168
0.2971938775510204	0.0004146730462519936
0.29846938775510207	0.0004161836948722195
0.2997448979591837	0.00041770261346664363
0.3010204081632653	0.0004192298625103974
0.3022959183673469	0.0004207655030324135
0.30357142857142855	0.00042230959662152323
0.3048469387755102	0.0004238622054326318
0.30612244897959184	0.00042542339219297294
0.30739795918367346	0.0004269932202084452
0.3086734693877551	0.0004285717533700291
0.30994897959183676	0.00043015905616028844
0.3112244897959184	0.00043175519365995556
0.3125	0.00043336023155460225
0.3137755102040816	0.0004349742361413978
0.31505102040816324	0.00043659727433595526
0.3163265306122449	0.0004382294136792672
0.31760204081632654	0.00043987072234473267
0.31887755102040816	0.00044152126914527573
0.3201530612244898	0.0004431811235405587
0.32142857142857145	0.0004448503556442896
0.3227040816326531	0.00044652903623162657
0.3239795918367347	0.00044821723674668
0.3252551020408163	0.0004499150293101144
0.32653061224489793	0.0004516224867268511
0.3278061224489796	0.0004533396824938733
0.32908163265306123	0.0004550666908081357
0.33035714285714285	0.0004495335029686175
0.33163265306122447	0.0004512525603413464
0.33290816326530615	0.0004456556510357526
0.33418367346938777	0.00044736642128924875
0.3354591836734694	0.00042447955115901373
0.336734693877551	0.0004261153105083741
0.3380102040816326	0.00042776054336747976
0.3392857142857143	0.0004294153230323443
0.3405612244897959	0.00043107972350921387
0.34183673469387754	0.00043275381952284186
0.34311224489795916	0.00043443768652487626
0.34438775510204084	0.0004361314007023612
0.34566326530612246	0.00043022051656920076
0.3469387755102041	0.0004319043542074364
0.3482142857142857	0.00043359809677295574
0.3494897959183674	0.0004353018221040872
0.350765306122449	0.0004370156088052844
0.3520408163265306	0.00043873953625619283
0.35331632653061223	0.0004404736846208418
0.35459183673469385	0.00044221813485696395
0.35586734693877553	0.000443972968725444
0.35714285714285715	0.00042207075010255925
0.35841836734693877	0.0004079110991421986
0.3596938775510204	0.0004015872637195728
0.36096938775510207	0.0004031936127744511
0.3622448979591837	0.00040480961923847696
0.3635204081632653	0.0004064353606812018
0.3647959183673469	0.0004080709154525547
0.36607142857142855	0.00040971636269228275
0.3673469387755102	0.0004113717823395243
0.36862244897959184	0.0004130372551425183
0.36989795918367346	0.00039828859087960187
0.3711734693877551	0.0003916621316314583
0.37244897959183676	0.00039325749672975346
0.3737244897959184	0.00039486262936946675
0.375	0.00039647760944868743
0.3762755102040816	0.00039810251768413287
0.37755102040816324	0.0003786986232201165
0.3788265306122449	0.00037180689701793966
0.38010204081632654	0.00037334012133553943
0.38137755102040816	0.00037488284910965324
0.3826530612244898	0.0003764351590438547
0.38392857142857145	0.00037799713065814455
0.3852040816326531	0.0003795688442991348
0.3864795918367347	0.00038115038115038114
0.3877551020408163	0.0003827418232428671
0.38903061224489793	0.0003843432534656406
0.3903061224489796	0.0003859547555766076
0.39158163265306123	0.00038757641421348414
0.39285714285714285	0.0003892083149049093
0.39413265306122447	0.0003908505440817233
0.39540816326530615	0.0003835826620636747
0.39668367346938777	0.00036729136059053286
0.3979591836734694	0.00035985461873403146
0.399234693877551	0.0003613859149839635
0.4005102040816326	0.00036292700630585675
0.4017857142857143	0.00036447797641827494
0.4030612244897959	0.00035688793718772306
0.40433673469387754	0.0003492293977630938
0.40561224489795916	0.00035073145968895656
0.40688775510204084	0.0003522432332220986
0.40816326530612246	0.00035376480226409474
0.4094387755102041	0.00035529625162454537
0.4107142857142857	0.0003568376670328948
0.4119897959183674	0.0003583891351504291
0.413265306122449	0.00035995074358245716
0.4145408163265306	0.0003615225808906775
0.41581632653061223	0.0003631047366057351
0.41709183673469385	0.00036469730123997083
0.41836734693877553	0.0003663003663003663
0.41964285714285715	0.0003679140243016895
0.42091836734693877	0.00036953836877984264
0.4221938775510204	0.00037117349430541716
0.42346938775510207	0.00037281949649745896
0.4247448979591837	0.00037447647203744765
0.4260204081632653	0.0003761445186834942
0.4272959183673469	0.0003778237352847598
0.42857142857142855	0.000379514221796101
0.4298469387755102	0.0003812160792929445
0.43112244897959184	0.0003829294099863959
0.43239795918367346	0.0003846543172385869
0.4336734693877551	0.00038639090557826447
0.43494897959183676	0.0003881392807166277
0.4362244897959184	0.0003898995495634151
0.4375	0.0003916718202432488
0.4387755102040816	0.00039345620211223855
0.44005102040816324	0.00038485141614919753
0.4413265306122449	0.00038661274986155083
0.44260204081632654	0.00038838620284256713
0.44387755102040816	0.00037962670041126223
0.4451530612244898	0.0003813761322103925
0.44642857142857145	0.0003724949713178872
0.4477040816326531	0.00037421948507398853
0.4489795918367347	0.0003759560024061184
0.4502551020408163	0.0003777046349754492
0.45153061224489793	0.0003794654957445655
0.4528061224489796	0.0003594536304816679
0.45408163265306123	0.00035019370089080525
0.45535714285714285	0.0003518378027729217
0.45663265306122447	0.0003534935100800884
0.45790816326530615	0.0003551609322974473
0.45918367346938777	0.00035684018020429103
0.4604591836734694	0.000358531365892463
0.461734693877551	0.00036023460278506375
0.4630102040816326	0.0003619500056554688
0.4642857142857143	0.0003636776906466644
0.4655612244897959	0.00035399846981306595
0.46683673469387754	0.00034422222987160513
0.46811224489795916	0.0003458771444382955
0.46938775510204084	0.00034754402224281743
0.47066326530612246	0.00033758221290960944
0.4719387755102041	0.00033921699360166567
0.4732142857142857	0.0003408636780366252
0.4744897959183674	0.0003425223820660005
0.475765306122449	0.00034419322295412734
0.4770408163265306	0.0003458763193988908
0.47831632653061223	0.00034757179155280694
0.47959183673469385	0.00034927976104446695
0.48086734693877553	0.000351000351000351
0.48214285714285715	0.0003527336860670194
0.48341836734693877	0.0003544798924336878
0.4846938775510204	0.0003562390978551949
0.48596938775510207	0.00035801143167537
0.4872448979591837	0.0003473902308904356
0.4885204081632653	0.00033665835411471323
0.4897959183673469	0.0003383458646616541
0.49107142857142855	0.0003274517953174393
0.4923469387755102	0.00032910142652810655
0.49362244897959184	0.00033076355494491514
0.49489795918367346	0.00033243830712185145
0.4961734693877551	0.00033412581121891664
0.49744897959183676	0.0003358261970266465
0.4987244897959184	0.00033753959599106817
0.5	0.0003262174434991388
0.5012755102040817	0.000327890353465801
0.5025510204081632	0.0003295761650517435
0.5038265306122449	0.0003312750112633504
0.5051020408163265	0.00033298702682543486
0.5063775510204082	0.0003347123482079501
0.5076530612244898	0.0003364511136531862
0.5089285714285714	0.0003382034632034632
0.5102040816326531	0.00033996953872932983
0.5114795918367347	0.00034174948395827924
0.5127551020408163	0.00034354344450399196
0.514030612244898	0.00034535156789611824
0.5153061224489796	0.00034717400361060965
0.5165816326530612	0.00033505046697658835
0.5178571428571429	0.0003368279230348196
0.5191326530612245	0.00033861956092330267
0.5204081632653061	0.00034042553191489364
0.5216836734693877	0.00034224598930481285
0.5229591836734694	0.00034408108844317644
0.5242346938775511	0.0003171034045374614
0.5255102040816326	0.00030432136335970786
0.5267857142857143	0.00030596634370219276
0.5280612244897959	0.0003076246978686003
0.5293367346938775	0.00030929657122658185
0.5306122448979592	0.0003109821111242744
0.5318877551020408	0.0003126814669227677
0.5331632653061225	0.0003143947900291938
0.5344387755102041	0.0003161222339304531
0.5357142857142857	0.0003178639542275906
0.5369897959183674	0.00031962010867083693
0.5382653061224489	0.0003213908571953291
0.5395408163265306	0.0003077870113881194
0.5408163265306123	0.00030950170225936243
0.5420918367346939	0.00031123076204852087
0.5433673469387755	0.00031297435175187393
0.5446428571428571	0.0003147326346268845
0.5459183673469388	0.0003165057762304162
0.5471938775510204	0.000286464550011936
0.548469387755102	0.000272082713144796
0.5497448979591837	0.0002575328354365182
0.5510204081632653	0.0002428127428127428
0.5522959183673469	0.0002442002442002442
0.5535714285714286	0.00022922636103151864
0.5548469387755102	0.0002305437539110101
0.5561224489795918	0.000215310212328994
0.5573979591836735	0.00019989672002798553
0.5586734693877551	0.0001843009131272514
0.5599489795918368	0.00018537243006403774
0.5612244897959183	0.00016950301715370534
0.5625	0.00017049426286805448
0.5637755102040817	0.00017149422921918677
0.5650510204081632	0.00017250301880282904
0.5663265306122449	0.00017352073572791948
0.5676020408163265	0.00015709273707912238
0.5688775510204082	0.00014046670061278597
0.5701530612244898	0.00012363996043521266
0.5714285714285714	0.00010660980810234541
0.5727040816326531	8.93734918223255e-05
0.5739795918367347	8.991026955098811e-05
0.5752551020408163	9.045189768081334e-05
0.576530612244898	9.099843482692098e-05
0.5778061224489796	9.154994049253868e-05
0.5790816326530612	9.210647508519849e-05
0.5803571428571429	9.266809993327897e-05
0.5816326530612245	9.323487730290146e-05
0.5829081632653061	9.380687041518921e-05
0.5841836734693877	9.438414346389807e-05
0.5854591836734694	9.49667616334283e-05
0.5867346938775511	9.555479111722662e-05
0.5880102040816326	9.614829913658828e-05
0.5892857142857143	9.67473539598692e-05
0.5905612244897959	9.735202492211838e-05
0.5918367346938775	9.796238244514106e-05
0.5931122448979592	9.857849805800359e-05
0.5943877551020408	9.920044441799099e-05
0.5956632653061225	9.982829533202891e-05
0.5969387755102041	0.00010046212577858148
0.5982142857142857	0.00010110201193003741
0.5994897959183674	0.00010174803117559675
0.6007653061224489	0.00010240026214467109
0.6020408163265306	0.00010305878473081046
0.6033163265306123	0.00010372368011617052
0.6045918367346939	0.00010439503079653408
0.6058673469387755	0.00010507292060690119
0.6071428571428571	0.00010575743474766277
0.6084183673469388	0.00010644865981137297
0.6096938775510204	0.00010714668381013607
0.610969387755102	0.00010785159620362382
0.6122448979591837	0.00010856348792774015
0.6135204081632653	0.00010928245142395035
0.6147959183673469	0.0001100085806692922
0.6160714285714286	0.00011074197120708749
0.6173469387755102	0.00011148272017837236
0.6186224489795918	0.00011223092635406613
0.6198979591836735	0.00011298669016789822
0.6211734693877551	0.00011375011375011375
0.6224489795918368	0.00011452130096197893
0.6237244897959183	0.00011530035743110804
0.625	0.00011608739058763437
0.6262755102040817	0.0001168825097012483
0.6275510204081632	0.0001176858259191263
0.6288265306122449	0.00011849745230477545
0.6301020408163265	0.00011931750387781887
0.6313775510204082	0.00012014609765474818
0.6326530612244898	0.00012098335269066976
0.6339285714285714	0.00012182939012207305
0.6352040816326531	0.000122684333210649
0.6364795918367347	0.00012354830738818879
0.6377551020408163	0.00012442144030259294
0.639030612244898	0.00012530386186502269
0.6403061224489796	0.00012619570429822568
0.6415816326530612	0.00012709710218607016
0.6428571428571429	0.00012800819252432156
0.6441326530612245	0.00012892911477269798
0.6454081632653061	0.00012986001090824092
0.6466836734693877	0.00013080102548003976
0.6479591836734694	0.00013175230566534913
0.6492346938775511	0.00013271400132714
0.6505102040816326	0.0001336862650731264
0.6517857142857143	0.00013466925231631115
0.6530612244897959	0.00013566312133709573
0.6543367346938775	0.00013666803334700013
0.6556122448979592	0.00013768415255404102
0.6568877551020408	0.00013871164622981745
0.6581632653061225	0.00013975068477835542
0.6594387755102041	0.0001408014418067641
0.6607142857142857	0.00014186409419775854
0.6619897959183674	0.0001429388221841052
0.6632653061224489	0.00014402580942504898
0.6645408163265306	0.00014512524308478217
0.6658163265306123	0.00014623731391301805
0.6670918367346939	0.00014736221632773356
0.6683673469387755	0.0001485001485001485
0.6696428571428571	0.0001496513124420101
0.6709183673469388	0.00015081591409525533
0.6721938775510204	0.00015199416342412452
0.673469387755102	0.00015318627450980392
0.6747448979591837	0.0001543924656476764
0.6760204081632653	0.00015561295944726275
0.6772959183673469	0.00015684798293493947
0.6785714285714286	0.00015809776765952064
0.6798469387755102	0.00015936254980079682
0.6811224489795918	0.0001606425702811245
0.6823979591836735	0.00016193807488016582
0.6836734693877551	0.0001632493143528797
0.6849489795918368	0.00016457654455087061
0.6862244897959183	0.00016592002654720425
0.6875	0.00016728002676480428
0.6887755102040817	0.00016865681710854754
0.6900510204081632	0.00017005067510118016
0.6913265306122449	0.00017146188402318165
0.6926020408163265	0.00017289073305670817
0.6938775510204082	0.00017433751743375174
0.6951530612244898	0.00017580253858865723
0.6964285714285714	0.00017728610431514379
0.6977040816326531	0.00017878852892798397
0.6989795918367347	0.00018031013342949875
0.7002551020408163	0.0001818512456810329
0.701530612244898	0.00018341220057958255
0.7028061224489796	0.00018499334023975138
0.7040816326530612	0.00018659501418122107
0.7053571428571429	0.00018821757952192734
0.7066326530612245	0.00018986140117714068
0.7079081632653061	0.00019152685206465947
0.7091836734693877	0.00019321431331633046
0.7104591836734694	0.000194924174496121
0.7117346938775511	0.00019665683382497542
0.7130102040816326	0.0001984126984126984
0.7142857142857143	0.00020019218449711723
0.7155612244897959	0.00020199571769078495
0.7168367346938775	0.00020382373323549793
0.7181122448979592	0.00020567667626491157
0.7193877551020408	0.00020755500207555002
0.7206632653061225	0.00020945917640651838
0.7219387755102041	0.00021138967572823742
0.7232142857142857	0.00021334698754053592
0.7244897959183674	0.0002153316106804479
0.7257653061224489	0.00021734405564007825
0.7270408163265306	0.00021938484489491465
0.7283163265306123	0.00022145451324297988
0.7295918367346939	0.00022355360815523562
0.7308673469387755	0.00022568269013766644
0.7321428571428571	0.000227842333105491
0.7334183673469388	0.00023003312476996689
0.7346938775510204	0.00023225566703827572
0.735969387755102	0.00023451057642699685
0.7372448979591837	0.00023679848448969926
0.7385204081632653	0.00023912003825920613
0.7397959183673469	0.00024147590070510962
0.7410714285714286	0.0002438667512071404
0.7423469387755102	0.00024629328604502243
0.7436224489795918	0.0002487562189054726
0.7448979591836735	0.0002512562814070352
0.7461734693877551	0.00025379422364346985
0.7474489795918368	0.00025637081474644925
0.7487244897959183	0.0002589868434683518
0.75	0.00026164311878597594
0.7512755102040817	0.0002643404705260375
0.7525510204081632	0.000267079750013354
0.7538265306122449	0.00026986183074265976
0.7551020408163265	0.00027268760907504363
0.7563775510204082	0.0002755580049600441
0.7576530612244898	0.000278473962684489
0.7589285714285714	0.00022514916131937407
0.7602040816326531	0.00022755717373990216
0.7614795918367347	0.00017250301880282904
0.7627551020408163	0.0001743679163034002
0.764030612244898	0.00017626321974148062
0.7653061224489796	0.0001781895937277263
0.7665816326530612	0.0001801477211313277
0.7678571428571429	0.00018213830368526501
0.7691326530612245	0.00018416206261510129
0.7704081632653061	0.00018621973929236498
0.7716836734693877	0.0001883120959136275
0.7729591836734694	0.00019043991620643687
0.7742346938775511	0.0001926040061633282
0.7755102040816326	0.0001948051948051948
0.7767857142857143	0.00013136288998357964
0.7780612244897959	0.00013288153611055743
0.7793367346938775	0.00013442667025137788
0.7806122448979592	0.00013599891200870393
0.7818877551020408	0.00013759889920880633
0.7831632653061225	0.0001392272885485555
0.7844387755102041	0.00014088475626937165
0.7857142857142857	0.00014257199885942402
0.7869897959183674	0.00014428973378544116
0.7882653061224489	0.00014603870025556772
0.7895408163265306	0.00014781966001478197
0.7908163265306123	0.00014963339817447254
0.7920918367346939	0.0001514807240778611
0.7933673469387755	0.0001533624722030519
0.7946428571428571	0.00015527950310559007
0.7959183673469388	0.00015723270440251572
0.7971938775510204	0.0001592229918000159
0.798469387755102	0.0001612513101668951
0.7997448979591837	0.00016331863465621427
0.8010204081632653	0.00016542597187758478
0.8022959183673469	0.00016757436112274822
0.8035714285714286	0.0001697648756472286
0.8048469387755102	0.0001719986240110079
0.8061224489795918	0.0001742767514813524
0.8073979591836735	0.00017660044150110375
0.8086734693877551	0.0001789709172259508
0.8099489795918368	0.00018138944313440957
0.8112244897959183	0.00018385732671446958
0.8125	0.00018637592023110615
0.8137755102040817	0.0001889466225791214
0.8150510204081632	0.00019157088122605365
0.8163265306122449	0.00019425019425019425
0.8176020408163265	0.00019698611247907023
0.8188775510204082	0.0001997802417340925
0.8201530612244898	0.00020263424518743666
0.8214285714285714	0.00020554984583761563
0.8227040816326531	0.00020852882911062454
0.8239795918367347	0.0002115730455939913
0.8252551020408163	0.00021468441391155003
0.826530612244898	0.00021786492374727668
0.8278061224489796	0.0002211166390270868
0.8290816326530612	0.00022444170126809562
0.8303571428571429	0.000227842333105491
0.8316326530612245	0.0002313208420078649
0.8329081632653061	0.0002348796241926013
0.8341836734693877	0.0002385211687537269
0.8354591836734694	0.00024224806201550387
0.8367346938775511	0.00024606299212598425
0.8380102040816326	0.00024996875390576176
0.8392857142857143	0.00025396825396825396
0.8405612244897959	0.00025806451612903227
0.8418367346938775	0.00026226068712300026
0.8431122448979592	0.0002665600426496068
0.8443877551020408	0.00027096599376778217
0.8456632653061225	0.0002754820936639118
0.8469387755102041	0.00014005602240896358
0.8482142857142857	0.0001424298532972511
0.8494897959183674	0.00014486455164421265
0.8507653061224489	0.00014736221632773356
0.8520408163265306	0.00014992503748125936
0.8533163265306123	0.00015255530129672007
0.8545918367346939	0.0001552553951249806
0.8558673469387755	0.00015802781289506955
0.8571428571428571	0.00016087516087516087
0.8584183673469388	0.0001638001638001638
0.8596938775510204	0.00016680567139282736
0.860969387755102	0.00016989466530750936
0.8622448979591837	0.00017307026652821047
0.8635204081632653	0.00017633574325515782
0.8647959183673469	0.00017969451931716083
0.8660714285714286	0.00018315018315018315
0.8673469387755102	0.00018670649738610905
0.8686224489795918	0.00019036740909956216
0.8698979591836735	0.00019413706076490002
0.8711734693877551	0.00019801980198019803
0.8724489795918368	0.00020202020202020202
0.8737244897959183	0.00020614306328592042
0.875	0.00021039343572480537
0.8762755102040817	0.0002147766323024055
0.8775510204081632	0.0002192982456140351
0.8788265306122449	0.00022396416573348266
0.8801020408163265	0.00022878059940517045
0.8813775510204082	0.0002337540906965872
0.8826530612244898	0.00023889154323936931
0.8839285714285714	0.0002442002442002442
0.8852040816326531	0.00024968789013732833
0.8864795918367347	0.0002553626149131767
0.8877551020408163	0.00026123301985370953
0.889030612244898	0.0002673082063619353
0.8903061224489796	0.00027359781121751026
0.8915816326530612	0.00028011204481792715
0.8928571428571429	0.00028686173264486515
0.8941326530612245	0.0002938583602703497
0.8954081632653061	0.00030111412225233364
0.8966836734693877	0.00030864197530864197
0.8979591836734694	0.00031645569620253165
0.8992346938775511	0.0003245699448231094
0.9005102040816326	0.000333000333000333
0.9017857142857143	0.0003417634996582365
0.9030612244897959	0.0003508771929824561
0.9043367346938775	0.00036036036036036037
0.9056122448979592	0.00037023324694557573
0.9068877551020408	0.000380517503805175
0.9081632653061225	0.0003912363067292645
0.9094387755102041	0.00040241448692152917
0.9107142857142857	0.00041407867494824016
0.9119897959183674	0.00042625745950554135
0.9132653061224489	0.0004389815627743635
0.9145408163265306	0.0004522840343735866
0.9158163265306123	0.0004662004662004662
0.9170918367346939	0.0004807692307692308
0.9183673469387755	0.000496031746031746
0.9196428571428571	0.0005120327700972862
0.9209183673469388	0.0005288207297726071
0.9221938775510204	0.000546448087431694
0.923469387755102	0.0005649717514124294
0.9247448979591837	0.0005844535359438924
0.9260204081632653	0.0006049606775559589
0.9272959183673469	0.0006265664160401002
0.9285714285714286	0.0006493506493506494
0.9298469387755102	0.0006734006734006734
0.9311224489795918	0.0006988120195667365
0.9323979591836735	0.000725689404934688
0.9336734693877551	0.0007541478129713424
0.9349489795918368	0.000784313725490196
0.9362244897959183	0.0008163265306122449
0.9375	0.0008503401360544217
0.9387755102040817	0.0008865248226950354
0.9400510204081632	0.0009250693802035153
0.9413265306122449	0.000966183574879227
0.9426020408163265	0.0
0.9438775510204082	0.0
0.9451530612244898	0.0
0.9464285714285714	0.0
0.9477040816326531	0.0
0.9489795918367347	0.0
0.9502551020408163	0.0
0.951530612244898	0.0
0.9528061224489796	0.0
0.9540816326530612	0.0
0.9553571428571429	0.0
0.9566326530612245	0.0
0.9579081632653061	0.0
0.9591836734693877	0.0
0.9604591836734694	0.0
0.9617346938775511	0.0
0.9630102040816326	0.0
0.9642857142857143	0.0
0.9655612244897959	0.0
0.9668367346938775	0.0
0.9681122448979592	0.0
0.9693877551020408	0.0
0.9706632653061225	0.0
0.9719387755102041	0.0
0.9732142857142857	0.0
0.9744897959183674	0.0
0.9757653061224489	0.0
0.9770408163265306	0.0
0.9783163265306123	0.0
0.9795918367346939	0.0
0.9808673469387755	0.0
0.9821428571428571	0.0
0.9834183673469388	0.0
0.9846938775510204	0.0
0.985969387755102	0.0
0.9872448979591837	0.0
0.9885204081632653	0.0
0.9897959183673469	0.0
0.9910714285714286	0.0
0.9923469387755102	0.0
0.9936224489795918	0.0
0.9948979591836735	0.0
0.9961734693877551	0.0
0.9974489795918368	0.0
0.9987244897959183	0.0
1.0	0.0
