Fraction_of_nodes	Efficiency
0.0012755102040816326	0.2348991081799211
0.002551020408163265	0.23549736768261353
0.003826530612244898	0.23609792398505333
0.00510204081632653	0.23670078887004178
0.006377551020408163	0.2373059741960638
0.007653061224489796	0.2379134918978717
0.008928571428571428	0.23852667100070124
0.01020408163265306	0.2391422237000579
0.011479591836734694	0.23976016226259034
0.012755102040816327	0.24038049903429173
0.01403061224489796	0.24100324644111634
0.015306122448979591	0.24162841698960172
0.016581632653061226	0.2422560232674968
0.017857142857142856	0.24288607794439535
0.01913265306122449	0.24351859377237556
0.02040816326530612	0.2441535835866451
0.021683673469387755	0.2447910603061925
0.02295918367346939	0.24543103693444396
0.02423469387755102	0.24607352655992681
0.025510204081632654	0.2467185423569384
0.026785714285714284	0.24736609758622172
0.02806122448979592	0.24801620559564674
0.029336734693877552	0.24866887982089844
0.030612244897959183	0.2493241337861709
0.03188775510204082	0.2499819811048679
0.03316326530612245	0.2506424354803101
0.03443877551020408	0.25130551070644847
0.03571428571428571	0.2519712206685848
0.036989795918367346	0.25263957934409825
0.03826530612244898	0.2533106008031795
0.039540816326530615	0.253984299209571
0.04081632653061224	0.25466068882131415
0.042091836734693876	0.25533978399150437
0.04336734693877551	0.25602159916905176
0.044642857142857144	0.25670614889945026
0.04591836734693878	0.25739344782555323
0.047193877551020405	0.25808351068835633
0.04846938775510204	0.2587763523277882
0.04974489795918367	0.259471987683508
0.05102040816326531	0.26017043179571125
0.05229591836734694	0.26087169980594227
0.05357142857142857	0.26157580695791516
0.0548469387755102	0.26228276859834193
0.05612244897959184	0.2629926001777691
0.05739795918367347	0.2637053172514216
0.058673469387755105	0.2644209354800551
0.05994897959183673	0.26513947063081605
0.061224489795918366	0.26586093857811083
0.0625	0.2665853553044817
0.06377551020408163	0.26731273690149254
0.06505102040816327	0.2680430995706223
0.0663265306122449	0.2687764596241671
0.06760204081632654	0.2695128334861511
0.06887755102040816	0.2702522376932462
0.07015306122448979	0.27099468889570016
0.07142857142857142	0.2717402038582743
0.07270408163265306	0.27248879946118965
0.07397959183673469	0.2732404927010826
0.07525510204081633	0.27399530069196953
0.07653061224489796	0.2747532406662212
0.0778061224489796	0.2755143299755459
0.07908163265306123	0.2762785860919829
0.08035714285714286	0.2770460266089051
0.08163265306122448	0.2778166692420314
0.08290816326530612	0.27859053183044935
0.08418367346938775	0.2793676323376472
0.08545918367346939	0.2801479888525569
0.08673469387755102	0.280931619590606
0.08801020408163265	0.2817185428947813
0.08928571428571429	0.2825087772367022
0.09056122448979592	0.28330234121770415
0.09183673469387756	0.284099253569934
0.09311224489795919	0.2848995331574549
0.09438775510204081	0.2857031989773631
0.09566326530612244	0.286510270160915
0.09693877551020408	0.2873207659746658
0.09821428571428571	0.28813470582161954
0.09948979591836735	0.28895210924239007
0.10076530612244898	0.2897729959163742
0.10204081632653061	0.2905973856629357
0.10331632653061225	0.2914252984426022
0.10459183673469388	0.2922567543582729
0.10586734693877552	0.2930917736564394
0.10714285714285714	0.29393037672841776
0.10841836734693877	0.29477258411159374
0.1096938775510204	0.2956184164906801
0.11096938775510204	0.29646789469898666
0.11224489795918367	0.2973210397197032
0.11352040816326531	0.2981778726871951
0.11479591836734694	0.29903841488831256
0.11607142857142858	0.2999026877637123
0.11734693877551021	0.3007707129091934
0.11862244897959184	0.3016425120770461
0.11989795918367346	0.3025181071774149
0.1211734693877551	0.3033975202796748
0.12244897959183673	0.30428077361382233
0.12372448979591837	0.3051678895718801
0.125	0.3060588907093163
0.12627551020408162	0.306953799746478
0.12755102040816327	0.3078526395700402
0.1288265306122449	0.30875543323446847
0.13010204081632654	0.30966220396349775
0.13137755102040816	0.3105729751516257
0.1326530612244898	0.31148777036562164
0.13392857142857142	0.3124066133460512
0.13520408163265307	0.31332952800881647
0.1364795918367347	0.3142565384467124
0.1377551020408163	0.315187668930999
0.13903061224489796	0.31612294391299006
0.14030612244897958	0.31706238802565867
0.14158163265306123	0.31800602608525885
0.14285714285714285	0.3189538830929645
0.1441326530612245	0.3199059842365256
0.14540816326530612	0.32086235489194126
0.14668367346938777	0.32182302062515067
0.14795918367346939	0.3227880071937418
0.14923469387755103	0.32375734054867794
0.15051020408163265	0.3247310468360424
0.15178571428571427	0.32570915239880155
0.15306122448979592	0.3266916837785868
0.15433673469387754	0.32767866771749493
0.1556122448979592	0.3286701311599079
0.1568877551020408	0.3296661012543319
0.15816326530612246	0.3306666053552555
0.15943877551020408	0.3316716710250283
0.16071428571428573	0.33268132603575895
0.16198979591836735	0.33369559837123386
0.16326530612244897	0.33471451622885595
0.16454081632653061	0.33573810802160475
0.16581632653061223	0.336766402380017
0.16709183673469388	0.33779942815418884
0.1683673469387755	0.3388372144157992
0.16964285714285715	0.33987979046015554
0.17091836734693877	0.3409271858082608
0.17219387755102042	0.3419794302089036
0.17346938775510204	0.34303655364077035
0.1747448979591837	0.3440985863145808
0.1760204081632653	0.3451655586752462
0.17729591836734693	0.3462375014040513
0.17857142857142858	0.34731444542086015
0.1798469387755102	0.3483964218863457
0.18112244897959184	0.3494834622042438
0.18239795918367346	0.3505658476336165
0.1836734693877551	0.3516581898797311
0.18494897959183673	0.3527556608661036
0.18622448979591838	0.35385829277425734
0.1875	0.35497105470122037
0.18877551020408162	0.3560841215599832
0.19005102040816327	0.35720741531884753
0.1913265306122449	0.35833104921538006
0.19260204081632654	0.35946000893178626
0.19387755102040816	0.36059432820421317
0.1951530612244898	0.36173907210327416
0.19642857142857142	0.36288422876628185
0.19770408163265307	0.3640399110234993
0.1989795918367347	0.36520112286089484
0.2002551020408163	0.3663678996112491
0.20153061224489796	0.3675402768900051
0.20280612244897958	0.3679005128201953
0.20408163265306123	0.36814987446976033
0.20535714285714285	0.36839825275787214
0.2066326530612245	0.3686414057466662
0.20790816326530612	0.3690057659338344
0.20918367346938777	0.37018760748304974
0.21045918367346939	0.37138039744614926
0.21173469387755103	0.3725842236939488
0.21301020408163265	0.37210940733991754
0.21428571428571427	0.37236071516512304
0.21556122448979592	0.37261345479854624
0.21683673469387754	0.37287516406152305
0.2181122448979592	0.37313037776230856
0.2193877551020408	0.37337786905940984
0.22066326530612246	0.37363705472471376
0.22193877551020408	0.3738878570076544
0.22321428571428573	0.3741391913685951
0.22448979591836735	0.3743883493735973
0.22576530612244897	0.3746392019755265
0.22704081632653061	0.3749042176937901
0.22831632653061223	0.3751716746020099
0.22959183673469388	0.37542969479237964
0.2308673469387755	0.37570067712300753
0.23214285714285715	0.3759529613795403
0.23341836734693877	0.376215474208819
0.23469387755102042	0.37647458727422844
0.23596938775510204	0.37674496513051997
0.2372448979591837	0.3770103770422454
0.2385204081632653	0.3772871628828425
0.23979591836734693	0.37677570356904644
0.24107142857142858	0.3770408095888376
0.2423469387755102	0.37730556454457004
0.24362244897959184	0.37757565744392424
0.24489795918367346	0.37783989573222404
0.2461734693877551	0.37810882636807225
0.24744897959183673	0.3783574573382292
0.24872448979591838	0.3786084835733688
0.25	0.37886192523458617
0.2512755102040816	0.3791265240611536
0.25255102040816324	0.3793965559141771
0.2538265306122449	0.3796720719654441
0.25510204081632654	0.37992571097263317
0.25637755102040816	0.3793487294642886
0.2576530612244898	0.3796006805807703
0.25892857142857145	0.379855085364943
0.2602040816326531	0.3801022373085184
0.2614795918367347	0.38036058271614837
0.2627551020408163	0.38062143809392646
0.26403061224489793	0.38087399303435643
0.2653061224489796	0.3811290257637587
0.26658163265306123	0.38138655759115264
0.26785714285714285	0.38162988772632184
0.26913265306122447	0.3818912036178296
0.27040816326530615	0.38129370629259557
0.27168367346938777	0.38155989799255885
0.2729591836734694	0.3817980657549613
0.274234693877551	0.38205308299599494
0.2755102040816326	0.3823106333463065
0.2767857142857143	0.3825707388908079
0.2780612244897959	0.3828334219320615
0.27933673469387754	0.38309870499275245
0.28061224489795916	0.3833274546596725
0.28188775510204084	0.38355857137032556
0.28316326530612246	0.3837952478511315
0.2844387755102041	0.3840346744747999
0.2857142857142857	0.3842794318074518
0.2869897959183674	0.38452989315599806
0.288265306122449	0.3847764629157943
0.2895408163265306	0.38502232325345304
0.29081632653061223	0.38527394300671214
0.29209183673469385	0.38552487505451727
0.29336734693877553	0.3857576984080281
0.29464285714285715	0.38599295891431656
0.29591836734693877	0.3862306785193486
0.2971938775510204	0.38647087939180363
0.29846938775510207	0.3867135839256694
0.2997448979591837	0.38697100235229637
0.3010204081632653	0.3872275005883514
0.3022959183673469	0.3874788222127261
0.30357142857142855	0.38773834727862766
0.3048469387755102	0.3870802977144137
0.30612244897959184	0.38731380673716737
0.30739795918367346	0.38755320426033174
0.3086734693877551	0.38779514042730645
0.30994897959183676	0.38803963852847984
0.3112244897959184	0.38829187567183776
0.3125	0.3885467603726415
0.3137755102040816	0.38880431697408024
0.31505102040816324	0.3890570425330819
0.3163265306122449	0.38931533919090866
0.31760204081632654	0.38957984761939596
0.31887755102040816	0.3898289661365681
0.3201530612244898	0.3900901409235737
0.32142857142857145	0.3903469832764357
0.3227040816326531	0.3905893709497717
0.3239795918367347	0.39083437362436024
0.3252551020408163	0.3910927564864009
0.32653061224489793	0.39135388515036734
0.3278061224489796	0.39161778534451547
0.32908163265306123	0.39188448306985446
0.33035714285714285	0.3921540046034506
0.33163265306122447	0.39242637650181916
0.33290816326530615	0.3926595019880298
0.33418367346938777	0.3929050136896982
0.3354591836734694	0.39315689748417865
0.336734693877551	0.3934115162285049
0.3380102040816326	0.3936688959801106
0.3392857142857143	0.3939290630770777
0.3405612244897959	0.39419204414165293
0.34183673469387754	0.39445786608373246
0.34311224489795916	0.39472655610450835
0.34438775510204084	0.3949981417000696
0.34566326530612246	0.3952726506651008
0.3469387755102041	0.3955501110966112
0.3482142857142857	0.3958305513977282
0.3494897959183674	0.3960703416917531
0.350765306122449	0.39631669322187313
0.3520408163265306	0.39656191274817965
0.35331632653061223	0.3967923380957968
0.35459183673469385	0.3970253981911033
0.35586734693877553	0.3972611189681583
0.35714285714285715	0.397499526648742
0.35841836734693877	0.39774064774610635
0.3596938775510204	0.3940174100661575
0.36096938775510207	0.39267811044497086
0.3622448979591837	0.39133627254429904
0.3635204081632653	0.38999189811943186
0.3647959183673469	0.38864498907696227
0.36607142857142855	0.3888646394488749
0.3673469387755102	0.3890869718685167
0.36862244897959184	0.3889269210314822
0.36989795918367346	0.38876648244039075
0.3711734693877551	0.3886056553256443
0.37244897959183676	0.38844443892437674
0.3737244897959184	0.38828283248061174
0.375	0.3881208352455334
0.3762755102040816	0.38795844647764766
0.37755102040816324	0.38779566544301874
0.3788265306122449	0.3876324914154693
0.38010204081632654	0.3874689236768329
0.38137755102040816	0.38730496151716787
0.3826530612244898	0.38714060423495167
0.38392857142857145	0.38697585113736477
0.3852040816326531	0.38681070154049907
0.3864795918367347	0.3866451547696702
0.3877551020408163	0.3864792101595733
0.38903061224489793	0.3863128670546184
0.3903061224489796	0.3861461248091349
0.39158163265306123	0.38597898278765636
0.39285714285714285	0.3858114403652144
0.39413265306122447	0.3856434969275787
0.39540816326530615	0.3854751518716044
0.39668367346938777	0.38530640460543286
0.3979591836734694	0.3851372545488324
0.399234693877551	0.38496770113354595
0.4005102040816326	0.38479774380349363
0.4017857142857143	0.38462738201517604
0.4030612244897959	0.384456615237959
0.40433673469387754	0.38428544295437583
0.40561224489795916	0.38410924977288946
0.40688775510204084	0.38393724508693344
0.40816326530612246	0.3841100642981086
0.4094387755102041	0.3842854649548221
0.4107142857142857	0.38446347578649825
0.4119897959183674	0.38461976170247675
0.413265306122449	0.3847785039940064
0.4145408163265306	0.38493973038008616
0.41581632653061223	0.3839915402964938
0.41709183673469385	0.3838082395995656
0.41836734693877553	0.3836228391489988
0.41964285714285715	0.38384599248020446
0.42091836734693877	0.38400417513510837
0.4221938775510204	0.38381406812647867
0.42346938775510207	0.38362831858394025
0.4247448979591837	0.3834469902273557
0.4260204081632653	0.38325859935647705
0.4272959183673469	0.38341353802088746
0.42857142857142855	0.3835760226908451
0.4298469387755102	0.3837461502190978
0.43112244897959184	0.3822458473991798
0.43239795918367346	0.38205368289629565
0.4336734693877551	0.3822066987980378
0.43494897959183676	0.38236741128115276
0.4362244897959184	0.382535920350974
0.4375	0.3827123273551117
0.4387755102040816	0.38251708428239295
0.44005102040816324	0.38232127812271416
0.4413265306122449	0.3821249072651701
0.44260204081632654	0.38192272164257207
0.44387755102040816	0.38172519244968756
0.4451530612244898	0.3815217967054012
0.44642857142857145	0.3813231021382208
0.4477040816326531	0.3814873620735134
0.4489795918367347	0.3812820457736907
0.4502551020408163	0.3810707027106628
0.45153061224489793	0.38086951807903385
0.4528061224489796	0.3810435410905021
0.45408163265306123	0.38122049800488167
0.45535714285714285	0.38140042440462785
0.45663265306122447	0.3811967228208933
0.45790816326530615	0.3809739178693709
0.45918367346938777	0.3807689162470029
0.4604591836734694	0.38056330506204306
0.461734693877551	0.3803570825504417
0.4630102040816326	0.380138936018254
0.4642857142857143	0.37992574913863936
0.4655612244897959	0.3797118909233033
0.46683673469387754	0.3780942709952466
0.46811224489795916	0.37787423907087736
0.46938775510204084	0.3776612218109124
0.47066326530612246	0.37742428651864585
0.4719387755102041	0.37719623508186606
0.4732142857142857	0.37555654810937766
0.4744897959183674	0.37572165922624684
0.475765306122449	0.37588985816923876
0.4770408163265306	0.37606118432880664
0.47831632653061223	0.37583417230030597
0.47959183673469385	0.3756024072206353
0.48086734693877553	0.3757591895528658
0.48214285714285715	0.37591903342918276
0.48341836734693877	0.37608197856879555
0.4846938775510204	0.3758385950263197
0.48596938775510207	0.37561283738518597
0.4872448979591837	0.3753863682424749
0.4885204081632653	0.375159185370467
0.4897959183673469	0.3749312865502648
0.49107142857142855	0.37470266957231047
0.4923469387755102	0.3748593935256993
0.49362244897959184	0.3750192945412582
0.49489795918367346	0.37478817713049667
0.4961734693877551	0.3745563194762266
0.49744897959183676	0.3743194137685486
0.4987244897959184	0.37447767911289137
0.5	0.3746370287250585
0.5012755102040817	0.3728963647894599
0.5025510204081632	0.3730580273773057
0.5038265306122449	0.37132881032568316
0.5051020408163265	0.3710778568071904
0.5063775510204082	0.3708327196945132
0.5076530612244898	0.3709882690716432
0.5089285714285714	0.370734577922546
0.5102040816326531	0.3708834221791722
0.5114795918367347	0.37063004934908533
0.5127551020408163	0.3707811719874618
0.514030612244898	0.37051204125844234
0.5153061224489796	0.36870573531496914
0.5165816326530612	0.3684217261618115
0.5178571428571429	0.36814356354627237
0.5191326530612245	0.3663294580209766
0.5204081632653061	0.36606690307367445
0.5216836734693877	0.3658034462273507
0.5229591836734694	0.36553908426677584
0.5242346938775511	0.36527381398557063
0.5255102040816326	0.36499797119125427
0.5267857142857143	0.3647259658583809
0.5280612244897959	0.36445298957527633
0.5293367346938775	0.36417903852984873
0.5306122448979592	0.36390164080117127
0.5318877551020408	0.3640326975479982
0.5331632653061225	0.3637430446393707
0.5344387755102041	0.3634597822272003
0.5357142857142857	0.3631754609030149
0.5369897959183674	0.36289007604955875
0.5382653061224489	0.3626036230444853
0.5395408163265306	0.3623160972609389
0.5408163265306123	0.36201459816385195
0.5420918367346939	0.3621216601051093
0.5433673469387755	0.3618304304964334
0.5446428571428571	0.3615407211575745
0.5459183673469388	0.3612446589652143
0.5471938775510204	0.36137184690079754
0.548469387755102	0.3615026968200096
0.5497448979591837	0.36163726500146015
0.5510204081632653	0.3613034727619749
0.5522959183673469	0.3609762583097544
0.5535714285714286	0.36064756447006996
0.5548469387755102	0.3607729802721945
0.5561224489795918	0.3604632482031365
0.5573979591836735	0.36011616220522685
0.5586734693877551	0.35976738990826757
0.5599489795918368	0.35989158521528364
0.5612244897959183	0.35954782245137235
0.5625	0.35920242783843076
0.5637755102040817	0.3588553903495721
0.5650510204081632	0.358506698867352
0.5663265306122449	0.3581563421830066
0.5676020408163265	0.35782467286903047
0.5688775510204082	0.3574915573661201
0.5701530612244898	0.3571658188498938
0.5714285714285714	0.3534556384743782
0.5727040816326531	0.3535567670629698
0.5739795918367347	0.35365275455103495
0.5752551020408163	0.3532249116587189
0.576530612244898	0.35289162693075177
0.5778061224489796	0.3524776465562605
0.5790816326530612	0.352092045070827
0.5803571428571429	0.3499978377443685
0.5816326530612245	0.34962426344448544
0.5829081632653061	0.3492489196575388
0.5841836734693877	0.3488717948717729
0.5854591836734694	0.34848338081667374
0.5867346938775511	0.34808189682624796
0.5880102040816326	0.3459380548557222
0.5892857142857143	0.34552962726458947
0.5905612244897959	0.3451288291795269
0.5918367346938775	0.3447358281085354
0.5931122448979592	0.34438201139552715
0.5943877551020408	0.3439755570103322
0.5956632653061225	0.34356706464862374
0.5969387755102041	0.3431414506728946
0.5982142857142857	0.34272874330178327
0.5994897959183674	0.342313953724774
0.6007653061224489	0.3419329073480074
0.6020408163265306	0.34155708082531855
0.6033163265306123	0.34116239670823195
0.6045918367346939	0.3407833107141341
0.6058673469387755	0.3403360932484408
0.6071428571428571	0.3381177996810536
0.6084183673469388	0.3377285984966818
0.6096938775510204	0.3373091896136575
0.610969387755102	0.3350607563989462
0.6122448979591837	0.33463971397115483
0.6135204081632653	0.33423855630572163
0.6147959183673469	0.3337898689428749
0.6160714285714286	0.33334994462878487
0.6173469387755102	0.3310330732067689
0.6186224489795918	0.33054626532866277
0.6198979591836735	0.33010379710582594
0.6211734693877551	0.3296478296476237
0.6224489795918368	0.3291895709266559
0.6237244897959183	0.3268738229753207
0.625	0.32641762051786893
0.6262755102040817	0.32597480013072216
0.6275510204081632	0.3255417470851331
0.6288265306122449	0.32505549630665675
0.6301020408163265	0.32457861034863833
0.6313775510204082	0.3220848551837475
0.6326530612244898	0.31960494902553827
0.6339285714285714	0.31517994200908334
0.6352040816326531	0.3145822598452986
0.6364795918367347	0.3139704307716539
0.6377551020408163	0.3133524942350341
0.639030612244898	0.31286202374080385
0.6403061224489796	0.3123819018532942
0.6415816326530612	0.3117408066428444
0.6428571428571429	0.3111209250724438
0.6441326530612245	0.3104840858495077
0.6454081632653061	0.3098429559600514
0.6466836734693877	0.3091974921082514
0.6479591836734694	0.30856082564769877
0.6492346938775511	0.3079199292191189
0.6505102040816326	0.30740176287613685
0.6517857142857143	0.3068811498957781
0.6530612244897959	0.30635807828658973
0.6543367346938775	0.3036299029656237
0.6556122448979592	0.30306714397165985
0.6568877551020408	0.3025153045182351
0.6581632653061225	0.30196070210737475
0.6594387755102041	0.3014033210366094
0.6607142857142857	0.3008431455997868
0.6619897959183674	0.3002063083666254
0.6632653061224489	0.29965433805732283
0.6645408163265306	0.2990247583664157
0.6658163265306123	0.2984376980296439
0.6670918367346939	0.29786226544842204
0.6683673469387755	0.2972839322838836
0.6696428571428571	0.29670268274915074
0.6709183673469388	0.2960254979438407
0.6721938775510204	0.29542244244484794
0.673469387755102	0.16985498366014715
0.6747448979591837	0.1689408676856715
0.6760204081632653	0.170276368615993
0.6772959183673469	0.17162776836691357
0.6785714285714286	0.17299532030609216
0.6798469387755102	0.1743792828685409
0.6811224489795918	0.17577991967873
0.6823979591836735	0.1771974996761391
0.6836734693877551	0.17863229724436694
0.6849489795918368	0.18008459234391463
0.6862244897959183	0.18155467064876293
0.6875	0.18304282368686753
0.6887755102040817	0.18454934898470185
0.6900510204081632	0.18607455021598038
0.6913265306122449	0.1876187373547022
0.6926020408163265	0.18918222683265803
0.6938775510204082	0.19076534170155057
0.6951530612244898	0.19236841179988295
0.6964285714285714	0.19399177392477646
0.6977040816326531	0.19563577200888474
0.6989795918367347	0.19730075730257737
0.7002551020408163	0.19898708856157377
0.701530612244898	0.20069513224021387
0.7028061224489796	0.20242526269056055
0.7040816326530612	0.2041778623675351
0.7053571428571429	0.2059533220402963
0.7066326530612245	0.20775204101008052
0.7079081632653061	0.20957442733473036
0.7091836734693877	0.2114208980601465
0.7104591836734694	0.21329187945890885
0.7117346938775511	0.21518780727632136
0.7130102040816326	0.21710912698414567
0.7142857142857143	0.21905629404229943
0.7155612244897959	0.22102977416880665
0.7168367346938775	0.2230300436182981
0.7181122448979592	0.22505758946937354
0.7193877551020408	0.22711290992114863
0.7206632653061225	0.2291965145993243
0.7219387755102041	0.23130892487212915
0.7232142857142857	0.23345067417650073
0.7244897959183674	0.23562230835488676
0.7257653061224489	0.23026443526770748
0.7270408163265306	0.21616646922030203
0.7283163265306123	0.21549664865502535
0.7295918367346939	0.21749456019552713
0.7308673469387755	0.21956593695929405
0.7321428571428571	0.2184810511126203
0.7334183673469388	0.21337795975952256
0.7346938775510204	0.21543958255913148
0.735969387755102	0.2157856886012051
0.7372448979591837	0.21789091483146075
0.7385204081632653	0.22002710027098488
0.7397959183673469	0.21661032228981056
0.7410714285714286	0.21875497894614532
0.7423469387755102	0.21135001559854033
0.7436224489795918	0.21346351575452574
0.7448979591836735	0.21041876046897096
0.7461734693877551	0.21254420249391004
0.7474489795918368	0.21470201165628477
0.7487244897959183	0.21689284850992033
0.75	0.21671899529037897
0.7512755102040817	0.21655652480389975
0.7525510204081632	0.21569805743990486
0.7538265306122449	0.21549816493950533
0.7551020408163265	0.2153095913321245
0.7563775510204082	0.21513272710567805
0.7576530612244898	0.21494012809797922
0.7589285714285714	0.2147876092911123
0.7602040816326531	0.2035735957825706
0.7614795918367347	0.2026335460870224
0.7627551020408163	0.20117213988178523
0.764030612244898	0.200039169604357
0.7653061224489796	0.1997109368812575
0.7665816326530612	0.1993935026721635
0.7678571428571429	0.19908728472261705
0.7691326530612245	0.19885921833433104
0.7704081632653061	0.1950031036622999
0.7716836734693877	0.1836566024313044
0.7729591836734694	0.18310268943480426
0.7742346938775511	0.1825564971751303
0.7755102040816326	0.17387445887445302
0.7767857142857143	0.17328954570333446
0.7780612244897959	0.1720262219564568
0.7793367346938775	0.17075547788681228
0.7806122448979592	0.17012330568022202
0.7818877551020408	0.16865038413026281
0.7831632653061225	0.15471632439959157
0.7844387755102041	0.15361134591904863
0.7857142857142857	0.1525045147799755
0.7869897959183674	0.15139600317438767
0.7882653061224489	0.14984787635391633
0.7895408163265306	0.1457501847745895
0.7908163265306123	0.14154072522321642
0.7920918367346939	0.14000605922897552
0.7933673469387755	0.1382690488970797
0.7946428571428571	0.13674948240166668
0.7959183673469388	0.12319182389937683
0.7971938775510204	0.12143406841281694
0.798469387755102	0.11971566018974314
0.7997448979591837	0.10651096956829482
0.8010204081632653	0.10439757375241249
0.8022959183673469	0.09849183074989361
0.8035714285714286	0.09659621424327054
0.8048469387755102	0.09247792684324857
0.8061224489795918	0.08633960729638279
0.8073979591836735	0.08060338484179243
0.8086734693877551	0.0686800894854575
0.8099489795918368	0.06667573613882244
0.8112244897959183	0.06456456456456387
0.8125	0.0625757152175935
0.8137755102040817	0.0605259014328452
0.8150510204081632	0.05671296296296338
0.8163265306122449	0.04431332556332612
0.8176020408163265	0.04244229948455347
0.8188775510204082	0.04056371324876002
0.8201530612244898	0.035688956433637446
0.8214285714285714	0.033958547447756164
0.8227040816326531	0.015865568414833338
0.8239795918367347	0.002115730455939913
0.8252551020408163	0.00032202662086732505
0.826530612244898	0.00021786492374727668
0.8278061224489796	0.0002211166390270868
0.8290816326530612	0.00022444170126809562
0.8303571428571429	0.000227842333105491
0.8316326530612245	0.0002313208420078649
0.8329081632653061	0.0002348796241926013
0.8341836734693877	0.0002385211687537269
0.8354591836734694	0.00024224806201550387
0.8367346938775511	0.00024606299212598425
0.8380102040816326	0.00024996875390576176
0.8392857142857143	0.00025396825396825396
0.8405612244897959	0.00012903225806451613
0.8418367346938775	0.00013113034356150013
0.8431122448979592	0.0001332800213248034
0.8443877551020408	0.00013548299688389108
0.8456632653061225	0.0001377410468319559
0.8469387755102041	0.00014005602240896358
0.8482142857142857	0.0001424298532972511
0.8494897959183674	0.00014486455164421265
0.8507653061224489	0.00014736221632773356
0.8520408163265306	0.00014992503748125936
0.8533163265306123	0.00015255530129672007
0.8545918367346939	0.0001552553951249806
0.8558673469387755	0.00015802781289506955
0.8571428571428571	0.00016087516087516087
0.8584183673469388	0.0001638001638001638
0.8596938775510204	0.00016680567139282736
0.860969387755102	0.00016989466530750936
0.8622448979591837	0.00017307026652821047
0.8635204081632653	0.00017633574325515782
0.8647959183673469	0.00017969451931716083
0.8660714285714286	0.00018315018315018315
0.8673469387755102	0.00018670649738610905
0.8686224489795918	0.00019036740909956216
0.8698979591836735	0.00019413706076490002
0.8711734693877551	0.00019801980198019803
0.8724489795918368	0.00020202020202020202
0.8737244897959183	0.00020614306328592042
0.875	0.00021039343572480537
0.8762755102040817	0.0002147766323024055
0.8775510204081632	0.0002192982456140351
0.8788265306122449	0.00022396416573348266
0.8801020408163265	0.00022878059940517045
0.8813775510204082	0.0002337540906965872
0.8826530612244898	0.00023889154323936931
0.8839285714285714	0.0002442002442002442
0.8852040816326531	0.00024968789013732833
0.8864795918367347	0.0002553626149131767
0.8877551020408163	0.00026123301985370953
0.889030612244898	0.0002673082063619353
0.8903061224489796	0.00027359781121751026
0.8915816326530612	0.00028011204481792715
0.8928571428571429	0.00028686173264486515
0.8941326530612245	0.0002938583602703497
0.8954081632653061	0.00030111412225233364
0.8966836734693877	0.00030864197530864197
0.8979591836734694	0.00031645569620253165
0.8992346938775511	0.0003245699448231094
0.9005102040816326	0.000333000333000333
0.9017857142857143	0.0003417634996582365
0.9030612244897959	0.0003508771929824561
0.9043367346938775	0.00036036036036036037
0.9056122448979592	0.00037023324694557573
0.9068877551020408	0.000380517503805175
0.9081632653061225	0.0003912363067292645
0.9094387755102041	0.00040241448692152917
0.9107142857142857	0.00041407867494824016
0.9119897959183674	0.00042625745950554135
0.9132653061224489	0.0004389815627743635
0.9145408163265306	0.0004522840343735866
0.9158163265306123	0.0004662004662004662
0.9170918367346939	0.0004807692307692308
0.9183673469387755	0.000496031746031746
0.9196428571428571	0.0005120327700972862
0.9209183673469388	0.0005288207297726071
0.9221938775510204	0.000546448087431694
0.923469387755102	0.0005649717514124294
0.9247448979591837	0.0005844535359438924
0.9260204081632653	0.0006049606775559589
0.9272959183673469	0.0006265664160401002
0.9285714285714286	0.0006493506493506494
0.9298469387755102	0.0006734006734006734
0.9311224489795918	0.0006988120195667365
0.9323979591836735	0.000725689404934688
0.9336734693877551	0.0007541478129713424
0.9349489795918368	0.0
0.9362244897959183	0.0
0.9375	0.0
0.9387755102040817	0.0
0.9400510204081632	0.0
0.9413265306122449	0.0
0.9426020408163265	0.0
0.9438775510204082	0.0
0.9451530612244898	0.0
0.9464285714285714	0.0
0.9477040816326531	0.0
0.9489795918367347	0.0
0.9502551020408163	0.0
0.951530612244898	0.0
0.9528061224489796	0.0
0.9540816326530612	0.0
0.9553571428571429	0.0
0.9566326530612245	0.0
0.9579081632653061	0.0
0.9591836734693877	0.0
0.9604591836734694	0.0
0.9617346938775511	0.0
0.9630102040816326	0.0
0.9642857142857143	0.0
0.9655612244897959	0.0
0.9668367346938775	0.0
0.9681122448979592	0.0
0.9693877551020408	0.0
0.9706632653061225	0.0
0.9719387755102041	0.0
0.9732142857142857	0.0
0.9744897959183674	0.0
0.9757653061224489	0.0
0.9770408163265306	0.0
0.9783163265306123	0.0
0.9795918367346939	0.0
0.9808673469387755	0.0
0.9821428571428571	0.0
0.9834183673469388	0.0
0.9846938775510204	0.0
0.985969387755102	0.0
0.9872448979591837	0.0
0.9885204081632653	0.0
0.9897959183673469	0.0
0.9910714285714286	0.0
0.9923469387755102	0.0
0.9936224489795918	0.0
0.9948979591836735	0.0
0.9961734693877551	0.0
0.9974489795918368	0.0
0.9987244897959183	0.0
1.0	0.0
