Fraction_of_nodes	Efficiency
0.0012755102040816326	0.2348991081799211
0.002551020408163265	0.14257601721296995
0.003826530612244898	0.12472243718722456
0.00510204081632653	0.10950037695870914
0.006377551020408163	0.09001952259793705
0.007653061224489796	0.08242878521977151
0.008928571428571428	0.07002470990868637
0.01020408163265306	0.06254086496587583
0.011479591836734694	0.05156429884288382
0.012755102040816327	0.04894134039766811
0.01403061224489796	0.03699318136048803
0.015306122448979591	0.034394264776976644
0.016581632653061226	0.020664132742815304
0.017857142857142856	0.018095357872181368
0.01913265306122449	0.017170369439956725
0.02040816326530612	0.015432621119855406
0.021683673469387755	0.014105179091680301
0.02295918367346939	0.010549838857573695
0.02423469387755102	0.00801677331782019
0.025510204081632654	0.006919797555412143
0.026785714285714284	0.005952016482867643
0.02806122448979592	0.005591917633160568
0.029336734693877552	0.005492517430237928
0.030612244897959183	0.004940455552583709
0.03188775510204082	0.004592128201167984
0.03316326530612245	0.0043269892279836075
0.03443877551020408	0.003916740138983309
0.03571428571428571	0.00327329852716161
0.036989795918367346	0.0028769008262042872
0.03826530612244898	0.00263655076129315
0.039540816326530615	0.0026035338551232234
0.04081632653061224	0.0025490834915148424
0.042091836734693876	0.0024574641219115086
0.04336734693877551	0.002317757009345783
0.044642857142857144	0.0022483929850614756
0.04591836734693878	0.0021324155803248623
0.047193877551020405	0.0020702410475982
0.04846938775510204	0.0020182209667068563
0.04974489795918367	0.0019258016405667487
0.05102040816326531	0.0019056595126798839
0.05229591836734694	0.0018219162014078184
0.05357142857142857	0.001709341083720436
0.0548469387755102	0.0015501331290805034
0.05612244897959184	0.0015043460239671385
0.05739795918367347	0.0014717512984782572
0.058673469387755105	0.0014500054543738605
0.05994897959183673	0.001371907753721514
0.061224489795918366	0.0013522256728778494
0.0625	0.001327488306857714
0.06377551020408163	0.0012889807479991545
0.06505102040816327	0.0012757289080729713
0.0663265306122449	0.0012001051532571359
0.06760204081632654	0.0011715358331927878
0.06887755102040816	0.0011634753305647958
0.07015306122448979	0.001154109950406248
0.07142857142857142	0.0011535060537811582
0.07270408163265306	0.0011301586579815922
0.07397959183673469	0.0011092112346030845
0.07525510204081633	0.001095129230964628
0.07653061224489796	0.0010828754753699158
0.0778061224489796	0.001045326426643882
0.07908163265306123	0.0010117270693340392
0.08035714285714286	0.001001695176452457
0.08163265306122448	0.0009916035646216443
0.08290816326530612	0.0009614353991603413
0.08418367346938775	0.0009369225170905797
0.08545918367346939	0.0009220084720891146
0.08673469387755102	0.0009206808089489648
0.08801020408163265	0.0008880008880008875
0.08928571428571429	0.0008747772133631381
0.09056122448979592	0.0008732947770406202
0.09183673469387756	0.000871800544677802
0.09311224489795919	0.0008537865731661411
0.09438775510204081	0.0008403027473728118
0.09566326530612244	0.0008177746965966224
0.09693877551020408	0.0008160925051342901
0.09821428571428571	0.0008023768787238896
0.09948979591836735	0.0008006348823659409
0.10076530612244898	0.0007988797549967758
0.10204081632653061	0.0007910497219707741
0.10331632653061225	0.0007588560220139163
0.10459183673469388	0.0007379906333781747
0.10586734693877552	0.0007400991780449694
0.10714285714285714	0.0007319980925131137
0.10841836734693877	0.0007299963243984786
0.1096938775510204	0.0007238691129537282
0.11096938775510204	0.0007218264373313101
0.11224489795918367	0.000699095895697235
0.11352040816326531	0.0006907442345835145
0.11479591836734694	0.0006927377244380123
0.11607142857142858	0.0006884840699869599
0.11734693877551021	0.0006862941926057287
0.11862244897959184	0.000664513377657529
0.11989795918367346	0.0006622354038268721
0.1211734693877551	0.0006472840089557948
0.12244897959183673	0.0006385898694469832
0.12372448979591837	0.0006362079038311103
0.125	0.0006380654451561646
0.12627551020408162	0.0006356625546022395
0.12755102040816327	0.000633242859874593
0.1288265306122449	0.0006308062440873096
0.13010204081632654	0.0006283525894155425
0.13137755102040816	0.0006158043246667245
0.1326530612244898	0.0005732189783129747
0.13392857142857142	0.0005640488716850363
0.13520408163265307	0.0005548220865667697
0.1364795918367347	0.0005455382401184015
0.1377551020408163	0.0005427715684125941
0.13903061224489796	0.0005399860790563066
0.14030612244897958	0.0005415907925156122
0.14158163265306123	0.0005387803957640511
0.14285714285714285	0.00054038629858302
0.1441326530612245	0.0005271704072780657
0.14540816326530612	0.0005287464025165652
0.14668367346938777	0.0005258541213537052
0.14795918367346939	0.0005094758010216449
0.14923469387755103	0.0004929967448708078
0.15051020408163265	0.0004899636478583847
0.15178571428571427	0.0004801159525319322
0.15306122448979592	0.00048156426611423067
0.15433673469387754	0.00047162718213011445
0.1556122448979592	0.0004524866196507169
0.1568877551020408	0.00044010452482464585
0.15816326530612246	0.0004414401986480894
0.15943877551020408	0.0004427819621698161
0.16071428571428573	0.00043950349983576446
0.16198979591836735	0.00042924230612169134
0.16326530612244897	0.00042589834295289516
0.16454081632653061	0.00041786306230595047
0.16581632653061223	0.0004097765664001948
0.16709183673469388	0.00041103354973271073
0.1683673469387755	0.0004075843676081159
0.16964285714285715	0.0004088384733546024
0.17091836734693877	0.0004053573545098969
0.17219387755102042	0.0004018528029827465
0.17346938775510204	0.0003983246512870418
0.1747448979591837	0.0003947727305353118
0.1760204081632653	0.00039599683202534377
0.17729591836734693	0.00039722663585150945
0.17857142857142858	0.0003936323329115269
0.1798469387755102	0.00039485860186140706
0.18112244897959184	0.00039123060249512785
0.18239795918367346	0.0003827028081123245
0.1836734693877551	0.00037901017214397496
0.18494897959183673	0.00037529250739547
0.18622448979591838	0.0003715496326333765
0.1875	0.0003677813650859473
0.18877551020408162	0.000368939731590155
0.19005102040816327	0.00037010357932387787
0.1913265306122449	0.00037127294292363736
0.19260204081632654	0.0003674485572019917
0.19387755102040816	0.0003635980661598026
0.1951530612244898	0.00036475234573491306
0.19642857142857142	0.00036591213061801296
0.19770408163265307	0.00036707745587475824
0.1989795918367347	0.00036316906916973964
0.2002551020408163	0.0003592338382989131
0.20153061224489796	0.0003501597444089457
0.20280612244897958	0.00034615384615384613
0.20408163265306123	0.0003472650944561057
0.20535714285714285	0.00034838170247686486
0.2066326530612245	0.00034950370473927023
0.20790816326530612	0.0003506311360448808
0.20918367346938777	0.00035176403147636667
0.21045918367346939	0.0003529024264002384
0.21173469387755103	0.00034355609405569283
0.21301020408163265	0.00034467153591951
0.21428571428571427	0.00034579241896315067
0.21556122448979592	0.00034162230873123066
0.21683673469387754	0.0003374231498849573
0.2181122448979592	0.00033852583991726107
0.2193877551020408	0.00033428537809013405
0.22066326530612246	0.0003246491910600735
0.22193877551020408	0.0003257153624592856
0.22321428571428573	0.0003213853599516031
0.22448979591836735	0.0003170250585277031
0.22576530612244897	0.00031807134584957674
0.22704081632653061	0.00031366773040940457
0.22831632653061223	0.00031470636527830987
0.22959183673469388	0.00031575016748487146
0.2308673469387755	0.00031679917136355875
0.23214285714285715	0.00031785341153448574
0.23341836734693877	0.00031891292290626733
0.23469387755102042	0.00031441291040623263
0.23596938775510204	0.0003098810168564106
0.2372448979591837	0.00030531699747343184
0.2385204081632653	0.0003063415511562286
0.23979591836734693	0.0003017314308273645
0.24107142857142858	0.000302747361570891
0.2423469387755102	0.0003037684319303206
0.24362244897959184	0.00030479467663278794
0.24489795918367346	0.0003001097544244752
0.2461734693877551	0.00030112707562591416
0.24744897959183673	0.00028776150326609306
0.24872448979591838	0.0002829654782116582
0.25	0.00028392958546280523
0.2512755102040816	0.0002848986284166032
0.25255102040816324	0.00028587264082144626
0.2538265306122449	0.0002868516567146704
0.25510204081632654	0.0002878357104255269
0.25637755102040816	0.00028882483657819195
0.2576530612244898	0.0002839043951949181
0.25892857142857145	0.00028488337586800403
0.2602040816326531	0.00028586742897981064
0.2614795918367347	0.00028685658963372
0.2627551020408163	0.0002818539996281926
0.26403061224489793	0.0002768149431927595
0.2653061224489796	0.0002777777777777778
0.26658163265306123	0.00027874564459930314
0.26785714285714285	0.0002797185787863862
0.26913265306122447	0.0002806966157751498
0.27040816326530615	0.0002816797913120155
0.27168367346938777	0.0002765231818600793
0.2729591836734694	0.0002713285850830944
0.274234693877551	0.0002660956954380059
0.2755102040816326	0.00026703430459299
0.2767857142857143	0.0002679778887081596
0.2780612244897959	0.00026892648300447166
0.27933673469387754	0.0002698801230151258
0.28061224489795916	0.00026454026680775483
0.28188775510204084	0.0002654816912447931
0.28316326530612246	0.0002664281500371096
0.2844387755102041	0.00026737967914438503
0.2857142857142857	0.00026833631484794273
0.2869897959183674	0.0002628862343791076
0.288265306122449	0.0002638301705887274
0.2895408163265306	0.0002647791999793343
0.29081632653061223	0.00026573335925853914
0.29209183673469385	0.00026669268546524865
0.29336734693877553	0.0002676572159732604
0.29464285714285715	0.00026862698849490263
0.29591836734693877	0.0002696020410847208
0.2971938775510204	0.0002705824121432107
0.29846938775510207	0.0002649445272396092
0.2997448979591837	0.0002659114780689508
0.3010204081632653	0.0002668837321021097
0.3022959183673469	0.00026116479498563595
0.30357142857142855	0.0002621231979030144
0.3048469387755102	0.000263086886130599
0.30612244897959184	0.00026405589860253496
0.30739795918367346	0.0002650302746121384
0.3086734693877551	0.00025918928320521655
0.30994897959183676	0.000260149243513384
0.3112244897959184	0.0002542431113859685
0.3125	0.0002551882530639833
0.3137755102040816	0.00025613867486310425
0.31505102040816324	0.00025709441618722035
0.3163265306122449	0.0002510810433812247
0.31760204081632654	0.0002520214218208548
0.31887755102040816	0.0002459402294973684
0.3201530612244898	0.00024686481682630593
0.32142857142857145	0.000247794627812469
0.3227040816326531	0.0002416231389688377
0.3239795918367347	0.000242536648000856
0.3252551020408163	0.0002434553474251017
0.32653061224489793	0.00023719165085388995
0.3278061224489796	0.00023809352024877165
0.32908163265306123	0.0002390005431830527
0.33035714285714285	0.00023991275899672845
0.33163265306122447	0.00024083020740589377
0.33290816326530615	0.00023442708218866985
0.33418367346938777	0.00023532699421242674
0.3354591836734694	0.0002362320980363207
0.336734693877551	0.00023714243367422557
0.3380102040816326	0.00023061872772855432
0.3392857142857143	0.00023151086980874216
0.3405612244897959	0.0002324081987614892
0.34183673469387754	0.00022578460149017836
0.34311224489795916	0.00021910770276906802
0.34438775510204084	0.00021237702990723674
0.34566326530612246	0.00021320662768031188
0.3469387755102041	0.00020639677103718198
0.3482142857142857	0.0002072061701392886
0.3494897959183674	0.00020802033976655496
0.350765306122449	0.0002088393174821713
0.3520408163265306	0.00020966314121977357
0.35331632653061223	0.0002026958548697679
0.35459183673469385	0.00020349861073063827
0.35586734693877553	0.0002043061449002043
0.35714285714285715	0.0002051184953769447
0.35841836734693877	0.000205935700537809
0.3596938775510204	0.00019880557609879842
0.36096938775510207	0.00018363273453093811
0.3622448979591837	0.0001843687374749499
0.3635204081632653	0.00018510917417163646
0.3647959183673469	0.0001858540803051239
0.36607142857142855	0.0001784902966184202
0.3673469387755102	0.00017921146953405018
0.36862244897959184	0.0001799370220422852
0.36989795918367346	0.00018066698967734518
0.3711734693877551	0.00018140140833457016
0.37244897959183676	0.00017386120908052257
0.3737244897959184	0.00017457084666860635
0.375	0.00017528483786152498
0.3762755102040816	0.00015924100707365315
0.37755102040816324	0.0001514794492880466
0.3788265306122449	0.00015210282150733895
0.38010204081632654	0.00015273004963726612
0.38137755102040816	0.00015336116554485815
0.3826530612244898	0.00015399620142703146
0.38392857142857145	0.0001546351898146955
0.3852040816326531	0.0001466515989337566
0.3864795918367347	0.00014726264726264726
0.3877551020408163	0.00014787752261656228
0.38903061224489793	0.00014849625702081568
0.3903061224489796	0.00014911888283641658
0.39158163265306123	0.0001497454327643007
0.39285714285714285	0.00015037593984962405
0.39413265306122447	0.00015101043748612036
0.39540816326530615	0.00015164895942052257
0.39668367346938777	0.00014333321388898843
0.3979591836734694	0.00014394184749361258
0.399234693877551	0.0001445543659935854
0.4005102040816326	0.00014517080252234268
0.4017857142857143	0.00014579119056730997
0.4030612244897959	0.00014641556397445047
0.40433673469387754	0.0001378537096433265
0.40561224489795916	0.00013844662882458813
0.40688775510204084	0.00013904338153503893
0.40816326530612246	0.0001396440008937216
0.4094387755102041	0.00014024852037811
0.4107142857142857	0.00013146650890685598
0.4119897959183674	0.00013203810242384231
0.413265306122449	0.00013261343184616843
0.4145408163265306	0.00013319252980182854
0.41581632653061223	0.00013377542927579716
0.41709183673469385	0.00012476486621367422
0.41836734693877553	0.00012531328320802005
0.41964285714285715	0.00012586532410320956
0.42091836734693877	0.00012642102089836723
0.4221938775510204	0.0001269804059465901
0.42346938775510207	0.000127543511959657
0.4247448979591837	0.00012811037201281104
0.4260204081632653	0.00012868101954961644
0.4272959183673469	0.0001292554883868915
0.42857142857142855	0.00012983381271971877
0.4298469387755102	0.00013041602712653364
0.43112244897959184	0.00013100216657429336
0.43239795918367346	0.0001315922664237271
0.4336734693877551	0.00013218636243466942
0.43494897959183676	0.0001327844907714779
0.4362244897959184	0.00013338668800853674
0.4375	0.00012368583797155226
0.4387755102040816	0.0001242493269828122
0.44005102040816324	0.00012481667550784785
0.4413265306122449	0.00012538791887401648
0.44260204081632654	0.00012596309281380556
0.44387755102040816	0.00012654223347042075
0.4451530612244898	0.00012712537740346418
0.44642857142857145	0.00012771256159470418
0.4477040816326531	0.00012830382345393893
0.4489795918367347	0.0001288992008249549
0.4502551020408163	0.00012949873199158258
0.45153061224489793	0.00013010245568385103
0.4528061224489796	0.00013071041108424287
0.45408163265306123	0.00013132263783405195
0.45535714285714285	0.00013193917603984562
0.45663265306122447	0.00012151339409003038
0.45790816326530615	0.0001220865704772475
0.45918367346938777	0.00011151255631384094
0.4604591836734694	0.00011204105184139468
0.461734693877551	0.00011257331337033243
0.4630102040816326	0.00011310937676733401
0.4642857142857143	0.00011364927832708262
0.4655612244897959	0.00011419305477840838
0.46683673469387754	0.00011474074329053504
0.46811224489795916	0.00011529238147943184
0.46938775510204084	0.00011584800741427248
0.47066326530612246	0.00011640765962400326
0.4719387755102041	0.00011697137710402264
0.4732142857142857	0.00011753919932297421
0.4744897959183674	0.00011811116622965535
0.475765306122449	0.00011868731826004391
0.4770408163265306	0.00011926769634444511
0.47831632653061223	0.00011985234191476102
0.47959183673469385	0.00012044129691188514
0.48086734693877553	0.00012103460379322448
0.48214285714285715	0.00012163230554035151
0.48341836734693877	0.00011001100110011001
0.4846938775510204	0.00011055696140333637
0.48596938775510207	0.0001111069960371838
0.4872448979591837	0.0001116611456433543
0.4885204081632653	0.00011221945137157108
0.4897959183673469	0.00011278195488721805
0.49107142857142855	0.00011334869837911361
0.4923469387755102	0.00011391972456742149
0.49362244897959184	0.0001144950767117014
0.49489795918367346	0.0001022887098836466
0.4961734693877551	8.995694917432371e-05
0.49744897959183676	9.04147453533279e-05
0.4987244897959184	9.087604507451835e-05
0.5	9.134088417975886e-05
0.5012755102040817	9.180929897042429e-05
0.5025510204081632	9.228132621448817e-05
0.5038265306122449	9.27570031537381e-05
0.5051020408163265	9.323636751112177e-05
0.5063775510204082	9.371945749822602e-05
0.5076530612244898	8.074826727676469e-05
0.5089285714285714	8.116883116883117e-05
0.5102040816326531	6.799390774586597e-05
0.5114795918367347	6.834989679165585e-05
0.5127551020408163	6.870868890079839e-05
0.514030612244898	6.907031357922365e-05
0.5153061224489796	6.943480072212192e-05
0.5165816326530612	6.980218062012257e-05
0.5178571428571429	7.017248396558742e-05
0.5191326530612245	7.05457418590214e-05
0.5204081632653061	7.092198581560284e-05
0.5216836734693877	7.130124777183601e-05
0.5229591836734694	7.168356009232843e-05
0.5242346938775511	7.206895557669578e-05
0.5255102040816326	5.7965973973277685e-05
0.5267857142857143	4.3709477671741826e-05
0.5280612244897959	4.3946385409800044e-05
0.5293367346938775	4.4185224460940264e-05
0.5306122448979592	4.442601587489634e-05
0.5318877551020408	4.466878098896681e-05
0.5331632653061225	4.491354143274197e-05
0.5344387755102041	4.516031913292187e-05
0.5357142857142857	4.5409136318227226e-05
0.5369897959183674	4.566001552440528e-05
0.5382653061224489	4.591297959933273e-05
0.5395408163265306	4.616805170821791e-05
0.5408163265306123	4.642525533890436e-05
0.5420918367346939	4.668461430727813e-05
0.5433673469387755	4.694615276278109e-05
0.5446428571428571	4.7209895194032666e-05
0.5459183673469388	4.747586643456243e-05
0.5471938775510204	4.7744091668656006e-05
0.548469387755102	4.8014596437316946e-05
0.5497448979591837	4.8287406644347156e-05
0.5510204081632653	4.856254856254856e-05
0.5522959183673469	4.884004884004884e-05
0.5535714285714286	4.911993450675399e-05
0.5548469387755102	4.940223298093074e-05
0.5561224489795918	4.9686972075921695e-05
0.5573979591836735	4.997418000699638e-05
0.5586734693877551	5.026388539834129e-05
0.5599489795918368	5.0556117290192114e-05
0.5612244897959183	5.08509051461116e-05
0.5625	5.1148278860416345e-05
0.5637755102040817	5.1448268765756035e-05
0.5650510204081632	5.1750905640848716e-05
0.5663265306122449	5.2056220718375845e-05
0.5676020408163265	5.236424569304079e-05
0.5688775510204082	5.2675012729794743e-05
0.5701530612244898	5.2988554472234e-05
0.5714285714285714	5.3304904051172706e-05
0.5727040816326531	5.3624095093395296e-05
0.5739795918367347	5.394616173059287e-05
0.5752551020408163	5.4271138608488005e-05
0.576530612244898	5.4599060896152585e-05
0.5778061224489796	5.492996429552321e-05
0.5790816326530612	5.526388505111909e-05
0.5803571428571429	5.560085995996738e-05
0.5816326530612245	5.594092638174088e-05
0.5829081632653061	5.628412224911353e-05
0.5841836734693877	5.663048607833884e-05
0.5854591836734694	5.698005698005698e-05
0.5867346938775511	5.733287467033597e-05
0.5880102040816326	5.7688979481952964e-05
0.5892857142857143	5.804841237592152e-05
0.5905612244897959	5.841121495327103e-05
0.5918367346938775	5.877742946708464e-05
0.5931122448979592	5.9147098834802153e-05
0.5943877551020408	5.95202666507946e-05
0.5956632653061225	5.989697719921735e-05
0.5969387755102041	6.027727546714889e-05
0.5982142857142857	6.066120715802245e-05
0.5994897959183674	6.104881870535805e-05
0.6007653061224489	4.0960104857868435e-05
0.6020408163265306	4.122351389232418e-05
0.6033163265306123	4.148947204646821e-05
0.6045918367346939	4.1758012318613634e-05
0.6058673469387755	4.2029168242760476e-05
0.6071428571428571	4.23029738990651e-05
0.6084183673469388	4.257946392454919e-05
0.6096938775510204	4.285867352405443e-05
0.610969387755102	4.3140638481449525e-05
0.6122448979591837	4.342539517109606e-05
0.6135204081632653	4.3712980569580134e-05
0.6147959183673469	4.400343226771688e-05
0.6160714285714286	4.4296788482835e-05
0.6173469387755102	4.459308807134894e-05
0.6186224489795918	2.2446185270813226e-05
0.6198979591836735	2.2597338033579644e-05
0.6211734693877551	2.275002275002275e-05
0.6224489795918368	2.2904260192395786e-05
0.6237244897959183	2.3060071486221608e-05
0.625	2.3217478117526874e-05
0.6262755102040817	2.337650194024966e-05
0.6275510204081632	2.353716518382526e-05
0.6288265306122449	2.369949046095509e-05
0.6301020408163265	2.3863500775563776e-05
0.6313775510204082	2.4029219530949635e-05
0.6326530612244898	2.4196670538133953e-05
0.6339285714285714	0.0
0.6352040816326531	0.0
0.6364795918367347	0.0
0.6377551020408163	0.0
0.639030612244898	0.0
0.6403061224489796	0.0
0.6415816326530612	0.0
0.6428571428571429	0.0
0.6441326530612245	0.0
0.6454081632653061	0.0
0.6466836734693877	0.0
0.6479591836734694	0.0
0.6492346938775511	0.0
0.6505102040816326	0.0
0.6517857142857143	0.0
0.6530612244897959	0.0
0.6543367346938775	0.0
0.6556122448979592	0.0
0.6568877551020408	0.0
0.6581632653061225	0.0
0.6594387755102041	0.0
0.6607142857142857	0.0
0.6619897959183674	0.0
0.6632653061224489	0.0
0.6645408163265306	0.0
0.6658163265306123	0.0
0.6670918367346939	0.0
0.6683673469387755	0.0
0.6696428571428571	0.0
0.6709183673469388	0.0
0.6721938775510204	0.0
0.673469387755102	0.0
0.6747448979591837	0.0
0.6760204081632653	0.0
0.6772959183673469	0.0
0.6785714285714286	0.0
0.6798469387755102	0.0
0.6811224489795918	0.0
0.6823979591836735	0.0
0.6836734693877551	0.0
0.6849489795918368	0.0
0.6862244897959183	0.0
0.6875	0.0
0.6887755102040817	0.0
0.6900510204081632	0.0
0.6913265306122449	0.0
0.6926020408163265	0.0
0.6938775510204082	0.0
0.6951530612244898	0.0
0.6964285714285714	0.0
0.6977040816326531	0.0
0.6989795918367347	0.0
0.7002551020408163	0.0
0.701530612244898	0.0
0.7028061224489796	0.0
0.7040816326530612	0.0
0.7053571428571429	0.0
0.7066326530612245	0.0
0.7079081632653061	0.0
0.7091836734693877	0.0
0.7104591836734694	0.0
0.7117346938775511	0.0
0.7130102040816326	0.0
0.7142857142857143	0.0
0.7155612244897959	0.0
0.7168367346938775	0.0
0.7181122448979592	0.0
0.7193877551020408	0.0
0.7206632653061225	0.0
0.7219387755102041	0.0
0.7232142857142857	0.0
0.7244897959183674	0.0
0.7257653061224489	0.0
0.7270408163265306	0.0
0.7283163265306123	0.0
0.7295918367346939	0.0
0.7308673469387755	0.0
0.7321428571428571	0.0
0.7334183673469388	0.0
0.7346938775510204	0.0
0.735969387755102	0.0
0.7372448979591837	0.0
0.7385204081632653	0.0
0.7397959183673469	0.0
0.7410714285714286	0.0
0.7423469387755102	0.0
0.7436224489795918	0.0
0.7448979591836735	0.0
0.7461734693877551	0.0
0.7474489795918368	0.0
0.7487244897959183	0.0
0.75	0.0
0.7512755102040817	0.0
0.7525510204081632	0.0
0.7538265306122449	0.0
0.7551020408163265	0.0
0.7563775510204082	0.0
0.7576530612244898	0.0
0.7589285714285714	0.0
0.7602040816326531	0.0
0.7614795918367347	0.0
0.7627551020408163	0.0
0.764030612244898	0.0
0.7653061224489796	0.0
0.7665816326530612	0.0
0.7678571428571429	0.0
0.7691326530612245	0.0
0.7704081632653061	0.0
0.7716836734693877	0.0
0.7729591836734694	0.0
0.7742346938775511	0.0
0.7755102040816326	0.0
0.7767857142857143	0.0
0.7780612244897959	0.0
0.7793367346938775	0.0
0.7806122448979592	0.0
0.7818877551020408	0.0
0.7831632653061225	0.0
0.7844387755102041	0.0
0.7857142857142857	0.0
0.7869897959183674	0.0
0.7882653061224489	0.0
0.7895408163265306	0.0
0.7908163265306123	0.0
0.7920918367346939	0.0
0.7933673469387755	0.0
0.7946428571428571	0.0
0.7959183673469388	0.0
0.7971938775510204	0.0
0.798469387755102	0.0
0.7997448979591837	0.0
0.8010204081632653	0.0
0.8022959183673469	0.0
0.8035714285714286	0.0
0.8048469387755102	0.0
0.8061224489795918	0.0
0.8073979591836735	0.0
0.8086734693877551	0.0
0.8099489795918368	0.0
0.8112244897959183	0.0
0.8125	0.0
0.8137755102040817	0.0
0.8150510204081632	0.0
0.8163265306122449	0.0
0.8176020408163265	0.0
0.8188775510204082	0.0
0.8201530612244898	0.0
0.8214285714285714	0.0
0.8227040816326531	0.0
0.8239795918367347	0.0
0.8252551020408163	0.0
0.826530612244898	0.0
0.8278061224489796	0.0
0.8290816326530612	0.0
0.8303571428571429	0.0
0.8316326530612245	0.0
0.8329081632653061	0.0
0.8341836734693877	0.0
0.8354591836734694	0.0
0.8367346938775511	0.0
0.8380102040816326	0.0
0.8392857142857143	0.0
0.8405612244897959	0.0
0.8418367346938775	0.0
0.8431122448979592	0.0
0.8443877551020408	0.0
0.8456632653061225	0.0
0.8469387755102041	0.0
0.8482142857142857	0.0
0.8494897959183674	0.0
0.8507653061224489	0.0
0.8520408163265306	0.0
0.8533163265306123	0.0
0.8545918367346939	0.0
0.8558673469387755	0.0
0.8571428571428571	0.0
0.8584183673469388	0.0
0.8596938775510204	0.0
0.860969387755102	0.0
0.8622448979591837	0.0
0.8635204081632653	0.0
0.8647959183673469	0.0
0.8660714285714286	0.0
0.8673469387755102	0.0
0.8686224489795918	0.0
0.8698979591836735	0.0
0.8711734693877551	0.0
0.8724489795918368	0.0
0.8737244897959183	0.0
0.875	0.0
0.8762755102040817	0.0
0.8775510204081632	0.0
0.8788265306122449	0.0
0.8801020408163265	0.0
0.8813775510204082	0.0
0.8826530612244898	0.0
0.8839285714285714	0.0
0.8852040816326531	0.0
0.8864795918367347	0.0
0.8877551020408163	0.0
0.889030612244898	0.0
0.8903061224489796	0.0
0.8915816326530612	0.0
0.8928571428571429	0.0
0.8941326530612245	0.0
0.8954081632653061	0.0
0.8966836734693877	0.0
0.8979591836734694	0.0
0.8992346938775511	0.0
0.9005102040816326	0.0
0.9017857142857143	0.0
0.9030612244897959	0.0
0.9043367346938775	0.0
0.9056122448979592	0.0
0.9068877551020408	0.0
0.9081632653061225	0.0
0.9094387755102041	0.0
0.9107142857142857	0.0
0.9119897959183674	0.0
0.9132653061224489	0.0
0.9145408163265306	0.0
0.9158163265306123	0.0
0.9170918367346939	0.0
0.9183673469387755	0.0
0.9196428571428571	0.0
0.9209183673469388	0.0
0.9221938775510204	0.0
0.923469387755102	0.0
0.9247448979591837	0.0
0.9260204081632653	0.0
0.9272959183673469	0.0
0.9285714285714286	0.0
0.9298469387755102	0.0
0.9311224489795918	0.0
0.9323979591836735	0.0
0.9336734693877551	0.0
0.9349489795918368	0.0
0.9362244897959183	0.0
0.9375	0.0
0.9387755102040817	0.0
0.9400510204081632	0.0
0.9413265306122449	0.0
0.9426020408163265	0.0
0.9438775510204082	0.0
0.9451530612244898	0.0
0.9464285714285714	0.0
0.9477040816326531	0.0
0.9489795918367347	0.0
0.9502551020408163	0.0
0.951530612244898	0.0
0.9528061224489796	0.0
0.9540816326530612	0.0
0.9553571428571429	0.0
0.9566326530612245	0.0
0.9579081632653061	0.0
0.9591836734693877	0.0
0.9604591836734694	0.0
0.9617346938775511	0.0
0.9630102040816326	0.0
0.9642857142857143	0.0
0.9655612244897959	0.0
0.9668367346938775	0.0
0.9681122448979592	0.0
0.9693877551020408	0.0
0.9706632653061225	0.0
0.9719387755102041	0.0
0.9732142857142857	0.0
0.9744897959183674	0.0
0.9757653061224489	0.0
0.9770408163265306	0.0
0.9783163265306123	0.0
0.9795918367346939	0.0
0.9808673469387755	0.0
0.9821428571428571	0.0
0.9834183673469388	0.0
0.9846938775510204	0.0
0.985969387755102	0.0
0.9872448979591837	0.0
0.9885204081632653	0.0
0.9897959183673469	0.0
0.9910714285714286	0.0
0.9923469387755102	0.0
0.9936224489795918	0.0
0.9948979591836735	0.0
0.9961734693877551	0.0
0.9974489795918368	0.0
0.9987244897959183	0.0
1.0	0.0
