0.0	0.0029590575446269
0.0	0.0016427512328159
-0.6180339887498948	0.0043251181401071
0.0	0.003014353092476
0.2192235935955848	0.001508631349854
-0.2807764064044151	0.0045171652278658
-1.5	0.0258442068179943
-0.2807764064044151	0.0002167657387929
-1.7330898483569368	0.0293092855423703
-1.5	0.0238776917503906
0.2192235935955848	0.001508631349854
1.5	0.0
-0.6180339887498948	0.003014353092476
-1.118033988749895	0.0004290542244129
-1.2320508075688774	0.0022486043339361
-1.659134620395365	0.0027906479558974
-2.3414182921069924	0.0040003264053907
-2.718709690391916	0.0057529824703644
-1.2320508075688774	0.0037415162714617
-2.38232396259861	0.0037038457294033
-1.5	0.002885462921766
-0.5000000000000004	0.0064046331680468
-0.5000000000000004	0.0045364609355336
-0.8507810593582125	0.0068756612317796
-0.5	0.0072137547501274
-0.6180339887498948	0.006075675558842
-0.6180339887498948	0.0046904600490836
-1.868150906683044	0.0088110527388479
-1.8681509066830435	0.0126555260114961
-1.8414182921069908	0.0159418061465406
-1.3149066358459396	0.0049665944760783
-1.2320508075688774	0.0045026171917052
-1.2320508075688774	0.0026102121117527
-0.5	0.001508631349854
-0.7807764064044151	0.0166776423517255
0.0	0.0
-2.0	0.0161747573627936
-1.3860009363293828	0.0318040137523739
-0.6180339887498948	0.0003091630875033
-0.7807764064044151	0.0327008828625842
-1.5	0.0143129502876978
-1.0	0.0151509148613362
-0.2807764064044151	0.0045171652278658
-1.3149066358459396	0.0023129945783856
-1.7716062078695851	0.0145299561845479
1.5	1.454803616059868e-06
-0.7469796037174672	0.0021572312953474
1.0	0.0006614507107685
-1.0	0.0761880653730543
-1.828130705413408	0.0752797829820943
-1.0000000000000002	0.150910901037467
-2.7099902862355907	0.0663290031917717
-1.4241085387947428	0.066985587796326
-2.06155281280883	0.002064319335512
-1.4142135623730951	0.0003373689585642
0.0	0.0015540636312252
-1.9763821923886773	0.0051831227727165
-2.1565972630107497	0.0668657080979131
1.5	0.0
0.0	0.010499317697104
0.0	0.0090081439906427
0.0	0.0119875817963333
0.0	0.0134729362883304
0.0	2.2791923318271265e-05
-0.6180339887498948	0.000783754426343
-0.6180339887498948	0.0007447592395971
0.0	0.010499317697104
0.0	0.0119875817963333
0.0	0.0090081439906427
-1.8903685277365911	0.0071764844440346
-0.6180339887498948	0.0006393729281638
-1.9296664994307864	0.004828416449697
1.5	0.00057384662916
-2.1510934089371765	0.0042455929901027
-1.041936179717804	0.010296037298662
-2.414213562373095	0.0071749377464547
-3.56254133545083	0.040616886830013
-1.4999999999999998	0.0081477895878017
-2.0	0.0084628779719699
-0.2807764064044151	0.0004157874215236
-2.1241505199015043	0.0274303430200737
1.0	0.0
-0.5000000000000007	0.01535981657836
-2.514136929335293	0.0099942759457049
-1.34292308277717	0.0022749878087437
-2.150570481281599	0.0114065260186985
-0.6180339887498948	0.0007650380894796
-3.2020836342457546	0.0285476221759512
0.0	0.000215491323492
-1.0	0.0007927347043118
-1.0	0.0009284783618021
0.0	0.0010898382226276
-1.0	0.0019088492557784
-2.872281323269014	0.0131599092480193
-3.4011324617173275	0.0665744541968836
-2.629246641581172	0.003643228745465
-0.5	0.0
-2.718709690391916	0.0156067187883101
-2.302775637731996	0.099465007338623
-3.826652315784639	0.0673491928398953
-2.6720590386686123	0.0032901398426537
1.5	0.0
1.5	0.0
0.2192235935955848	0.001508631349854
-0.6180339887498948	0.0020048531133589
-1.3860009363293833	0.0060897553049614
0.0	0.0011668989513603
0.0	0.0016068305939381
-0.6180339887498948	0.0003440610551981
-0.2807764064044151	0.002893604392343
-1.2807764064044151	0.0017335628019461
-1.5	0.016259052802366
-2.760398644698073	0.0067883595095825
0.5	0.0
-2.1937896639529924	0.0105643439919257
-0.2807764064044151	0.003014353092476
1.5	0.0
0.2192235935955848	0.001508631349854
-0.2807764064044151	0.0009278010061421
-1.8027756377319943	0.0529232285615427
-1.0	0.0001944951201037
0.0	0.003014353092476
-1.0	0.0045171652278658
0.5	0.0
-1.7716062078695851	0.0052531402634088
-2.5	0.038163599998056
-0.6180339887498948	0.0009837533459447
-1.3860009363293833	0.0064417878020693
-0.6180339887498948	0.0004866385982992
-3.0335462279077645	0.0156026183298136
-1.3149066358459396	0.057840028386809
1.5	0.0
-0.1180339887498948	0.001508631349854
-1.2320508075688774	0.0292247910639503
-4.476763832217366	0.1037167560072385
-0.5	0.0060317104959051
-0.2807764064044151	0.0246560307694623
-0.8507810593582124	0.0154840525380794
-0.2807764064044151	0.01151874153328
-0.5	0.0059573369989622
-1.0	0.0431166869436216
-2.5	0.0
-5.390409590817945	0.2125152023423505
-0.7807764064044151	0.022518969569581
-1.0	0.07829594828124
-0.9142135623730951	0.0003186671673647
-1.9660410479054788	0.0130408850815827
-2.462580333013741	0.0153843883839253
-0.7807764064044151	0.0001987541335021
-2.6457513110645907	0.0423609908802091
-3.0	0.1321146545339621
-0.7807764064044151	0.028094103661
-3.302775637731995	0.0111104605987563
-1.0	0.0343304557317807
0.0	0.0331959513785234
-5.040490687114151	0.1954651085315639
0.0	0.001084208115274
-0.2807764064044151	0.0025040964445483
-0.2807764064044151	0.0014475751137341
-1.0	0.0010373542832115
-0.8507810593582119	0.0027896135006736
1.0	0.0
-0.7320508075688774	0.001508631349854
-1.6565972630107495	0.0105711801729142
-0.5	0.002636462790701
-0.4999999999999999	0.0019973941181049
-1.1947765516485274	0.0054590914179088
-2.212214450449027	0.0119540211013384
0.0	0.0
-2.347211209771972	0.0165287512838641
-1.802775637731996	0.009386066642338
0.6980622641951616	0.000368624902908
-1.0210127632816015	0.0095794914344651
-0.6180339887498948	0.0034897911018201
-0.1180339887498948	0.005037900090236
-2.938732290764586	0.1248388221782347
0.5	0.0004084417630894
-1.8681509066830444	0.013670792544048
-1.870326785301631	0.0450324796397029
-0.5	0.001508631349854
-1.832265059021876	0.0072915471678501
-0.6180339887498948	0.0044124908116676
-1.862185735276925	0.0035534788620277
-1.3149066358459396	0.022208956924853
0.5	0.0
0.0	0.0032688201027667
0.0	0.0025448430007685
0.0	0.0022896041363371
-0.2807764064044151	0.0024147166669281
-1.6947765516485274	0.0139263789664161
-1.0000000000000004	0.0174650830270941
-2.046180021717558	0.0610681478665539
-1.2807764064044151	0.0052062572073395
-1.0	0.1541403225978506
-2.104524884860786	0.0639842274396611
-0.7807764064044151	0.012864103672391
-0.6180339887498948	0.0014164937875036
0.0	1.3820634352568747e-05
-1.7716062078695851	0.0061880071809106
0.0	0.0001030485894709
-1.0	0.0015949496977403
-1.662941197153243	0.0141204982429897
-0.6180339887498948	0.0049291116672938
-1.3860009363293833	0.0131857454660421
0.0	0.006312767304286
-2.57122868021343	0.0451657798036189
-1.9333303093335343	0.1130402729132524
1.0	0.0054648227290478
-3.910777797665157	0.1600512431247644
-0.2807764064044151	0.0077355652407925
-0.8507810593582119	0.0294368707815576
0.5	0.0
-0.6180339887498948	0.0003074484975273
-1.879960832109028	0.0246273324254435
-0.2807764064044151	0.0010060285622352
-0.2807764064044151	0.0004055930493211
-3.0697049797528155	0.0053388511917336
-2.175130870566646	0.003046733553443
-0.6180339887498948	0.0018302306465806
-1.137458608817688	0.0041105612867438
0.0	0.0010813728469079
-0.2807764064044151	0.0008858825088759
-1.0	0.0045157021320791
0.0	0.0031273345478193
-1.6045248848607867	0.0016192024076332
-2.063130429041506	0.005977483541094
-1.118033988749895	0.0019690687094906
1.0	0.0
-1.8117376914898995	0.009101385681696
0.0	0.0020787577579873
-0.6180339887498948	0.0024693067163549
-0.2807764064044151	0.0025153443231669
-0.7807764064044151	0.0041603584765426
-0.5000000000000003	0.0028561270347448
-1.0000000000000002	0.0100656488213989
1.0	0.0
-0.2807764064044151	0.0002630769872374
-0.7807764064044151	0.0012952601528319
-0.4999999999999999	0.0028901500209863
-1.3860009363293833	0.0233108194391505
-1.118033988749895	0.0040961822186999
1.0	0.0
-0.5550460355114082	0.001508631349854
-0.2807764064044151	0.0005105310000869
-0.8149066358459393	0.0015231793860146
-1.3149066358459391	0.0420050620700045
-2.06155281280883	0.0036457772456188
0.0	0.0011112294326785
-2.104524884860786	0.0029523081985161
-4.456812974785892	0.0432662316203815
-2.422144385112379	0.0031311271432796
-0.2807764064044151	0.0007612067225788
0.2192235935955848	0.001508631349854
1.5	0.0
0.0	0.003014353092476
-0.7807764064044151	0.0023178881734352
-2.246462669565888	0.0065381956240705
-1.118033988749895	0.0033738108374387
-3.5	0.0438222641288294
-1.0	0.0119875817963333
-1.0000000000000002	0.0033704162775066
-3.3271920242663007	0.027520654352631
-4.0	0.0619968685386957
-0.7807764064044151	0.0001325707114225
-4.0	0.0248328248581174
-1.7807764064044151	0.0054644422037126
-2.658617831909558	0.0059746649871946
-1.4142135623730951	0.0004509906456206
-1.5	0.0133116074904711
-2.4409112912071405	0.0132891068095309
-4.004877010224063	0.0424405735000473
-2.302775637731995	0.0027718719678602
-2.302775637731995	0.0007955538229384
-2.173104608972445	0.0233231252434438
-2.414213562373095	0.0003103975161498
-1.2544780410494782	0.008849907477307
-2.10073616910962	0.0087291434430936
-1.9296664994307864	0.003898423734079
-0.6180339887498948	0.0015474912398035
0.0	0.0009533757890153
-1.5	0.0039130156330146
-1.4142135623730951	0.0012304894268999
-3.6601123203038335	0.009193735517916
-2.623651667137928	0.0076927793628749
-2.414213562373095	0.0003212373802136
-1.5856182076338623	0.0023525039526518
-2.815666099674777	0.0038556045784163
-2.302775637731995	5.9500365772897054e-05
-1.0	0.0011452449399992
-2.142607014773968	0.0029899196715124
-1.0	0.0039278684667668
-3.2194749254598944	0.0362902957011131
-0.2807764064044151	0.0027908182071814
-2.2969269785875017	0.0191045657731648
-4.207164697755131	0.0530504598576712
-0.5	0.000319180004043
-2.59885594699524	0.0179167654304769
-0.5000000000000002	0.0034424501113741
-0.2807764064044151	1.866997973943497e-05
0.0	0.0007598924221219
-0.5000000000000002	0.0037737605800592
-0.2807764064044151	0.0022513085958526
-1.6374586088176872	0.0037992196433403
-2.5	0.0487083119655441
-0.2807764064044151	5.819214464239472e-06
-1.2807764064044151	0.0033727540860239
-1.6045248848607865	0.0021159006013061
1.0	0.0
-0.2807764064044151	7.577700462837895e-05
0.0	0.000977260336665
-0.1180339887498948	0.001508631349854
-0.7807764064044151	0.0052554780630162
1.5	0.0
-0.1180339887498948	0.001508631349854
1.5	0.0
0.2192235935955848	0.001508631349854
-0.5000000000000002	0.0060228869704878
-0.1180339887498948	0.001508631349854
-0.2807764064044151	0.0075140606769492
1.5	0.0
-0.6180339887498948	0.0252698706892033
0.0	0.0266019858669754
-0.6180339887498948	0.0279745930787279
-1.8414182921069904	0.0426557437701961
-1.5210127632816015	0.0068724135511863
-1.7555151741123964	0.0842811246515984
-0.8507810593582119	0.0507855893180571
-2.0000000000000004	0.111014552104227
-0.6180339887498948	0.0012725079301984
-0.6180339887498948	0.0007162279748105
-1.0	0.005475716279488
-0.6180339887498948	0.0067586238270708
-1.5000000000000009	0.0158059431284643
-0.6180339887498948	0.0045171652278658
0.0	0.003014353092476
-1.7716062078695842	0.0105196849477289
-1.0	0.0014693516522204
-1.6845012679009292	0.0167511020620227
-1.0	0.000957745713906
-1.802775637731996	0.0098444136026077
-0.5941542653123191	0.0015708934808033
-1.0	0.0449272210244337
-0.2807764064044151	0.0447960115935376
-0.2807764064044151	0.0003167142110343
0.0	0.0027203973211846
-0.2807764064044151	0.0040711824786962
0.0	0.0014239248320059
-0.8507810593582124	0.039485031617963
0.0	0.0045171652278658
-0.6180339887498948	0.0060170677560236
0.0	0.003014353092476
-0.1180339887498948	0.001508631349854
1.5	0.0
-1.6374586088176872	0.0073309268014276
-1.3149066358459391	0.0071768657895036
-2.261334234054776	0.1031400932468231
-0.2807764064044151	0.0036728080685821
0.0	0.0015504985196334
-0.2807764064044151	0.0003599196741834
0.0	0.0010882878874726
-0.8507810593582119	0.0038625412302995
-0.6180339887498948	0.0022692962034197
-0.2807764064044151	0.005285187231147
-0.8507810593582119	0.0045249068613942
0.0	0.0064733184167469
-1.0000000000000004	0.0413476340066951
-0.2807764064044151	0.0028697629321303
-1.0	0.0149553811730954
-2.361942837372149	0.0461264883853328
-1.3860009363293833	0.0051637765242232
-0.2807764064044151	0.0001415222477432
-1.0	0.0012718307626349
-1.2320508075688774	0.0014682132106605
0.0	0.003014353092476
0.2192235935955848	0.001508631349854
0.0	0.0045171652278658
-2.302775637731995	0.0012802781391577
-0.6180339887498948	4.368856081450899e-05
-4.910171037020588	0.1442936246776902
1.5	0.0
-0.5	0.001508631349854
0.0	0.010499317697104
0.0	0.0090081439906427
0.2192235935955848	0.001508631349854
0.0	0.003014353092476
1.5	0.0
-0.6180339887498948	0.02622986673029
-1.8414182921069904	0.0569187065438036
-0.6180339887498948	0.024892902207131
-1.84141829210699	0.024860411593039
-0.6180339887498948	0.003014353092476
-1.2320508075688774	0.1150776331702983
-2.3220111407735287	0.0493336029569368
-1.84141829210699	0.0303023469861803
-0.7807764064044151	0.0028245012205802
-0.5000000000000003	0.0060214321668717
-0.2807764064044151	0.003014353092476
1.0	0.0
-0.2807764064044151	0.0075140606769492
-0.2807764064044151	0.0060170677560236
0.0	0.0075140606769492
-0.5000000000000003	0.004520074835098
-1.0	0.0002711638479731
-2.045145293325591	0.0181635808548323
0.0	0.0
1.0	0.0001843485416869
0.0	0.0075140606769492
0.0	0.0060170677560236
-0.2807764064044151	0.0090081439906427
-1.0	0.06022832553179
-1.0	0.0589157289692
-1.5000000000000004	0.0825971367547414
-1.8414182921069908	0.0181196754604194
1.0	0.002369542331938
0.0	0.007555320096966
-3.350189600795793	0.0328854599128443
-1.5531505630215712	0.0132750787523987
-2.0	0.0674425521663982
-1.3149066358459396	0.0029343905725434
-1.7320508075688774	0.0274830840387315
-0.5	1.091102712044901e-05
-0.8507810593582119	0.0033398216534054
-0.8507810593582119	0.0064659606977976
-1.118033988749895	0.0043701642785435
-0.5	0.000810264997328
-2.838573305375471	0.0754446290863387
-1.618033988749895	0.0464216298366437
-3.686699129566302	0.0600644611291158
-2.5000000000000004	0.0537033964100924
-2.094767010167541	0.0099919635966152
-0.2807764064044151	0.0002889724916033
-2.270833270595168	0.0296345947275743
-2.302775637731995	0.0137493518898796
-2.350781059358212	0.0016200866166979
-2.302775637731995	0.0025135241497853
-1.5000000000000002	0.0012151769010546
-0.7807764064044151	0.0007054794674478
-2.598151659767464	0.0571639713937413
-2.766010400269647	0.058869593033211
-2.2403636367293536	0.0063752891655415
0.5	0.005009554957299
0.0	1.454803616059868e-06
-1.850781059358212	0.0012182040546346
0.5	0.0
1.0	0.0
-1.2168323148916436	0.0023393839100925
-0.2807764064044151	0.0128539173496969
-0.2807764064044151	0.0163752695023698
-1.0	0.0053125385753643
-0.2807764064044151	0.0046373419243726
-1.3149066358459396	0.0456620794608158
-1.8709018567318336	0.0163894756091994
-1.4142135623730951	0.0020005605358438
-1.6231558766000298	0.0016611249985026
-1.118033988749895	0.0126572853983388
-2.118033988749895	0.0019967044687824
-2.118033988749895	0.0146228994569203
-1.4163911111299754	0.0022846177731481
-2.0	0.014912755354187
-2.500000000000001	0.0085208703508618
-2.7902858902266208	0.0193761637607535
-0.5	0.000563834742235
-2.043804379401738	0.0037180309194044
-0.6180339887498948	0.0117068046984337
-1.0	0.0114813101379444
1.5	0.0
-0.1180339887498948	0.001508631349854
0.5	0.0
-0.6180339887498948	0.0175718454765791
-1.0	0.0314989229603895
-1.3149066358459396	0.0447326120728137
-1.868150906683045	0.0382030453944049
-0.7807764064044151	0.0096296033545064
1.5	0.0
-0.5	0.001508631349854
1.5	0.0
0.2192235935955848	0.001508631349854
0.0	0.0119875817963333
0.0	0.0134729362883304
0.0	0.010499317697104
0.0	0.0090081439906427
0.0	0.0149553811730954
-0.2807764064044151	0.0164349164506283
1.5	0.0
0.2192235935955848	0.001508631349854
-0.8149066358459393	0.0194027158273904
-0.2807764064044151	0.003014353092476
-1.2320508075688774	0.0105167753404967
-1.0	0.0075140606769492
0.0	0.0
-1.118033988749895	0.0124251440561025
-1.0	0.003014353092476
-1.9142135623730951	0.0031515402201003
-4.364623979216754	0.0608338723492936
-1.6045248848607867	0.0028315809887779
1.0	0.0
-0.2807764064044151	0.0004684347074788
-0.6180339887498948	0.0009482098890556
-1.2320508075688774	0.0019420149775272
-1.5000000000000004	0.0058354873572502
-1.0	0.0001726673388656
-0.7807764064044151	0.0007123617641238
-1.9690017499285173	0.0031182871598188
-0.1180339887498948	0.001508631349854
1.5	0.0
-1.5	0.0042210960892967
-1.5000000000000004	0.0031915062918873
-2.976382192388679	0.0067733405314915
0.5	0.0
-2.808648493534248	0.0027632770531553
-0.5000000000000003	0.004520074835098
-0.2807764064044151	0.0060170677560236
1.0	0.0
-0.1180339887498948	0.001508631349854
-0.6180339887498948	0.0075140606769492
-2.1720590386686127	0.012006494243342
0.5	0.0
0.5	0.0
-2.302775637731995	0.0015013573317737
-2.414213562373095	0.0056441876367835
-3.01413692933529	0.0119056251988812
-2.781862654869156	0.0500777585914505
-2.0615528128088303	0.0054685511355094
-0.2807764064044151	5.819214464239472e-06
1.5	0.0
0.0	0.0003165590684432
-1.3860009363293833	0.0046892841593571
0.0	0.0003165590684432
-1.118033988749895	0.0002693407411771
-1.4999999999999998	0.009935712975577
-0.8507810593582119	0.003644570953069
-0.6180339887498948	0.0006928512314195
-1.4142135623730951	0.0001019955887583
-1.2320508075688772	0.002379917599222
-0.2807764064044151	0.0006858885989923
1.0	0.0003219566713029
-4.697678307258837	0.0231606084132516
-0.6180339887498948	0.0004582837951557
-2.5	0.0532588593933474
-2.4352815947651174	0.1007675059718734
-0.6180339887498948	0.0014482569997875
-2.0615528128088303	0.0078496823752138
-1.7276565084829327	0.020589157683495
-1.5000000000000004	0.0071658713877336
-0.5	0.0
-2.4694219882390245	0.0176866885388529
-1.350781059358212	0.001508631349854
-1.3149066358459396	0.0427660225027177
-0.2807764064044151	0.0356911365978428
-3.23606797749979	0.0368211310598904
-3.302775637731995	0.1564557849565302
-2.322011140773529	0.1733480783692593
-3.143776873873187	0.2147942968768318
-2.4333998113263124	0.0078915847860843
-1.2807764064044151	0.174365837081637
-0.6180339887498948	0.0042697323213733
-2.0	0.0049945399197831
-2.56155281280883	0.0099656862631137
-0.1180339887498948	0.001508631349854
1.5	0.0
-0.8507810593582119	0.007511151069717
-0.5	0.0
-2.3973485867341964	0.0174472173001368
0.0	0.0001566338559957
-1.34292308277717	0.0243359548894492
1.5	0.0
0.2192235935955848	0.001508631349854
1.5	0.0
0.2192235935955848	0.001508631349854
-2.309005852956357	0.1751117954387426
-1.5	0.0027852694989921
-1.2807764064044151	0.0005060646729139
-1.2807764064044151	0.0249569089536329
-1.3860009363293833	0.0426264819716277
-1.410417487828722	0.038692147140131
-1.0941542653123193	0.0008351221688951
0.5	0.0
-2.193789663952993	0.0073474048404872
-1.3149066358459396	0.0093279930697402
-1.2807764064044151	0.032329602651017
-0.6180339887498948	0.0180555717789053
-1.6947765516485276	0.0030152117163863
-1.6374586088176883	0.0282682890636593
-0.2807764064044151	0.0060170677560236
-0.2807764064044151	0.0193852581839977
0.0	0.017911542120929
-1.6374586088176883	0.0013907922569532
-0.2807764064044151	7.419498441905327e-05
-0.5	0.001508631349854
-0.6180339887498948	0.0013980662750335
-1.2320508075688774	0.0551382693850157
-0.5	0.0563384823682651
-0.5	0.0224017934818978
-0.6180339887498948	0.0038695351514499
-1.8414182921069908	0.1394419567302599
0.0	0.0023904848084556
0.0	0.0006619356453072
0.0	6.619356453072399e-05
-0.2807764064044151	0.0021417133901095
0.0	0.0009308318470089
0.8819660112501052	0.0
-2.012585941919298	0.0398489538823966
-1.6374586088176877	0.0131815304291114
-2.2879074968515827	0.0491218047005908
-0.5000000000000002	0.0060425268193045
-1.0	0.0024193284381257
0.2192235935955848	0.001508631349854
1.5	0.0
-0.2807764064044151	0.0007931872033026
-0.6180339887498948	0.0006598274584154
-1.203490590044939	0.0027615379965829
-2.324732489120447	0.0244419084522307
-0.8130990342636472	0.0031199711688831
-1.5	0.0020442700779065
-1.194776551648528	0.0019631729029614
1.0	0.0
-1.868150906683045	0.0100110811305478
-1.4142135623730951	0.0036208746230165
0.0	0.0022812334343948
-1.5210127632815995	0.0303200092760998
-2.395191365820323	0.0169157072506065
-0.8315659834805108	0.0212908585597261
-1.8621857352769249	0.0331016245056461
0.5	0.0
-1.9339429436655504	0.0519053026934252
-1.3149066358459396	0.02373062087867
-1.5	0.0103872696197178
-1.0	0.0023471818659572
-0.5000000000000002	0.0209520816784942
-0.2807764064044151	0.0013958840696094
-1.118033988749895	0.0167266045756483
-0.1180339887498948	0.001508631349854
-0.8507810593582119	0.0030245367177884
1.5	0.0
0.0	0.0075140606769492
0.0	0.0060170677560236
0.0	0.0045171652278658
-1.0	0.0045171652278658
0.0	0.003014353092476
-1.947056423009365	0.0120152230650384
-0.5	0.1161158780176264
-1.0000000000000002	0.1256448417028185
-2.5	0.0322358318587848
-2.815933522566193	0.0286750349562476
-3.623630251012535	0.0392183007382138
-3.456122243442357	0.0961886071428814
-1.0	0.0012938053492159
-0.2807764064044151	0.0026278602651428
-0.8507810593582124	0.0071801832470634
-1.2320508075688772	0.0098450354911862
-0.5	0.001508631349854
1.5	0.0
-0.6180339887498948	0.0045171652278658
0.0	0.003014353092476
-1.791287847477919	0.0105596920471705
0.2192235935955848	0.001508631349854
-1.832265059021875	0.0209036793860209
0.5	0.0
-1.3149066358459396	0.0303206231927765
-0.7807764064044151	5.819214464239472e-05
-0.6180339887498948	0.003014353092476
-0.2807764064044151	0.0045171652278658
-0.5000000000000002	0.0090197824195711
-0.1180339887498948	0.001508631349854
-0.5	0.010499317697104
-1.2320508075688774	0.0149786580309524
1.0	0.0
-1.1374586088176877	0.0030158078960921
-1.0	0.001306369772192
0.0	0.002189883659659
0.0	0.009232183747516
-1.573908387666939	0.0363938652043308
-1.7807764064044151	0.0648751223437051
-2.212214450449025	0.0121571243577018
-1.118033988749895	0.0060265340857609
0.5	0.0001454618879092
0.0	0.0
1.0	0.0
0.0	0.003014353092476
-0.6180339887498948	0.0029695435548608
0.0	0.0038256676601785
-0.2807764064044151	0.0051655417905696
-0.6180339887498948	5.819214464239472e-06
-1.0	0.0009073125218826
-1.118033988749895	5.504007014093167e-05
-3.2194749254598936	0.0415925906094236
-2.1045248848607865	0.0195641451712524
-1.0	0.003014353092476
0.2192235935955848	0.001508631349854
-0.8507810593582124	0.0208502645098497
-0.2807764064044151	0.0218308021470741
-0.8507810593582119	0.0094635166069492
-0.1180339887498948	0.001508631349854
-1.0	0.0010996005351144
-0.6180339887498948	4.479582801117677e-05
-0.6180339887498948	0.0008820612876896
-0.5	0.001508631349854
1.5	0.0
-2.104910962385727	0.0053124601613852
-1.3149066358459396	0.0016164287896497
-1.5000000000000002	0.0020713913531258
-1.2320508075688774	0.0024697542850317
-3.5292255477165404	0.0288472381197205
-1.7320508075688776	0.0156390839914447
-1.0	0.0026518977757661
-2.1045248848607865	0.0167281395487588
-3.776576109320051	0.0140969479100771
-2.72199678112573	0.0091925402329445
-0.6180339887498948	0.0006663662113771
0.0	0.0010586947809968
-1.0	0.0019217687651149
-1.2807764064044151	0.0002767359928921
1.0	0.0015567022179104
0.5	0.0
0.0	0.003014353092476
0.2192235935955848	0.001508631349854
1.5	0.0
1.0	0.0
-1.1947765516485278	0.0023351355138232
1.5	0.0
0.2192235935955848	0.001508631349854
1.5	0.0
0.2192235935955848	0.001508631349854
-1.850781059358212	0.0028518795055547
0.0	0.0016752552812406
0.0	0.000893599689786
-2.0837826316139365	0.0030231611790027
-0.5	0.0
-2.635633220251566	0.075777222696857
-0.6180339887498948	0.0007622029462632
0.5	0.0
1.0	0.0
0.2192235935955848	0.001508631349854
1.5	0.0
0.0	0.003014353092476
-0.1180339887498948	0.001508631349854
1.5	0.0
0.5	0.0
-1.2320508075688774	0.0138982238787586
0.0	0.0104367313890684
0.0	0.0112852170853583
-0.2807764064044151	0.0100329294003823
0.0	0.0060170677560236
0.0	0.0045171652278658
-0.2807764064044151	0.0075140606769492
-1.5000000000000004	0.0020708081768179
-1.7655644370746368	0.0144795713404059
-2.4352815947651174	0.0119936290181816
1.0	0.0
-2.06155281280883	0.0238007891633774
-0.6180339887498948	0.0487125853952401
0.0	0.0473848346283161
-1.84141829210699	0.0828146826187202
0.5	0.0
0.0	0.0045171652278658
-1.118033988749895	0.001013306233892
-2.157231183269129	0.0064657843820645
-1.0	6.595109726138066e-05
0.0	0.003014353092476
-0.2807764064044151	0.0045171652278658
0.2192235935955848	0.001508631349854
-2.7938093667084467	0.0339114706152061
-0.7807764064044151	0.0013705060853296
-1.6374586088176883	0.0022430406505
-1.8414182921069908	0.0039279488195753
1.0	0.0
-0.5	0.0003661255767084
-0.6180339887498948	0.0071993381613416
0.0	0.0057118014639203
0.0	0.0042679088749809
-1.350781059358212	0.0556607990349261
0.0	0.0015236643205533
0.0	0.0002077944498272
0.0	0.0028790563561824
0.0	0.0003805636155224
-0.6180339887498948	0.0003773760580059
0.719223593595585	0.0
-1.0	0.003014353092476
0.2192235935955848	0.001508631349854
1.5	0.0
-0.5000000000000002	0.0027203611630411
-0.5	0.0027893414494832
-0.2807764064044151	0.0007577665857153
-0.2807764064044151	0.0015084293415288
-0.8507810593582124	0.0040176634218499
-0.5	0.0003299802671109
-1.7320508075688767	0.008590049048328
-1.802775637731995	0.0030205777927175
-1.796926978587502	0.0030450967711133
-2.816045236674082	0.0317870166591248
1.0	0.0
-1.618033988749895	0.0012955436409125
-1.4142135623730951	0.0011866451880822
-1.3732841234978588	0.0014161828775294
-3.851331937185929	0.0168769981364494
-1.4142135623730951	0.0001114622037171
0.0	0.0013776124289553
-0.6180339887498948	0.0015488460173952
-1.8443057803738216	0.0296500538619185
-0.2807764064044151	0.0007849587201029
1.0	0.0
0.0	0.0
0.0	0.0045171652278658
-0.2807764064044151	0.0060170677560236
0.0	0.003014353092476
0.2192235935955848	0.001508631349854
1.5	0.0
0.0	0.046078178513825
1.5	0.0
1.0	0.0
-1.0000000000000002	0.0165411860801904
0.2192235935955848	0.001508631349854
1.5	0.0
0.0	0.0134729362883304
1.0	0.0
-0.7320508075688775	0.0030158078960921
0.0	0.0075140606769492
0.0	0.0060170677560236
0.0	0.0060170677560236
-0.7807764064044151	0.0018073288658492
-1.5	0.0025737718003109
-1.350781059358212	0.001508631349854
1.2192235935955849	0.0
-1.202023498232214	0.0018990942400606
-1.6819749887888762	0.0031874187688019
0.0	0.0
-1.2807764064044151	0.0152570980514246
-1.0	0.0041534644868958
-1.5615528128088303	0.0019734307137308
-1.0	0.00020869850636
-1.0	1.321446617921047e-05
0.0	1.454803616059868e-06
0.5	0.0
-0.9142135623730948	0.001508631349854
1.5	0.0
0.0	0.0
-0.6180339887498948	0.0010811939879352
-1.0	0.0042758429393333
0.0	0.0012431326814024
0.5	0.0
-0.2807764064044151	0.0047025275352702
-1.0	0.0054172206066796
-0.5	0.0004520093486426
1.0	0.0
-0.8507810593582119	0.0116637258049029
-0.5	0.001508631349854
1.5	0.0
0.0	0.0018117071443625
-1.7807764064044151	0.0003612633066639
-0.2807764064044151	0.000740523925911
0.5	0.0
-0.1180339887498948	0.001508631349854
1.5	0.0
-0.1180339887498948	0.001508631349854
1.5	0.0
-1.850781059358212	0.002647968486285
1.0	0.0
-0.2807764064044151	0.0236017077861719
-3.23606797749979	0.0244598167714685
-0.5	0.0302442867884708
1.5	0.0
0.0	0.1529876331993925
-0.6180339887498948	0.1518470671644015
0.5	0.0
-1.386000936329383	0.0172245840262749
-0.5	0.001508631349854
-0.6180339887498948	0.0096851812551696
-0.7807764064044151	0.0119875817963333
-0.8507810593582119	0.1270756410592134
-0.5	0.125996904177905
-0.2807764064044151	0.00257718460585
-0.6180339887498948	0.0037206602480731
-0.6180339887498948	0.0045171652278658
0.0	0.003014353092476
0.2192235935955848	0.001508631349854
1.5	0.0
0.0	0.0232317780293397
1.5	0.0
0.2192235935955848	0.001508631349854
0.0	0.003014353092476
-0.5000000000000002	0.0077850651874791
-0.2807764064044151	0.0021052454712777
-0.7807764064044151	0.0068676021829414
-0.6180339887498948	0.003014353092476
0.2192235935955848	0.001508631349854
-1.0	0.0106172712412557
1.5	0.0
-0.6180339887498948	0.017911542120929
-0.79128784747792	0.003616382447244
-0.8149066358459393	0.0025546686333764
2.0	0.0
-0.7912878474779205	0.0065849092258142
1.0	0.0
-1.7938707252360055	0.0129184520060124
-1.0	0.0007963536927
-0.6180339887498948	0.000569093264227
-0.5	0.0
0.0	0.001881930021578
-1.0	0.0028919919850019
-0.5	0.0048024796207019
-0.2807764064044151	0.0090081439906427
1.0	0.0
-0.7807764064044151	0.0010954073481185
-0.6180339887498948	0.0049295411246886
-0.6180339887498948	0.0046259409291076
0.0	0.0
-1.0	0.0012201722542289
-1.0	0.002036334745959
0.0	0.0060170677560236
0.0	0.0075140606769492
0.0	0.0045171652278658
-1.0	0.0037184591805668
1.2192235935955849	0.0
-2.665403774371002	0.0066983241387419
-0.1180339887498948	0.001508631349854
0.0	0.0
1.5	0.0
-0.5000000000000002	0.0149626551911757
-0.2807764064044151	0.0164349164506283
-0.2807764064044151	0.0029954406454672
-0.5	0.0089863219364018
0.0	0.0015028121353898
-0.2807764064044151	1.3093232544538813e-05
1.5	0.0
0.2192235935955848	0.001508631349854
-0.5	8.728821696359209e-06
-0.1180339887498948	0.001508631349854
1.5	0.0
-0.5	0.001508631349854
-1.386000936329383	0.0075533403745828
1.5	0.0
-0.6180339887498948	0.003014353092476
0.0	0.0164349164506283
0.0	0.0149553811730954
1.5	0.0
1.5	0.0
1.5	0.0
1.5	0.0
-0.4999999999999999	0.0105080465188004
0.0	0.0004899586299046
-0.6180339887498948	0.0008176901113538
-0.6180339887498948	0.003014353092476
0.2192235935955848	0.001508631349854
1.5	0.0
-0.2807764064044151	0.0017460968408027
0.0	0.0007569955430284
-1.6045248848607865	0.0035624019501885
1.5	0.0
-1.2807764064044151	0.0183403054024522
-0.6180339887498948	0.0004284136364729
-1.2807764064044151	0.0032881526016522
-2.811737691489899	0.0535408467207382
-0.2807764064044151	0.0009506493428141
-0.5000000000000002	0.0064899492368712
-0.7807764064044151	0.0009257844863605
-0.8507810593582119	0.0030687465829071
1.5	0.0
0.2192235935955848	0.001508631349854
-1.3149066358459396	0.1339934747208474
-1.0	0.011469776778166
-0.8507810593582119	0.0074653247558112
-0.8507810593582124	0.1339364949125517
-1.0	0.1345623029347268
-0.5	0.001508631349854
1.5	0.0
-0.6180339887498948	0.0320679936415383
-0.6180339887498948	0.0089691067602784
0.0	0.0124700658583266
-0.2807764064044151	0.0137545119709459
0.0	0.0078154474927429
-0.2807764064044151	0.0066697896450957
-0.6180339887498948	8.728821696359209e-06
-0.2807764064044151	0.0010280612220156
-0.5	0.0001447529597979
1.0	0.0
-0.5	0.0008727284294003
1.0	0.0
-0.6180339887498948	0.0189490669203252
1.5	0.0
-3.23606797749979	0.0009194796554153
-0.2807764064044151	0.000447213559213
-3.302775637731995	0.0022234519406381
-3.23606797749979	0.0078005045813151
1.5	0.0
-0.5000000000000002	0.0118636233193793
-0.7807764064044151	0.0119226236174661
-0.6180339887498948	0.0006595837127946
-0.6180339887498948	0.0005356101979793
-1.3149066358459396	0.0044946954745967
-1.5	0.0043902771966989
-0.2807764064044151	0.0036789403015008
0.5	0.0002973405513929
-1.118033988749895	0.0008160360266566
-0.2807764064044151	0.0003159348519543
-0.1180339887498948	0.001508631349854
1.5	0.0
1.5	0.0
0.2192235935955848	0.001508631349854
0.0	0.0045171652278658
0.0	0.003014353092476
-0.6180339887498948	0.0029808454674112
-0.2807764064044151	0.0021875616111685
-0.7807764064044151	0.0025184053965161
-0.6180339887498948	0.0057856850154803
-1.5	0.0016398954011769
0.0	0.0045171652278658
0.0	0.003014353092476
1.5	0.0
-0.5000000000000002	0.0058122536673639
0.2192235935955848	0.001508631349854
1.5	0.0
0.0	0.003014353092476
0.0	0.0100930339895413
0.0	0.0086804196783472
-0.6180339887498948	0.00729108222501
-0.2807764064044151	0.0045171652278658
1.0	0.0
-0.7807764064044151	0.0001247494100771
-1.0	0.0329443615143404
-0.2807764064044151	0.0315302923995303
-0.6180339887498948	0.0709519846915858
-0.6180339887498948	0.0698266940945636
-0.5	0.0017714658698222
1.5	0.0
-0.2807764064044151	0.010484485537418
-0.2807764064044151	0.0124619719233013
-0.6180339887498948	0.0090081439906427
-1.8027756377319943	0.0027413024386868
-1.9142135623730951	0.0004640472430029
-1.0	0.0004005367447316
1.5	0.0
-0.7807764064044151	0.002089307237417
-0.5	0.0010636748880117
-0.2807764064044151	0.0011396634258635
-0.2807764064044151	0.0006076353406551
-0.2807764064044151	0.0028866318894853
-0.2807764064044151	0.0064794667309357
-0.6180339887498948	0.0075201362509572
-0.2807764064044151	0.0032600210755911
