0.0	0.0
0.0	0.0
-0.6180339887498948	-2.0
0.0	0.0
0.2192235935955848	0.0
-0.2807764064044151	-1.0
-1.5	-3.0
-0.2807764064044151	-1.0
-1.7330898483569368	-3.0
-1.5	-3.0
0.2192235935955848	0.0
1.5	1.0
-0.6180339887498948	-2.0
-1.118033988749895	-2.0
-1.2320508075688774	-3.0
-1.659134620395365	-2.0
-2.3414182921069924	-4.0
-2.718709690391916	-5.0
-1.2320508075688774	-2.0
-2.38232396259861	-4.0
-1.5	-2.0
-0.5000000000000004	-1.0
-0.5000000000000004	-1.0
-0.8507810593582125	-2.0
-0.5	-1.0
-0.6180339887498948	-2.0
-0.6180339887498948	-2.0
-1.868150906683044	-3.0
-1.8681509066830435	-4.0
-1.8414182921069908	-4.0
-1.3149066358459396	-2.0
-1.2320508075688774	-2.0
-1.2320508075688774	-3.0
-0.5	-2.0
-0.7807764064044151	-2.0
0.0	-2.0
-2.0	-4.0
-1.3860009363293828	-2.0
-0.6180339887498948	-2.0
-0.7807764064044151	-2.0
-1.5	-2.0
-1.0	-1.0
-0.2807764064044151	-1.0
-1.3149066358459396	-3.0
-1.7716062078695851	-3.0
1.5	1.0
-0.7469796037174672	-0.0
1.0	0.0
-1.0	-2.0
-1.828130705413408	-3.0
-1.0000000000000002	-2.0
-2.7099902862355907	-5.0
-1.4241085387947428	-3.0
-2.06155281280883	-5.0
-1.4142135623730951	-4.0
0.0	-2.0
-1.9763821923886773	-4.0
-2.1565972630107497	-4.0
1.5	1.0
0.0	0.0
0.0	0.0
0.0	0.0
0.0	0.0
0.0	0.0
-0.6180339887498948	-2.0
-0.6180339887498948	-2.0
0.0	0.0
0.0	0.0
0.0	0.0
-1.8903685277365911	-4.0
-0.6180339887498948	-2.0
-1.9296664994307864	-4.0
1.5	1.0
-2.1510934089371765	-4.0
-1.041936179717804	-2.0
-2.414213562373095	-6.0
-3.56254133545083	-7.0
-1.4999999999999998	-3.0
-2.0	-5.0
-0.2807764064044151	-1.0
-2.1241505199015043	-4.0
1.0	0.0
-0.5000000000000007	-1.0
-2.514136929335293	-4.0
-1.34292308277717	-2.0
-2.150570481281599	-3.0
-0.6180339887498948	-2.0
-3.2020836342457546	-5.0
0.0	0.0
-1.0	-3.0
-1.0	-3.0
0.0	0.0
-1.0	-3.0
-2.872281323269014	-5.0
-3.4011324617173275	-5.0
-2.629246641581172	-5.0
-0.5	-3.0
-2.718709690391916	-5.0
-2.302775637731996	-4.0
-3.826652315784639	-7.0
-2.6720590386686123	-5.0
1.5	1.0
1.5	1.0
0.2192235935955848	0.0
-0.6180339887498948	-2.0
-1.3860009363293833	-2.0
0.0	0.0
0.0	0.0
-0.6180339887498948	-2.0
-0.2807764064044151	-1.0
-1.2807764064044151	-2.0
-1.5	-3.0
-2.760398644698073	-5.0
0.5	-1.0
-2.1937896639529924	-5.0
-0.2807764064044151	-1.0
1.5	1.0
0.2192235935955848	0.0
-0.2807764064044151	-0.0
-1.8027756377319943	-4.0
-1.0	-2.0
0.0	0.0
-1.0	-3.0
0.5	-1.0
-1.7716062078695851	-4.0
-2.5	-5.0
-0.6180339887498948	-2.0
-1.3860009363293833	-3.0
-0.6180339887498948	-2.0
-3.0335462279077645	-7.0
-1.3149066358459396	-3.0
1.5	1.0
-0.1180339887498948	-1.0
-1.2320508075688774	-3.0
-4.476763832217366	-10.0
-0.5	-1.0
-0.2807764064044151	-1.0
-0.8507810593582124	-2.0
-0.2807764064044151	-1.0
-0.5	-1.0
-1.0	-2.0
-2.5	-7.0
-5.390409590817945	-11.0
-0.7807764064044151	-2.0
-1.0	-2.0
-0.9142135623730951	-1.0
-1.9660410479054788	-4.0
-2.462580333013741	-4.0
-0.7807764064044151	-2.0
-2.6457513110645907	-6.0
-3.0	-6.0
-0.7807764064044151	-2.0
-3.302775637731995	-8.0
-1.0	-3.0
0.0	0.0
-5.040490687114151	-11.0
0.0	0.0
-0.2807764064044151	-1.0
-0.2807764064044151	-1.0
-1.0	-3.0
-0.8507810593582119	-2.0
1.0	0.0
-0.7320508075688774	-2.0
-1.6565972630107495	-3.0
-0.5	-1.0
-0.4999999999999999	-1.0
-1.1947765516485274	-3.0
-2.212214450449027	-5.0
0.0	-2.0
-2.347211209771972	-5.0
-1.802775637731996	-4.0
0.6980622641951616	1.0
-1.0210127632816015	-2.0
-0.6180339887498948	-2.0
-0.1180339887498948	-1.0
-2.938732290764586	-5.0
0.5	-1.0
-1.8681509066830444	-3.0
-1.870326785301631	-3.0
-0.5	-2.0
-1.832265059021876	-3.0
-0.6180339887498948	-2.0
-1.862185735276925	-3.0
-1.3149066358459396	-2.0
0.5	-1.0
0.0	0.0
0.0	0.0
0.0	0.0
-0.2807764064044151	-1.0
-1.6947765516485274	-4.0
-1.0000000000000004	-2.0
-2.046180021717558	-4.0
-1.2807764064044151	-2.0
-1.0	-3.0
-2.104524884860786	-5.0
-0.7807764064044151	-2.0
-0.6180339887498948	-2.0
0.0	0.0
-1.7716062078695851	-4.0
0.0	0.0
-1.0	-3.0
-1.662941197153243	-3.0
-0.6180339887498948	-2.0
-1.3860009363293833	-3.0
0.0	0.0
-2.57122868021343	-6.0
-1.9333303093335343	-4.0
1.0	0.0
-3.910777797665157	-7.0
-0.2807764064044151	-1.0
-0.8507810593582119	-2.0
0.5	-1.0
-0.6180339887498948	-2.0
-1.879960832109028	-4.0
-0.2807764064044151	-1.0
-0.2807764064044151	-1.0
-3.0697049797528155	-7.0
-2.175130870566646	-5.0
-0.6180339887498948	-2.0
-1.137458608817688	-2.0
0.0	0.0
-0.2807764064044151	-1.0
-1.0	-3.0
0.0	0.0
-1.6045248848607867	-4.0
-2.063130429041506	-4.0
-1.118033988749895	-3.0
1.0	0.0
-1.8117376914898995	-3.0
0.0	0.0
-0.6180339887498948	-2.0
-0.2807764064044151	-1.0
-0.7807764064044151	-2.0
-0.5000000000000003	-1.0
-1.0000000000000002	-2.0
1.0	0.0
-0.2807764064044151	-1.0
-0.7807764064044151	-2.0
-0.4999999999999999	-1.0
-1.3860009363293833	-3.0
-1.118033988749895	-3.0
1.0	0.0
-0.5550460355114082	-1.0
-0.2807764064044151	-1.0
-0.8149066358459393	-1.0
-1.3149066358459391	-3.0
-2.06155281280883	-5.0
0.0	-2.0
-2.104524884860786	-5.0
-4.456812974785892	-8.0
-2.422144385112379	-5.0
-0.2807764064044151	-1.0
0.2192235935955848	0.0
1.5	1.0
0.0	0.0
-0.7807764064044151	-1.0
-2.246462669565888	-4.0
-1.118033988749895	-3.0
-3.5	-6.0
-1.0	-3.0
-1.0000000000000002	-2.0
-3.3271920242663007	-7.0
-4.0	-7.0
-0.7807764064044151	-1.0
-4.0	-8.0
-1.7807764064044151	-4.0
-2.658617831909558	-6.0
-1.4142135623730951	-4.0
-1.5	-4.0
-2.4409112912071405	-5.0
-4.004877010224063	-7.0
-2.302775637731995	-6.0
-2.302775637731995	-6.0
-2.173104608972445	-5.0
-2.414213562373095	-5.0
-1.2544780410494782	-3.0
-2.10073616910962	-4.0
-1.9296664994307864	-4.0
-0.6180339887498948	-2.0
0.0	0.0
-1.5	-2.0
-1.4142135623730951	-4.0
-3.6601123203038335	-7.0
-2.623651667137928	-5.0
-2.414213562373095	-5.0
-1.5856182076338623	-3.0
-2.815666099674777	-6.0
-2.302775637731995	-5.0
-1.0	-4.0
-2.142607014773968	-5.0
-1.0	-3.0
-3.2194749254598944	-7.0
-0.2807764064044151	-1.0
-2.2969269785875017	-5.0
-4.207164697755131	-9.0
-0.5	-0.0
-2.59885594699524	-5.0
-0.5000000000000002	-1.0
-0.2807764064044151	-1.0
0.0	0.0
-0.5000000000000002	-1.0
-0.2807764064044151	-1.0
-1.6374586088176872	-3.0
-2.5	-5.0
-0.2807764064044151	-0.0
-1.2807764064044151	-3.0
-1.6045248848607865	-4.0
1.0	0.0
-0.2807764064044151	-1.0
0.0	0.0
-0.1180339887498948	-1.0
-0.7807764064044151	-2.0
1.5	1.0
-0.1180339887498948	-1.0
1.5	1.0
0.2192235935955848	0.0
-0.5000000000000002	-1.0
-0.1180339887498948	-1.0
-0.2807764064044151	-1.0
1.5	1.0
-0.6180339887498948	-2.0
0.0	0.0
-0.6180339887498948	-2.0
-1.8414182921069904	-4.0
-1.5210127632816015	-3.0
-1.7555151741123964	-3.0
-0.8507810593582119	-2.0
-2.0000000000000004	-4.0
-0.6180339887498948	-2.0
-0.6180339887498948	-2.0
-1.0	-3.0
-0.6180339887498948	-2.0
-1.5000000000000009	-3.0
-0.6180339887498948	-2.0
0.0	0.0
-1.7716062078695842	-4.0
-1.0	-2.0
-1.6845012679009292	-4.0
-1.0	-3.0
-1.802775637731996	-3.0
-0.5941542653123191	-1.0
-1.0	-2.0
-0.2807764064044151	-1.0
-0.2807764064044151	-1.0
0.0	0.0
-0.2807764064044151	-1.0
0.0	0.0
-0.8507810593582124	-2.0
0.0	0.0
-0.6180339887498948	-2.0
0.0	0.0
-0.1180339887498948	-1.0
1.5	1.0
-1.6374586088176872	-4.0
-1.3149066358459391	-3.0
-2.261334234054776	-4.0
-0.2807764064044151	-1.0
0.0	0.0
-0.2807764064044151	-1.0
0.0	0.0
-0.8507810593582119	-2.0
-0.6180339887498948	-2.0
-0.2807764064044151	-1.0
-0.8507810593582119	-2.0
0.0	0.0
-1.0000000000000004	-2.0
-0.2807764064044151	-1.0
-1.0	-3.0
-2.361942837372149	-4.0
-1.3860009363293833	-2.0
-0.2807764064044151	-1.0
-1.0	-3.0
-1.2320508075688774	-3.0
0.0	0.0
0.2192235935955848	0.0
0.0	0.0
-2.302775637731995	-5.0
-0.6180339887498948	-1.0
-4.910171037020588	-9.0
1.5	1.0
-0.5	-2.0
0.0	0.0
0.0	0.0
0.2192235935955848	0.0
0.0	0.0
1.5	1.0
-0.6180339887498948	-2.0
-1.8414182921069904	-4.0
-0.6180339887498948	-2.0
-1.84141829210699	-4.0
-0.6180339887498948	-2.0
-1.2320508075688774	-3.0
-2.3220111407735287	-4.0
-1.84141829210699	-3.0
-0.7807764064044151	-2.0
-0.5000000000000003	-1.0
-0.2807764064044151	-1.0
1.0	0.0
-0.2807764064044151	-1.0
-0.2807764064044151	-1.0
0.0	0.0
-0.5000000000000003	-1.0
-1.0	-3.0
-2.045145293325591	-4.0
0.0	-2.0
1.0	0.0
0.0	0.0
0.0	0.0
-0.2807764064044151	-1.0
-1.0	-3.0
-1.0	-3.0
-1.5000000000000004	-3.0
-1.8414182921069908	-4.0
1.0	0.0
0.0	-2.0
-3.350189600795793	-6.0
-1.5531505630215712	-3.0
-2.0	-4.0
-1.3149066358459396	-1.0
-1.7320508075688774	-4.0
-0.5	-0.0
-0.8507810593582119	-1.0
-0.8507810593582119	-2.0
-1.118033988749895	-3.0
-0.5	-1.0
-2.838573305375471	-5.0
-1.618033988749895	-4.0
-3.686699129566302	-7.0
-2.5000000000000004	-4.0
-2.094767010167541	-5.0
-0.2807764064044151	-0.0
-2.270833270595168	-5.0
-2.302775637731995	-6.0
-2.350781059358212	-6.0
-2.302775637731995	-6.0
-1.5000000000000002	-2.0
-0.7807764064044151	-1.0
-2.598151659767464	-4.0
-2.766010400269647	-4.0
-2.2403636367293536	-4.0
0.5	-1.0
0.0	1.0
-1.850781059358212	-4.0
0.5	-1.0
1.0	0.0
-1.2168323148916436	-3.0
-0.2807764064044151	-1.0
-0.2807764064044151	-1.0
-1.0	-3.0
-0.2807764064044151	-1.0
-1.3149066358459396	-3.0
-1.8709018567318336	-3.0
-1.4142135623730951	-4.0
-1.6231558766000298	-3.0
-1.118033988749895	-2.0
-2.118033988749895	-5.0
-2.118033988749895	-5.0
-1.4163911111299754	-2.0
-2.0	-5.0
-2.500000000000001	-5.0
-2.7902858902266208	-5.0
-0.5	-3.0
-2.043804379401738	-3.0
-0.6180339887498948	-2.0
-1.0	-2.0
1.5	1.0
-0.1180339887498948	-1.0
0.5	-1.0
-0.6180339887498948	-2.0
-1.0	-2.0
-1.3149066358459396	-3.0
-1.868150906683045	-4.0
-0.7807764064044151	-2.0
1.5	1.0
-0.5	-2.0
1.5	1.0
0.2192235935955848	0.0
0.0	0.0
0.0	0.0
0.0	0.0
0.0	0.0
0.0	0.0
-0.2807764064044151	-1.0
1.5	1.0
0.2192235935955848	0.0
-0.8149066358459393	-2.0
-0.2807764064044151	-1.0
-1.2320508075688774	-3.0
-1.0	-3.0
0.0	-2.0
-1.118033988749895	-3.0
-1.0	-3.0
-1.9142135623730951	-5.0
-4.364623979216754	-9.0
-1.6045248848607867	-4.0
1.0	0.0
-0.2807764064044151	-1.0
-0.6180339887498948	-2.0
-1.2320508075688774	-3.0
-1.5000000000000004	-3.0
-1.0	-1.0
-0.7807764064044151	-2.0
-1.9690017499285173	-4.0
-0.1180339887498948	-1.0
1.5	1.0
-1.5	-3.0
-1.5000000000000004	-3.0
-2.976382192388679	-6.0
0.5	-1.0
-2.808648493534248	-5.0
-0.5000000000000003	-1.0
-0.2807764064044151	-1.0
1.0	0.0
-0.1180339887498948	-1.0
-0.6180339887498948	-2.0
-2.1720590386686127	-5.0
0.5	-1.0
0.5	-1.0
-2.302775637731995	-5.0
-2.414213562373095	-6.0
-3.01413692933529	-7.0
-2.781862654869156	-6.0
-2.0615528128088303	-5.0
-0.2807764064044151	-0.0
1.5	1.0
0.0	-2.0
-1.3860009363293833	-3.0
0.0	-2.0
-1.118033988749895	-2.0
-1.4999999999999998	-3.0
-0.8507810593582119	-2.0
-0.6180339887498948	-1.0
-1.4142135623730951	-3.0
-1.2320508075688772	-3.0
-0.2807764064044151	-1.0
1.0	0.0
-4.697678307258837	-9.0
-0.6180339887498948	-2.0
-2.5	-4.0
-2.4352815947651174	-4.0
-0.6180339887498948	-1.0
-2.0615528128088303	-4.0
-1.7276565084829327	-3.0
-1.5000000000000004	-3.0
-0.5	-3.0
-2.4694219882390245	-5.0
-1.350781059358212	-4.0
-1.3149066358459396	-3.0
-0.2807764064044151	-1.0
-3.23606797749979	-8.0
-3.302775637731995	-8.0
-2.322011140773529	-4.0
-3.143776873873187	-6.0
-2.4333998113263124	-4.0
-1.2807764064044151	-3.0
-0.6180339887498948	-2.0
-2.0	-4.0
-2.56155281280883	-5.0
-0.1180339887498948	-1.0
1.5	1.0
-0.8507810593582119	-2.0
-0.5	-3.0
-2.3973485867341964	-4.0
0.0	-2.0
-1.34292308277717	-2.0
1.5	1.0
0.2192235935955848	0.0
1.5	1.0
0.2192235935955848	0.0
-2.309005852956357	-5.0
-1.5	-3.0
-1.2807764064044151	-2.0
-1.2807764064044151	-3.0
-1.3860009363293833	-2.0
-1.410417487828722	-3.0
-1.0941542653123193	-2.0
0.5	-1.0
-2.193789663952993	-4.0
-1.3149066358459396	-2.0
-1.2807764064044151	-2.0
-0.6180339887498948	-2.0
-1.6947765516485276	-4.0
-1.6374586088176883	-4.0
-0.2807764064044151	-1.0
-0.2807764064044151	-1.0
0.0	0.0
-1.6374586088176883	-4.0
-0.2807764064044151	-1.0
-0.5	-2.0
-0.6180339887498948	-1.0
-1.2320508075688774	-3.0
-0.5	-1.0
-0.5	-1.0
-0.6180339887498948	-2.0
-1.8414182921069908	-3.0
0.0	0.0
0.0	0.0
0.0	0.0
-0.2807764064044151	-1.0
0.0	0.0
0.8819660112501052	-1.0
-2.012585941919298	-3.0
-1.6374586088176877	-4.0
-2.2879074968515827	-4.0
-0.5000000000000002	-1.0
-1.0	-3.0
0.2192235935955848	0.0
1.5	1.0
-0.2807764064044151	-1.0
-0.6180339887498948	-2.0
-1.203490590044939	-2.0
-2.324732489120447	-5.0
-0.8130990342636472	-1.0
-1.5	-4.0
-1.194776551648528	-3.0
1.0	0.0
-1.868150906683045	-4.0
-1.4142135623730951	-4.0
0.0	0.0
-1.5210127632815995	-3.0
-2.395191365820323	-5.0
-0.8315659834805108	-1.0
-1.8621857352769249	-4.0
0.5	-1.0
-1.9339429436655504	-4.0
-1.3149066358459396	-3.0
-1.5	-3.0
-1.0	-2.0
-0.5000000000000002	-1.0
-0.2807764064044151	-1.0
-1.118033988749895	-3.0
-0.1180339887498948	-1.0
-0.8507810593582119	-2.0
1.5	1.0
0.0	0.0
0.0	0.0
0.0	0.0
-1.0	-3.0
0.0	0.0
-1.947056423009365	-4.0
-0.5	-1.0
-1.0000000000000002	-2.0
-2.5	-6.0
-2.815933522566193	-4.0
-3.623630251012535	-6.0
-3.456122243442357	-6.0
-1.0	-3.0
-0.2807764064044151	-1.0
-0.8507810593582124	-2.0
-1.2320508075688772	-3.0
-0.5	-2.0
1.5	1.0
-0.6180339887498948	-2.0
0.0	0.0
-1.791287847477919	-3.0
0.2192235935955848	0.0
-1.832265059021875	-3.0
0.5	-1.0
-1.3149066358459396	-2.0
-0.7807764064044151	-1.0
-0.6180339887498948	-2.0
-0.2807764064044151	-1.0
-0.5000000000000002	-1.0
-0.1180339887498948	-1.0
-0.5	-1.0
-1.2320508075688774	-3.0
1.0	0.0
-1.1374586088176877	-3.0
-1.0	-3.0
0.0	0.0
0.0	-2.0
-1.573908387666939	-3.0
-1.7807764064044151	-4.0
-2.212214450449025	-5.0
-1.118033988749895	-2.0
0.5	-1.0
0.0	-2.0
1.0	0.0
0.0	0.0
-0.6180339887498948	-2.0
0.0	0.0
-0.2807764064044151	-1.0
-0.6180339887498948	-1.0
-1.0	-2.0
-1.118033988749895	-2.0
-3.2194749254598936	-6.0
-2.1045248848607865	-4.0
-1.0	-3.0
0.2192235935955848	0.0
-0.8507810593582124	-2.0
-0.2807764064044151	-1.0
-0.8507810593582119	-2.0
-0.1180339887498948	-1.0
-1.0	-3.0
-0.6180339887498948	-2.0
-0.6180339887498948	-2.0
-0.5	-2.0
1.5	1.0
-2.104910962385727	-4.0
-1.3149066358459396	-2.0
-1.5000000000000002	-2.0
-1.2320508075688774	-3.0
-3.5292255477165404	-6.0
-1.7320508075688776	-4.0
-1.0	-2.0
-2.1045248848607865	-5.0
-3.776576109320051	-7.0
-2.72199678112573	-5.0
-0.6180339887498948	-2.0
0.0	0.0
-1.0	-3.0
-1.2807764064044151	-2.0
1.0	0.0
0.5	-1.0
0.0	0.0
0.2192235935955848	0.0
1.5	1.0
1.0	0.0
-1.1947765516485278	-3.0
1.5	1.0
0.2192235935955848	0.0
1.5	1.0
0.2192235935955848	0.0
-1.850781059358212	-5.0
0.0	0.0
0.0	0.0
-2.0837826316139365	-5.0
-0.5	-3.0
-2.635633220251566	-4.0
-0.6180339887498948	-2.0
0.5	-1.0
1.0	0.0
0.2192235935955848	0.0
1.5	1.0
0.0	0.0
-0.1180339887498948	-1.0
1.5	1.0
0.5	-1.0
-1.2320508075688774	-3.0
0.0	0.0
0.0	0.0
-0.2807764064044151	-1.0
0.0	0.0
0.0	0.0
-0.2807764064044151	-1.0
-1.5000000000000004	-2.0
-1.7655644370746368	-3.0
-2.4352815947651174	-4.0
1.0	0.0
-2.06155281280883	-5.0
-0.6180339887498948	-2.0
0.0	0.0
-1.84141829210699	-4.0
0.5	-1.0
0.0	0.0
-1.118033988749895	-3.0
-2.157231183269129	-4.0
-1.0	-2.0
0.0	0.0
-0.2807764064044151	-1.0
0.2192235935955848	0.0
-2.7938093667084467	-5.0
-0.7807764064044151	-2.0
-1.6374586088176883	-4.0
-1.8414182921069908	-4.0
1.0	0.0
-0.5	-0.0
-0.6180339887498948	-2.0
0.0	0.0
0.0	0.0
-1.350781059358212	-3.0
0.0	0.0
0.0	0.0
0.0	0.0
0.0	0.0
-0.6180339887498948	-2.0
0.719223593595585	-1.0
-1.0	-3.0
0.2192235935955848	0.0
1.5	1.0
-0.5000000000000002	-1.0
-0.5	-1.0
-0.2807764064044151	-1.0
-0.2807764064044151	-1.0
-0.8507810593582124	-1.0
-0.5	-0.0
-1.7320508075688767	-3.0
-1.802775637731995	-2.0
-1.796926978587502	-4.0
-2.816045236674082	-5.0
1.0	0.0
-1.618033988749895	-4.0
-1.4142135623730951	-4.0
-1.3732841234978588	-3.0
-3.851331937185929	-7.0
-1.4142135623730951	-4.0
0.0	0.0
-0.6180339887498948	-2.0
-1.8443057803738216	-4.0
-0.2807764064044151	-1.0
1.0	0.0
0.0	-2.0
0.0	0.0
-0.2807764064044151	-1.0
0.0	0.0
0.2192235935955848	0.0
1.5	1.0
0.0	0.0
1.5	1.0
1.0	0.0
-1.0000000000000002	-2.0
0.2192235935955848	0.0
1.5	1.0
0.0	0.0
1.0	0.0
-0.7320508075688775	-2.0
0.0	0.0
0.0	0.0
0.0	0.0
-0.7807764064044151	-1.0
-1.5	-4.0
-1.350781059358212	-4.0
1.2192235935955849	0.0
-1.202023498232214	-2.0
-1.6819749887888762	-2.0
0.0	-2.0
-1.2807764064044151	-3.0
-1.0	-3.0
-1.5615528128088303	-2.0
-1.0	-1.0
-1.0	-1.0
0.0	1.0
0.5	-1.0
-0.9142135623730948	-3.0
1.5	1.0
0.0	-2.0
-0.6180339887498948	-2.0
-1.0	-2.0
0.0	0.0
0.5	-1.0
-0.2807764064044151	-1.0
-1.0	-2.0
-0.5	-1.0
1.0	0.0
-0.8507810593582119	-2.0
-0.5	-2.0
1.5	1.0
0.0	0.0
-1.7807764064044151	-3.0
-0.2807764064044151	-1.0
0.5	-1.0
-0.1180339887498948	-1.0
1.5	1.0
-0.1180339887498948	-1.0
1.5	1.0
-1.850781059358212	-5.0
1.0	0.0
-0.2807764064044151	-1.0
-3.23606797749979	-8.0
-0.5	-1.0
1.5	1.0
0.0	0.0
-0.6180339887498948	-2.0
0.5	-1.0
-1.386000936329383	-3.0
-0.5	-2.0
-0.6180339887498948	-2.0
-0.7807764064044151	-2.0
-0.8507810593582119	-2.0
-0.5	-1.0
-0.2807764064044151	-1.0
-0.6180339887498948	-2.0
-0.6180339887498948	-2.0
0.0	0.0
0.2192235935955848	0.0
1.5	1.0
0.0	0.0
1.5	1.0
0.2192235935955848	0.0
0.0	0.0
-0.5000000000000002	-1.0
-0.2807764064044151	-1.0
-0.7807764064044151	-2.0
-0.6180339887498948	-2.0
0.2192235935955848	0.0
-1.0	-2.0
1.5	1.0
-0.6180339887498948	-2.0
-0.79128784747792	-2.0
-0.8149066358459393	-2.0
2.0	2.0
-0.7912878474779205	-2.0
1.0	0.0
-1.7938707252360055	-4.0
-1.0	-3.0
-0.6180339887498948	-2.0
-0.5	-3.0
0.0	0.0
-1.0	-3.0
-0.5	-1.0
-0.2807764064044151	-1.0
1.0	0.0
-0.7807764064044151	-2.0
-0.6180339887498948	-2.0
-0.6180339887498948	-2.0
0.0	-2.0
-1.0	-2.0
-1.0	-2.0
0.0	0.0
0.0	0.0
0.0	0.0
-1.0	-2.0
1.2192235935955849	0.0
-2.665403774371002	-5.0
-0.1180339887498948	-1.0
0.0	-2.0
1.5	1.0
-0.5000000000000002	-1.0
-0.2807764064044151	-1.0
-0.2807764064044151	-1.0
-0.5	-1.0
0.0	0.0
-0.2807764064044151	-1.0
1.5	1.0
0.2192235935955848	0.0
-0.5	-0.0
-0.1180339887498948	-1.0
1.5	1.0
-0.5	-2.0
-1.386000936329383	-2.0
1.5	1.0
-0.6180339887498948	-2.0
0.0	0.0
0.0	0.0
1.5	1.0
1.5	1.0
1.5	1.0
1.5	1.0
-0.4999999999999999	-1.0
0.0	0.0
-0.6180339887498948	-2.0
-0.6180339887498948	-2.0
0.2192235935955848	0.0
1.5	1.0
-0.2807764064044151	-1.0
0.0	0.0
-1.6045248848607865	-4.0
1.5	1.0
-1.2807764064044151	-3.0
-0.6180339887498948	-2.0
-1.2807764064044151	-3.0
-2.811737691489899	-6.0
-0.2807764064044151	-1.0
-0.5000000000000002	-1.0
-0.7807764064044151	-2.0
-0.8507810593582119	-2.0
1.5	1.0
0.2192235935955848	0.0
-1.3149066358459396	-2.0
-1.0	-2.0
-0.8507810593582119	-1.0
-0.8507810593582124	-2.0
-1.0	-2.0
-0.5	-2.0
1.5	1.0
-0.6180339887498948	-2.0
-0.6180339887498948	-2.0
0.0	0.0
-0.2807764064044151	-1.0
0.0	0.0
-0.2807764064044151	-1.0
-0.6180339887498948	-1.0
-0.2807764064044151	-1.0
-0.5	-1.0
1.0	0.0
-0.5	-1.0
1.0	0.0
-0.6180339887498948	-2.0
1.5	1.0
-3.23606797749979	-8.0
-0.2807764064044151	-1.0
-3.302775637731995	-8.0
-3.23606797749979	-8.0
1.5	1.0
-0.5000000000000002	-1.0
-0.7807764064044151	-2.0
-0.6180339887498948	-2.0
-0.6180339887498948	-2.0
-1.3149066358459396	-2.0
-1.5	-4.0
-0.2807764064044151	-1.0
0.5	-1.0
-1.118033988749895	-2.0
-0.2807764064044151	-1.0
-0.1180339887498948	-1.0
1.5	1.0
1.5	1.0
0.2192235935955848	0.0
0.0	0.0
0.0	0.0
-0.6180339887498948	-2.0
-0.2807764064044151	-1.0
-0.7807764064044151	-2.0
-0.6180339887498948	-2.0
-1.5	-4.0
0.0	0.0
0.0	0.0
1.5	1.0
-0.5000000000000002	-1.0
0.2192235935955848	0.0
1.5	1.0
0.0	0.0
0.0	0.0
0.0	0.0
-0.6180339887498948	-2.0
-0.2807764064044151	-1.0
1.0	0.0
-0.7807764064044151	-1.0
-1.0	-3.0
-0.2807764064044151	-1.0
-0.6180339887498948	-2.0
-0.6180339887498948	-2.0
-0.5	-1.0
1.5	1.0
-0.2807764064044151	-1.0
-0.2807764064044151	-1.0
-0.6180339887498948	-2.0
-1.8027756377319943	-3.0
-1.9142135623730951	-5.0
-1.0	-2.0
1.5	1.0
-0.7807764064044151	-2.0
-0.5	-1.0
-0.2807764064044151	-1.0
-0.2807764064044151	-1.0
-0.2807764064044151	-1.0
-0.2807764064044151	-1.0
-0.6180339887498948	-2.0
-0.2807764064044151	-1.0
