0.0	2.6972843074894427e-06
0.0	7.387410404640332e-07
-0.6180339887498948	9.995395149270638e-06
0.0	0.0015477629397585
0.2192235935955848	0.0004115152313852
-0.2807764064044151	0.0057957530309685
-1.5	0.0028959155175739
-0.2807764064044151	0.0011574702042523
-1.7330898483569368	0.0095436241743788
-1.5	0.0009129155036013
0.2192235935955848	3.434023204411209e-05
1.5	8.56645357713022e-06
-0.6180339887498948	0.0001290941231963
-1.118033988749895	2.6461649498553464e-05
-1.2320508075688774	5.263616301340231e-05
-1.659134620395365	5.270090293916832e-05
-2.3414182921069924	0.0110710174639343
-2.718709690391916	0.0159672269134435
-1.2320508075688774	0.0045488453187144
-2.38232396259861	0.0190339849470182
-1.5	0.0048448296408356
-0.5000000000000004	4.333756904787274e-05
-0.5000000000000004	2.016897429157913e-05
-0.8507810593582125	1.7367988971193884e-05
-0.5	0.0001362653100636
-0.6180339887498948	2.553363379716285e-08
-0.6180339887498948	7.197640295769947e-09
-1.868150906683044	9.516972256716533e-08
-1.8681509066830435	3.322258786829654e-09
-1.8414182921069908	4.154031620486813e-09
-1.3149066358459396	9.912377233442132e-10
-1.2320508075688774	9.760897089564592e-10
-1.2320508075688774	1.561731220774575e-09
-0.5	1.104923084979932e-09
-0.7807764064044151	1.0664777262953876e-08
0.0	4.774293528297425e-10
-2.0	1.913975291416902e-09
-1.3860009363293828	6.755149602509964e-07
-0.6180339887498948	4.989084047970065e-07
-0.7807764064044151	1.8146580708627216e-06
-1.5	2.0595665209264018e-07
-1.0	1.887881600182397e-07
-0.2807764064044151	5.5038835416163583e-08
-1.3149066358459396	6.868201452919233e-08
-1.7716062078695851	8.137769693382874e-08
1.5	1.0387863391279813e-07
-0.7469796037174672	2.1887713432259585e-07
1.0	1.9757023294533362e-07
-1.0	1.971261023986977e-06
-1.828130705413408	6.881837725508198e-07
-1.0000000000000002	7.214835543871246e-06
-2.7099902862355907	0.0004143405736018
-1.4241085387947428	0.0001916433806755
-2.06155281280883	0.0004271640464202
-1.4142135623730951	0.0002246032765801
0.0	0.0001547464671378
-1.9763821923886773	0.0001479544008749
-2.1565972630107497	0.0005044436958641
1.5	2.756124216029332e-10
0.0	7.594428926945552e-16
0.0	2.0303047359808635e-16
0.0	2.8408439232665645e-15
0.0	1.0626934793474264e-14
0.0	0.0012037796799349
-0.6180339887498948	0.0026798302222518
-0.6180339887498948	0.0021479044878031
0.0	4.17802692640673e-18
0.0	1.5627532833275374e-17
0.0	1.1170194313328951e-18
-1.8903685277365911	0.0002019831675435
-0.6180339887498948	5.77663183590855e-05
-1.9296664994307864	8.744902721063415e-05
1.5	0.0002102598942066
-2.1510934089371765	0.0006505424590793
-1.041936179717804	0.0001874822391784
-2.414213562373095	0.0012675202455312
-3.56254133545083	0.0039641753710153
-1.4999999999999998	0.0010864941000105
-2.0	0.0016892808062853
-0.2807764064044151	0.0004803652309028
-2.1241505199015043	0.0022869105717512
1.0	3.7116437634994855e-08
-0.5000000000000007	1.4880034723157928e-07
-2.514136929335293	0.0036344540615043
-1.34292308277717	0.0019425513364094
-2.150570481281599	0.0048258067479723
-0.6180339887498948	0.0010441408546942
-3.2020836342457546	0.0066919156191861
0.0	0.0005669367058583
-1.0	0.0010963173498531
-1.0	0.0011728594715718
0.0	0.0005332133559988
-1.0	0.0010880210157152
-2.872281323269014	0.0038254938942599
-3.4011324617173275	0.0031579588329717
-2.629246641581172	0.0014087937330936
-0.5	0.000787718132117
-2.718709690391916	0.0010860313874543
-2.302775637731996	0.0013703685052129
-3.826652315784639	0.0065443611954392
-2.6720590386686123	0.0014630725519121
1.5	0.0001026099892576
1.5	2.6575235498726715e-06
0.2192235935955848	1.0657614562005e-05
-0.6180339887498948	0.0004821878685663
-1.3860009363293833	0.0009606359084767
0.0	0.0009722715620708
0.0	5.737062625184467e-12
-0.6180339887498948	2.080754040834306e-12
-0.2807764064044151	2.0916744915866208e-11
-1.2807764064044151	0.0008528525593274
-1.5	0.0015027186224796
-2.760398644698073	0.0019126702106645
0.5	1.2763557284952671e-05
-2.1937896639529924	5.115218926741256e-05
-0.2807764064044151	4.008332145049071e-05
1.5	5.665690596420579e-07
0.2192235935955848	2.270612488426408e-06
-0.2807764064044151	0.0111954861031632
-1.8027756377319943	0.0378865197853696
-1.0	0.007012690901087
0.0	8.533397396670356e-06
-1.0	3.1929384580966504e-05
0.5	1.0300859045188845e-05
-1.7716062078695851	4.119733386053888e-05
-2.5	0.0001194347612948
-0.6180339887498948	5.211272029101715e-05
-1.3860009363293833	0.000185516621322
-0.6180339887498948	2.3306079890388013e-05
-3.0335462279077645	0.0012159407957119
-1.3149066358459396	0.0001771640477358
1.5	0.0001348061492763
-0.1180339887498948	0.0005406314965381
-1.2320508075688774	0.0002115405317097
-4.476763832217366	0.0007286392313749
-0.5	6.297999274927553e-05
-0.2807764064044151	5.653099307157707e-05
-0.8507810593582124	2.801564850122141e-06
-0.2807764064044151	7.487816636464622e-07
-0.5	1.225714630929971e-06
-1.0	9.25689135343939e-06
-2.5	0.0005567283010875
-5.390409590817945	0.0022321961705952
-0.7807764064044151	0.0002758827219161
-1.0	0.0002018155103527
-0.9142135623730951	4.503371218095504e-05
-1.9660410479054788	6.755217587120385e-05
-2.462580333013741	7.867575732371577e-05
-0.7807764064044151	3.30564290021846e-05
-2.6457513110645907	0.0004831682727679
-3.0	0.0009886047129525
-0.7807764064044151	0.0001419757534428
-3.302775637731995	0.0006772559707067
-1.0	0.0003209515804063
0.0	8.584384921806734e-05
-5.040490687114151	0.0012009361765671
0.0	0.0017460953459457
-0.2807764064044151	0.0058452065322193
-0.2807764064044151	0.0185620263929688
-1.0	0.0445797902703631
-0.8507810593582119	0.029862560925518
1.0	0.0002020613587369
-0.7320508075688774	0.0008052382919024
-1.6565972630107495	3.7085864876958606e-05
-0.5	0.0139152192061652
-0.4999999999999999	0.0066557775861682
-1.1947765516485274	0.0491507897606851
-2.212214450449027	0.0074103471221036
0.0	5.651838935205104e-15
-2.347211209771972	2.2653454308436817e-14
-1.802775637731996	2.685026340212426e-05
0.6980622641951616	4.348522050730247e-05
-1.0210127632816015	7.492874904086255e-05
-0.6180339887498948	1.0021214553240072e-05
-0.1180339887498948	4.893451162518439e-05
-2.938732290764586	0.0001328704852471
0.5	3.068503074370417e-05
-1.8681509066830444	0.0004621144974204
-1.870326785301631	0.0008807806247794
-0.5	0.0001236988267994
-1.832265059021876	7.396230817005139e-07
-0.6180339887498948	1.999659130663475e-07
-1.862185735276925	1.065273387399718e-06
-1.3149066358459396	1.493214295238255e-06
0.5	1.8582002213588537e-07
0.0	5.6287652385068354e-08
0.0	2.4033427139538723e-08
0.0	3.932090693886528e-08
-0.2807764064044151	1.3235744116316465e-07
-1.6947765516485274	4.871578661351676e-07
-1.0000000000000004	1.4362590874490425e-07
-2.046180021717558	1.6620525911916863e-06
-1.2807764064044151	0.0005704405652255
-1.0	0.0003209512093024
-2.104524884860786	0.0011350767172711
-0.7807764064044151	0.0021919261271333
-0.6180339887498948	1.8886250451965417e-08
0.0	6.722072100846428e-09
-1.7716062078695851	6.899298976826746e-08
0.0	8.06223567489257e-09
-1.0	2.5599027601688724e-08
-1.662941197153243	9.456401844848633e-08
-0.6180339887498948	1.5700460495287514e-08
-1.3860009363293833	1.0974715189705604e-08
0.0	5.196626202334528e-08
-2.57122868021343	0.0038407758722698
-1.9333303093335343	0.00156177041421
1.0	0.0012284375953694
-3.910777797665157	0.0126063051466733
-0.2807764064044151	1.926275743866264e-07
-0.8507810593582119	7.202680396584344e-07
0.5	1.7209472305633582e-08
-0.6180339887498948	2.1361577892943586e-08
-1.879960832109028	2.1913864345586746e-07
-0.2807764064044151	0.0340165997142448
-0.2807764064044151	0.0176735767898908
-3.0697049797528155	0.1187487041521498
-2.175130870566646	0.0368621230665968
-0.6180339887498948	0.0006009125434775
-1.137458608817688	0.0021548871807957
0.0	0.0002515380006132
-0.2807764064044151	0.0004046001756292
-1.0	2.5281245468526863e-08
0.0	6.788278673251787e-09
-1.6045248848607867	0.016286247875699
-2.063130429041506	0.0470743389470801
-1.118033988749895	0.0141800606243334
1.0	0.0040609423791734
-1.8117376914898995	0.0405823176095379
0.0	0.0051858754882997
-0.6180339887498948	0.0191952947342025
-0.2807764064044151	0.0016023605775347
-0.7807764064044151	1.8378736378660079e-09
-0.5000000000000003	5.449008234380109e-10
-1.0000000000000002	6.823206142417004e-09
1.0	1.3592076865173523e-10
-0.2807764064044151	2.1070867903332967e-10
-0.7807764064044151	5.435373398297776e-09
-0.4999999999999999	8.268593323061588e-09
-1.3860009363293833	1.3521829831275456e-08
-1.118033988749895	2.5650499493795705e-08
1.0	2.062548005193632e-09
-0.5550460355114082	8.344044448441914e-08
-0.2807764064044151	2.998171007283194e-10
-0.8149066358459393	3.51767880244485e-10
-1.3149066358459391	3.860223566676719e-08
-2.06155281280883	0.0063842846684876
0.0	0.0044932607944284
-2.104524884860786	0.0022467397225208
-4.456812974785892	0.0188249260609902
-2.422144385112379	0.0012403992878136
-0.2807764064044151	0.0013710976731504
0.2192235935955848	3.847750071107758e-07
1.5	9.59421549876838e-08
0.0	1.4471935505384648e-06
-0.7807764064044151	0.0022515059171094
-2.246462669565888	0.0044787995633675
-1.118033988749895	0.0049152399740606
-3.5	0.009163839752741
-1.0	0.0024483790850558
-1.0000000000000002	0.0031383241367337
-3.3271920242663007	0.0202563577228664
-4.0	0.0064252832807952
-0.7807764064044151	0.0016995024282423
-4.0	0.0153057609267603
-1.7807764064044151	0.0050850402241182
-2.658617831909558	0.0049375839387628
-1.4142135623730951	0.0044770012652175
-1.5	0.0128454220641994
-2.4409112912071405	0.0151500564100759
-4.004877010224063	0.0116017585383066
-2.302775637731995	0.0050575435087037
-2.302775637731995	0.0053508030955382
-2.173104608972445	0.0114475410984905
-2.414213562373095	0.0062108795921782
-1.2544780410494782	0.0140338636705322
-2.10073616910962	0.015656195871455
-1.9296664994307864	0.0108000176601157
-0.6180339887498948	0.0180131283420425
0.0	0.0056789346532145
-1.5	0.0665619776605857
-1.4142135623730951	0.0047620121662003
-3.6601123203038335	0.2059689839950316
-2.623651667137928	0.1873244539788096
-2.414213562373095	0.0768799751410467
-1.5856182076338623	0.1327262520598375
-2.815666099674777	0.0800098711872124
-2.302775637731995	0.0673935163174642
-1.0	0.0630957706183791
-2.142607014773968	0.0998527737123706
-1.0	0.0012256598035222
-3.2194749254598944	0.0045349546002225
-0.2807764064044151	0.0003677393277
-2.2969269785875017	0.0026734888032568
-4.207164697755131	0.0052125130412217
-0.5	0.0009295686894783
-2.59885594699524	0.0134189338429859
-0.5000000000000002	0.000245453390584
-0.2807764064044151	0.0002987638911525
0.0	0.00058406622159
-0.5000000000000002	0.0006141208058251
-0.2807764064044151	0.0020436221639272
-1.6374586088176872	0.0076118376826047
-2.5	0.0236000131269305
-0.2807764064044151	0.004883472498702
-1.2807764064044151	0.0157195073464811
-1.6045248848607865	0.0136783123315485
1.0	0.0034106591130192
-0.2807764064044151	0.0043713218428355
0.0	0.0038527003957359
-0.1180339887498948	0.0001632807056471
-0.7807764064044151	0.0020008750185152
1.5	1.0321620559372776e-15
-0.1180339887498948	4.137062627729545e-15
1.5	2.35776999425398e-16
0.2192235935955848	9.450211901305836e-16
-0.5000000000000002	1.5550022534078573e-14
-0.1180339887498948	4.137062627729545e-15
-0.2807764064044151	5.405438049857487e-14
1.5	1.0321620559372776e-15
-0.6180339887498948	6.315496434375082e-07
0.0	2.3128425212533985e-06
-0.6180339887498948	8.641083471977468e-06
-1.8414182921069904	3.233121338039691e-05
-1.5210127632816015	0.0005632383397952
-1.7555151741123964	0.0010833820958842
-0.8507810593582119	8.598713067447595e-05
-2.0000000000000004	0.0007750605443457
-0.6180339887498948	0.0005588958605214
-0.6180339887498948	0.000677482042278
-1.0	3.007025035582538e-08
-0.6180339887498948	9.704246074757437e-08
-1.5000000000000009	2.2558971780442305e-08
-0.6180339887498948	8.996448952400314e-05
0.0	2.4036251063985457e-05
-1.7716062078695842	0.0003366231729444
-1.0	5.241279038764935e-10
-1.6845012679009292	5.112435977753173e-09
-1.0	9.59520333354692e-10
-1.802775637731996	5.995216251498739e-10
-0.5941542653123191	5.060080405241178e-09
-1.0	1.305755525590611e-07
-0.2807764064044151	4.162185312335869e-07
-0.2807764064044151	4.9611109130827334e-08
0.0	4.724622327794898e-07
-0.2807764064044151	1.7640112340139797e-06
0.0	1.302176992434118e-07
-0.8507810593582124	6.599990064419108e-06
0.0	6.281091521244392e-06
-0.6180339887498948	2.3320795078529e-05
0.0	1.6914096769302651e-06
-0.1180339887498948	3.905708756730749e-06
1.5	9.81391471497863e-07
-1.6374586088176872	1.4564215203597016e-05
-1.3149066358459391	0.0012398190031521
-2.261334234054776	5.0068073935699606e-05
-0.2807764064044151	4.002653054147396e-06
0.0	1.3247440720701106e-06
-0.2807764064044151	0.0001961693169737
0.0	0.0001676926329659
-0.8507810593582119	0.0006187565964733
-0.6180339887498948	0.000476047134947
-0.2807764064044151	4.435291150766561e-05
-0.8507810593582119	1.7969910620761725e-05
0.0	0.0001598599593972
-1.0000000000000004	2.2882872299400984e-05
-0.2807764064044151	4.812413001728243e-06
-1.0	3.975357220174768e-14
-2.361942837372149	1.4871390319129416e-13
-1.3860009363293833	0.0017405471018617
-0.2807764064044151	0.0005092720917243
-1.0	0.0014016593978166
-1.2320508075688774	0.0006401318994997
0.0	1.6026195128944382e-09
0.2192235935955848	4.2626877223265536e-10
0.0	5.998817863373133e-09
-2.302775637731995	0.1094953870925685
-0.6180339887498948	0.0740112875922041
-4.910171037020588	0.3651165169806081
1.5	2.233550200694302e-05
-0.5	8.954023022926064e-05
0.0	0.000654171796735
0.0	0.0001748452739323
0.2192235935955848	1.2063819158339094e-09
0.0	4.4943962162246375e-09
1.5	3.0337693066397536e-10
-0.6180339887498948	1.860609728054684e-12
-1.8414182921069904	6.907958889263588e-12
-0.6180339887498948	5.503117416217223e-13
-1.84141829210699	2.603665713653252e-12
-0.6180339887498948	1.8458229022604204e-12
-1.2320508075688774	2.1380870586001383e-11
-2.3220111407735287	3.452831181958336e-13
-1.84141829210699	5.904513382270415e-13
-0.7807764064044151	9.454363044156873e-14
-0.5000000000000003	1.344058752647888e-05
-0.2807764064044151	3.589878857495388e-06
1.0	3.351814993135556e-06
-0.2807764064044151	4.695444782701781e-05
-0.2807764064044151	1.4590365917209338e-17
0.0	5.429784699532711e-17
-0.5000000000000003	4.178035333703901e-18
-1.0	2.8035532369498703e-05
-2.045145293325591	5.3837684052295405e-05
0.0	1.352661422653675e-05
1.0	0.0090987385040969
0.0	8.399745710706508e-08
0.0	2.2447537427931605e-08
-0.2807764064044151	3.143163149917802e-07
-1.0	1.3536586569841576e-05
-1.0	3.818609188188254e-06
-1.5000000000000004	0.0002646857828578
-1.8414182921069908	9.106600666032472e-05
1.0	8.521046511564341e-05
0.0	2.3075105799244723e-05
-3.350189600795793	3.801024014820176e-05
-1.5531505630215712	5.828486876897029e-05
-2.0	9.138350493978088e-05
-1.3149066358459396	1.7949837794687028e-06
-1.7320508075688774	4.804399997923858e-06
-0.5	1.277317016528798e-06
-0.8507810593582119	3.28891479112357e-06
-0.8507810593582119	0.000376151830298
-1.118033988749895	0.0001597160444021
-0.5	0.0001228408266074
-2.838573305375471	0.0002600665792006
-1.618033988749895	0.0045123314629579
-3.686699129566302	0.0090551927524565
-2.5000000000000004	0.0041234339380497
-2.094767010167541	0.003546508792193
-0.2807764064044151	0.0011174378616394
-2.270833270595168	0.0041688821265176
-2.302775637731995	0.0010693697889455
-2.350781059358212	0.0011020946622481
-2.302775637731995	0.0017379270668308
-1.5000000000000002	0.002328359521179
-0.7807764064044151	0.0019851025862303
-2.598151659767464	0.0056067490631543
-2.766010400269647	0.0056258501938519
-2.2403636367293536	0.0029369745015817
0.5	0.0022410747690149
0.0	0.0009072528765419
-1.850781059358212	0.0024988888319444
0.5	3.714843997138422e-05
1.0	6.112709935557663e-06
-1.2168323148916436	2.43266846222894e-05
-0.2807764064044151	3.980177011671368e-08
-0.2807764064044151	5.196292902117164e-07
-1.0	0.0012461798315325
-0.2807764064044151	0.0004496919463907
-1.3149066358459396	0.0005522598626629
-1.8709018567318336	0.0082646328225757
-1.4142135623730951	0.0032414249409401
-1.6231558766000298	0.0070748976782448
-1.118033988749895	0.0013938147743444
-2.118033988749895	0.0037427069647861
-2.118033988749895	0.0045930109343045
-1.4163911111299754	0.006042746282125
-2.0	0.0020517268416914
-2.500000000000001	0.0050534137302622
-2.7902858902266208	0.006425513555021
-0.5	0.0021629730705104
-2.043804379401738	0.0036472874729356
-0.6180339887498948	1.0765327018789465e-08
-1.0	3.35609963414109e-09
1.5	5.1835216078617215e-12
-0.1180339887498948	2.0778650295915063e-11
0.5	8.371658759785757e-10
-0.6180339887498948	1.9344386914626777e-06
-1.0	7.23577238537038e-06
-1.3149066358459396	0.0008777258312887
-1.868150906683045	0.0026911301072498
-0.7807764064044151	0.0002746885790606
1.5	7.205797776173432e-05
-0.5	0.0002888751970603
1.5	1.5949147096163675e-06
0.2192235935955848	6.393680562146722e-06
0.0	1.0523814939568928e-09
0.0	3.937491590449098e-09
0.0	2.8127570208928804e-10
0.0	7.517904782410069e-11
0.0	1.4732328403792168e-08
-0.2807764064044151	5.512242626745167e-08
1.5	5.600576431843242e-11
0.2192235935955848	2.2450820161341646e-10
-0.8149066358459393	2.0624826827002248e-07
-0.2807764064044151	8.439806407631432e-10
-1.2320508075688774	3.15879519803059e-09
-1.0	6.087218051507938e-09
0.0	5.6739079396373845e-09
-1.118033988749895	4.178707585363232e-08
-1.0	6.085033015536247e-09
-1.9142135623730951	0.0030701282018154
-4.364623979216754	0.0100752286607219
-1.6045248848607867	0.0021705068575147
1.0	0.0005436022577976
-0.2807764064044151	0.0004481985404729
-0.6180339887498948	0.0003697821586844
-1.2320508075688774	0.0014221070254018
-1.5000000000000004	0.0010322720545416
-1.0	0.0014000024404327
-0.7807764064044151	0.0015884175740748
-1.9690017499285173	0.0025859283379518
-0.1180339887498948	0.0008345528481989
1.5	0.000208125280419
-1.5	0.0016530886377956
-1.5000000000000004	0.0008728868054975
-2.976382192388679	0.0023357065955227
0.5	0.0225823509184567
-2.808648493534248	0.0905659046347789
-0.5000000000000003	1.4378213895975715e-16
-0.2807764064044151	5.02138111839338e-16
1.0	3.587486263746859e-17
-0.1180339887498948	3.825662098605856e-17
-0.6180339887498948	1.8687912837417683e-15
-2.1720590386686127	6.9881094089476895e-15
0.5	1.743505861444848e-15
0.5	1.743505861444848e-15
-2.302775637731995	0.0017622785834855
-2.414213562373095	0.0018423031852141
-3.01413692933529	0.0022364698982879
-2.781862654869156	0.0037146320215747
-2.0615528128088303	0.0021199644061573
-0.2807764064044151	0.0008046439154679
1.5	9.545506404736026e-18
0.0	0.0006327840798873
-1.3860009363293833	0.0012936854266008
0.0	0.0006327840798873
-1.118033988749895	0.0010353814657543
-1.4999999999999998	0.0034893139864437
-0.8507810593582119	0.0012370531469195
-0.6180339887498948	0.0004269839388318
-1.4142135623730951	0.0004164128141604
-1.2320508075688772	0.0584255394633278
-0.2807764064044151	0.0183937202122168
1.0	0.0398378342324065
-4.697678307258837	0.1760823491876738
-0.6180339887498948	0.0153419631204519
-2.5	0.0431348375347098
-2.4352815947651174	0.1220759889274796
-0.6180339887498948	0.0119732195939115
-2.0615528128088303	0.1515682227257325
-1.7276565084829327	0.1709468647895266
-1.5000000000000004	0.0717962291684613
-0.5	0.0439056601696763
-2.4694219882390245	0.1013428764515761
-1.350781059358212	0.046816426826699
-1.3149066358459396	6.717586216281302e-05
-0.2807764064044151	0.000165930087227
-3.23606797749979	0.0005981132390889
-3.302775637731995	0.0024655439556345
-2.322011140773529	0.0076542988857667
-3.143776873873187	0.0209255742985377
-2.4333998113263124	0.005110566325205
-1.2807764064044151	0.0561101485305364
-0.6180339887498948	0.0075439396778544
-2.0	0.0035787643441683
-2.56155281280883	0.004416227741283
-0.1180339887498948	1.1237923965001202e-10
1.5	2.82888757989716e-11
-0.8507810593582119	4.1820060224992444e-10
-0.5	1.1662755179292202e-07
-2.3973485867341964	4.6373325443549763e-07
0.0	1.772721647663172e-07
-1.34292308277717	2.411378863861343e-07
1.5	2.500509276880209e-09
0.2192235935955848	9.943120139757356e-09
1.5	4.1112507589886247e-10
0.2192235935955848	1.6341369531988571e-09
-2.309005852956357	0.2041006528916379
-1.5	0.0403619421762135
-1.2807764064044151	0.0768110625452793
-1.2807764064044151	3.495357660601848e-05
-1.3860009363293833	2.0633590152547857e-05
-1.410417487828722	0.1344919829186499
-1.0941542653123193	0.0918733634247386
0.5	0.0255220961453639
-2.193789663952993	0.1023555450689017
-1.3149066358459396	1.1759351959310689e-05
-1.2807764064044151	9.131953402065123e-06
-0.6180339887498948	2.677187116718796e-05
-1.6947765516485276	0.0013617850582025
-1.6374586088176883	4.281306228162651e-14
-0.2807764064044151	1.1444809226600323e-14
-0.2807764064044151	1.1444829049574816e-14
0.0	3.059495407192983e-15
-1.6374586088176883	3.3676664225255145e-14
-0.2807764064044151	1.7786791380498862e-14
-0.5	1.5708085853099124e-13
-0.6180339887498948	1.669519552472285e-13
-1.2320508075688774	1.6974682502956729e-12
-0.5	5.757232782126426e-12
-0.5	4.566492209132115e-13
-0.6180339887498948	9.923632489951488e-08
-1.8414182921069908	3.712608422666926e-07
0.0	2.6575984938951908e-08
0.0	3.5604707223144196e-09
0.0	2.710443133413132e-09
-0.2807764064044151	1.1563153203045798e-08
0.0	7.305344713659534e-09
0.8819660112501052	0.0019956513672746
-2.012585941919298	0.0027460735368338
-1.6374586088176877	0.0010382261191225
-2.2879074968515827	0.0018214333243497
-0.5000000000000002	4.279572034938322e-08
-1.0	0.0110797809749763
0.2192235935955848	4.91042693566803e-13
1.5	1.2250289473527128e-13
-0.2807764064044151	0.0038781640127051
-0.6180339887498948	0.0107078416232515
-1.203490590044939	0.0390650565958803
-2.324732489120447	0.0865801661630541
-0.8130990342636472	0.0187984651451594
-1.5	0.0037006677011264
-1.194776551648528	0.0014224382158916
1.0	0.0003546861019815
-1.868150906683045	0.0016492135928671
-1.4142135623730951	0.0035908301016833
0.0	0.000981953853688
-1.5210127632815995	0.0075331439219278
-2.395191365820323	0.0201283084747742
-0.8315659834805108	0.0141011623150923
-1.8621857352769249	0.0059648250407397
0.5	0.0014873133843862
-1.9339429436655504	0.0186714259206927
-1.3149066358459396	0.0017296437906936
-1.5	0.0020333621637402
-1.0	0.000466944505727
-0.5000000000000002	1.3299500678798325e-13
-0.2807764064044151	3.7617045662129117e-14
-1.118033988749895	3.883127220341243e-14
-0.1180339887498948	4.008177379160507e-11
-0.8507810593582119	1.4912646936147392e-10
1.5	1.0091523973391296e-11
0.0	2.009403295374896e-11
0.0	5.3708445750122595e-12
0.0	1.4355368046753825e-12
-1.0	5.3403320135153134e-08
0.0	1.4410163679211645e-08
-1.947056423009365	1.9787672810593173e-07
-0.5	7.304283183024925e-11
-1.0000000000000002	2.714250975416158e-10
-2.5	0.1043929071428006
-2.815933522566193	0.2807572358876249
-3.623630251012535	0.2362520019996283
-3.456122243442357	0.2016393647347329
-1.0	8.94823069306144e-14
-0.2807764064044151	2.099562792712157e-13
-0.8507810593582124	7.8110563591699e-11
-1.2320508075688772	0.0216959679005336
-0.5	0.0019702435298041
1.5	0.0004912737235188
-0.6180339887498948	3.705478872300395e-08
0.0	9.992009362255658e-09
-1.791287847477919	1.373920664663721e-07
0.2192235935955848	2.6825304501000222e-09
-1.832265059021875	3.5598607363492785e-07
0.5	8.948127226543069e-08
-1.3149066358459396	1.0924819641722085e-06
-0.7807764064044151	1.1646431701235889e-07
-0.6180339887498948	3.704248725899007e-08
-0.2807764064044151	5.4191761661474005e-06
-0.5000000000000002	2.028633633627189e-05
-0.1180339887498948	5.3936674024993495e-06
-0.5	7.054519913810121e-05
-1.2320508075688774	0.000262634015166
1.0	6.48194653639566e-05
-1.1374586088176877	0.000259957376075
-1.0	1.1214407290392109e-06
0.0	2.7999802521126734e-06
0.0	5.343934229658567e-07
-1.573908387666939	6.515409190158361e-07
-1.7807764064044151	0.0005471539002082
-2.212214450449025	8.659756236752604e-05
-1.118033988749895	0.0001097722622052
0.5	2.486937196330838e-05
0.0	4.9777300823143924e-08
1.0	8.774700516421481e-11
0.0	3.552024300746352e-15
-0.6180339887498948	8.930010838217835e-09
0.0	2.4825993965554692e-08
-0.2807764064044151	9.060148728184457e-08
-0.6180339887498948	0.0008233634475925
-1.0	0.001837779587799
-1.118033988749895	6.922583604875903e-06
-3.2194749254598936	1.584789668529139e-05
-2.1045248848607865	1.94173018097374e-05
-1.0	4.265553941579479e-06
0.2192235935955848	1.1430613643842348e-06
-0.8507810593582124	1.1761740814206115e-06
-0.2807764064044151	4.062877152940313e-06
-0.8507810593582119	3.384142847088489e-07
-0.1180339887498948	9.000899419816906e-08
-1.0	0.0026008993490389
-0.6180339887498948	0.0329957426706582
-0.6180339887498948	0.0417626101444759
-0.5	1.814874179390693e-09
1.5	4.5269891953121224e-10
-2.104910962385727	0.1484123929465454
-1.3149066358459396	0.0323261095089137
-1.5000000000000002	0.0681924137345047
-1.2320508075688774	0.0274715055641652
-3.5292255477165404	0.3002241061798406
-1.7320508075688776	0.103706160429783
-1.0	0.0794910360249062
-2.1045248848607865	0.0361920756730556
-3.776576109320051	0.0285869781802312
-2.72199678112573	0.0088626972192214
-0.6180339887498948	0.000555679841851
0.0	0.0002755937770792
-1.0	0.0005462764379754
-1.2807764064044151	0.0014039648034454
1.0	0.0014553913066536
0.5	2.0298100104685923e-08
0.0	1.4703825545047835e-08
0.2192235935955848	3.910927442298456e-09
1.5	9.75517202240963e-10
1.0	0.0005992438380824
-1.1947765516485278	0.0023959565240925
1.5	3.7894234075358834e-22
0.2192235935955848	1.5185187269037157e-21
1.5	5.42764971400282e-17
0.2192235935955848	2.1753528044564167e-16
-1.850781059358212	0.0024408693353271
0.0	0.0006760509224117
0.0	0.0002540443012219
-2.0837826316139365	0.0027366491680973
-0.5	0.0022227656365038
-2.635633220251566	0.001920747012175
-0.6180339887498948	0.0003364103641814
0.5	0.0012325841244018
1.0	1.0425005121339865e-18
0.2192235935955848	4.534728460126072e-07
1.5	1.1391890516529937e-07
0.0	5.706255077359181e-21
-0.1180339887498948	1.111719523097192e-18
1.5	2.7740029805052267e-19
0.5	2.676756178533485e-07
-1.2320508075688774	7.520998051314775e-13
0.0	1.0910131459009178e-08
0.0	3.002098587757845e-08
-0.2807764064044151	1.3389695543664213e-08
0.0	6.182129882962465e-08
0.0	1.667024758075731e-08
-0.2807764064044151	2.292940392765038e-07
-1.5000000000000004	0.0269466613768395
-1.7655644370746368	0.0753701875524462
-2.4352815947651174	0.1315515899112236
1.0	0.010064147923669
-2.06155281280883	0.0003774175149088
-0.6180339887498948	2.1517861368678445e-05
0.0	5.750625454414555e-06
-1.84141829210699	8.052165388366443e-05
0.5	1.7019528692142724e-09
0.0	2.1348736095183588e-20
-1.118033988749895	0.024567642835335
-2.157231183269129	0.1905207436289545
-1.0	7.87535497522928e-14
0.0	2.3690618614893e-08
-0.2807764064044151	8.787872010642563e-08
0.2192235935955848	6.358484310041481e-09
-2.7938093667084467	0.05354722689573
-0.7807764064044151	0.0119441248588916
-1.6374586088176883	0.037316949464743
-1.8414182921069908	0.0105809836846927
1.0	2.081324919058376e-08
-0.5	8.54178456578404e-08
-0.6180339887498948	8.640128259998002e-06
0.0	2.309013194885727e-06
0.0	6.171534282389002e-07
-1.350781059358212	3.182128400161389e-05
0.0	4.537193012122226e-08
0.0	1.6645791171169806e-08
0.0	1.6525427636810625e-07
0.0	2.421836501072024e-07
-0.6180339887498948	2.2470407783584135e-07
0.719223593595585	1.6640485261606594e-07
-1.0	5.3385522291217497e-08
0.2192235935955848	1.4339472659207886e-08
1.5	3.608221468073558e-09
-0.5000000000000002	0.0004106526879956
-0.5	0.001167891192736
-0.2807764064044151	0.0001316502169429
-0.2807764064044151	0.0003472511278168
-0.8507810593582124	0.0042728357221119
-0.5	0.007426579804051
-1.7320508075688767	0.0085405307378951
-1.802775637731995	0.0255103584079945
-1.796926978587502	0.0099102761277896
-2.816045236674082	0.0266871364361999
1.0	0.0024714380801063
-1.618033988749895	0.0097680039459184
-1.4142135623730951	0.0099850487838159
-1.3732841234978588	0.0127275143013382
-3.851331937185929	0.0303058556986833
-1.4142135623730951	0.0006667591146894
0.0	0.0014294352064835
-0.6180339887498948	0.0003114046564178
-1.8443057803738216	0.0010562291440517
-0.2807764064044151	0.0001853464389056
1.0	0.0006864661900759
0.0	1.324203704554735e-05
0.0	7.957389377164151e-10
-0.2807764064044151	2.977346466033647e-09
0.0	2.1260852695298278e-10
0.2192235935955848	5.655609951842064e-11
1.5	1.4108443620710102e-11
0.0	1.538144849318177e-06
1.5	1.344890888223205e-06
1.0	6.48194653639566e-05
-1.0000000000000002	0.0005031499821012
0.2192235935955848	9.546162403196238e-07
1.5	2.380638643598317e-07
0.0	5.845451682355682e-17
1.0	4.3636960858163443e-07
-0.7320508075688775	1.750008712546439e-06
0.0	2.9864762927782066e-19
0.0	7.984833014111155e-20
0.0	1.6428169873499602e-09
-0.7807764064044151	0.0006523785937873
-1.5	0.0019061808530863
-1.350781059358212	0.0013946399671754
1.2192235935955849	0.0006776232407386
-1.202023498232214	0.0150688061594696
-1.6819749887888762	0.016928714471561
0.0	0.0050189424715177
-1.2807764064044151	0.0302885286643103
-1.0	0.0554327114369953
-1.5615528128088303	0.0035242414481172
-1.0	0.0012304504132989
-1.0	0.0012439961538486
0.0	0.000640238215523
0.5	0.0003514047197713
-0.9142135623730948	0.0053860026015177
1.5	0.0013430484901028
0.0	0.0050511010007534
-0.6180339887498948	4.862294004959367e-05
-1.0	9.116419696129804e-05
0.0	0.0001035646804377
0.5	8.396866690611893e-05
-0.2807764064044151	2.017671879352234e-05
-1.0	6.145466084144707e-06
-0.5	5.52768560629056e-06
1.0	4.3636960858163443e-07
-0.8507810593582119	4.2339274167347744e-08
-0.5	0.0002427233723048
1.5	6.052222891064572e-05
0.0	1.932643727342229e-09
-1.7807764064044151	0.0123037853213557
-0.2807764064044151	0.0034164232256892
0.5	0.0248980889079871
-0.1180339887498948	6.982835775934519e-05
1.5	1.7411452427906747e-05
-0.1180339887498948	1.1366517405314937e-08
1.5	2.858825524280272e-09
-1.850781059358212	0.0029626157494927
1.0	5.144745619038656e-08
-0.2807764064044151	0.0001709350291192
-3.23606797749979	0.0005993619811896
-0.5	2.4886702907668973e-06
1.5	3.918856069252369e-14
0.0	8.584236145236254e-05
-0.6180339887498948	2.321091128511116e-05
0.5	1.7996024921108578e-06
-1.386000936329383	1.0859587312687857e-05
-0.5	2.912137760666819e-06
-0.6180339887498948	1.052606824643364e-05
-0.7807764064044151	2.9420168677896776e-06
-0.8507810593582119	9.369178660707624e-10
-0.5	3.0125646357629305e-09
-0.2807764064044151	4.719140773493925e-10
-0.6180339887498948	9.548867880617458e-10
-0.6180339887498948	8.969452333886902e-10
0.0	2.3964347039604416e-10
0.2192235935955848	3.871235916821063e-09
1.5	9.742546611137963e-10
0.0	1.511316981063996e-05
1.5	2.5457391637682603e-14
0.2192235935955848	1.0204362596028849e-13
0.0	3.835797167682234e-13
-0.5000000000000002	4.096244172332823e-05
-0.2807764064044151	1.1036825222882348e-05
-0.7807764064044151	9.018891272016693e-05
-0.6180339887498948	6.503800755996332e-08
0.2192235935955848	1.746430638918888e-08
-1.0	0.0002233393877372
1.5	1.59889230271989e-09
-0.6180339887498948	6.50889762580473e-08
-0.79128784747792	5.473686708078386e-05
-0.8149066358459393	1.602302173629889e-05
2.0	5.1538959569324e-05
-0.7912878474779205	0.0001519586716632
1.0	3.995296952356908e-06
-1.7938707252360055	0.0313270517062782
-1.0	0.0118486737920732
-0.6180339887498948	0.0069360733228252
-0.5	0.0075571358019778
0.0	0.0003665473732111
-1.0	0.0013660571447501
-0.5	0.0004687078937504
-0.2807764064044151	2.011173446109157e-13
1.0	0.0122556203021547
-0.7807764064044151	0.0005938920477658
-0.6180339887498948	0.0010626173509564
-0.6180339887498948	0.0013117170419688
0.0	0.013352047290196
-1.0	5.905490167143365e-05
-1.0	6.907972474607546e-05
0.0	4.9727139176783575e-14
0.0	1.860306685511168e-13
0.0	1.3292281233831812e-14
-1.0	0.0002166231958656
1.2192235935955849	0.0008387268620051
-2.665403774371002	0.1602236253981809
-0.1180339887498948	0.0001645751769592
0.0	5.651838935205104e-15
1.5	4.105017991990075e-05
-0.5000000000000002	5.146935858679729e-09
-0.2807764064044151	1.7666790126377353e-08
-0.2807764064044151	1.3916513302053362e-09
-0.5	1.4002673030170883e-09
0.0	3.839791983779202e-10
-0.2807764064044151	1.3418196879117227e-10
1.5	4.013087847907307e-12
0.2192235935955848	1.6087344527019368e-11
-0.5	3.312252571323006e-10
-0.1180339887498948	2.596335051737198e-10
1.5	6.476425373809198e-11
-0.5	6.021087117574761e-11
-1.386000936329383	2.2635357170689955e-10
1.5	1.501981079992634e-11
-0.6180339887498948	6.047717966769449e-11
0.0	8.178957818678546e-16
0.0	2.1865227085473762e-16
1.5	2.245071047584727e-08
1.5	0.0003497172286429
1.5	0.0116735478085254
1.5	6.747017129189413e-10
-0.4999999999999999	8.505799807953155e-07
0.0	0.0114543189469405
-0.6180339887498948	0.0359511608767371
-0.6180339887498948	0.0273342480550797
0.2192235935955848	0.0072675795818273
1.5	0.0018121519097157
-0.2807764064044151	0.0003380121848522
0.0	0.0001172017670147
-1.6045248848607865	0.0379326686585766
1.5	4.071347981509833e-05
-1.2807764064044151	0.0095123860348167
-0.6180339887498948	0.0026279698901799
-1.2807764064044151	4.010100509985881e-05
-2.811737691489899	0.0003205481949647
-0.2807764064044151	3.280174526022175e-06
-0.5000000000000002	2.111757563812611e-06
-0.7807764064044151	0.0035152725819158
-0.8507810593582119	0.0032885196018174
1.5	1.5901720319944778e-11
0.2192235935955848	6.374614045216052e-11
-1.3149066358459396	1.2355976934756788e-07
-1.0	2.20000529739002e-08
-0.8507810593582119	3.259239091956709e-07
-0.8507810593582124	1.1139960604009748e-08
-1.0	3.866884275245288e-08
-0.5	1.924566079658482e-06
1.5	4.800502066289357e-07
-0.6180339887498948	2.32165047210924e-05
-0.6180339887498948	1.933833822203747e-06
0.0	1.0858889528297541e-07
-0.2807764064044151	4.0229048995438666e-07
0.0	5.172044162906548e-07
-0.2807764064044151	1.3968400354176196e-07
-0.6180339887498948	1.8720599264231488e-10
-0.2807764064044151	4.5518881223539985e-10
-0.5	1.6517418635543423e-09
1.0	0.0094583982569663
-0.5	0.0111179971609768
1.0	0.0016595989040104
-0.6180339887498948	8.665117534242219e-05
1.5	1.0632661886980795e-10
-3.23606797749979	0.0006187029334967
-0.2807764064044151	0.000248462757031
-3.302775637731995	0.0009081330208588
-3.23606797749979	0.0005965992179383
1.5	2.8703109086286826e-07
-0.5000000000000002	0.0001131498719568
-0.7807764064044151	2.7658840828559307e-05
-0.6180339887498948	3.0388289163770627e-05
-0.6180339887498948	3.039191399056145e-05
-1.3149066358459396	1.4376955779429992e-06
-1.5	1.0374943243895475e-05
-0.2807764064044151	1.3670818005979992e-06
0.5	0.007978500766954
-1.118033988749895	0.0480118380303583
-0.2807764064044151	2.6309336402709257e-10
-0.1180339887498948	0.0049981322436111
1.5	0.0012462781220566
1.5	8.09267776386997e-12
0.2192235935955848	3.215276799414512e-11
0.0	3.0594159668274202e-15
0.0	8.175972432900626e-16
-0.6180339887498948	0.0007319021081676
-0.2807764064044151	0.0002438292307124
-0.7807764064044151	9.312767354996993e-05
-0.6180339887498948	6.073385856608935e-05
-1.5	0.0003711102791599
0.0	4.4342573991876733e-10
0.0	1.1966852768983223e-10
1.5	4.393394586568144e-09
-0.5000000000000002	0.0001500909208477
0.2192235935955848	6.000548501655194e-11
1.5	1.496912838077805e-11
0.0	2.2557222629050354e-10
0.0	2.002489222006054e-07
0.0	5.399441690742013e-08
-0.6180339887498948	1.6206581587046732e-08
-0.2807764064044151	8.442460844012717e-10
1.0	2.137538720863821e-07
-0.7807764064044151	3.518733837718434e-05
-1.0	1.349814050957823e-05
-0.2807764064044151	3.6657268319396928e-06
-0.6180339887498948	1.943630037918464e-06
-0.6180339887498948	5.774127421972025e-07
-0.5	2.0320775878983263e-08
1.5	7.317146666016319e-07
-0.2807764064044151	3.105308846997853e-05
-0.2807764064044151	0.000296814745771
-0.6180339887498948	6.959557641101653e-13
-1.8027756377319943	0.0329974987560485
-1.9142135623730951	0.0841652225432201
-1.0	0.0643103419218822
1.5	3.103127516779945e-05
-0.7807764064044151	2.848810654393064e-05
-0.5	0.0011289847516012
-0.2807764064044151	0.01059465387897
-0.2807764064044151	0.0094917213337646
-0.2807764064044151	0.0206719438208563
-0.2807764064044151	3.958164148134716e-06
-0.6180339887498948	1.3751222053430818e-05
-0.2807764064044151	0.0093273374047948
