0.0	0.0
0.0	0.0
-0.6180339887498948	0.0
0.0	0.0
0.2192235935955848	0.0
-0.2807764064044151	0.0
-1.5	0.0
-0.2807764064044151	0.0
-1.7330898483569368	0.0
-1.5	0.0
0.2192235935955848	0.0
1.5	0.0
-0.6180339887498948	0.0
-1.118033988749895	0.0
-1.2320508075688774	0.0
-1.659134620395365	0.1
-2.3414182921069924	0.0
-2.718709690391916	0.0
-1.2320508075688774	0.0
-2.38232396259861	0.0
-1.5	0.0
-0.5000000000000004	0.3333333333333333
-0.5000000000000004	0.3333333333333333
-0.8507810593582125	0.3333333333333333
-0.5	0.0
-0.6180339887498948	0.0
-0.6180339887498948	0.0
-1.868150906683044	0.0
-1.8681509066830435	0.0
-1.8414182921069908	0.0
-1.3149066358459396	0.0
-1.2320508075688774	0.0
-1.2320508075688774	0.0
-0.5	0.0
-0.7807764064044151	0.0
0.0	0.0
-2.0	0.0
-1.3860009363293828	0.0
-0.6180339887498948	0.0
-0.7807764064044151	0.0
-1.5	0.0
-1.0	0.0
-0.2807764064044151	0.0
-1.3149066358459396	0.0
-1.7716062078695851	0.0
1.5	0.0
-0.7469796037174672	0.0
1.0	0.0
-1.0	0.0
-1.828130705413408	0.0
-1.0000000000000002	0.0
-2.7099902862355907	0.0
-1.4241085387947428	0.0
-2.06155281280883	0.0
-1.4142135623730951	0.0
0.0	0.0
-1.9763821923886773	0.0
-2.1565972630107497	0.0
1.5	0.0
0.0	0.0
0.0	0.0
0.0	0.0
0.0	0.0
0.0	0.0
-0.6180339887498948	0.0
-0.6180339887498948	0.0
0.0	0.0
0.0	0.0
0.0	0.0
-1.8903685277365911	0.0
-0.6180339887498948	0.0
-1.9296664994307864	0.1666666666666666
1.5	0.0
-2.1510934089371765	0.0
-1.041936179717804	0.0
-2.414213562373095	0.0
-3.56254133545083	0.0
-1.4999999999999998	0.1666666666666666
-2.0	0.0
-0.2807764064044151	0.0
-2.1241505199015043	0.1
1.0	0.0
-0.5000000000000007	0.0
-2.514136929335293	0.0
-1.34292308277717	0.0
-2.150570481281599	0.0
-0.6180339887498948	0.0
-3.2020836342457546	0.0476190476190476
0.0	0.0
-1.0	0.0
-1.0	0.0
0.0	0.0
-1.0	0.0
-2.872281323269014	0.0
-3.4011324617173275	0.0
-2.629246641581172	0.0
-0.5	0.0
-2.718709690391916	0.0
-2.302775637731996	0.0
-3.826652315784639	0.1
-2.6720590386686123	0.0
1.5	0.0
1.5	0.0
0.2192235935955848	0.0
-0.6180339887498948	0.0
-1.3860009363293833	0.0
0.0	0.0
0.0	0.0
-0.6180339887498948	0.0
-0.2807764064044151	0.0
-1.2807764064044151	0.0
-1.5	0.0
-2.760398644698073	0.0
0.5	0.0
-2.1937896639529924	0.0
-0.2807764064044151	0.0
1.5	0.0
0.2192235935955848	0.0
-0.2807764064044151	0.0
-1.8027756377319943	0.0
-1.0	0.0
0.0	0.0
-1.0	0.0
0.5	0.0
-1.7716062078695851	0.0
-2.5	0.0
-0.6180339887498948	0.0
-1.3860009363293833	0.0
-0.6180339887498948	0.0
-3.0335462279077645	0.0
-1.3149066358459396	0.0
1.5	0.0
-0.1180339887498948	0.0
-1.2320508075688774	0.0
-4.476763832217366	0.0
-0.5	0.0
-0.2807764064044151	0.0
-0.8507810593582124	0.0
-0.2807764064044151	0.0
-0.5	0.0
-1.0	0.0
-2.5	0.0
-5.390409590817945	0.0
-0.7807764064044151	0.0
-1.0	0.0
-0.9142135623730951	0.3333333333333333
-1.9660410479054788	0.2
-2.462580333013741	0.1
-0.7807764064044151	0.0
-2.6457513110645907	0.0
-3.0	0.0666666666666666
-0.7807764064044151	0.0
-3.302775637731995	0.0
-1.0	0.0
0.0	0.0
-5.040490687114151	0.0
0.0	0.0
-0.2807764064044151	0.0
-0.2807764064044151	0.0
-1.0	0.0
-0.8507810593582119	0.0
1.0	0.0
-0.7320508075688774	0.3333333333333333
-1.6565972630107495	0.0
-0.5	0.0
-0.4999999999999999	0.0
-1.1947765516485274	0.0
-2.212214450449027	0.0
0.0	0.0
-2.347211209771972	0.0
-1.802775637731996	0.0
0.6980622641951616	0.3333333333333333
-1.0210127632816015	0.3333333333333333
-0.6180339887498948	0.0
-0.1180339887498948	0.0
-2.938732290764586	0.0
0.5	0.0
-1.8681509066830444	0.0
-1.870326785301631	0.1666666666666666
-0.5	0.0
-1.832265059021876	0.0
-0.6180339887498948	0.0
-1.862185735276925	0.0
-1.3149066358459396	0.0
0.5	0.0
0.0	0.0
0.0	0.0
0.0	0.0
-0.2807764064044151	0.0
-1.6947765516485274	0.0
-1.0000000000000004	0.0
-2.046180021717558	0.0
-1.2807764064044151	0.0
-1.0	0.0
-2.104524884860786	0.0
-0.7807764064044151	0.0
-0.6180339887498948	0.0
0.0	0.0
-1.7716062078695851	0.0
0.0	0.0
-1.0	0.0
-1.662941197153243	0.1
-0.6180339887498948	0.0
-1.3860009363293833	0.0
0.0	0.0
-2.57122868021343	0.0
-1.9333303093335343	0.0
1.0	0.0
-3.910777797665157	0.0
-0.2807764064044151	0.0
-0.8507810593582119	0.0
0.5	0.0
-0.6180339887498948	0.0
-1.879960832109028	0.1666666666666666
-0.2807764064044151	0.0
-0.2807764064044151	0.0
-3.0697049797528155	0.0
-2.175130870566646	0.0
-0.6180339887498948	0.0
-1.137458608817688	0.1666666666666666
0.0	0.0
-0.2807764064044151	0.0
-1.0	0.0
0.0	0.0
-1.6045248848607867	0.0
-2.063130429041506	0.0
-1.118033988749895	0.0
1.0	0.0
-1.8117376914898995	0.1
0.0	0.0
-0.6180339887498948	0.0
-0.2807764064044151	0.0
-0.7807764064044151	0.0
-0.5000000000000003	0.0
-1.0000000000000002	0.0
1.0	0.0
-0.2807764064044151	0.0
-0.7807764064044151	0.0
-0.4999999999999999	0.0
-1.3860009363293833	0.1666666666666666
-1.118033988749895	0.0
1.0	0.0
-0.5550460355114082	0.3333333333333333
-0.2807764064044151	0.0
-0.8149066358459393	0.0
-1.3149066358459391	0.0
-2.06155281280883	0.0
0.0	0.0
-2.104524884860786	0.0
-4.456812974785892	0.0357142857142857
-2.422144385112379	0.0
-0.2807764064044151	0.0
0.2192235935955848	0.0
1.5	0.0
0.0	0.0
-0.7807764064044151	0.0
-2.246462669565888	0.0
-1.118033988749895	0.0
-3.5	0.0
-1.0	0.0
-1.0000000000000002	0.0
-3.3271920242663007	0.0
-4.0	0.0
-0.7807764064044151	0.0
-4.0	0.0
-1.7807764064044151	0.0
-2.658617831909558	0.0
-1.4142135623730951	0.0
-1.5	0.0
-2.4409112912071405	0.1
-4.004877010224063	0.0666666666666666
-2.302775637731995	0.0
-2.302775637731995	0.0
-2.173104608972445	0.1666666666666666
-2.414213562373095	0.0
-1.2544780410494782	0.3333333333333333
-2.10073616910962	0.0
-1.9296664994307864	0.1666666666666666
-0.6180339887498948	0.0
0.0	0.0
-1.5	0.1666666666666666
-1.4142135623730951	0.0
-3.6601123203038335	0.0357142857142857
-2.623651667137928	0.0
-2.414213562373095	0.0
-1.5856182076338623	0.1666666666666666
-2.815666099674777	0.0
-2.302775637731995	0.0
-1.0	0.0
-2.142607014773968	0.1666666666666666
-1.0	0.0
-3.2194749254598944	0.0
-0.2807764064044151	0.0
-2.2969269785875017	0.0
-4.207164697755131	0.0666666666666666
-0.5	0.0
-2.59885594699524	0.0666666666666666
-0.5000000000000002	0.0
-0.2807764064044151	0.0
0.0	0.0
-0.5000000000000002	0.0
-0.2807764064044151	0.0
-1.6374586088176872	0.0
-2.5	0.0
-0.2807764064044151	0.0
-1.2807764064044151	0.0
-1.6045248848607865	0.0
1.0	0.0
-0.2807764064044151	0.0
0.0	0.0
-0.1180339887498948	0.0
-0.7807764064044151	0.0
1.5	0.0
-0.1180339887498948	0.0
1.5	0.0
0.2192235935955848	0.0
-0.5000000000000002	0.0
-0.1180339887498948	0.0
-0.2807764064044151	0.0
1.5	0.0
-0.6180339887498948	0.0
0.0	0.0
-0.6180339887498948	0.0
-1.8414182921069904	0.0
-1.5210127632816015	0.3333333333333333
-1.7555151741123964	0.1666666666666666
-0.8507810593582119	0.0
-2.0000000000000004	0.0
-0.6180339887498948	0.0
-0.6180339887498948	0.0
-1.0	0.0
-0.6180339887498948	0.0
-1.5000000000000009	0.0
-0.6180339887498948	0.0
0.0	0.0
-1.7716062078695842	0.0
-1.0	0.0
-1.6845012679009292	0.3333333333333333
-1.0	0.0
-1.802775637731996	0.0
-0.5941542653123191	0.3333333333333333
-1.0	0.0
-0.2807764064044151	0.0
-0.2807764064044151	0.0
0.0	0.0
-0.2807764064044151	0.0
0.0	0.0
-0.8507810593582124	0.0
0.0	0.0
-0.6180339887498948	0.0
0.0	0.0
-0.1180339887498948	0.0
1.5	0.0
-1.6374586088176872	0.0
-1.3149066358459391	0.0
-2.261334234054776	0.0
-0.2807764064044151	0.0
0.0	0.0
-0.2807764064044151	0.0
0.0	0.0
-0.8507810593582119	0.0
-0.6180339887498948	0.0
-0.2807764064044151	0.0
-0.8507810593582119	0.0
0.0	0.0
-1.0000000000000004	0.0
-0.2807764064044151	0.0
-1.0	0.0
-2.361942837372149	0.0
-1.3860009363293833	0.0
-0.2807764064044151	0.0
-1.0	0.0
-1.2320508075688774	0.0
0.0	0.0
0.2192235935955848	0.0
0.0	0.0
-2.302775637731995	0.0
-0.6180339887498948	0.0
-4.910171037020588	0.0
1.5	0.0
-0.5	0.0
0.0	0.0
0.0	0.0
0.2192235935955848	0.0
0.0	0.0
1.5	0.0
-0.6180339887498948	0.0
-1.8414182921069904	0.0
-0.6180339887498948	0.0
-1.84141829210699	0.0
-0.6180339887498948	0.0
-1.2320508075688774	0.0
-2.3220111407735287	0.0
-1.84141829210699	0.0
-0.7807764064044151	0.0
-0.5000000000000003	0.0
-0.2807764064044151	0.0
1.0	0.0
-0.2807764064044151	0.0
-0.2807764064044151	0.0
0.0	0.0
-0.5000000000000003	0.0
-1.0	0.0
-2.045145293325591	0.0
0.0	0.0
1.0	0.0
0.0	0.0
0.0	0.0
-0.2807764064044151	0.0
-1.0	0.0
-1.0	0.0
-1.5000000000000004	0.0
-1.8414182921069908	0.0
1.0	0.0
0.0	0.0
-3.350189600795793	0.0
-1.5531505630215712	0.1666666666666666
-2.0	0.0
-1.3149066358459396	0.0
-1.7320508075688774	0.0
-0.5	0.0
-0.8507810593582119	0.0
-0.8507810593582119	0.0
-1.118033988749895	0.0
-0.5	0.0
-2.838573305375471	0.0
-1.618033988749895	0.0
-3.686699129566302	0.0476190476190476
-2.5000000000000004	0.0
-2.094767010167541	0.0
-0.2807764064044151	0.0
-2.270833270595168	0.0
-2.302775637731995	0.0
-2.350781059358212	0.0
-2.302775637731995	0.0
-1.5000000000000002	0.0
-0.7807764064044151	0.0
-2.598151659767464	0.0
-2.766010400269647	0.0
-2.2403636367293536	0.1666666666666666
0.5	0.0
0.0	0.0
-1.850781059358212	0.0
0.5	0.0
1.0	0.0
-1.2168323148916436	0.0
-0.2807764064044151	0.0
-0.2807764064044151	0.0
-1.0	0.0
-0.2807764064044151	0.0
-1.3149066358459396	0.0
-1.8709018567318336	0.2
-1.4142135623730951	0.0
-1.6231558766000298	0.3333333333333333
-1.118033988749895	0.0
-2.118033988749895	0.0
-2.118033988749895	0.0
-1.4163911111299754	0.1666666666666666
-2.0	0.0
-2.500000000000001	0.1
-2.7902858902266208	0.3333333333333333
-0.5	0.0
-2.043804379401738	0.1666666666666666
-0.6180339887498948	0.0
-1.0	0.0
1.5	0.0
-0.1180339887498948	0.0
0.5	0.0
-0.6180339887498948	0.0
-1.0	0.0
-1.3149066358459396	0.0
-1.868150906683045	0.0
-0.7807764064044151	0.0
1.5	0.0
-0.5	0.0
1.5	0.0
0.2192235935955848	0.0
0.0	0.0
0.0	0.0
0.0	0.0
0.0	0.0
0.0	0.0
-0.2807764064044151	0.0
1.5	0.0
0.2192235935955848	0.0
-0.8149066358459393	0.0
-0.2807764064044151	0.0
-1.2320508075688774	0.0
-1.0	0.0
0.0	0.0
-1.118033988749895	0.0
-1.0	0.0
-1.9142135623730951	0.0
-4.364623979216754	0.0952380952380952
-1.6045248848607867	0.0
1.0	0.0
-0.2807764064044151	0.0
-0.6180339887498948	0.0
-1.2320508075688774	0.0
-1.5000000000000004	0.0
-1.0	0.0
-0.7807764064044151	0.0
-1.9690017499285173	0.0
-0.1180339887498948	0.0
1.5	0.0
-1.5	0.0
-1.5000000000000004	0.0
-2.976382192388679	0.0
0.5	0.0
-2.808648493534248	0.0
-0.5000000000000003	0.0
-0.2807764064044151	0.0
1.0	0.0
-0.1180339887498948	0.0
-0.6180339887498948	0.0
-2.1720590386686127	0.0
0.5	0.0
0.5	0.0
-2.302775637731995	0.0
-2.414213562373095	0.0
-3.01413692933529	0.0
-2.781862654869156	0.0
-2.0615528128088303	0.0
-0.2807764064044151	0.0
1.5	0.0
0.0	0.0
-1.3860009363293833	0.0
0.0	0.0
-1.118033988749895	0.0
-1.4999999999999998	0.0
-0.8507810593582119	0.0
-0.6180339887498948	0.0
-1.4142135623730951	0.0
-1.2320508075688772	0.0
-0.2807764064044151	0.0
1.0	0.0
-4.697678307258837	0.0
-0.6180339887498948	0.0
-2.5	0.0
-2.4352815947651174	0.2
-0.6180339887498948	0.0
-2.0615528128088303	0.0
-1.7276565084829327	0.0
-1.5000000000000004	0.0
-0.5	0.0
-2.4694219882390245	0.0
-1.350781059358212	0.0
-1.3149066358459396	0.0
-0.2807764064044151	0.0
-3.23606797749979	0.0
-3.302775637731995	0.0
-2.322011140773529	0.0
-3.143776873873187	0.0
-2.4333998113263124	0.1
-1.2807764064044151	0.0
-0.6180339887498948	0.0
-2.0	0.0
-2.56155281280883	0.3333333333333333
-0.1180339887498948	0.0
1.5	0.0
-0.8507810593582119	0.0
-0.5	0.0
-2.3973485867341964	0.0666666666666666
0.0	0.0
-1.34292308277717	0.0
1.5	0.0
0.2192235935955848	0.0
1.5	0.0
0.2192235935955848	0.0
-2.309005852956357	0.1
-1.5	0.0
-1.2807764064044151	0.0
-1.2807764064044151	0.0
-1.3860009363293833	0.0
-1.410417487828722	0.1666666666666666
-1.0941542653123193	0.3333333333333333
0.5	0.0
-2.193789663952993	0.0
-1.3149066358459396	0.0
-1.2807764064044151	0.0
-0.6180339887498948	0.0
-1.6947765516485276	0.0
-1.6374586088176883	0.0
-0.2807764064044151	0.0
-0.2807764064044151	0.0
0.0	0.0
-1.6374586088176883	0.0
-0.2807764064044151	0.0
-0.5	0.0
-0.6180339887498948	0.0
-1.2320508075688774	0.0
-0.5	0.0
-0.5	0.0
-0.6180339887498948	0.0
-1.8414182921069908	0.0
0.0	0.0
0.0	0.0
0.0	0.0
-0.2807764064044151	0.0
0.0	0.0
0.8819660112501052	1.0
-2.012585941919298	0.3333333333333333
-1.6374586088176877	0.0
-2.2879074968515827	0.2
-0.5000000000000002	0.0
-1.0	0.0
0.2192235935955848	0.0
1.5	0.0
-0.2807764064044151	0.0
-0.6180339887498948	0.0
-1.203490590044939	0.1666666666666666
-2.324732489120447	0.1666666666666666
-0.8130990342636472	0.0
-1.5	0.0
-1.194776551648528	0.0
1.0	0.0
-1.868150906683045	0.0
-1.4142135623730951	0.0
0.0	0.0
-1.5210127632815995	0.3333333333333333
-2.395191365820323	0.0
-0.8315659834805108	0.3333333333333333
-1.8621857352769249	0.0
0.5	0.0
-1.9339429436655504	0.1666666666666666
-1.3149066358459396	0.0
-1.5	0.0
-1.0	0.0
-0.5000000000000002	0.0
-0.2807764064044151	0.0
-1.118033988749895	0.0
-0.1180339887498948	0.0
-0.8507810593582119	0.0
1.5	0.0
0.0	0.0
0.0	0.0
0.0	0.0
-1.0	0.0
0.0	0.0
-1.947056423009365	0.1
-0.5	0.0
-1.0000000000000002	0.0
-2.5	0.0
-2.815933522566193	0.0
-3.623630251012535	0.0
-3.456122243442357	0.1
-1.0	0.0
-0.2807764064044151	0.0
-0.8507810593582124	0.0
-1.2320508075688772	0.0
-0.5	0.0
1.5	0.0
-0.6180339887498948	0.0
0.0	0.0
-1.791287847477919	0.0
0.2192235935955848	0.0
-1.832265059021875	0.0
0.5	0.0
-1.3149066358459396	0.0
-0.7807764064044151	0.0
-0.6180339887498948	0.0
-0.2807764064044151	0.0
-0.5000000000000002	0.0
-0.1180339887498948	0.0
-0.5	0.0
-1.2320508075688774	0.0
1.0	0.0
-1.1374586088176877	0.0
-1.0	0.0
0.0	0.0
0.0	0.0
-1.573908387666939	0.0
-1.7807764064044151	0.0
-2.212214450449025	0.0
-1.118033988749895	0.0
0.5	0.0
0.0	0.0
1.0	0.0
0.0	0.0
-0.6180339887498948	0.0
0.0	0.0
-0.2807764064044151	0.0
-0.6180339887498948	0.0
-1.0	0.0
-1.118033988749895	0.0
-3.2194749254598936	0.0
-2.1045248848607865	0.0
-1.0	0.0
0.2192235935955848	0.0
-0.8507810593582124	0.0
-0.2807764064044151	0.0
-0.8507810593582119	0.0
-0.1180339887498948	0.0
-1.0	0.0
-0.6180339887498948	0.0
-0.6180339887498948	0.0
-0.5	0.0
1.5	0.0
-2.104910962385727	0.3333333333333333
-1.3149066358459396	0.0
-1.5000000000000002	0.1666666666666666
-1.2320508075688774	0.0
-3.5292255477165404	0.0476190476190476
-1.7320508075688776	0.0
-1.0	0.0
-2.1045248848607865	0.0
-3.776576109320051	0.0
-2.72199678112573	0.1333333333333333
-0.6180339887498948	0.0
0.0	0.0
-1.0	0.0
-1.2807764064044151	0.0
1.0	0.0
0.5	0.0
0.0	0.0
0.2192235935955848	0.0
1.5	0.0
1.0	0.0
-1.1947765516485278	0.0
1.5	0.0
0.2192235935955848	0.0
1.5	0.0
0.2192235935955848	0.0
-1.850781059358212	0.0
0.0	0.0
0.0	0.0
-2.0837826316139365	0.0
-0.5	0.0
-2.635633220251566	0.1333333333333333
-0.6180339887498948	0.0
0.5	0.0
1.0	0.0
0.2192235935955848	0.0
1.5	0.0
0.0	0.0
-0.1180339887498948	0.0
1.5	0.0
0.5	0.0
-1.2320508075688774	0.0
0.0	0.0
0.0	0.0
-0.2807764064044151	0.0
0.0	0.0
0.0	0.0
-0.2807764064044151	0.0
-1.5000000000000004	0.0
-1.7655644370746368	0.1666666666666666
-2.4352815947651174	0.2
1.0	0.0
-2.06155281280883	0.0
-0.6180339887498948	0.0
0.0	0.0
-1.84141829210699	0.0
0.5	0.0
0.0	0.0
-1.118033988749895	0.0
-2.157231183269129	0.0
-1.0	0.0
0.0	0.0
-0.2807764064044151	0.0
0.2192235935955848	0.0
-2.7938093667084467	0.0
-0.7807764064044151	0.0
-1.6374586088176883	0.0
-1.8414182921069908	0.0
1.0	0.0
-0.5	0.0
-0.6180339887498948	0.0
0.0	0.0
0.0	0.0
-1.350781059358212	0.0
0.0	0.0
0.0	0.0
0.0	0.0
0.0	0.0
-0.6180339887498948	0.0
0.719223593595585	1.0
-1.0	0.0
0.2192235935955848	0.0
1.5	0.0
-0.5000000000000002	0.0
-0.5	0.0
-0.2807764064044151	0.0
-0.2807764064044151	0.0
-0.8507810593582124	0.0
-0.5	0.0
-1.7320508075688767	0.0
-1.802775637731995	0.0
-1.796926978587502	0.0
-2.816045236674082	0.0
1.0	0.0
-1.618033988749895	0.0
-1.4142135623730951	0.0
-1.3732841234978588	0.0
-3.851331937185929	0.0
-1.4142135623730951	0.0
0.0	0.0
-0.6180339887498948	0.0
-1.8443057803738216	0.1666666666666666
-0.2807764064044151	0.0
1.0	0.0
0.0	0.0
0.0	0.0
-0.2807764064044151	0.0
0.0	0.0
0.2192235935955848	0.0
1.5	0.0
0.0	0.0
1.5	0.0
1.0	0.0
-1.0000000000000002	0.0
0.2192235935955848	0.0
1.5	0.0
0.0	0.0
1.0	0.0
-0.7320508075688775	0.0
0.0	0.0
0.0	0.0
0.0	0.0
-0.7807764064044151	0.0
-1.5	0.0
-1.350781059358212	0.0
1.2192235935955849	1.0
-1.202023498232214	0.0
-1.6819749887888762	0.1
0.0	0.0
-1.2807764064044151	0.0
-1.0	0.0
-1.5615528128088303	0.1666666666666666
-1.0	0.0
-1.0	0.0
0.0	0.0
0.5	0.0
-0.9142135623730948	0.0
1.5	0.0
0.0	0.0
-0.6180339887498948	0.0
-1.0	0.0
0.0	0.0
0.5	0.0
-0.2807764064044151	0.0
-1.0	0.0
-0.5	0.0
1.0	0.0
-0.8507810593582119	0.0
-0.5	0.0
1.5	0.0
0.0	0.0
-1.7807764064044151	0.0
-0.2807764064044151	0.0
0.5	0.0
-0.1180339887498948	0.0
1.5	0.0
-0.1180339887498948	0.0
1.5	0.0
-1.850781059358212	0.0
1.0	0.0
-0.2807764064044151	0.0
-3.23606797749979	0.0
-0.5	0.0
1.5	0.0
0.0	0.0
-0.6180339887498948	0.0
0.5	0.0
-1.386000936329383	0.0
-0.5	0.0
-0.6180339887498948	0.0
-0.7807764064044151	0.0
-0.8507810593582119	0.0
-0.5	0.0
-0.2807764064044151	0.0
-0.6180339887498948	0.0
-0.6180339887498948	0.0
0.0	0.0
0.2192235935955848	0.0
1.5	0.0
0.0	0.0
1.5	0.0
0.2192235935955848	0.0
0.0	0.0
-0.5000000000000002	0.0
-0.2807764064044151	0.0
-0.7807764064044151	0.0
-0.6180339887498948	0.0
0.2192235935955848	0.0
-1.0	0.0
1.5	0.0
-0.6180339887498948	0.0
-0.79128784747792	0.3333333333333333
-0.8149066358459393	0.0
2.0	1.0
-0.7912878474779205	0.3333333333333333
1.0	0.0
-1.7938707252360055	0.0
-1.0	0.0
-0.6180339887498948	0.0
-0.5	0.0
0.0	0.0
-1.0	0.0
-0.5	0.0
-0.2807764064044151	0.0
1.0	0.0
-0.7807764064044151	0.0
-0.6180339887498948	0.0
-0.6180339887498948	0.0
0.0	0.0
-1.0	0.0
-1.0	0.0
0.0	0.0
0.0	0.0
0.0	0.0
-1.0	0.0
1.2192235935955849	1.0
-2.665403774371002	0.1
-0.1180339887498948	0.0
0.0	0.0
1.5	0.0
-0.5000000000000002	0.0
-0.2807764064044151	0.0
-0.2807764064044151	0.0
-0.5	0.0
0.0	0.0
-0.2807764064044151	0.0
1.5	0.0
0.2192235935955848	0.0
-0.5	0.0
-0.1180339887498948	0.0
1.5	0.0
-0.5	0.0
-1.386000936329383	0.0
1.5	0.0
-0.6180339887498948	0.0
0.0	0.0
0.0	0.0
1.5	0.0
1.5	0.0
1.5	0.0
1.5	0.0
-0.4999999999999999	0.0
0.0	0.0
-0.6180339887498948	0.0
-0.6180339887498948	0.0
0.2192235935955848	0.0
1.5	0.0
-0.2807764064044151	0.0
0.0	0.0
-1.6045248848607865	0.0
1.5	0.0
-1.2807764064044151	0.0
-0.6180339887498948	0.0
-1.2807764064044151	0.0
-2.811737691489899	0.0
-0.2807764064044151	0.0
-0.5000000000000002	0.0
-0.7807764064044151	0.0
-0.8507810593582119	0.0
1.5	0.0
0.2192235935955848	0.0
-1.3149066358459396	0.0
-1.0	0.0
-0.8507810593582119	0.0
-0.8507810593582124	0.0
-1.0	0.0
-0.5	0.0
1.5	0.0
-0.6180339887498948	0.0
-0.6180339887498948	0.0
0.0	0.0
-0.2807764064044151	0.0
0.0	0.0
-0.2807764064044151	0.0
-0.6180339887498948	0.0
-0.2807764064044151	0.0
-0.5	0.0
1.0	0.0
-0.5	0.0
1.0	0.0
-0.6180339887498948	0.0
1.5	0.0
-3.23606797749979	0.0
-0.2807764064044151	0.0
-3.302775637731995	0.0
-3.23606797749979	0.0
1.5	0.0
-0.5000000000000002	0.0
-0.7807764064044151	0.0
-0.6180339887498948	0.0
-0.6180339887498948	0.0
-1.3149066358459396	0.0
-1.5	0.0
-0.2807764064044151	0.0
0.5	0.0
-1.118033988749895	0.0
-0.2807764064044151	0.0
-0.1180339887498948	0.0
1.5	0.0
1.5	0.0
0.2192235935955848	0.0
0.0	0.0
0.0	0.0
-0.6180339887498948	0.0
-0.2807764064044151	0.0
-0.7807764064044151	0.0
-0.6180339887498948	0.0
-1.5	0.0
0.0	0.0
0.0	0.0
1.5	0.0
-0.5000000000000002	0.0
0.2192235935955848	0.0
1.5	0.0
0.0	0.0
0.0	0.0
0.0	0.0
-0.6180339887498948	0.0
-0.2807764064044151	0.0
1.0	0.0
-0.7807764064044151	0.0
-1.0	0.0
-0.2807764064044151	0.0
-0.6180339887498948	0.0
-0.6180339887498948	0.0
-0.5	0.0
1.5	0.0
-0.2807764064044151	0.0
-0.2807764064044151	0.0
-0.6180339887498948	0.0
-1.8027756377319943	0.0
-1.9142135623730951	0.0
-1.0	0.0
1.5	0.0
-0.7807764064044151	0.0
-0.5	0.0
-0.2807764064044151	0.0
-0.2807764064044151	0.0
-0.2807764064044151	0.0
-0.2807764064044151	0.0
-0.6180339887498948	0.0
-0.2807764064044151	0.0
