Fraction_of_nodes	Efficiency
0.001	0.24898104039935537
0.002	0.2485559646802134
0.003	0.24816024378567766
0.004	0.2477591630001154
0.005	0.24737824410177384
0.006	0.24702575014867056
0.007	0.2466609778454344
0.008	0.2463041315794849
0.009	0.24596114428810684
0.01	0.24561981702730137
0.011	0.24536532862261584
0.012	0.24500789031462306
0.013	0.24464982862992204
0.014	0.24442152425666896
0.015	0.24410838339903945
0.016	0.24387400855381675
0.017	0.24371656439161482
0.018	0.24339122604227853
0.019	0.24306512761110494
0.02	0.24269694190426186
0.021	0.24238129157318156
0.022	0.2420493584419845
0.023	0.24170581852735917
0.024	0.24138330431132782
0.025	0.2411275281888514
0.026	0.2407818973854101
0.027	0.24042042254502408
0.028	0.2400972207355391
0.029	0.23982008941853528
0.03	0.2395288656264104
0.031	0.2392627574462247
0.032	0.23893619816152936
0.033	0.2387098310107364
0.034	0.23848035271939302
0.035	0.23821161109238276
0.036	0.23786576354304342
0.037	0.23752297023478286
0.038	0.23717920388207112
0.039	0.23693653684308363
0.04	0.23666869424316878
0.041	0.2363237140717623
0.042	0.23614550328753872
0.043	0.23578305261465568
0.044	0.23545041147444695
0.045	0.23515372296552586
0.046	0.2349330875196255
0.047	0.2346708961667343
0.048	0.23454758086332364
0.049	0.23427748129655934
0.05	0.23408096637930373
0.051	0.23374827420169123
0.052	0.23340444980508834
0.053	0.23321947917058763
0.054	0.23300137109228647
0.055	0.23261578878373837
0.056	0.23238479799444234
0.057	0.23204176049271558
0.058	0.23183865397556438
0.059	0.23149773032528004
0.06	0.23131204864624688
0.061	0.23094823690871466
0.062	0.23069736966396653
0.063	0.2303524164193464
0.064	0.23013053939626085
0.065	0.2298473888299998
0.066	0.2296413601380154
0.067	0.22936555579965945
0.068	0.22921176715642866
0.069	0.2289663235341505
0.07	0.22884442361131319
0.071	0.22857840203375782
0.072	0.22849489542960025
0.073	0.22828403408814454
0.074	0.22791553046498292
0.075	0.22777369391739694
0.076	0.22763232184844803
0.077	0.22737544629335293
0.078	0.2271731060131079
0.079	0.22694333169309214
0.08	0.22659543353302727
0.081	0.22637218269480514
0.082	0.22615070059763287
0.083	0.2259492975169976
0.084	0.22579510526214075
0.085	0.22537020904257285
0.086	0.2249976660749078
0.087	0.2247324997192885
0.088	0.22450347821227448
0.089	0.22419768616788982
0.09	0.22381873169063296
0.091	0.2235345943872332
0.092	0.2230753614586277
0.093	0.22287563667067534
0.094	0.22277090436927469
0.095	0.22263102048187644
0.096	0.22224267717017607
0.097	0.22221582044582064
0.098	0.2218280042362724
0.099	0.2215524206892498
0.1	0.2211572509534253
0.101	0.22098488998066107
0.102	0.22065085067938453
0.103	0.22039604489183381
0.104	0.22021681397230264
0.105	0.21997453489247784
0.106	0.2196731754342889
0.107	0.21942292023552265
0.108	0.2192741600090878
0.109	0.21882822137751912
0.11	0.21852749144758646
0.111	0.21833454859364715
0.112	0.21804141575175706
0.113	0.21793080390188488
0.114	0.21716334240471963
0.115	0.2168226314141788
0.116	0.21654613336495146
0.117	0.2162414563460421
0.118	0.2161452009113902
0.119	0.21597085558877063
0.12	0.21568327000735657
0.121	0.2155116679406721
0.122	0.21522833217282147
0.123	0.2151291348352401
0.124	0.21483150477872787
0.125	0.21463647939749933
0.126	0.21436900995478272
0.127	0.21416009482097087
0.128	0.2138257969990239
0.129	0.21357941147719442
0.13	0.21328437353118565
0.131	0.21299364277201954
0.132	0.21279304996314974
0.133	0.21264224674323876
0.134	0.21222394070959008
0.135	0.21193756520320994
0.136	0.2117127973424482
0.137	0.21149921698176885
0.138	0.21127412785813351
0.139	0.21097623785141512
0.14	0.2104622757497725
0.141	0.21018820247585876
0.142	0.21007935191143054
0.143	0.20986608922541997
0.144	0.20958362069946035
0.145	0.20940189944901638
0.146	0.20920221655956492
0.147	0.2087346852598132
0.148	0.20830511532446636
0.149	0.2081197536594417
0.15	0.20792611398706282
0.151	0.20776450131952895
0.152	0.20763266128223326
0.153	0.20723923666728128
0.154	0.20687785391551855
0.155	0.20670100204006503
0.156	0.20655261190904492
0.157	0.20637367760089495
0.158	0.2062064152876902
0.159	0.20580349784252444
0.16	0.20570178117598029
0.161	0.20554438704184294
0.162	0.2050513528631558
0.163	0.204817502011394
0.164	0.20472759880099017
0.165	0.20449998370275613
0.166	0.20419413397419578
0.167	0.2037660737371243
0.168	0.20370766855981162
0.169	0.20357740514511505
0.17	0.20333776832867567
0.171	0.20299967930769997
0.172	0.20263850907559644
0.173	0.20234206929880905
0.174	0.20228814840426598
0.175	0.20203219784519016
0.176	0.2017988416979664
0.177	0.20165971146127318
0.178	0.2013398392050052
0.179	0.20102760963609742
0.18	0.20066052629336426
0.181	0.20009863133319883
0.182	0.19986841922795656
0.183	0.19953713984990007
0.184	0.19914462402964114
0.185	0.19873074416558162
0.186	0.19820214660851673
0.187	0.1982245170182773
0.188	0.19797734138079628
0.189	0.1979370375486473
0.19	0.19784266527755692
0.191	0.19739612911472754
0.192	0.19718603930206477
0.193	0.19724787810267452
0.194	0.19705022698288224
0.195	0.19692850748519852
0.196	0.19630727204471615
0.197	0.19621357226628408
0.198	0.19584822900830975
0.199	0.1953417930641729
0.2	0.1951996089535959
0.201	0.19444701664957909
0.202	0.19423051571285685
0.203	0.19363340779092003
0.204	0.19347992765859828
0.205	0.19330130442980556
0.206	0.19312823141926155
0.207	0.19272248928209257
0.208	0.1924237495012222
0.209	0.19182044091682063
0.21	0.19152774487469162
0.211	0.19137448749135771
0.212	0.19129646795449326
0.213	0.19074201990772338
0.214	0.1905256610023593
0.215	0.19045201239400072
0.216	0.19009501198072412
0.217	0.1898208068764527
0.218	0.1897485355059473
0.219	0.18951622072591767
0.22	0.18890445752098153
0.221	0.18871863070875655
0.222	0.18837216295871423
0.223	0.1881703690518769
0.224	0.1878211467611485
0.225	0.18740307359156103
0.226	0.18732224689828672
0.227	0.18711075188624215
0.228	0.1869338172388349
0.229	0.18671852437119263
0.23	0.18650007143937164
0.231	0.1863600152504459
0.232	0.18605343757257337
0.233	0.18589636615115557
0.234	0.18550338536098493
0.235	0.1853887434181283
0.236	0.18521797591638203
0.237	0.1850323649917292
0.238	0.1848446636000004
0.239	0.18464178492128583
0.24	0.18452422728443968
0.241	0.18376353310120438
0.242	0.18338057755621706
0.243	0.18265933696875603
0.244	0.18237522138096
0.245	0.18185064345680824
0.246	0.1812255989543133
0.247	0.1806106455173964
0.248	0.17977860991933656
0.249	0.17920106358070595
0.25	0.1788462035315294
0.251	0.17782548801060805
0.252	0.1776329938466605
0.253	0.177646935825373
0.254	0.1772336639991077
0.255	0.17694992660151337
0.256	0.17705287838128092
0.257	0.1765580069066364
0.258	0.1763790686031519
0.259	0.17625483845079382
0.26	0.17613971052699173
0.261	0.1759709462905173
0.262	0.17573881677187653
0.263	0.17552492191299618
0.264	0.175057691166418
0.265	0.17484711399700542
0.266	0.17464221996699297
0.267	0.17431316722168844
0.268	0.17412241042835994
0.269	0.17407916633002143
0.27	0.1739773032290903
0.271	0.17382750878785203
0.272	0.1734679659731469
0.273	0.17278896544202726
0.274	0.17279204562005254
0.275	0.17228630640922774
0.276	0.17213168748853072
0.277	0.17188226219802516
0.278	0.17099581288999519
0.279	0.17077461801180627
0.28	0.17049594654643688
0.281	0.16986742805393173
0.282	0.1693363137968823
0.283	0.16908147675995586
0.284	0.1690614575589673
0.285	0.16810597941186145
0.286	0.16741635368028482
0.287	0.16739705851942108
0.288	0.16698597656451813
0.289	0.16701929103647642
0.29	0.1669348630356281
0.291	0.16675754520427988
0.292	0.1664152243586204
0.293	0.1659324465268693
0.294	0.1658013254184107
0.295	0.1656310380459338
0.296	0.1651293565762406
0.297	0.16488348618304396
0.298	0.16375633454268806
0.299	0.1636182918134355
0.3	0.16311878451221704
0.301	0.16268815803826195
0.302	0.162083003262157
0.303	0.1618627168528147
0.304	0.16159106240053464
0.305	0.1608943350371596
0.306	0.16016121685133722
0.307	0.15991267173685617
0.308	0.15940372837746253
0.309	0.1589221370056907
0.31	0.15839442762720904
0.311	0.15792292320060067
0.312	0.15792837659122735
0.313	0.157587570482522
0.314	0.15715074609652172
0.315	0.15679710482643308
0.316	0.15653156794901235
0.317	0.15622939219653464
0.318	0.15552185400726135
0.319	0.15546039023021493
0.32	0.1551297223519776
0.321	0.15462895010720606
0.322	0.1538732990395059
0.323	0.15393179986180613
0.324	0.1538320154892803
0.325	0.15369609459006145
0.326	0.15330615519781243
0.327	0.15320167831291812
0.328	0.15321612192034792
0.329	0.15317614292192064
0.33	0.15326907019209818
0.331	0.1528039698884305
0.332	0.1526169426383051
0.333	0.15185464280862238
0.334	0.1517869264981605
0.335	0.1517278176003702
0.336	0.15128825132296075
0.337	0.1509228248626388
0.338	0.15091322590757342
0.339	0.15077022477890584
0.34	0.15068246055859988
0.341	0.15035915599846786
0.342	0.14994936582419244
0.343	0.14993448555854308
0.344	0.14956139470385033
0.345	0.14908370623596717
0.346	0.1487182621627184
0.347	0.14847462024523483
0.348	0.14841077723929622
0.349	0.1482720190644675
0.35	0.14762247058460903
0.351	0.14692343556035242
0.352	0.14700849138300975
0.353	0.14608719186967226
0.354	0.1456300789415451
0.355	0.1452769220144677
0.356	0.14490454837731415
0.357	0.1448319545983985
0.358	0.1447282841747731
0.359	0.14413450127648542
0.36	0.14411740384605387
0.361	0.14381893836954554
0.362	0.14364345288626215
0.363	0.1429162898107249
0.364	0.14231521038245992
0.365	0.14167511059042526
0.366	0.1415189668769609
0.367	0.14121161870682708
0.368	0.14107491710057776
0.369	0.14093755096239802
0.37	0.13954859118682464
0.371	0.13943965033750694
0.372	0.13900612436668466
0.373	0.13824799140555286
0.374	0.13748293856553448
0.375	0.137154706365155
0.376	0.13675037823201106
0.377	0.13609695553667525
0.378	0.13600250247211237
0.379	0.13515940590661718
0.38	0.13488550731274165
0.381	0.1342480623625205
0.382	0.13243690830127536
0.383	0.13202308946221608
0.384	0.13107417258351894
0.385	0.13094772074811567
0.386	0.1305633883622392
0.387	0.13036658746418642
0.388	0.1299040795809428
0.389	0.1299002013829088
0.39	0.12945400829613413
0.391	0.12809584975771637
0.392	0.12643063649616185
0.393	0.12652987438611163
0.394	0.12577497455585443
0.395	0.12561474145333532
0.396	0.12571460179537244
0.397	0.1255227831037356
0.398	0.12508629382061912
0.399	0.12460114329217077
0.4	0.12415238652490838
0.401	0.12377045657111586
0.402	0.12293282691877722
0.403	0.1216462003538298
0.404	0.11962427224337409
0.405	0.11948401508223239
0.406	0.11924437137805607
0.407	0.11932064687455654
0.408	0.11851556540236587
0.409	0.11798450209238155
0.41	0.11781577417671457
0.411	0.11773571615623647
0.412	0.11774432387056803
0.413	0.11696758403483279
0.414	0.11667665734578325
0.415	0.11535487094148435
0.416	0.11123069247739592
0.417	0.11100525791372426
0.418	0.11082745089122614
0.419	0.11030580096959475
0.42	0.10942917696175429
0.421	0.1083617809055283
0.422	0.10814559583797884
0.423	0.10766032239742142
0.424	0.10711842612653628
0.425	0.10749166106077508
0.426	0.1072349709697154
0.427	0.1067127978476458
0.428	0.10625029224681183
0.429	0.10584626953990363
0.43	0.10508554767704646
0.431	0.10446501705017221
0.432	0.10333959500331226
0.433	0.10333107883671186
0.434	0.10311347801440547
0.435	0.10276727431630835
0.436	0.10221175167186874
0.437	0.10184731106968097
0.438	0.10151144966568451
0.439	0.10120006768931522
0.44	0.10117450819114716
0.441	0.10116578344032062
0.442	0.10089928879379155
0.443	0.10000216633384144
0.444	0.09679178251773929
0.445	0.09646312057801992
0.446	0.09642600320951318
0.447	0.09615889692214226
0.448	0.09584338013296159
0.449	0.09488949795205022
0.45	0.09449480667686755
0.451	0.09348280794031763
0.452	0.09010365584524815
0.453	0.09008238366503472
0.454	0.08945343336391544
0.455	0.08890892150442412
0.456	0.08811289115724895
0.457	0.08712284720199262
0.458	0.08646738439340343
0.459	0.0854654805265231
0.46	0.08501469057780699
0.461	0.08411615592025114
0.462	0.08415251440864188
0.463	0.08378073303002857
0.464	0.0825956826659865
0.465	0.08233488462123413
0.466	0.08206080702547434
0.467	0.08203855477715254
0.468	0.08077992627605447
0.469	0.08106106764349409
0.47	0.0804889369136646
0.471	0.0793310880348466
0.472	0.07962496715682342
0.473	0.0785763301382737
0.474	0.07714210514976372
0.475	0.07577335692567638
0.476	0.07606312119690267
0.477	0.07291105304588673
0.478	0.07206124036982359
0.479	0.07037841088210393
0.48	0.06952776531283318
0.481	0.06802645469125745
0.482	0.06614625903187521
0.483	0.0635666468712035
0.484	0.06327918125382771
0.485	0.06296448972437065
0.486	0.0624807321972244
0.487	0.06058265565389563
0.488	0.06056680237524864
0.489	0.060290992973348716
0.49	0.0604994321181338
0.491	0.060729884069219996
0.492	0.06012466916902136
0.493	0.06001786489651869
0.494	0.059302369162101236
0.495	0.057954910548051644
0.496	0.05783278198580641
0.497	0.057377744765386575
0.498	0.05738604026437044
0.499	0.05645129313359438
0.5	0.05600723961564952
0.501	0.05620440191267897
0.502	0.05568505554523635
0.503	0.05589066127049646
0.504	0.055567059602603365
0.505	0.05512985914685087
0.506	0.054810316128071704
0.507	0.05420958870967624
0.508	0.053673566607229016
0.509	0.052121049555580695
0.51	0.051377757358911647
0.511	0.05158832193825145
0.512	0.05025692660683459
0.513	0.04969587114906988
0.514	0.04967039107154271
0.515	0.04980999555109372
0.516	0.04911145036614406
0.517	0.04797153775922404
0.518	0.046333397538125105
0.519	0.045964616201990105
0.52	0.045128932724545774
0.521	0.0439265118208357
0.522	0.04381759301887893
0.523	0.04379863725887676
0.524	0.04278581604545502
0.525	0.03964989442904977
0.526	0.03966815134909358
0.527	0.039651051534728185
0.528	0.03758090612104368
0.529	0.03767908811001857
0.53	0.03754853772653092
0.531	0.03753672242651242
0.532	0.037106569211548236
0.533	0.0360906205295552
0.534	0.03624584900495113
0.535	0.03521227891642878
0.536	0.032743632402487635
0.537	0.032837539400287434
0.538	0.03295652544796222
0.539	0.032313042676317655
0.54	0.032422265621261985
0.541	0.03143061686158427
0.542	0.030147700728377334
0.543	0.030040857128419918
0.544	0.03008566752798187
0.545	0.030180282545250254
0.546	0.028802258777450258
0.547	0.028906097068484616
0.548	0.02891115520747715
0.549	0.029024867264620016
0.55	0.029144255438528242
0.551	0.02905592347331143
0.552	0.029175940388820015
0.553	0.028496489884251176
0.554	0.028557887252334033
0.555	0.028617356090211807
0.556	0.027354847848940978
0.557	0.02704806100452443
0.558	0.02112886141960094
0.559	0.021060942819365713
0.56	0.02104512069278705
0.561	0.021100478358272813
0.562	0.021176150066797343
0.563	0.020572318654076615
0.564	0.020651086248015007
0.565	0.0207091743090128
0.566	0.019064659206389868
0.567	0.01551765265755359
0.568	0.015552064726257543
0.569	0.015592205087382923
0.57	0.015187392927222241
0.571	0.0149785832330618
0.572	0.01504874053157731
0.573	0.015091904567233671
0.574	0.01509160810647315
0.575	0.015046544374889491
0.576	0.015080515576566866
0.577	0.01512173613037334
0.578	0.01518231602530885
0.579	0.015243301830609771
0.58	0.014051199176399532
0.581	0.01410130083625166
0.582	0.014076111355796265
0.583	0.014143784968083746
0.584	0.014200362986465613
0.585	0.014129877213852293
0.586	0.014169059925091296
0.587	0.014210415956212504
0.588	0.014246101568390067
0.589	0.014072057137203161
0.59	0.013173423072514819
0.591	0.01323799867581146
0.592	0.01304230919679137
0.593	0.012957605895506898
0.594	0.012712417416210112
0.595	0.012763126731129618
0.596	0.012572303921342258
0.597	0.011896917678678436
0.598	0.011878411141012927
0.599	0.011357946797347867
0.6	0.011396081869013775
0.601	0.010899268919704145
0.602	0.010714699109514215
0.603	0.010756092076291272
0.604	0.010392683888781768
0.605	0.010348490128157483
0.606	0.010358745379021726
0.607	0.010360748809816892
0.608	0.010400696269671897
0.609	0.010434359752410987
0.61	0.01047482379965165
0.611	0.010528817736763256
0.612	0.01058323023152689
0.613	0.010624677127399229
0.614	0.01021410894205215
0.615	0.010267307426125338
0.616	0.010262491018580825
0.617	0.010302551358691504
0.618	0.01034289125534017
0.619	0.010281296423970023
0.62	0.010335551286365643
0.621	0.01025151321870818
0.622	0.010291863407425451
0.623	0.010173770294165671
0.624	0.01012700346569362
0.625	0.010133624399259423
0.626	0.010161676214889162
0.627	0.010178592795959337
0.628	0.010233463916153186
0.629	0.00967932300583827
0.63	0.009603211591506566
0.631	0.009459620333323591
0.632	0.009339037169293544
0.633	0.00921469201678777
0.634	0.009116719273490797
0.635	0.008765058155842402
0.636	0.008798214108506808
0.637	0.008811309680825498
0.638	0.00883716931114121
0.639	0.008749017516307293
0.64	0.008759070848183967
0.641	0.008756132411202983
0.642	0.008805186374290954
0.643	0.008823180450009675
0.644	0.007872302039891893
0.645	0.007892906276768818
0.646	0.00793762529250122
0.647	0.007929877552270077
0.648	0.00746765056327026
0.649	0.00746962281150319
0.65	0.007446935426878158
0.651	0.007448565378858866
0.652	0.007370039548564874
0.653	0.007395982873236328
0.654	0.007438858136269581
0.655	0.007195789221825656
0.656	0.007175878575210766
0.657	0.007200793351118176
0.658	0.007177287288672822
0.659	0.0071835684967477605
0.66	0.007182569247899836
0.661	0.0071345958775921895
0.662	0.007052858774014841
0.663	0.006920961076588486
0.664	0.006869885080172952
0.665	0.006832075532138118
0.666	0.006855126964907429
0.667	0.00689642291047916
0.668	0.006866811032264411
0.669	0.0069084280688235895
0.67	0.006922792649512763
0.671	0.006946471179828013
0.672	0.006970310266629378
0.673	0.006994311532218912
0.674	0.006919822718312591
0.675	0.006962537673363903
0.676	0.0068037102365161245
0.677	0.00684596930630815
0.678	0.006869273849885695
0.679	0.006892736406463056
0.68	0.0068477849105788085
0.681	0.006674637234464534
0.682	0.00630255852117646
0.683	0.006322482473003576
0.684	0.006281761180796743
0.685	0.006321772398508825
0.686	0.0062095450635569855
0.687	0.006152069590567989
0.688	0.00597653433264365
0.689	0.006015092618660706
0.69	0.006054025256969189
0.691	0.006045353808876687
0.692	0.006035383751763455
0.693	0.006042896106445949
0.694	0.006082521654684939
0.695	0.006122538244518392
0.696	0.006108669294247713
0.697	0.006149124057785777
0.698	0.006149645545368405
0.699	0.006083592610170676
0.7	0.006124285537329009
0.701	0.006071862352866136
0.702	0.0059952441570636835
0.703	0.005946648307759406
0.704	0.005891093878381999
0.705	0.0056580081588728974
0.706	0.005696629374974419
0.707	0.005712270882451802
0.708	0.0057083790066419495
0.709	0.005688498411569851
0.71	0.005625649854262178
0.711	0.005568599989015201
0.712	0.005470694375311088
0.713	0.005407426487565849
0.714	0.005384031173504846
0.715	0.00539723722451668
0.716	0.0053897590489935965
0.717	0.005427984290475821
0.718	0.005466617630621556
0.719	0.00550566489941171
0.72	0.005545132031307134
0.721	0.005585025067503589
0.722	0.005508476148426271
0.723	0.005482992129515428
0.724	0.005522868435911903
0.725	0.005563181344203231
0.726	0.005550462745457521
0.727	0.005437303126378749
0.728	0.005477430824728407
0.729	0.005410947760271245
0.73	0.005222720507726695
0.731	0.005233953704657797
0.732	0.005203284007996393
0.733	0.005242406444146743
0.734	0.00528197177580068
0.735	0.005026103351575046
0.736	0.005035519507952964
0.737	0.005073958588166345
0.738	0.005039720839931417
0.739	0.0050490154800499586
0.74	0.005018703947275374
0.741	0.005057608629037198
0.742	0.005096967451053052
0.743	0.005091189260237166
0.744	0.005100482901493929
0.745	0.005140644184182857
0.746	0.005098288109243261
0.747	0.005091696318404392
0.748	0.005069028496746196
0.749	0.0050033390248529685
0.75	0.00504352648689998
0.751	0.005051812472624754
0.752	0.005060067973904985
0.753	0.005068291429010299
0.754	0.005026705223320454
0.755	0.005034451719797989
0.756	0.00507588753642184
0.757	0.005066821817663568
0.758	0.0051088701315031
0.759	0.005151444049265625
0.76	0.0051596848641827725
0.761	0.004703889924170508
0.762	0.0047435851977922
0.763	0.004783785072349761
0.764	0.004734343070080542
0.765	0.004774807540764992
0.766	0.0047057456928701604
0.767	0.004746312466084558
0.768	0.004787406080509533
0.769	0.00482903569860092
0.77	0.004509208277957095
0.771	0.0045104573661227335
0.772	0.004398845866501792
0.773	0.004398788871129133
0.774	0.004437889216650281
0.775	0.004404761904761906
0.776	0.004444266495836004
0.777	0.004484304932735428
0.778	0.004331254331254333
0.779	0.00432949403537639
0.78	0.004230662792306629
0.781	0.00422758437713823
0.782	0.004125621837962767
0.783	0.004163822040166127
0.784	0.0040948894631065175
0.785	0.004133159458088822
0.786	0.004106153013616487
0.787	0.004056308500900581
0.788	0.004094756922710066
0.789	0.004066049800646957
0.79	0.0039264828738512945
0.791	0.003918230891915102
0.792	0.003909637061810974
0.793	0.00394759470318778
0.794	0.003986107822243271
0.795	0.003977363303044794
0.796	0.004016549148394989
0.797	0.003983156936383293
0.798	0.004022790338735365
0.799	0.004063018242122719
0.8	0.0040284757118927966
0.801	0.0040691673857503
0.802	0.00411047872976807
0.803	0.0041524223902759064
0.804	0.00419501133786848
0.805	0.0041853907833289275
0.806	0.004228762708544771
0.807	0.004137881404720782
0.808	0.004181210005817335
0.809	0.004225222742720676
0.81	0.0042142393019585994
0.811	0.004202784344628316
0.812	0.004247733909811507
0.813	0.004293408467981523
0.814	0.004339823694662404
0.815	0.004386995691343517
0.816	0.0043755444682030565
0.817	0.004423627374447046
0.818	0.004320725315200453
0.819	0.004276652342950685
0.82	0.0043244361680115865
0.821	0.004278869290481869
0.822	0.004263738123955225
0.823	0.004312189693545626
0.824	0.004166666666666666
0.825	0.00421455938697318
0.826	0.0041968418488251055
0.827	0.004144822332750817
0.828	0.003966634933587197
0.829	0.003944501777319114
0.83	0.003991182271725257
0.831	0.0040386963463886535
0.832	0.0040870639673034875
0.833	0.004136305701849313
0.834	0.004113423390531824
0.835	0.004089677260408967
0.836	0.004065040650406503
0.837	0.004001615794390163
0.838	0.0040513253073639535
0.839	0.004024327122153208
0.84	0.004074947589098532
0.841	0.004126529204150411
0.842	0.004179096455158697
0.843	0.004151015297512113
0.844	0.0038875103391232428
0.845	0.003937997486384584
0.846	0.003904592139886258
0.847	0.003955968352253182
0.848	0.0036452887184849543
0.849	0.0036938925680647535
0.85	0.003743475018642804
0.851	0.003703367797327529
0.852	0.003753753753753754
0.853	0.003572205137762868
0.854	0.0036214769327664936
0.855	0.0035280970625798215
0.856	0.0035774410774410776
0.857	0.0035293345152500083
0.858	0.003579395997735824
0.859	0.0032252617359000337
0.86	0.0032716683795820487
0.861	0.003214819448788795
0.862	0.0031559645967770373
0.863	0.0032023758408472876
0.864	0.0031408859840232387
0.865	0.003187764879307168
0.866	0.0030673699173306397
0.867	0.003113845219108377
0.868	0.002775850104094379
0.869	0.0028185554903112156
0.87	0.0028622540250447226
0.871	0.0029069767441860465
0.872	0.002952755905511811
0.873	0.002687164104486939
0.874	0.0027301587301587302
0.875	0.0026451612903225807
0.876	0.0025570416994492528
0.877	0.0025989604158336665
0.878	0.002438693943910039
0.879	0.0024793388429752068
0.88	0.0025210084033613447
0.881	0.00256373735935052
0.882	0.002607561929595828
0.883	0.002652519893899204
0.884	0.0026986506746626685
0.885	0.002745995423340961
0.886	0.0027945971122496508
0.887	0.0028445006321112516
0.888	0.0024935649935649935
0.889	0.002538902538902539
0.89	0.002585487906588824
0.891	0.0026333673122663948
0.892	0.002682589131187262
0.893	0.002556868277199788
0.894	0.0026055705300988318
0.895	0.002655677655677656
0.896	0.002520537714712472
0.897	0.002569960022844089
0.898	0.00242671325956125
0.899	0.0024752475247524753
0.9	0.0025252525252525255
0.901	0.002576788291074005
0.902	0.002629917946560067
0.903	0.0026847079037800687
0.904	0.0027412280701754384
0.905	0.0025755879059350503
0.906	0.00263097689315946
0.907	0.002688172043010753
0.908	0.0027472527472527475
0.909	0.0028083028083028083
0.91	0.002871410736579276
0.911	0.0026813074565883556
0.912	0.00274294670846395
0.913	0.0025394279604383854
0.914	0.0025991792065663474
0.915	0.002380952380952381
0.916	0.002438324727481354
0.917	0.0022039377020276227
0.918	0.0018066847335140017
0.919	0.001851851851851852
0.92	0.0018987341772151898
0.921	0.0019474196689386564
0.922	0.001998001998001998
0.923	0.002050580997949419
0.924	0.002105263157894737
0.925	0.002162162162162162
0.926	0.0018511662347278786
0.927	0.001902587519025875
0.928	0.0019561815336463224
0.929	0.002012072434607646
0.93	0.002070393374741201
0.931	0.002131287297527707
0.932	0.0021949078138718174
0.933	0.002261420171867933
0.934	0.002331002331002331
0.935	0.002403846153846154
0.936	0.00248015873015873
0.937	0.002560163850486431
0.938	0.0026441036488630354
0.939	0.00273224043715847
0.94	0.002824858757062147
0.941	0.0029222676797194622
0.942	0.0030248033877797943
0.943	0.002506265664160401
0.944	0.0025974025974025974
0.945	0.0026936026936026937
0.946	0.002795248078266946
0.947	0.002902757619738752
0.948	0.0022624434389140274
0.949	0.002352941176470588
0.95	0.0024489795918367346
0.951	0.002551020408163265
0.952	0.0026595744680851063
0.953	0.0018501387604070306
0.954	0.001932367149758454
0.955	0.00202020202020202
0.956	0.0021141649048625794
0.957	0.0011074197120708748
0.958	0.0011614401858304297
0.959	0.0012195121951219512
0.96	0.001282051282051282
0.961	0.001349527665317139
0.962	0.001422475106685633
0.963	0.0015015015015015015
0.964	0.0015873015873015873
0.965	0.0016806722689075631
0.966	0.0017825311942959
0.967	0.001893939393939394
0.968	0.0020161290322580645
0.969	0.002150537634408602
0.97	0.0022988505747126436
0.971	0.0024630541871921183
0.972	0.0026455026455026454
0.973	0.002849002849002849
0.974	0.003076923076923077
0.975	0.0
0.976	0.0
0.977	0.0
0.978	0.0
0.979	0.0
0.98	0.0
0.981	0.0
0.982	0.0
0.983	0.0
0.984	0.0
0.985	0.0
0.986	0.0
0.987	0.0
0.988	0.0
0.989	0.0
0.99	0.0
0.991	0.0
0.992	0.0
0.993	0.0
0.994	0.0
0.995	0.0
0.996	0.0
0.997	0.0
0.998	0.0
0.999	0.0
1.0	0.0
