344	0.125
568	0.0947368421052631
541	0.0666666666666666
38	0.0766666666666666
155	0.1568627450980392
49	0.1448717948717948
677	0.1363636363636363
564	0.1193277310924369
660	0.1557971014492753
415	0.1123188405797101
939	0.0
181	0.2666666666666666
116	0.1450924608819345
489	0.1985294117647058
339	0.0471014492753623
466	0.0915032679738562
549	0.0952380952380952
345	1.0
350	0.0952380952380952
346	0.0909090909090909
375	0.1
54	0.1310483870967742
551	0.2
287	0.0779220779220779
368	0.1067193675889328
399	0.0989010989010989
418	0.0512820512820512
231	0.1515151515151515
254	0.1428571428571428
347	0.2307692307692307
590	0.2101449275362318
748	0.3818181818181818
746	0.5833333333333334
946	0.8
944	0.6666666666666666
945	0.5333333333333333
942	0.2
943	0.3333333333333333
940	0.4761904761904761
941	0.5
356	0.1003787878787878
743	0.4
340	0.125
846	0.0
268	0.1521739130434782
31	0.1298701298701298
761	0.238095238095238
51	0.0735930735930736
52	0.0682788051209103
354	0.1243589743589743
241	0.0960591133004926
935	0.5
135	0.032051282051282
228	0.2424242424242424
237	0.0459770114942528
362	0.1
365	0.3055555555555556
658	0.1388888888888889
934	0.0
341	0.1117424242424242
578	0.024024024024024
884	0.1666666666666666
573	0.2246153846153846
889	0.6190476190476191
393	0.1938461538461538
62	0.1969230769230769
571	0.6
44	0.1830065359477124
183	0.0756302521008403
938	0.6666666666666666
736	0.3333333333333333
364	0.1818181818181818
937	0.3333333333333333
936	0.5
890	0.2363636363636363
891	0.4166666666666667
892	0.3777777777777777
896	0.3454545454545454
303	0.2123076923076923
380	0.5833333333333334
76	0.0786267995570321
382	0.3676470588235294
267	0.2163742690058479
385	0.5164835164835165
389	0.2857142857142857
32	0.3333333333333333
908	0.1272727272727272
357	0.3214285714285714
416	0.2888888888888888
413	0.1503267973856209
371	0.3186813186813186
384	0.2391304347826087
512	0.1904761904761904
342	0.0
881	0.1
34	0.2163742690058479
343	0.1
208	0.3181818181818182
698	0.1929824561403508
400	0.2575757575757575
446	0.2282608695652173
810	0.5
334	0.1523809523809524
470	0.0808823529411764
811	0.2
302	0.0
957	0.3333333333333333
233	0.0494949494949494
1037	0.6
480	0.1818181818181818
812	0.1
754	0.3333333333333333
718	0.1
239	0.1333333333333333
813	1.0
348	0.0952380952380952
611	0.1428571428571428
445	0.1454545454545454
258	0.4
202	0.2571428571428571
315	0.1944444444444444
585	0.1333333333333333
349	0.1428571428571428
140	0.1729055258467023
947	0.0
45	0.0881720430107526
316	0.083743842364532
523	0.2121212121212121
69	0.128735632183908
816	0.0277777777777777
847	0.2444444444444444
709	0.2
447	0.1318681318681318
565	0.0444444444444444
849	0.2179487179487179
270	0.0583333333333333
823	0.0
817	0.2
234	0.0952380952380952
308	0.0578947368421052
429	0.0262096774193548
425	0.1272727272727272
456	0.2222222222222222
595	0.4666666666666667
592	0.2571428571428571
219	0.1954022988505747
725	0.1380952380952381
327	0.213768115942029
85	0.238095238095238
719	0.2
148	0.2272727272727272
141	0.5
313	0.0578947368421052
260	0.0444444444444444
136	0.0329670329670329
508	0.1969696969696969
717	0.0
716	0.0
256	0.0989010989010989
715	0.0666666666666666
950	0.1333333333333333
662	0.1636363636363636
598	0.0692640692640692
714	0.0
988	0.1666666666666666
1099	0.0
713	0.0
378	0.0555555555555555
712	0.3
795	0.1904761904761904
509	0.2222222222222222
711	0.0476190476190476
1050	0.2
900	0.1666666666666666
330	0.0454545454545454
861	0.2666666666666666
186	0.0329670329670329
521	0.1111111111111111
252	0.0714285714285714
137	0.0745967741935483
269	0.0766666666666666
359	0.3
710	0.1428571428571428
851	0.6666666666666666
733	0.0
732	0.0
721	0.0666666666666666
915	0.3333333333333333
322	0.1264822134387351
319	0.0
914	0.6666666666666666
452	0.1396011396011396
606	0.2
90	0.1255411255411255
872	0.2222222222222222
94	0.0797101449275362
376	0.083743842364532
917	0.0
594	0.3464052287581699
215	0.3169230769230769
205	0.2602150537634408
204	0.1565452091767881
695	0.2727272727272727
599	0.3484848484848485
193	0.2857142857142857
518	0.2948717948717949
88	0.3181818181818182
274	0.2492307692307692
127	0.2476190476190476
600	0.3333333333333333
648	0.3611111111111111
601	0.6666666666666666
222	0.4175824175824176
198	0.2216748768472906
145	0.2810457516339869
185	0.1402298850574712
505	0.2666666666666666
916	0.0
321	0.1684210526315789
1061	1.0
553	0.0952380952380952
911	0.0
907	0.3055555555555556
1063	0.0
555	0.0897435897435897
958	0.1666666666666666
1062	0.1666666666666666
928	0.6666666666666666
554	0.1185770750988142
828	0.0
1065	1.0
561	0.238095238095238
912	0.3888888888888889
1064	0.0
560	0.0
619	0.0
92	0.0384615384615384
910	0.5333333333333333
1069	0.4363636363636363
1078	0.25
1067	0.4181818181818181
1105	0.5357142857142857
1005	0.4181818181818181
913	0.0
298	0.0952380952380952
883	0.0
25	0.0947368421052631
443	0.1523809523809524
230	0.2197802197802197
299	0.2651515151515151
887	1.0
886	0.9393939393939394
885	0.8333333333333334
888	0.9393939393939394
333	0.0708898944193061
332	0.126855600539811
396	0.1269841269841269
276	0.0989010989010989
398	0.1071428571428571
143	0.1773399014778325
542	0.4333333333333333
730	0.2222222222222222
504	0.1748768472906404
409	0.175
756	0.4105263157894737
386	0.5384615384615384
552	0.2962962962962963
788	0.7564102564102564
726	0.3675889328063241
410	0.219047619047619
434	0.1848739495798319
729	0.4102564102564102
431	0.1969696969696969
296	0.2
24	0.1022067363530778
48	0.238095238095238
182	0.0935960591133004
108	0.5714285714285714
297	0.1818181818181818
882	0.1666666666666666
584	0.2416666666666666
877	0.0
441	0.2179487179487179
699	0.2666666666666666
120	0.1088709677419354
131	0.0809523809523809
165	0.3461538461538461
172	0.5333333333333333
162	0.3484848484848485
294	0.0
295	0.5
495	0.1228070175438596
875	0.3
292	1.0
293	0.1923076923076923
201	0.1904761904761904
214	0.2077922077922078
194	0.1818181818181818
56	0.1697478991596638
40	0.1253561253561253
414	0.0
259	0.1176470588235294
217	0.1666666666666666
128	0.1380952380952381
783	0.1071428571428571
290	0.2363636363636363
693	0.2666666666666666
880	0.6666666666666666
837	0.5
694	0.2307692307692307
668	0.3333333333333333
838	0.6
122	0.0769230769230769
671	0.1111111111111111
355	0.0666666666666666
291	0.1923076923076923
203	0.1428571428571428
336	0.1212121212121212
547	0.0
105	0.1050301810865191
591	0.1948051948051948
153	0.3406593406593406
744	0.5555555555555556
84	0.3428571428571428
284	0.1045751633986928
142	0.2428571428571428
381	0.2924901185770751
243	0.0883190883190883
387	0.4358974358974359
388	0.1333333333333333
724	0.1948051948051948
747	0.7
83	0.2666666666666666
961	1.0
412	0.303030303030303
593	0.1071428571428571
745	0.3555555555555555
1076	0.0
1075	0.0
1074	0.0
895	0.4
650	0.1777777777777777
199	0.2416666666666666
784	0.2545454545454545
785	0.0
786	0.3076923076923077
780	0.4065934065934066
16	0.1458823529411764
218	0.1976284584980237
289	0.2578947368421053
216	0.3052631578947368
649	0.0545454545454545
687	0.019047619047619
363	0.2575757575757575
221	0.3939393939393939
286	0.2666666666666666
212	0.245014245014245
629	0.1666666666666666
176	0.2514619883040935
401	0.2510822510822511
775	0.1038961038961039
207	0.375
206	0.1984126984126984
642	0.4166666666666667
647	0.2142857142857142
597	1.0
86	0.2363636363636363
596	0.0476190476190476
200	0.1268115942028985
742	0.1333333333333333
209	0.3333333333333333
195	0.2857142857142857
675	0.1944444444444444
778	0.3333333333333333
255	0.1503267973856209
210	0.2466666666666666
705	0.0555555555555555
196	0.1350601295097132
317	0.2888888888888888
390	0.2166666666666666
80	0.0892307692307692
41	0.0765306122448979
325	0.4666666666666667
361	0.2573529411764705
777	1.0
263	0.2692307692307692
74	0.0666666666666666
30	0.1476923076923077
130	0.1454545454545454
439	0.2526315789473684
197	0.3186813186813186
782	0.0
220	0.6
78	0.1969696969696969
691	0.1363636363636363
23	0.0603921568627451
678	0.0
779	0.0
77	0.1428571428571428
101	0.0769230769230769
107	0.1
781	0.5
472	0.3272727272727272
473	1.0
191	0.2948717948717949
622	0.6190476190476191
15	0.175438596491228
454	0.1010752688172043
50	0.1969230769230769
184	0.1333333333333333
464	0.1868131868131868
93	0.1520467836257309
189	0.2583333333333333
190	0.5357142857142857
566	0.6
567	0.6
161	0.2777777777777778
328	0.3571428571428571
192	0.0606060606060606
323	0.1555555555555555
776	0.0
58	0.1325757575757575
503	0.1758241758241758
288	0.3333333333333333
224	0.1785714285714285
248	0.2095238095238095
856	0.0
857	0.0
858	0.0
632	0.0714285714285714
73	0.0523809523809523
351	0.065359477124183
620	0.0
829	0.3333333333333333
815	0.0
271	0.1298701298701298
314	0.1111111111111111
392	0.0666666666666666
112	0.1695906432748538
836	0.0151515151515151
42	0.1027450980392157
859	0.0833333333333333
404	0.1
750	0.1428571428571428
164	0.3333333333333333
860	0.2142857142857142
372	0.1098901098901098
272	0.3333333333333333
265	0.1785714285714285
273	0.1
689	0.3
501	0.0661764705882353
862	0.0
863	0.0
437	0.4642857142857143
275	0.109090909090909
458	0.0196078431372549
451	0.0606060606060606
864	0.0
27	0.1571428571428571
353	0.0909090909090909
82	0.067193675889328
279	0.1555555555555555
865	0.0
866	0.0
277	0.1904761904761904
867	0.0
278	0.2363636363636363
868	0.3111111111111111
870	0.109090909090909
871	0.3333333333333333
824	0.2727272727272727
869	0.3571428571428571
848	0.3333333333333333
654	0.35
417	0.2142857142857142
738	0.0
147	0.2095238095238095
793	0.3214285714285714
1070	0.8
1004	0.7333333333333333
524	0.0
525	1.0
506	0.2857142857142857
526	0.0
527	0.4761904761904761
902	0.3214285714285714
1054	0.6666666666666666
558	0.2363636363636363
529	0.4
520	0.0
68	0.3333333333333333
305	0.0761904761904762
765	0.1666666666666666
1016	0.0
522	0.5
607	0.2
483	0.1166666666666666
491	0.2666666666666666
1053	0.4
528	0.238095238095238
546	0.0666666666666666
570	0.0
822	0.2857142857142857
1014	0.0
636	0.1
1015	0.0
1017	0.6666666666666666
459	0.0727272727272727
1019	0.3333333333333333
1068	0.1666666666666666
226	0.0
903	0.1666666666666666
994	0.0
706	0.2727272727272727
1013	0.6666666666666666
1025	1.0
757	0.1691176470588235
460	0.1133004926108374
449	0.0
448	0.6666666666666666
134	0.0742240215924426
834	0.5714285714285714
749	0.0
444	0.1555555555555555
809	0.3777777777777777
240	0.1323529411764706
539	0.3333333333333333
442	1.0
806	0.2666666666666666
118	0.0833333333333333
517	0.1428571428571428
440	0.1666666666666666
640	0.2
484	0.15
264	0.2
475	0.1818181818181818
996	0.3571428571428571
477	0.2545454545454545
1007	0.3333333333333333
238	0.1102941176470588
422	0.3928571428571428
482	0.0666666666666666
133	0.0549450549450549
468	0.0413793103448275
641	0.4444444444444444
586	0.1944444444444444
588	0.1650246305418719
461	0.0
377	0.1555555555555555
282	0.2952380952380952
70	0.0909090909090909
91	0.106060606060606
10	0.1129032258064516
109	1.0
102	0.0
8	0.4642857142857143
370	0.1333333333333333
103	0.3333333333333333
21	0.0952380952380952
639	0.0
614	0.25
246	0.303030303030303
9	0.3382352941176471
100	0.3333333333333333
7	0.1384615384615384
96	0.2857142857142857
582	0.0
637	0.0
638	0.0714285714285714
132	0.1212121212121212
106	0.0924731182795698
664	0.3333333333333333
663	0.2363636363636363
661	0.1272727272727272
391	0.106060606060606
20	0.2205882352941176
656	0.3888888888888889
657	0.1777777777777777
655	1.0
652	1.0
653	0.0
665	0.0
659	0.1785714285714285
467	0.1736842105263158
13	0.16
538	0.1111111111111111
358	0.1568627450980392
39	0.1984126984126984
667	0.0
666	0.0
14	0.0888888888888888
104	0.1333333333333333
47	0.3333333333333333
154	0.3333333333333333
335	0.239766081871345
331	0.1428571428571428
251	0.3076923076923077
236	0.0
213	0.1462450592885375
651	0.3333333333333333
79	0.1818181818181818
545	0.0583333333333333
420	0.2416666666666666
646	0.5
307	0.1944444444444444
227	0.1333333333333333
129	0.4285714285714285
55	0.2571428571428571
643	0.5714285714285714
645	1.0
644	0.0
310	0.3
1066	0.3
250	0.2363636363636363
46	0.1714285714285714
43	0.3333333333333333
3	0.1963015647226173
245	0.4
18	0.3398692810457516
22	0.4761904761904761
2	0.2924901185770751
19	0.1587301587301587
352	0.3186813186813186
906	0.0
312	0.1212121212121212
432	0.2181818181818181
904	0.2666666666666666
1051	1.0
408	0.1555555555555555
905	0.0
402	0.0357142857142857
33	0.5
169	0.1333333333333333
338	0.0909090909090909
157	0.1538461538461538
337	0.106060606060606
1	0.2275862068965517
329	0.1383399209486166
318	0.0
211	0.3296703296703296
178	0.2
320	0.4666666666666667
326	0.2
324	0.1666666666666666
37	0.0
36	0.0
35	0.0
17	0.238095238095238
28	0.2575757575757575
6	0.219047619047619
438	0.1212121212121212
1006	0.0
436	0.3333333333333333
159	0.3333333333333333
540	0.1333333333333333
993	1.0
435	0.4
963	0.5
610	0.1666666666666666
932	0.2
433	0.1666666666666666
543	0.1333333333333333
802	0.1
927	1.0
430	0.3076923076923077
497	0.4666666666666667
59	0.3450292397660818
510	0.7857142857142857
65	0.2352941176470588
67	0.1318681318681318
485	0.3142857142857143
500	0.1397058823529411
499	0.1428571428571428
1003	0.4
1002	0.6666666666666666
922	0.3333333333333333
281	0.0
931	0.0
930	0.3333333333333333
576	0.3333333333333333
933	0.0
72	0.1006006006006006
929	0.1666666666666666
587	0.0
603	0.1208791208791208
532	0.0833333333333333
926	0.0
457	0.1666666666666666
634	0.2777777777777778
612	0.0849673202614379
608	0.4666666666666667
925	0.0
923	0.2
924	0.5
383	0.3974358974358974
469	0.0
423	0.0666666666666666
301	0.0666666666666666
827	0.5
919	0.0
574	0.2
81	0.1159420289855072
513	0.3939393939393939
921	0.0
407	0.1666666666666666
146	0.2553846153846154
893	0.6666666666666666
920	0.7619047619047619
1120	0.0
1000	0.0
427	0.125
854	0.3333333333333333
818	0.1666666666666666
235	0.1318681318681318
990	0.2
462	0.2
850	0.0
807	0.0
852	0.0
819	0.25
770	0.4642857142857143
772	0.4666666666666667
1058	0.0
953	0.2222222222222222
952	0.6
633	0.1111111111111111
1113	0.0
1081	0.0
5	0.0888888888888888
87	0.2666666666666666
899	0.6666666666666666
306	0.0641025641025641
1045	0.4
1098	0.3611111111111111
808	0.3111111111111111
471	0.4285714285714285
486	0.2476190476190476
419	0.5714285714285714
1034	0.6
99	0.2
602	0.3571428571428571
98	0.1
627	0.3333333333333333
635	0.0
844	0.0
579	0.1666666666666666
257	0.0909090909090909
1085	0.0
617	0.0
613	0.0
615	0.0
369	0.1636363636363636
605	0.3333333333333333
604	0.2
609	0.1666666666666666
64	0.4485294117647059
507	0.1083333333333333
285	0.2142857142857142
426	0.8055555555555556
623	0.6666666666666666
621	0.4
628	0.0
625	0.2
465	0.1666666666666666
624	0.6
89	0.2857142857142857
626	0.0
618	0.0
616	0.0
95	0.2
630	0.3333333333333333
631	1.0
266	0.3333333333333333
97	0.0
814	0.0
825	0.0
1030	0.0
1043	0.4642857142857143
1039	0.7333333333333333
1112	0.2
1035	0.3777777777777777
740	0.0
152	0.2222222222222222
741	0.1333333333333333
559	0.3
965	0.3333333333333333
75	0.106060606060606
144	0.0
833	0.2909090909090909
124	0.2058823529411764
1009	0.0952380952380952
481	0.219047619047619
479	0.3333333333333333
557	0.3333333333333333
720	0.5
556	0.3333333333333333
550	0.0
853	0.0357142857142857
1060	0.0
411	0.25
453	0.2
428	0.0
487	0.2545454545454545
707	0.0555555555555555
702	0.2
167	0.3214285714285714
168	0.238095238095238
821	0.3333333333333333
820	0.0
138	0.5
57	0.2037037037037037
232	1.0
692	0.0277777777777777
71	0.2307692307692307
534	0.0
989	0.3333333333333333
1052	0.0
514	0.0
1129	0.0
1055	0.0
1056	0.0
535	0.0
1057	0.0
1059	0.0
992	0.3333333333333333
731	0.1785714285714285
728	0.4
26	1.0
29	0.1666666666666666
4	0.264069264069264
11	0.2157894736842105
12	0.2875816993464052
700	0.1428571428571428
150	0.2894736842105263
139	1.0
737	0.2666666666666666
149	0.3846153846153846
229	0.0
739	1.0
734	0.0
735	1.0
723	0.5
727	0.0
300	0.2
722	0.0
1083	0.0
1082	0.0
1080	0.5
1084	0.5
968	0.5
985	0.3
533	0.2
572	0.1071428571428571
967	1.0
1079	1.0
1001	0.0476190476190476
951	1.0
948	0.0
949	0.0
768	0.0
1103	0.0
688	0.0
367	0.0763546798029556
685	0.0
684	0.0
126	0.0
156	0.0666666666666666
704	0.0
703	0.0
686	0.0
581	0.1333333333333333
681	0.0
680	0.1
1093	0.0
683	1.0
682	0.0
117	0.2083333333333333
244	0.2142857142857142
61	0.3111111111111111
701	0.0952380952380952
536	0.0
672	0.0
125	0.1272727272727272
311	0.2142857142857142
397	0.238095238095238
394	0.0
113	0.2051282051282051
708	0.3333333333333333
494	0.0
1047	0.0
878	0.3333333333333333
874	0.4
283	0.3333333333333333
223	0.0
490	0.5
170	0.2
1041	1.0
492	0.0
166	0.3333333333333333
493	0.0
115	0.141025641025641
110	0.4444444444444444
174	0.6
119	0.4722222222222222
121	0.1818181818181818
60	0.0
304	0.0
242	0.0
261	0.0
253	0.0
247	1.0
249	0.0
280	0.0666666666666666
262	0.3333333333333333
309	0.0
991	0.0
406	0.6666666666666666
405	0.1
403	0.0476190476190476
697	0.1904761904761904
987	0.4
798	0.0
1121	0.0
1011	0.0
1032	0.1666666666666666
1028	0.0
758	0.0
160	0.0
1018	0.0
379	0.3
753	0.3333333333333333
975	0.0
974	0.0
395	0.1333333333333333
373	0.3111111111111111
374	0.0
972	0.0
973	0.0
971	0.0
970	0.0
421	0.1666666666666666
969	1.0
1038	0.2666666666666666
1097	0.0
755	0.1
954	0.1428571428571428
1010	0.0
840	0.1388888888888889
498	0.1333333333333333
982	0.6666666666666666
983	0.4444444444444444
981	0.5555555555555556
976	0.1818181818181818
894	0.4722222222222222
980	0.1
986	1.0
187	0.3333333333333333
752	0.6
158	0.106060606060606
767	0.3333333333333333
984	1.0
180	0.0
589	0.0
577	0.0
583	0.0
580	0.0
797	0.0
796	0.0
794	0.0
792	0.7333333333333333
791	0.0
790	0.1666666666666666
799	0.0
1046	0.0
1031	0.0
1072	0.0
177	0.3333333333333333
171	0.0
1133	0.0
1096	0.0
1132	0.0
1087	0.5
1131	0.0
1130	0.0
1073	0.3333333333333333
769	0.4393939393939394
455	0.3611111111111111
188	0.3205128205128205
562	0.2692307692307692
832	0.0
151	0.0
826	0.0
830	0.0
831	0.0
519	0.0
1127	0.0
1008	0.0
511	0.2
515	0.2666666666666666
771	0.0
66	0.4945054945054945
516	0.0
548	0.0
842	0.0
450	0.0
1012	0.0
979	0.1
1123	0.0
496	0.0
179	0.4
669	0.4666666666666667
114	0.4
175	0.0
173	1.0
563	0.4285714285714285
977	0.0
978	0.3333333333333333
762	0.0
763	0.0
764	0.3333333333333333
766	0.3333333333333333
569	0.3777777777777777
774	0.1666666666666666
773	0.0
1122	0.0
960	0.3333333333333333
1088	1.0
1089	1.0
1110	0.0
997	0.0
696	0.4
1124	0.0
1086	0.0
1125	0.0
998	0.0
1048	1.0
111	0.0
123	0.6666666666666666
163	0.0666666666666666
225	0.3333333333333333
1116	0.0
531	0.0
63	0.3333333333333333
476	0.2222222222222222
530	0.0
918	0.0
673	0.0
759	0.0
474	0.6666666666666666
787	0.3333333333333333
789	0.0
544	0.0
53	0.0
537	1.0
575	0.0
1042	0.0
1040	0.0
995	0.2435897435897435
1026	0.6
1044	0.0
1049	1.0
805	0.0
804	0.0
1091	0.0
1090	0.0
962	0.2
690	0.0
1094	0.0
801	1.0
1095	0.0
879	0.3333333333333333
1077	0.0
855	0.1428571428571428
999	1.0
1102	0.0
1128	0.0
1023	0.1
909	0.0
1126	0.0
1111	0.0
1109	0.0
1108	0.0
835	0.0
839	1.0
366	0.0
964	0.0
966	0.0
360	0.5
959	0.0
1071	0.0
502	0.0
841	0.0
843	0.0
1033	0.0
1029	0.0
1024	0.3333333333333333
1027	1.0
1021	0.0
1020	0.5
1022	0.0
463	0.0
901	0.0
760	0.0
1106	0.0
1107	0.0
1104	0.0
1100	1.0
1101	0.0
876	0.0
1115	0.0
873	0.0
1114	0.0
1117	0.0
897	0.0
898	0.0
1118	0.0
956	0.0
955	0.0
803	0.0
800	0.0
676	0.6666666666666666
679	0.0
1092	0.0
674	1.0
670	0.0
845	0.0
488	0.0
478	0.0
1119	0.0
424	0.0
1036	0.3333333333333333
751	0.0
