344
568
541
38
155
49
677
564
660
415
939
181
116
489
339
466
549
345
350
346
375
54
551
287
368
399
418
231
254
347
590
748
746
946
944
945
942
943
940
941
356
743
340
846
268
31
761
51
52
354
241
935
135
228
237
362
365
658
934
341
578
884
573
889
393
62
571
44
183
938
736
364
937
936
890
891
892
896
303
380
76
382
267
385
389
32
908
357
416
413
371
384
512
342
881
34
343
208
698
400
446
810
334
470
811
302
957
233
1037
480
812
754
718
239
813
348
611
445
258
202
315
585
349
140
947
45
316
523
69
816
847
709
447
565
849
270
823
817
234
308
429
425
456
595
592
219
725
327
85
719
148
141
313
260
136
508
717
716
256
715
950
662
598
714
988
1099
713
378
712
795
509
711
1050
900
330
861
186
521
252
137
269
359
710
851
733
732
721
915
322
319
914
452
606
90
872
94
376
917
594
215
205
204
695
599
193
518
88
274
127
600
648
601
222
198
145
185
505
916
321
1061
553
911
907
1063
555
958
1062
928
554
828
1065
561
912
1064
560
619
92
910
1069
1078
1067
1105
1005
913
298
883
25
443
230
299
887
886
885
888
333
332
396
276
398
143
542
730
504
409
756
386
552
788
726
410
434
729
431
296
24
48
182
108
297
882
584
877
441
699
120
131
165
172
162
294
295
495
875
292
293
201
214
194
56
40
414
259
217
128
783
290
693
880
837
694
668
838
122
671
355
291
203
336
547
105
591
153
744
84
284
142
381
243
387
388
724
747
83
961
412
593
745
1076
1075
1074
895
650
199
784
785
786
780
16
218
289
216
649
687
363
221
286
212
629
176
401
775
207
206
642
647
597
86
596
200
742
209
195
675
778
255
210
705
196
317
390
80
41
325
361
777
263
74
30
130
439
197
782
220
78
691
23
678
779
77
101
107
781
472
473
191
622
15
454
50
184
464
93
189
190
566
567
161
328
192
323
776
58
503
288
224
248
856
857
858
632
73
351
620
829
815
271
314
392
112
836
42
859
404
750
164
860
372
272
265
273
689
501
862
863
437
275
458
451
864
27
353
82
279
865
866
277
867
278
868
870
871
824
869
848
654
417
738
147
793
1070
1004
524
525
506
526
527
902
1054
558
529
520
68
305
765
1016
522
607
483
491
1053
528
546
570
822
1014
636
1015
1017
459
1019
1068
226
903
994
706
1013
1025
757
460
449
448
134
834
749
444
809
240
539
442
806
118
517
440
640
484
264
475
996
477
1007
238
422
482
133
468
641
586
588
461
377
282
70
91
10
109
102
8
370
103
21
639
614
246
9
100
7
96
582
637
638
132
106
664
663
661
391
20
656
657
655
652
653
665
659
467
13
538
358
39
667
666
14
104
47
154
335
331
251
236
213
651
79
545
420
646
307
227
129
55
643
645
644
310
1066
250
46
43
3
245
18
22
2
19
352
906
312
432
904
1051
408
905
402
33
169
338
157
337
1
329
318
211
178
320
326
324
37
36
35
17
28
6
438
1006
436
159
540
993
435
963
610
932
433
543
802
927
430
497
59
510
65
67
485
500
499
1003
1002
922
281
931
930
576
933
72
929
587
603
532
926
457
634
612
608
925
923
924
383
469
423
301
827
919
574
81
513
921
407
146
893
920
1120
1000
427
854
818
235
990
462
850
807
852
819
770
772
1058
953
952
633
1113
1081
5
87
899
306
1045
1098
808
471
486
419
1034
99
602
98
627
635
844
579
257
1085
617
613
615
369
605
604
609
64
507
285
426
623
621
628
625
465
624
89
626
618
616
95
630
631
266
97
814
825
1030
1043
1039
1112
1035
740
152
741
559
965
75
144
833
124
1009
481
479
557
720
556
550
853
1060
411
453
428
487
707
702
167
168
821
820
138
57
232
692
71
534
989
1052
514
1129
1055
1056
535
1057
1059
992
731
728
26
29
4
11
12
700
150
139
737
149
229
739
734
735
723
727
300
722
1083
1082
1080
1084
968
985
533
572
967
1079
1001
951
948
949
768
1103
688
367
685
684
126
156
704
703
686
581
681
680
1093
683
682
117
244
61
701
536
672
125
311
397
394
113
708
494
1047
878
874
283
223
490
170
1041
492
166
493
115
110
174
119
121
60
304
242
261
253
247
249
280
262
309
991
406
405
403
697
987
798
1121
1011
1032
1028
758
160
1018
379
753
975
974
395
373
374
972
973
971
970
421
969
1038
1097
755
954
1010
840
498
982
983
981
976
894
980
986
187
752
158
767
984
180
589
577
583
580
797
796
794
792
791
790
799
1046
1031
1072
177
171
1133
1096
1132
1087
1131
1130
1073
769
455
188
562
832
151
826
830
831
519
1127
1008
511
515
771
66
516
548
842
450
1012
979
1123
496
179
669
114
175
173
563
977
978
762
763
764
766
569
774
773
1122
960
1088
1089
1110
997
696
1124
1086
1125
998
1048
111
123
163
225
1116
531
63
476
530
918
673
759
474
787
789
544
53
537
575
1042
1040
995
1026
1044
1049
805
804
1091
1090
962
690
1094
801
1095
879
1077
855
999
1102
1128
1023
909
1126
1111
1109
1108
835
839
366
964
966
360
959
1071
502
841
843
1033
1029
1024
1027
1021
1020
1022
463
901
760
1106
1107
1104
1100
1101
876
1115
873
1114
1117
897
898
1118
956
955
803
800
676
679
1092
674
670
845
488
478
1119
424
1036
751
