344	0.0285076168190686
568	0.0260674559124731
541	0.0067748815609554
38	0.0412596656791541
155	0.0297312840626787
49	0.1279242203849163
677	0.0212591552323154
564	0.0309599627802679
660	0.025708723470024
415	0.0339969389331351
939	0.0013740712258524
181	0.0167033994595913
116	0.1250097277648494
489	0.0243811920107969
339	0.0271151015604177
466	0.03232746005473
549	0.0208502628791008
345	0.0022121132501935
350	0.0046332069327073
346	0.0161897560080446
375	0.0088500930486716
54	0.0859446332159566
551	0.0081523866321942
287	0.0247596249446987
368	0.0394794629040944
399	0.0288727263084531
418	0.0119961602028358
231	0.0239258691849457
254	0.0329019158345878
347	0.0097058136050633
590	0.0322050677898807
748	0.0114197321881019
746	0.0078318094541277
946	0.0065044642476086
944	0.0042231254241656
945	0.0119329170473655
942	0.0024304501484343
943	0.0044552020906941
940	0.0051016482594595
941	0.0024130976251763
356	0.0551001452870081
743	0.016468214387678
340	0.0296009558931124
846	0.0048759276439945
268	0.0407508104788627
31	0.056427770879733
761	0.0069871387400064
51	0.0549282901808704
52	0.0806852979236837
354	0.0825660429228499
241	0.0599679239146802
935	0.0025005651204815
135	0.0674931973018717
228	0.0264668201285094
237	0.0456922054652603
362	0.0280896050016478
365	0.0174143947600942
658	0.0107130031836838
934	0.0014268440112146
341	0.0465183762337695
578	0.0530802667855763
884	0.0223188520724713
573	0.0456723643158994
889	0.0076491107747852
393	0.04987856515827
62	0.0493774922930572
571	0.0300569951113672
44	0.0443444085292981
183	0.0557639907173989
938	0.0057847466912163
736	0.0093922594343753
364	0.0393368077217554
937	0.0046982529254297
936	0.0054123652878618
890	0.0156597710302858
891	0.0120676711019791
892	0.0222823559671825
896	0.0112931156347147
303	0.05517374006918
380	0.0189636590296104
76	0.0824438561443228
382	0.0330042489718662
267	0.032022847850911
385	0.0277358299173618
389	0.0562610773318866
32	0.006710125992118
908	0.0071443636114374
357	0.0135115456651868
416	0.0202115138674695
413	0.0358570706519145
371	0.0301103992343343
384	0.0471202816369772
512	0.0147100299881668
342	0.0023700605807464
881	0.0025604282185933
34	0.0466121815215898
343	0.012523358794395
208	0.0388121711343347
698	0.0429729861279943
400	0.0449921238434705
446	0.0864473075113067
810	0.0055204502608386
334	0.0199093627130684
470	0.0377928795693593
811	0.0072883006621254
302	0.0028985959420557
957	0.0064019016313029
233	0.0800599926193225
1037	0.0015548641844712
480	0.0072114069975667
812	0.0062377541765063
754	0.001436119800103
718	0.0029810927149985
239	0.0400563708714572
813	0.005789799587412
348	0.0084958245000259
611	0.0059752706628056
445	0.0129093978090485
258	0.016152765986136
202	0.0561056471092307
315	0.0097595551044936
585	0.0340982951985937
349	0.0143758560831568
140	0.0658263310278485
947	0.0006929672261393
45	0.0703237623982123
316	0.0510827253043913
523	0.0087101967983713
69	0.0322514014477016
816	0.0081574720839727
847	0.0030980562906825
709	0.0135415339628861
447	0.0099815433174781
565	0.0108940408552437
849	0.0055960190889268
270	0.0236289423421473
823	0.0015861012177868
817	0.0049996101919982
234	0.0114048225376899
308	0.0209898358474149
429	0.0432655166660252
425	0.0166714832104426
456	0.0113913504529226
595	0.0146681422363135
592	0.0302582393535775
219	0.0699972883949642
725	0.0393803219250683
327	0.0778408016643228
85	0.0567984135770705
719	0.0071178832092345
148	0.0282936676882265
141	0.0143745369578895
313	0.0218457915531358
260	0.0161058954019167
136	0.012594066434717
508	0.0050623984464342
717	0.0006070238387753
716	0.0012339747355596
256	0.0130069568777756
715	0.0101097649097551
950	0.0023913613412232
662	0.017008146033566
598	0.0140013999517163
714	0.0033411657284195
988	0.0016615181514041
1099	0.0001610529782569
713	0.0070114562678496
378	0.0779681407484298
712	0.005280858185428
795	0.006050748798032
509	0.0044070721975457
711	0.0198549000101548
1050	0.0044740984833526
900	0.0017081733775057
330	0.0182084638356357
861	0.0095812058611433
186	0.0191885285868663
521	0.0081365415896561
252	0.0144403737660344
137	0.0621583232751361
269	0.0590527018744278
359	0.0086075154459422
710	0.0077138078005962
851	0.0050912810524444
733	0.0006346955736677
732	0.0006346955736677
721	0.0084784768048196
915	0.0070380826142575
322	0.0557419543993982
319	0.00383802756492
914	0.0056867841480373
452	0.0328956078005808
606	0.0072486681887895
90	0.0172261696676566
872	0.0038830572710475
94	0.0358454215223985
376	0.0259321785246907
917	0.0026866207507135
594	0.048928821595816
215	0.0770883050853091
205	0.1068211288373475
204	0.1348828379565989
695	0.0389650737519222
599	0.0293698758195516
193	0.0608364706153139
518	0.0226128873303807
88	0.0291551018474252
274	0.1071904666796065
127	0.0460302885945905
600	0.010367530748877
648	0.0351712805259088
601	0.0092789290409817
222	0.0436402132098682
198	0.0902856212162397
145	0.0361076570809936
185	0.0573114370547879
505	0.0200998886022725
916	0.0023081785919173
321	0.0478896622464769
1061	0.0016664033718521
553	0.0085037859294238
911	0.001158615553477
907	0.0021903885669217
1063	0.0010478747354116
555	0.0120688081369116
958	0.0096703374712839
1062	0.0018307083974658
928	0.0024178773926544
554	0.0212148982232025
828	0.0003453673015072
1065	0.0003485091930061
561	0.001491549664555
912	0.0057385924047766
1064	0.0002142650838375
560	0.0044456900219087
619	0.0011241917722044
92	0.0233241514794517
910	0.0017052490613908
1069	0.003975390031439
1078	0.0014030364544728
1067	0.0048547907995555
1105	0.0012392990021009
1005	0.0020588789326557
913	0.0024623567178697
298	0.0089913969470818
883	0.0012414861621015
25	0.0402527416619307
443	0.0216798113496091
230	0.02556792793768
299	0.0665489401314039
887	0.0206269146154123
886	0.0221113306070762
885	0.0212623266204265
888	0.0221113306070762
333	0.1236567077220932
332	0.0931630451485234
396	0.0614326358592579
276	0.028880166835966
398	0.0170928722309774
143	0.0546810447066674
542	0.0322775000025397
730	0.032999661174705
504	0.0558105266816094
409	0.026143523277197
756	0.033003711956325
386	0.0335851681029128
552	0.0501017142514321
788	0.0254082902714189
726	0.0401725321481975
410	0.041554265051373
434	0.0608496875452605
729	0.0267467208549303
431	0.0263489863759756
296	0.0096141982822005
24	0.0763444199129994
48	0.024620231107134
182	0.0535405089735678
108	0.0214105913576819
297	0.0127501341759081
882	0.0028739477547622
584	0.0317354722959141
877	0.0018079691973623
441	0.0241906440302019
699	0.009390510476826
120	0.0446060293229283
131	0.0232012037410478
165	0.0135832179854299
172	0.0070210252851668
162	0.0297811156930012
294	0.0036796669807659
295	0.0058401337401259
495	0.0171230340080378
875	0.0029388967514792
292	0.0062603214416876
293	0.0530968718198718
201	0.1054742889519537
214	0.0920337732838984
194	0.0861225848720359
56	0.1263698440148282
40	0.0860954630952256
414	0.0286218488160934
259	0.0527015843739269
217	0.04985929252178
128	0.1184641411249892
783	0.0167472843781504
290	0.0108743743600254
693	0.0098878034925023
880	0.0010357052349718
837	0.0026423587793045
694	0.0110983511411742
668	0.0079704602243868
838	0.0074473563807015
122	0.0208778509043505
671	0.0096694794594633
355	0.0615094900829021
291	0.0487683329891805
203	0.0531480786001585
336	0.0331352202985805
547	0.0043074759946841
105	0.22910279788672
591	0.0382377162557367
153	0.0197070173402114
744	0.0114131316828888
84	0.0405482554678665
284	0.0470780473461919
142	0.0432504321372925
381	0.0522677807246941
243	0.0565556786323716
387	0.0263679327926763
388	0.017220112380416
724	0.0328199075618403
747	0.0097020313979653
83	0.0121840066017077
961	0.0042085282551552
412	0.0212820291162979
593	0.0180267048302283
745	0.0107616202502416
1076	0.0008688321901134
1075	0.0014193431222281
1074	0.0014583258593161
895	0.0165777604002179
650	0.0371426664283104
199	0.036575030173915
784	0.0138172300475994
785	0.0017627834298807
786	0.0283527484924635
780	0.0410629630643792
16	0.1652956495340493
218	0.0786760641799583
289	0.0652111164226064
216	0.0717326617353682
649	0.0299209652223721
687	0.0228660003417954
363	0.0318382371607706
221	0.030508929934514
286	0.0153213177212579
212	0.077828514430031
629	0.017094295225668
176	0.0477241259089384
401	0.0545065762063048
775	0.0305550697425871
207	0.0682089562595143
206	0.1087646703266496
642	0.039309440553598
647	0.0245584835681747
597	0.0034257012256738
86	0.0212229008133049
596	0.0216229786892306
200	0.0624236960893754
742	0.0083602619034945
209	0.0247835692855215
195	0.0122573651410909
675	0.0060368576672013
778	0.002366636564843
255	0.0354617080575445
210	0.1076144327350127
705	0.015926644256245
196	0.1542472060491234
317	0.0339870092909785
390	0.102996631055615
80	0.0690347933895466
41	0.1041801235139038
325	0.0337018227617167
361	0.0704174872953719
777	0.0115851677203453
263	0.0525251777627715
74	0.0466127954007665
30	0.0725938898733193
130	0.0293614228972583
439	0.0840427521815393
197	0.0463832061253279
782	0.0022354948371649
220	0.0253533751501366
78	0.0212067085393834
691	0.020987524438106
23	0.1165928000000989
678	0.0138633064745755
779	0.0074342925581921
77	0.0279170907110844
101	0.0264454202584345
107	0.0484724619809629
781	0.0177998137629611
472	0.0477439281174561
473	0.0168124493333094
191	0.0285053089889256
622	0.0052885657392265
15	0.0371406798568677
454	0.0337156780816729
50	0.0785891317224796
184	0.0223045550831925
464	0.0124878563694493
93	0.0126470940985435
189	0.0219038984940147
190	0.0151223317073509
566	0.0079872888378332
567	0.0095007487199056
161	0.0179074198621508
328	0.0287447712084555
192	0.0281050673920815
323	0.0133123183484088
776	0.0027390237073396
58	0.0542274197770168
503	0.0411151032988989
288	0.0075658449288336
224	0.00697743170504
248	0.0231459829126577
856	0.0011389661437996
857	0.0011389661437996
858	0.0011389661437996
632	0.0079081028893972
73	0.0265098699796105
351	0.0272106067783618
620	0.0038602309272681
829	0.0051767098751183
815	0.0049979091716495
271	0.0476257505866306
314	0.0338576447470479
392	0.0304431527921066
112	0.0315789618098249
836	0.0114792661355448
42	0.1315701063095283
859	0.0125367343786063
404	0.0366474175465591
750	0.0112066444066004
164	0.0100149833318998
860	0.0040396612744669
372	0.0363652258463504
272	0.0129626160494163
265	0.0174634324334116
273	0.0097247909925416
689	0.0040106288108123
501	0.0191712813811384
862	0.0004687531281971
863	0.0051662649636973
437	0.0400496371123413
275	0.0195476892821707
458	0.0165854435616115
451	0.0083200921968718
864	0.0033610511878202
27	0.0358036592326683
353	0.0197905378582832
82	0.0382584286527868
279	0.0136039282618447
865	0.0017607948414424
866	0.0039506292796113
277	0.0129606508725911
867	0.0006247165129053
278	0.0125478482563964
868	0.005024035138623
870	0.0097939180636821
871	0.0019010460013272
824	0.0065001437322058
869	0.0042575053992343
848	0.0060501599577362
654	0.0157230321929032
417	0.007729375169793
738	0.0022419768294548
147	0.0385183149529846
793	0.0079927251757984
1070	0.0031430766728091
1004	0.0010667670979782
524	0.0073663904721651
525	0.0017696975504493
506	0.0044623662157744
526	0.0015545938619984
527	0.0045490478300223
902	0.0044646492900699
1054	0.0012391303812991
558	0.0139276973869962
529	0.0028944996796554
520	0.0093566195765733
68	0.0175494293218372
305	0.0328844232454344
765	0.0087241134612885
1016	0.0011916612499848
522	0.002789689918965
607	0.0102611084403282
483	0.0100063348916241
491	0.0053552461739794
1053	0.0012501935592042
528	0.0049915688338029
546	0.0045591888374617
570	0.0043937811232808
822	0.0038823157215572
1014	0.0017943097693936
636	0.0035087647913206
1015	0.0007994692007168
1017	0.000557992636771
459	0.0081754309738326
1019	0.0006559424019542
1068	0.0027447772555511
226	0.0026261013451398
903	0.0011844539909691
994	0.0009470044479231
706	0.0076500682275127
1013	0.0024820303980114
1025	0.0012159934604294
757	0.0047503292393105
460	0.0204764026847336
449	0.0031966544169192
448	0.0063169281271145
134	0.0632146389014857
834	0.0059104318326075
749	0.0051350989206968
444	0.0185211873650763
809	0.0097566775936059
240	0.0287214851433547
539	0.0037713340020607
442	0.011160493512929
806	0.0043814940654207
118	0.0113826269470803
517	0.0040460551850674
440	0.0088585141589086
640	0.0086235372316606
484	0.0129916935060103
264	0.0083041126332707
475	0.0099236313217234
996	0.0043269029474374
477	0.0050808310246498
1007	0.0030842611626771
238	0.0247477193049023
422	0.0084941248969021
482	0.0030687380056081
133	0.0337870551864609
468	0.0582608123013624
641	0.0317312197233222
586	0.0167640968249925
588	0.0343893718121956
461	0.0048926458377369
377	0.0146988903236393
282	0.03280027367018
70	0.0376258726882395
91	0.0179661978067702
10	0.0641214726640737
109	0.0067702025510727
102	0.0025458526861998
8	0.019403214530615
370	0.0062981164159557
103	0.0156475506362923
21	0.1103332407029244
639	0.0016791465891893
614	0.0069786809426866
246	0.034459963988896
9	0.067001462411055
100	0.0034701490645946
7	0.052331544766471
96	0.0056611242851861
582	0.0048309684284201
637	0.0012746482540624
638	0.0085326319717298
132	0.0140901852600937
106	0.0398451474747422
664	0.0031672111656063
663	0.0132205443089076
661	0.0090028291112505
391	0.0152944488307193
20	0.0452457618398551
656	0.0113306610593143
657	0.0080313501587474
655	0.003578282321126
652	0.0051450619038818
653	0.0021501702351395
665	0.0020447249595601
659	0.0088589284178502
467	0.0322058427886189
13	0.058419169526199
538	0.0103758136471535
358	0.0304460868190799
39	0.0904285351027017
667	0.0023363035168785
666	0.0090198400486978
14	0.0500957630458092
104	0.0609787766329468
47	0.0251074610033565
154	0.0095468838775969
335	0.0711777579015308
331	0.0502393174030373
251	0.0547192185774716
236	0.0137845417711417
213	0.0722334795166713
651	0.0130773827396689
79	0.0381565443595836
545	0.0349208993263978
420	0.0470774880808317
646	0.0160335202826108
307	0.0275848747048436
227	0.0497002332377725
129	0.0292690362332124
55	0.0609416593469429
643	0.0206085419908093
645	0.0165736828929582
644	0.0110423140002449
310	0.0017001445088379
1066	0.0009150866367803
250	0.026898437850155
46	0.0782915994720903
43	0.0292416170133167
3	0.1206527693074576
245	0.0390325518395979
18	0.0494903763448648
22	0.0370377315482534
2	0.0556542815813626
19	0.0568910890130334
352	0.0145344652213082
906	0.0004052475419162
312	0.0084068869843873
432	0.0078126105869762
904	0.0032235861889426
1051	0.000864407612592
408	0.0094001661806243
905	0.008375073037648
402	0.0170725897172804
33	0.023359489822618
169	0.0089036268377661
338	0.0277751589226694
157	0.0424471240970349
337	0.0271724133643377
1	0.0790831616857673
329	0.0482164765146325
318	0.0034988170962488
211	0.0468595735411728
178	0.0098535298777898
320	0.0074859671892576
326	0.0056417106942306
324	0.024449759226065
37	0.002682517874187
36	0.002682517874187
35	0.002682517874187
17	0.0112850393946523
28	0.0290907968769835
6	0.0520448279170756
438	0.0359460297926949
1006	0.0040506574060078
436	0.0121866225211842
159	0.0073401074020201
540	0.0086837925343238
993	0.0049364265287325
435	0.0225498118133838
963	0.0021516031940145
610	0.0033618983227337
932	0.004694761408538
433	0.0114814812684335
543	0.0389037977338925
802	0.0093883591752001
927	0.0018632018075401
430	0.0123079499124215
497	0.0032743948510109
59	0.0286053982910933
510	0.0081634098341081
65	0.0129568851388471
67	0.0132917731941823
485	0.0098320899222872
500	0.0129568784621609
499	0.0037162934922474
1003	0.0020908649872309
1002	0.0034308346209833
922	0.0074345459486717
281	0.0069269476604974
931	0.0014085858993273
930	0.0056368798369505
576	0.0037531077791536
933	0.0015519429543286
72	0.0436003740863614
929	0.0042431751615486
587	0.0040095334062438
603	0.0112159171591371
532	0.0426230902264557
926	0.003621890291376
457	0.0229197450613294
634	0.0032465116119012
612	0.006185821278868
608	0.0034706021811001
925	0.0016345933263714
923	0.0026416378667509
924	0.0020052457892109
383	0.0306288453937149
469	0.005082968212434
423	0.0101572207438646
301	0.0067729389767542
827	0.0094132887547091
919	0.0029700448627809
574	0.0128678115897765
81	0.0534619311972032
513	0.012359906491138
921	0.0074760785846156
407	0.0204195096650817
146	0.0486798821240953
893	0.0122449701222318
920	0.0116939069765669
1120	0.0002717198709681
1000	0.0005157846449542
427	0.0107000547425132
854	0.0033879380653767
818	0.0025699896447499
235	0.0230145960807649
990	0.0025743520131598
462	0.0085573962403083
850	0.0009594597788061
807	0.0024418488977522
852	0.0015436147617642
819	0.006547315469042
770	0.0057512562313977
772	0.0049873426846477
1058	0.000617697593783
953	0.0078457253677652
952	0.0043415068066861
633	0.0187273125478824
1113	0.0006892080674328
1081	0.0002981714448399
5	0.0215257788755832
87	0.0178659222450907
899	0.0011809145826578
306	0.0137844343645333
1045	0.0012124220424791
1098	0.0020833837695131
808	0.0050357654898415
471	0.0102888349250569
486	0.006675012878067
419	0.0073209917055449
1034	0.0035013200096224
99	0.0088463599461573
602	0.0059550504155879
98	0.0034198479824297
627	0.0009435888989848
635	0.0001648399153185
844	0.0035651994301466
579	0.0054080441852664
257	0.0203550493367682
1085	0.0003230766573959
617	0.0067028830207632
613	0.0021300256671367
615	0.0008659841671149
369	0.0172969574532407
605	0.0018825654567168
604	0.0082800014977334
609	0.0015858141235094
64	0.0230793187540595
507	0.0115372961305697
285	0.0085880201392772
426	0.0165292688263551
623	0.0045074573734924
621	0.0041280900303282
628	0.0006096042552166
625	0.0065493471458922
465	0.0067225084499835
624	0.0053136695376469
89	0.0078637063925567
626	0.0012115468740231
618	0.0011241917722044
616	0.0011241917722044
95	0.0072774747866778
630	0.0037056232860605
631	0.0039302283206748
266	0.0092726398862811
97	0.0081422901239756
814	0.0040052285829467
825	0.0030347141834585
1030	0.0015582659209879
1043	0.0018554935068876
1039	0.0014525917041363
1112	0.001079333931145
1035	0.0028976983312717
740	0.0016714735007806
152	0.0346744153856869
741	0.0061756725575993
559	0.0056789550343295
965	0.0058324758725242
75	0.0141975845263379
144	0.0054532400970962
833	0.0104184460854744
124	0.0330335955336637
1009	0.0035879532225324
481	0.012550006981333
479	0.0057591209751412
557	0.0069602224655222
720	0.009345378650761
556	0.0046924192408949
550	0.0022467379327172
853	0.0047618883429267
1060	0.0016491147884801
411	0.0120195307318332
453	0.0083028430507118
428	0.0073133495045363
487	0.0097600945168391
707	0.0108636499146575
702	0.007942345061922
167	0.0142950172198582
168	0.0235435790419196
821	0.0056958630131106
820	0.0024319429421322
138	0.0077997952262242
57	0.030579453476804
232	0.0044680030869352
692	0.0211732638795337
71	0.0212744704473838
534	0.0069724114826247
989	0.0015004651731471
1052	3.0177451126283013e-05
514	0.0006260262699362
1129	6.0263804465308776e-05
1055	0.002054454712502
1056	0.0001807289350581
535	0.0037491968408017
1057	0.0005001514249364
1059	0.0010050387231471
992	0.0024945915785327
731	0.0040012640362646
728	0.0033852803315768
26	0.0081375723567988
29	0.012207782964092
4	0.0399410505339526
11	0.0453681803300667
12	0.0339996300803997
700	0.0065456467454719
150	0.0435492936349994
139	0.0058422825472595
737	0.00578073777219
149	0.0215653427734508
229	0.0067139921223572
739	0.0035282323323467
734	0.001787403123291
735	0.0034120094230051
723	0.0073638653690204
727	0.0039475527089105
300	0.0198131663805858
722	0.0031731352302856
1083	0.0002981714448399
1082	0.0002981714448399
1080	0.0004543393583772
1084	0.0008673340272578
968	0.0023505819011867
985	0.003680017983583
533	0.0031466817144535
572	0.0081351841080286
967	0.0014120462904344
1079	0.0002296815306939
1001	0.0044837302852764
951	0.0023582482520996
948	0.0002233304108294
949	0.0002233304108294
768	0.0009270724449365
1103	4.4686804729335054e-05
688	0.0111804035636834
367	0.0440157914746865
685	0.0021500016513154
684	0.0007929257237576
126	0.0050690204425454
156	0.009931296185716
704	0.0068781470618345
703	0.0030276790289367
686	0.0038329013810428
581	0.0115632214463085
681	0.0062970000153284
680	0.0160850653075376
1093	0.0007752535105715
683	0.0013724743806942
682	0.0018914343869506
117	0.0266470994963086
244	0.0102928687713378
61	0.0089238902265715
701	0.0062090029472977
536	0.0032200725526611
672	0.0123114509248275
125	0.0201334221686795
311	0.0090065204791331
397	0.0160759301748511
394	0.0095952540817537
113	0.0217382226954848
708	0.0053471749977436
494	0.002613820737355
1047	0.0011163519842657
878	0.0032233168398283
874	0.0061732515874471
283	0.0094101801426301
223	0.0083800624897396
490	0.0039025042102821
170	0.0080883532532031
1041	0.0013929349925414
492	0.0050869260328777
166	0.0136832599173358
493	0.002613820737355
115	0.0152460664926539
110	0.0183980263225906
174	0.0095334485136244
119	0.0158731351964474
121	0.013164939551438
60	0.0043394665668725
304	0.0040593678661651
242	0.0053343054165625
261	0.0053180943630179
253	0.0053180943630179
247	0.0103397801449952
249	0.0059825284489242
280	0.0169952722875558
262	0.0132531608645381
309	0.0034082804317799
991	0.0009843242228195
406	0.0037678819161388
405	0.0093004266163784
403	0.0153255156831125
697	0.0118350014932532
987	0.003756024861945
798	0.0079824351927935
1121	6.789904083117078e-05
1011	0.0020389749814294
1032	0.0037423356390486
1028	0.0004124842739838
758	0.0001474455685521
160	0.0030590056362198
1018	0.0003940746499023
379	0.007536885830366
753	0.0048143191050182
975	0.0050469724614781
974	0.0039510305237553
395	0.0107362521524639
373	0.0233543473991763
374	0.0050216857819772
972	0.0007085238713003
973	0.0007085238713003
971	0.0012499913644506
970	0.0012499913644506
421	0.0054910609830899
969	0.0014064845213433
1038	0.0027633286775531
1097	0.0010907218398553
755	0.0024367995555803
954	0.0063423642345416
1010	0.0042150302091272
840	0.0054956297674329
498	0.0020824058048708
982	0.0043805088812419
983	0.0098976091144534
981	0.009267774870859
976	0.006958394612177
894	0.0079953638213901
980	0.0026508308748186
986	0.0050096778674448
187	0.0179191613539084
752	0.0025452764418021
158	0.0097388928180421
767	0.0121854148782265
984	0.0009514761854763
180	0.0042586177458916
589	0.0035276740702671
577	0.0051663985585546
583	0.0033273407146502
580	0.0042522591399539
797	0.0055525506848803
796	0.0091467163516629
794	0.0066243846304652
792	0.0180970935078817
791	0.0065009350191025
790	0.0125160393123482
799	0.0039665118389441
1046	0.0016224068340001
1031	0.001751535473798
1072	0.00019326955281
177	0.0065247197879112
171	0.0048681266256278
1133	1.4459734972479289e-05
1096	0.000299981335765
1132	3.951781003184898e-05
1087	0.0008198532730921
1131	2.19005793173275e-05
1130	9.34840929818503e-05
1073	0.0019393818873499
769	0.0106847129793998
455	0.0129057426612267
188	0.0127781170499592
562	0.0179430096000212
832	0.0004961260007333
151	0.004529508719402
826	0.0041105484078182
830	0.0027261163461768
831	0.0061210374047242
519	0.0006406914464189
1127	0.0001729495708991
1008	0.0008833951149946
511	0.0048417566263384
515	0.0074239808917821
771	0.0013551396098782
66	0.0253288913006406
516	0.0006406914464189
548	0.0035448895307755
842	0.0010210255466867
450	0.0032345205194634
1012	0.001625165040944
979	0.0012983970109053
1123	8.638897582088514e-05
496	0.0014414528136111
179	0.0075031157537166
669	0.005196300944279
114	0.0071951671921537
175	0.0024145402359603
173	0.002897255077512
563	0.0114670063518644
977	0.0015908805779586
978	0.0054035745351668
762	0.0040729947446022
763	0.0025806544609216
764	0.0027996759001008
766	0.0036663782078412
569	0.0142319932852937
774	0.0023788528524836
773	0.0034128230623469
1122	0.0002145218002575
960	0.0044502659725351
1088	0.0005425399671576
1089	0.0005425399671576
1110	0.0005533119147257
997	0.0004937706406487
696	0.0150185199845758
1124	0.0004467610053062
1086	0.001106918025392
1125	2.4921246540877625e-05
998	0.0005169859995339
1048	0.0002353323508798
111	0.0030905355703068
123	0.0134718268291436
163	0.0138773809473654
225	0.0014899643882135
1116	0.001075881931658
531	0.0019370076347506
63	0.0095217235842173
476	0.0072202088201803
530	0.0019288627194477
918	0.0002719096397709
673	0.0030590213240139
759	0.0001474455685521
474	0.017359940254915
787	0.0060905413346045
789	0.0025617075047574
544	0.0026318206667906
53	0.0079172679386731
537	0.0027262946779064
575	0.0010221535576903
1042	0.0004823456360834
1040	0.0004823456360834
995	0.0057087375933328
1026	0.0035124292773397
1044	0.0004704696512964
1049	0.0003952644518105
805	0.0004039235408258
804	0.0021032581424453
1091	0.0001526689819117
1090	0.0009976309711402
962	0.0057549822547706
690	0.0015922239159618
1094	0.0005349606251732
801	0.0054446828682169
1095	0.0006079512936956
879	0.0037676623263528
1077	0.0006749058178387
855	0.0041053654193532
999	0.0010719377284742
1102	0.0004205275217714
1128	8.111475874382173e-05
1023	0.001682756706524
909	0.001053031669033
1126	0.0002161261153891
1111	0.0005533119147257
1109	0.0005533119147257
1108	0.0002848926558892
835	0.0033746407697412
839	0.0029027428951291
366	0.0105021351772162
964	0.0021216405290794
966	0.0021216405290794
360	0.0188728695295412
959	0.0029648924785448
1071	0.0025584858851614
502	0.0004301514628864
841	0.0015808978245514
843	0.0009811625962406
1033	0.0028081887412155
1029	0.0006019426188064
1024	0.0016658327558453
1027	0.0012159934604294
1021	0.000987014000722
1020	0.002261018315199
1022	0.0014693596368054
463	0.0041426748457034
901	0.001329528376221
760	0.0006688866289191
1106	0.0004524872838459
1107	0.0003133253529483
1104	6.532288762003128e-05
1100	0.0020482826018252
1101	0.0002289794597074
876	0.0011934402353885
1115	0.0002975648977757
873	0.0011934402353885
1114	0.0004720899365633
1117	0.0007548751046609
897	0.0001956715619306
898	0.0027562998317492
1118	0.0001328590285825
956	0.0029648924785448
955	0.0039799676841684
803	0.0021032581424453
800	0.0033735733043503
676	0.0127968446404658
679	0.0060250903755575
1092	0.0004660805545722
674	0.0010711784016494
670	0.0015221136627532
845	0.0007763344001918
488	0.002613820737355
478	0.0029663739177238
1119	0.000143162153802
424	0.0033897300673569
1036	0.0008800025515453
751	0.0004694307686662
