344	0.125
568	0.09473684210526316
541	0.06666666666666667
38	0.07666666666666666
155	0.1568627450980392
49	0.14487179487179488
677	0.13636363636363635
564	0.11932773109243698
660	0.15579710144927536
415	0.11231884057971014
939	0.0
181	0.26666666666666666
116	0.14509246088193456
489	0.19852941176470587
339	0.04710144927536232
466	0.0915032679738562
549	0.09523809523809523
345	1.0
350	0.09523809523809523
346	0.09090909090909091
375	0.1
54	0.1310483870967742
551	0.2
287	0.07792207792207792
368	0.1067193675889328
399	0.0989010989010989
418	0.05128205128205128
231	0.15151515151515152
254	0.14285714285714285
347	0.23076923076923078
590	0.21014492753623187
748	0.38181818181818183
746	0.5833333333333334
946	0.8
944	0.6666666666666666
945	0.5333333333333333
942	0.2
943	0.3333333333333333
940	0.47619047619047616
941	0.5
356	0.10037878787878787
743	0.4
340	0.125
846	0.0
268	0.15217391304347827
31	0.12987012987012986
761	0.23809523809523808
51	0.0735930735930736
52	0.06827880512091039
354	0.12435897435897436
241	0.0960591133004926
935	0.5
135	0.03205128205128205
228	0.24242424242424243
237	0.04597701149425287
362	0.1
365	0.3055555555555556
658	0.1388888888888889
934	0.0
341	0.11174242424242424
578	0.024024024024024024
884	0.16666666666666666
573	0.2246153846153846
889	0.6190476190476191
393	0.19384615384615383
62	0.19692307692307692
571	0.6
44	0.1830065359477124
183	0.07563025210084033
938	0.6666666666666666
736	0.3333333333333333
364	0.18181818181818182
937	0.3333333333333333
936	0.5
890	0.23636363636363636
891	0.4166666666666667
892	0.37777777777777777
896	0.34545454545454546
303	0.2123076923076923
380	0.5833333333333334
76	0.07862679955703211
382	0.36764705882352944
267	0.21637426900584794
385	0.5164835164835165
389	0.2857142857142857
32	0.3333333333333333
908	0.12727272727272726
357	0.32142857142857145
416	0.28888888888888886
413	0.1503267973856209
371	0.31868131868131866
384	0.2391304347826087
512	0.19047619047619047
342	0.0
881	0.1
34	0.21637426900584794
343	0.1
208	0.3181818181818182
698	0.19298245614035087
400	0.25757575757575757
446	0.22826086956521738
810	0.5
334	0.1523809523809524
470	0.08088235294117647
811	0.2
302	0.0
957	0.3333333333333333
233	0.049494949494949494
1037	0.6
480	0.18181818181818182
812	0.1
754	0.3333333333333333
718	0.1
239	0.13333333333333333
813	1.0
348	0.09523809523809523
611	0.14285714285714285
445	0.14545454545454545
258	0.4
202	0.2571428571428571
315	0.19444444444444445
585	0.13333333333333333
349	0.14285714285714285
140	0.17290552584670232
947	0.0
45	0.08817204301075268
316	0.08374384236453201
523	0.21212121212121213
69	0.12873563218390804
816	0.027777777777777776
847	0.24444444444444444
709	0.2
447	0.13186813186813187
565	0.044444444444444446
849	0.21794871794871795
270	0.058333333333333334
823	0.0
817	0.2
234	0.09523809523809523
308	0.05789473684210526
429	0.02620967741935484
425	0.12727272727272726
456	0.2222222222222222
595	0.4666666666666667
592	0.2571428571428571
219	0.19540229885057472
725	0.1380952380952381
327	0.213768115942029
85	0.23809523809523808
719	0.2
148	0.22727272727272727
141	0.5
313	0.05789473684210526
260	0.044444444444444446
136	0.03296703296703297
508	0.19696969696969696
717	0.0
716	0.0
256	0.0989010989010989
715	0.06666666666666667
950	0.13333333333333333
662	0.16363636363636364
598	0.06926406926406926
714	0.0
988	0.16666666666666666
1099	0.0
713	0.0
378	0.05555555555555555
712	0.3
795	0.19047619047619047
509	0.2222222222222222
711	0.047619047619047616
1050	0.2
900	0.16666666666666666
330	0.045454545454545456
861	0.26666666666666666
186	0.03296703296703297
521	0.1111111111111111
252	0.07142857142857142
137	0.07459677419354839
269	0.07666666666666666
359	0.3
710	0.14285714285714285
851	0.6666666666666666
733	0.0
732	0.0
721	0.06666666666666667
915	0.3333333333333333
322	0.12648221343873517
319	0.0
914	0.6666666666666666
452	0.1396011396011396
606	0.2
90	0.12554112554112554
872	0.2222222222222222
94	0.07971014492753623
376	0.08374384236453201
917	0.0
594	0.3464052287581699
215	0.3169230769230769
205	0.26021505376344084
204	0.15654520917678813
695	0.2727272727272727
599	0.3484848484848485
193	0.2857142857142857
518	0.2948717948717949
88	0.3181818181818182
274	0.24923076923076923
127	0.24761904761904763
600	0.3333333333333333
648	0.3611111111111111
601	0.6666666666666666
222	0.4175824175824176
198	0.22167487684729065
145	0.28104575163398693
185	0.14022988505747128
505	0.26666666666666666
916	0.0
321	0.16842105263157894
1061	1.0
553	0.09523809523809523
911	0.0
907	0.3055555555555556
1063	0.0
555	0.08974358974358974
958	0.16666666666666666
1062	0.16666666666666666
928	0.6666666666666666
554	0.11857707509881422
828	0.0
1065	1.0
561	0.23809523809523808
912	0.3888888888888889
1064	0.0
560	0.0
619	0.0
92	0.038461538461538464
910	0.5333333333333333
1069	0.43636363636363634
1078	0.25
1067	0.41818181818181815
1105	0.5357142857142857
1005	0.41818181818181815
913	0.0
298	0.09523809523809523
883	0.0
25	0.09473684210526316
443	0.1523809523809524
230	0.21978021978021978
299	0.26515151515151514
887	1.0
886	0.9393939393939394
885	0.8333333333333334
888	0.9393939393939394
333	0.07088989441930618
332	0.12685560053981107
396	0.12698412698412698
276	0.0989010989010989
398	0.10714285714285714
143	0.17733990147783252
542	0.43333333333333335
730	0.2222222222222222
504	0.1748768472906404
409	0.175
756	0.4105263157894737
386	0.5384615384615384
552	0.2962962962962963
788	0.7564102564102564
726	0.3675889328063241
410	0.21904761904761905
434	0.18487394957983194
729	0.41025641025641024
431	0.19696969696969696
296	0.2
24	0.10220673635307782
48	0.23809523809523808
182	0.09359605911330049
108	0.5714285714285714
297	0.18181818181818182
882	0.16666666666666666
584	0.24166666666666667
877	0.0
441	0.21794871794871795
699	0.26666666666666666
120	0.10887096774193548
131	0.08095238095238096
165	0.34615384615384615
172	0.5333333333333333
162	0.3484848484848485
294	0.0
295	0.5
495	0.12280701754385964
875	0.3
292	1.0
293	0.19230769230769232
201	0.19047619047619047
214	0.2077922077922078
194	0.18181818181818182
56	0.16974789915966387
40	0.12535612535612536
414	0.0
259	0.11764705882352941
217	0.16666666666666666
128	0.1380952380952381
783	0.10714285714285714
290	0.23636363636363636
693	0.26666666666666666
880	0.6666666666666666
837	0.5
694	0.23076923076923078
668	0.3333333333333333
838	0.6
122	0.07692307692307693
671	0.1111111111111111
355	0.06666666666666667
291	0.19230769230769232
203	0.14285714285714285
336	0.12121212121212122
547	0.0
105	0.10503018108651911
591	0.19480519480519481
153	0.34065934065934067
744	0.5555555555555556
84	0.34285714285714286
284	0.10457516339869281
142	0.24285714285714285
381	0.2924901185770751
243	0.08831908831908832
387	0.4358974358974359
388	0.13333333333333333
724	0.19480519480519481
747	0.7
83	0.26666666666666666
961	1.0
412	0.30303030303030304
593	0.10714285714285714
745	0.35555555555555557
1076	0.0
1075	0.0
1074	0.0
895	0.4
650	0.17777777777777778
199	0.24166666666666667
784	0.2545454545454545
785	0.0
786	0.3076923076923077
780	0.4065934065934066
16	0.14588235294117646
218	0.1976284584980237
289	0.2578947368421053
216	0.30526315789473685
649	0.05454545454545454
687	0.01904761904761905
363	0.25757575757575757
221	0.3939393939393939
286	0.26666666666666666
212	0.245014245014245
629	0.16666666666666666
176	0.25146198830409355
401	0.2510822510822511
775	0.1038961038961039
207	0.375
206	0.1984126984126984
642	0.4166666666666667
647	0.21428571428571427
597	1.0
86	0.23636363636363636
596	0.047619047619047616
200	0.12681159420289856
742	0.13333333333333333
209	0.3333333333333333
195	0.2857142857142857
675	0.19444444444444445
778	0.3333333333333333
255	0.1503267973856209
210	0.24666666666666667
705	0.05555555555555555
196	0.13506012950971322
317	0.28888888888888886
390	0.21666666666666667
80	0.08923076923076922
41	0.07653061224489796
325	0.4666666666666667
361	0.25735294117647056
777	1.0
263	0.2692307692307692
74	0.06666666666666667
30	0.1476923076923077
130	0.14545454545454545
439	0.25263157894736843
197	0.31868131868131866
782	0.0
220	0.6
78	0.19696969696969696
691	0.13636363636363635
23	0.0603921568627451
678	0.0
779	0.0
77	0.14285714285714285
101	0.07692307692307693
107	0.1
781	0.5
472	0.32727272727272727
473	1.0
191	0.2948717948717949
622	0.6190476190476191
15	0.17543859649122806
454	0.1010752688172043
50	0.19692307692307692
184	0.13333333333333333
464	0.18681318681318682
93	0.15204678362573099
189	0.25833333333333336
190	0.5357142857142857
566	0.6
567	0.6
161	0.2777777777777778
328	0.35714285714285715
192	0.06060606060606061
323	0.15555555555555556
776	0.0
58	0.13257575757575757
503	0.17582417582417584
288	0.3333333333333333
224	0.17857142857142858
248	0.20952380952380953
856	0.0
857	0.0
858	0.0
632	0.07142857142857142
73	0.05238095238095238
351	0.06535947712418301
620	0.0
829	0.3333333333333333
815	0.0
271	0.12987012987012986
314	0.1111111111111111
392	0.06666666666666667
112	0.1695906432748538
836	0.015151515151515152
42	0.1027450980392157
859	0.08333333333333333
404	0.1
750	0.14285714285714285
164	0.3333333333333333
860	0.21428571428571427
372	0.10989010989010989
272	0.3333333333333333
265	0.17857142857142858
273	0.1
689	0.3
501	0.0661764705882353
862	0.0
863	0.0
437	0.4642857142857143
275	0.10909090909090909
458	0.0196078431372549
451	0.06060606060606061
864	0.0
27	0.15714285714285714
353	0.09090909090909091
82	0.06719367588932806
279	0.15555555555555556
865	0.0
866	0.0
277	0.19047619047619047
867	0.0
278	0.23636363636363636
868	0.3111111111111111
870	0.10909090909090909
871	0.3333333333333333
824	0.2727272727272727
869	0.35714285714285715
848	0.3333333333333333
654	0.35
417	0.21428571428571427
738	0.0
147	0.20952380952380953
793	0.32142857142857145
1070	0.8
1004	0.7333333333333333
524	0.0
525	1.0
506	0.2857142857142857
526	0.0
527	0.47619047619047616
902	0.32142857142857145
1054	0.6666666666666666
558	0.23636363636363636
529	0.4
520	0.0
68	0.3333333333333333
305	0.0761904761904762
765	0.16666666666666666
1016	0.0
522	0.5
607	0.2
483	0.11666666666666667
491	0.26666666666666666
1053	0.4
528	0.23809523809523808
546	0.06666666666666667
570	0.0
822	0.2857142857142857
1014	0.0
636	0.1
1015	0.0
1017	0.6666666666666666
459	0.07272727272727272
1019	0.3333333333333333
1068	0.16666666666666666
226	0.0
903	0.16666666666666666
994	0.0
706	0.2727272727272727
1013	0.6666666666666666
1025	1.0
757	0.16911764705882354
460	0.11330049261083744
449	0.0
448	0.6666666666666666
134	0.07422402159244265
834	0.5714285714285714
749	0.0
444	0.15555555555555556
809	0.37777777777777777
240	0.1323529411764706
539	0.3333333333333333
442	1.0
806	0.26666666666666666
118	0.08333333333333333
517	0.14285714285714285
440	0.16666666666666666
640	0.2
484	0.15
264	0.2
475	0.18181818181818182
996	0.35714285714285715
477	0.2545454545454545
1007	0.3333333333333333
238	0.11029411764705882
422	0.39285714285714285
482	0.06666666666666667
133	0.054945054945054944
468	0.041379310344827586
641	0.4444444444444444
586	0.19444444444444445
588	0.16502463054187191
461	0.0
377	0.15555555555555556
282	0.29523809523809524
70	0.09090909090909091
91	0.10606060606060606
10	0.11290322580645161
109	1.0
102	0.0
8	0.4642857142857143
370	0.13333333333333333
103	0.3333333333333333
21	0.09523809523809523
639	0.0
614	0.25
246	0.30303030303030304
9	0.3382352941176471
100	0.3333333333333333
7	0.13846153846153847
96	0.2857142857142857
582	0.0
637	0.0
638	0.07142857142857142
132	0.12121212121212122
106	0.09247311827956989
664	0.3333333333333333
663	0.23636363636363636
661	0.12727272727272726
391	0.10606060606060606
20	0.22058823529411764
656	0.3888888888888889
657	0.17777777777777778
655	1.0
652	1.0
653	0.0
665	0.0
659	0.17857142857142858
467	0.1736842105263158
13	0.16
538	0.1111111111111111
358	0.1568627450980392
39	0.1984126984126984
667	0.0
666	0.0
14	0.08888888888888889
104	0.13333333333333333
47	0.3333333333333333
154	0.3333333333333333
335	0.23976608187134502
331	0.14285714285714285
251	0.3076923076923077
236	0.0
213	0.14624505928853754
651	0.3333333333333333
79	0.18181818181818182
545	0.058333333333333334
420	0.24166666666666667
646	0.5
307	0.19444444444444445
227	0.13333333333333333
129	0.42857142857142855
55	0.2571428571428571
643	0.5714285714285714
645	1.0
644	0.0
310	0.3
1066	0.3
250	0.23636363636363636
46	0.17142857142857143
43	0.3333333333333333
3	0.19630156472261737
245	0.4
18	0.33986928104575165
22	0.47619047619047616
2	0.2924901185770751
19	0.15873015873015872
352	0.31868131868131866
906	0.0
312	0.12121212121212122
432	0.21818181818181817
904	0.26666666666666666
1051	1.0
408	0.15555555555555556
905	0.0
402	0.03571428571428571
33	0.5
169	0.13333333333333333
338	0.09090909090909091
157	0.15384615384615385
337	0.10606060606060606
1	0.22758620689655173
329	0.1383399209486166
318	0.0
211	0.32967032967032966
178	0.2
320	0.4666666666666667
326	0.2
324	0.16666666666666666
37	0.0
36	0.0
35	0.0
17	0.23809523809523808
28	0.25757575757575757
6	0.21904761904761905
438	0.12121212121212122
1006	0.0
436	0.3333333333333333
159	0.3333333333333333
540	0.13333333333333333
993	1.0
435	0.4
963	0.5
610	0.16666666666666666
932	0.2
433	0.16666666666666666
543	0.13333333333333333
802	0.1
927	1.0
430	0.3076923076923077
497	0.4666666666666667
59	0.34502923976608185
510	0.7857142857142857
65	0.23529411764705882
67	0.13186813186813187
485	0.3142857142857143
500	0.13970588235294118
499	0.14285714285714285
1003	0.4
1002	0.6666666666666666
922	0.3333333333333333
281	0.0
931	0.0
930	0.3333333333333333
576	0.3333333333333333
933	0.0
72	0.1006006006006006
929	0.16666666666666666
587	0.0
603	0.12087912087912088
532	0.08333333333333333
926	0.0
457	0.16666666666666666
634	0.2777777777777778
612	0.08496732026143791
608	0.4666666666666667
925	0.0
923	0.2
924	0.5
383	0.3974358974358974
469	0.0
423	0.06666666666666667
301	0.06666666666666667
827	0.5
919	0.0
574	0.2
81	0.11594202898550725
513	0.3939393939393939
921	0.0
407	0.16666666666666666
146	0.2553846153846154
893	0.6666666666666666
920	0.7619047619047619
1120	0.0
1000	0.0
427	0.125
854	0.3333333333333333
818	0.16666666666666666
235	0.13186813186813187
990	0.2
462	0.2
850	0.0
807	0.0
852	0.0
819	0.25
770	0.4642857142857143
772	0.4666666666666667
1058	0.0
953	0.2222222222222222
952	0.6
633	0.1111111111111111
1113	0.0
1081	0.0
5	0.08888888888888889
87	0.26666666666666666
899	0.6666666666666666
306	0.0641025641025641
1045	0.4
1098	0.3611111111111111
808	0.3111111111111111
471	0.42857142857142855
486	0.24761904761904763
419	0.5714285714285714
1034	0.6
99	0.2
602	0.35714285714285715
98	0.1
627	0.3333333333333333
635	0.0
844	0.0
579	0.16666666666666666
257	0.09090909090909091
1085	0.0
617	0.0
613	0.0
615	0.0
369	0.16363636363636364
605	0.3333333333333333
604	0.2
609	0.16666666666666666
64	0.4485294117647059
507	0.10833333333333334
285	0.21428571428571427
426	0.8055555555555556
623	0.6666666666666666
621	0.4
628	0.0
625	0.2
465	0.16666666666666666
624	0.6
89	0.2857142857142857
626	0.0
618	0.0
616	0.0
95	0.2
630	0.3333333333333333
631	1.0
266	0.3333333333333333
97	0.0
814	0.0
825	0.0
1030	0.0
1043	0.4642857142857143
1039	0.7333333333333333
1112	0.2
1035	0.37777777777777777
740	0.0
152	0.2222222222222222
741	0.13333333333333333
559	0.3
965	0.3333333333333333
75	0.10606060606060606
144	0.0
833	0.2909090909090909
124	0.20588235294117646
1009	0.09523809523809523
481	0.21904761904761905
479	0.3333333333333333
557	0.3333333333333333
720	0.5
556	0.3333333333333333
550	0.0
853	0.03571428571428571
1060	0.0
411	0.25
453	0.2
428	0.0
487	0.2545454545454545
707	0.05555555555555555
702	0.2
167	0.32142857142857145
168	0.23809523809523808
821	0.3333333333333333
820	0.0
138	0.5
57	0.2037037037037037
232	1.0
692	0.027777777777777776
71	0.23076923076923078
534	0.0
989	0.3333333333333333
1052	0.0
514	0.0
1129	0.0
1055	0.0
1056	0.0
535	0.0
1057	0.0
1059	0.0
992	0.3333333333333333
731	0.17857142857142858
728	0.4
26	1.0
29	0.16666666666666666
4	0.26406926406926406
11	0.21578947368421053
12	0.2875816993464052
700	0.14285714285714285
150	0.2894736842105263
139	1.0
737	0.26666666666666666
149	0.38461538461538464
229	0.0
739	1.0
734	0.0
735	1.0
723	0.5
727	0.0
300	0.2
722	0.0
1083	0.0
1082	0.0
1080	0.5
1084	0.5
968	0.5
985	0.3
533	0.2
572	0.10714285714285714
967	1.0
1079	1.0
1001	0.047619047619047616
951	1.0
948	0.0
949	0.0
768	0.0
1103	0.0
688	0.0
367	0.07635467980295567
685	0.0
684	0.0
126	0.0
156	0.06666666666666667
704	0.0
703	0.0
686	0.0
581	0.13333333333333333
681	0.0
680	0.1
1093	0.0
683	1.0
682	0.0
117	0.20833333333333334
244	0.21428571428571427
61	0.3111111111111111
701	0.09523809523809523
536	0.0
672	0.0
125	0.12727272727272726
311	0.21428571428571427
397	0.23809523809523808
394	0.0
113	0.20512820512820512
708	0.3333333333333333
494	0.0
1047	0.0
878	0.3333333333333333
874	0.4
283	0.3333333333333333
223	0.0
490	0.5
170	0.2
1041	1.0
492	0.0
166	0.3333333333333333
493	0.0
115	0.14102564102564102
110	0.4444444444444444
174	0.6
119	0.4722222222222222
121	0.18181818181818182
60	0.0
304	0.0
242	0.0
261	0.0
253	0.0
247	1.0
249	0.0
280	0.06666666666666667
262	0.3333333333333333
309	0.0
991	0.0
406	0.6666666666666666
405	0.1
403	0.047619047619047616
697	0.19047619047619047
987	0.4
798	0.0
1121	0.0
1011	0.0
1032	0.16666666666666666
1028	0.0
758	0.0
160	0.0
1018	0.0
379	0.3
753	0.3333333333333333
975	0.0
974	0.0
395	0.13333333333333333
373	0.3111111111111111
374	0.0
972	0.0
973	0.0
971	0.0
970	0.0
421	0.16666666666666666
969	1.0
1038	0.26666666666666666
1097	0.0
755	0.1
954	0.14285714285714285
1010	0.0
840	0.1388888888888889
498	0.13333333333333333
982	0.6666666666666666
983	0.4444444444444444
981	0.5555555555555556
976	0.18181818181818182
894	0.4722222222222222
980	0.1
986	1.0
187	0.3333333333333333
752	0.6
158	0.10606060606060606
767	0.3333333333333333
984	1.0
180	0.0
589	0.0
577	0.0
583	0.0
580	0.0
797	0.0
796	0.0
794	0.0
792	0.7333333333333333
791	0.0
790	0.16666666666666666
799	0.0
1046	0.0
1031	0.0
1072	0.0
177	0.3333333333333333
171	0.0
1133	0.0
1096	0.0
1132	0.0
1087	0.5
1131	0.0
1130	0.0
1073	0.3333333333333333
769	0.4393939393939394
455	0.3611111111111111
188	0.32051282051282054
562	0.2692307692307692
832	0.0
151	0.0
826	0.0
830	0.0
831	0.0
519	0.0
1127	0.0
1008	0.0
511	0.2
515	0.26666666666666666
771	0.0
66	0.4945054945054945
516	0.0
548	0.0
842	0.0
450	0.0
1012	0.0
979	0.1
1123	0.0
496	0.0
179	0.4
669	0.4666666666666667
114	0.4
175	0.0
173	1.0
563	0.42857142857142855
977	0.0
978	0.3333333333333333
762	0.0
763	0.0
764	0.3333333333333333
766	0.3333333333333333
569	0.37777777777777777
774	0.16666666666666666
773	0.0
1122	0.0
960	0.3333333333333333
1088	1.0
1089	1.0
1110	0.0
997	0.0
696	0.4
1124	0.0
1086	0.0
1125	0.0
998	0.0
1048	1.0
111	0.0
123	0.6666666666666666
163	0.06666666666666667
225	0.3333333333333333
1116	0.0
531	0.0
63	0.3333333333333333
476	0.2222222222222222
530	0.0
918	0.0
673	0.0
759	0.0
474	0.6666666666666666
787	0.3333333333333333
789	0.0
544	0.0
53	0.0
537	1.0
575	0.0
1042	0.0
1040	0.0
995	0.24358974358974358
1026	0.6
1044	0.0
1049	1.0
805	0.0
804	0.0
1091	0.0
1090	0.0
962	0.2
690	0.0
1094	0.0
801	1.0
1095	0.0
879	0.3333333333333333
1077	0.0
855	0.14285714285714285
999	1.0
1102	0.0
1128	0.0
1023	0.1
909	0.0
1126	0.0
1111	0.0
1109	0.0
1108	0.0
835	0.0
839	1.0
366	0.0
964	0.0
966	0.0
360	0.5
959	0.0
1071	0.0
502	0.0
841	0.0
843	0.0
1033	0.0
1029	0.0
1024	0.3333333333333333
1027	1.0
1021	0.0
1020	0.5
1022	0.0
463	0.0
901	0.0
760	0.0
1106	0.0
1107	0.0
1104	0.0
1100	1.0
1101	0.0
876	0.0
1115	0.0
873	0.0
1114	0.0
1117	0.0
897	0.0
898	0.0
1118	0.0
956	0.0
955	0.0
803	0.0
800	0.0
676	0.6666666666666666
679	0.0
1092	0.0
674	1.0
670	0.0
845	0.0
488	0.0
478	0.0
1119	0.0
424	0.0
1036	0.3333333333333333
751	0.0
