344	0.0058388576925738804
568	0.005339528438164029
541	0.0007345326368203272
38	0.009597784052551689
155	0.0029635541452672563
49	0.013736140598631064
677	0.0016380481668982038
564	0.019889550708775395
660	0.007733183250301624
415	0.006151340811498207
939	0.0
181	0.0011845771909065942
116	0.01332775355105313
489	0.006177370214765379
339	0.013438007646099676
466	0.006916259213861678
549	0.008350491480982748
345	0.0
350	0.003823442516690103
346	0.001249004806913772
375	0.00013829061795805507
54	0.013599779600265111
551	0.00048593116622248434
287	0.010997184675025319
368	0.004977822714365142
399	0.003944945914183977
418	0.0037124597840642506
231	0.0017289083553970036
254	0.001803859895495672
347	0.0017757663647537348
590	0.003821358920591956
748	0.0011673369784527573
746	4.123861126365955e-05
946	5.130696017468083e-05
944	1.3051466371178595e-05
945	0.00012694673125663536
942	0.00036434034473313277
943	1.517932353235077e-05
940	5.156902591775335e-05
941	2.968397643669087e-05
356	0.01513893265482825
743	0.0012353427593032233
340	0.005792554966520378
846	0.00033991861711588723
268	0.0052256231166277756
31	0.003959238520546689
761	0.0008009394521100871
51	0.00887084361073907
52	0.02292909222504781
354	0.016438272653142558
241	0.00972268757631132
935	0.0004038889687644902
135	0.02726446789182035
228	0.001435896141739171
237	0.014758898797048179
362	0.0041084806789835745
365	0.0005730240132130267
658	0.00758692301057633
934	0.0
341	0.011625883573648733
578	0.031556627460868285
884	0.002784126607862963
573	0.004598212316140605
889	0.0001150246822302498
393	0.007565486603340947
62	0.007604713189566379
571	0.0012040465426310563
44	0.004036523081760278
183	0.0194012044065075
938	4.032579221638057e-06
736	0.00013753347010603392
364	0.0020017247716837584
937	2.22121190901143e-05
936	2.6764258109605293e-05
890	0.002624919269595893
891	0.0008148326010715468
892	0.00018374414460931992
896	0.0012134900123644543
303	0.006554614743167788
380	0.0002854969643252493
76	0.030117501315083308
382	0.003948112833725511
267	0.005629413456620686
385	0.0003716874072555011
389	0.0049867017950341475
32	0.00023387978555581377
908	0.0022518865808734394
357	0.0006943934898416072
416	0.0008769418695333201
413	0.0037666807259947575
371	0.0010712304958420732
384	0.005163913881429943
512	0.005473111026783744
342	3.857020178268639e-05
881	0.00038396021385897814
34	0.004034040431704065
343	8.501694661479153e-05
208	0.0006694989521305634
698	0.0031731574212986845
400	0.0009285201639337212
446	0.0037450831884753458
810	9.495670413461166e-05
334	0.005387416276156716
470	0.00659618310575082
811	0.0013832836540301837
302	0.00013511125977697775
957	0.0012729750354008697
233	0.02771703124465504
1037	3.2437293708659e-05
480	0.002583702757311389
812	0.0008088126794586589
754	3.7294352424357816e-05
718	0.0004709575622829942
239	0.006416345693158345
813	0.0
348	0.00040205659966990946
611	0.001055878481132967
445	0.0009882591858033157
258	9.351228092425583e-05
202	0.0016144499002107627
315	0.0012760474015663947
585	0.004699164950236752
349	0.0022859773092412357
140	0.012521383726883965
947	0.0
45	0.012256123860893116
316	0.01152887262718492
523	0.002053010825485547
69	0.016084189244457682
816	0.0015732362561377076
847	0.0004213985566721958
709	0.0029277957082175284
447	0.0015546724158113526
565	0.0032738120141227226
849	0.0009158589209312289
270	0.007800340644799572
823	4.610604334394908e-06
817	0.0002458853881756464
234	0.0006733828285186381
308	0.005367631396235651
429	0.02378941489383415
425	0.0015762182700149484
456	0.0010084879016409945
595	0.0001605545233859064
592	0.0029407677302855173
219	0.008125713280982303
725	0.0050202534531538605
327	0.0038174749787019692
85	0.002766488348388295
719	0.00012875012770723214
148	0.0016223151004678346
141	0.0001866793238830932
313	0.010620155475764583
260	0.003490929234718124
136	0.007781800980030134
508	0.0009402414969588905
717	0.0
716	4.93062131671347e-05
256	0.004905407251323443
715	0.0011069766272058773
950	0.00033516043727804004
662	0.0011630987337820178
598	0.00807144030742963
714	0.0019857427925610033
988	8.288423222824652e-05
1099	0.0
713	1.671050759660958e-05
378	0.02490427464749923
712	0.0005048777013893954
795	0.0015668550724094513
509	0.0008647064122521184
711	0.005525649931309319
1050	0.0007004162877561068
900	0.0002929644896830152
330	0.0027210433099622076
861	0.001282705229726887
186	0.00684317783394745
521	0.0021288026553289256
252	0.0007129798346468542
137	0.01636914890501734
269	0.012381217272387857
359	0.00027844884712887566
710	0.0026231803425852524
851	1.358748798572907e-05
733	3.664246659015091e-06
732	3.664246659015091e-06
721	0.0004065904930736633
915	0.00011653040730056576
322	0.005435936849011327
319	2.6593218951721955e-05
914	5.651578129836723e-06
452	0.007401401533443046
606	0.000469861645517819
90	0.00890932502207512
872	0.0004277685998064
94	0.00676998242629118
376	0.017655057148476677
917	0.0
594	0.0007573535293190656
215	0.0012729328658561687
205	0.003375732393565032
204	0.010115997435957558
695	0.000502809067860812
599	0.0003928487596409781
193	0.0023009768438302046
518	0.002674814372073514
88	0.0014201998197651076
274	0.005145196377902502
127	0.0011083916566082966
600	0.00026424607139588746
648	0.0008075295370385102
601	0.00023349883285867507
222	0.003936564232262478
198	0.005081130800860095
145	0.002539062396157772
185	0.00886485711267542
505	0.0006509826983690379
916	0.0
321	0.005460104428139231
1061	0.0
553	0.0011925149120538651
911	7.94401152337879e-05
907	0.0006664493820432017
1063	4.3528981985144106e-05
555	0.004797682968347152
958	0.0019348853216788107
1062	0.0007020993037104583
928	8.201052243496597e-05
554	0.008031676029363779
828	2.0052240350866404e-05
1065	0.0
561	0.000518025587587274
912	0.0028294288711527226
1064	0.0
560	0.0018436007272532636
619	0.0
92	0.0064590214690230996
910	0.0005058107076415055
1069	0.0015512335176402815
1078	0.0009407750821758927
1067	0.002711222160396329
1105	0.0002032474274158102
1005	0.0005815302626865407
913	0.0
298	0.0009168181483227165
883	1.280037482169651e-05
25	0.0074142851825974255
443	0.0026046080518419613
230	0.0023826970971678645
299	0.007118189505098422
887	0.0
886	7.353478140052859e-06
885	9.489749099440266e-05
888	7.353478140052859e-06
333	0.03948985782790017
332	0.013506881993808874
396	0.015676979789924248
276	0.0037042655429529044
398	0.0013253867357660768
143	0.007299958321711906
542	0.0013904725371665192
730	0.002500409024487022
504	0.007497465357511383
409	0.0015079530363513187
756	0.0009868474508792657
386	0.0001671136121006327
552	0.0031420700320444997
788	0.00037518487058166885
726	0.0016181033234633567
410	0.002829123742310267
434	0.010587975443955261
729	0.000549828400031688
431	0.0026785888564768074
296	0.0004515016212011975
24	0.017216188448430557
48	0.0007098347458512122
182	0.010918216930299448
108	0.00014170279751649038
297	0.002043735493924093
882	0.0002442782562096392
584	0.0016028770413973657
877	2.756566485074444e-05
441	0.002463707931525652
699	0.0013702611682622702
120	0.01032239640935906
131	0.007279442754808418
165	0.000734616163832032
172	3.721071739675739e-05
162	0.0008012203754912833
294	0.0
295	0.00012164056632490298
495	0.005993058706566491
875	0.0001595622592888432
292	0.0
293	0.0008293119033568425
201	0.004292383663344883
214	0.00312803964908653
194	0.003349981214411872
56	0.00785237915329103
40	0.007841404705803585
414	0.00161151103899353
259	0.002900327126955466
217	0.0020669076300824565
128	0.010571035317127775
783	0.0006696888168322593
290	0.001827469010433668
693	0.0013059877539879309
880	1.7657979660452529e-06
837	0.0001965594291730983
694	0.002227818329750643
668	0.0007301378636830259
838	0.00015193562174313133
122	0.0035442715866220355
671	0.0032783749153831453
355	0.026387767326481383
291	0.0016260891352048088
203	0.003570799886854107
336	0.0025738502100907524
547	9.10809533470634e-05
105	0.03693124853317943
591	0.0023364971038191706
153	0.0012961424584623626
744	0.00038216159201014116
84	0.0011341724299557415
284	0.0051588217656721915
142	0.005004613302212764
381	0.0031670539332489408
243	0.010279908233409806
387	0.0013993476780415624
388	0.0008256526199823265
724	0.00534169390746974
747	8.565135666261657e-06
83	0.0001666958427088774
961	0.0
412	0.00039302632495155805
593	0.003110571764053451
745	0.0006665722364935279
1076	0.0
1075	1.933915084462604e-05
1074	0.0
895	0.0009324470185717121
650	0.0007375736819318522
199	0.003438569049618798
784	0.0005704479564708349
785	0.0
786	0.00018656271636287376
780	0.00028848052100372245
16	0.017842922172167586
218	0.005581457315796138
289	0.0016548628487099257
216	0.0014126267404984403
649	0.003317847350315721
687	0.010410423228174441
363	0.0006748924815542792
221	0.0005081617966104723
286	0.0006470226308130496
212	0.00618245975765426
629	0.0019031579541520193
176	0.002837133049010565
401	0.005267151532966948
775	0.006150624932082288
207	0.0008505939191977318
206	0.0049349816267151
642	0.00011451013410286133
647	0.00036607594208198094
597	0.0
86	0.0014842579342936812
596	0.00027012046405810563
200	0.006069936729323858
742	0.0006592904907378699
209	0.00013862069866158854
195	0.0009618893443617409
675	0.0008809876455113162
778	3.33676839707134e-05
255	0.007611850808191735
210	0.004586649092008334
705	0.002350627969530106
196	0.01978876649229687
317	0.00023820899227789023
390	0.006331807499442076
80	0.011581039044613035
41	0.02649935713940743
325	0.0001038138075270357
361	0.0014535501144212234
777	0.0
263	0.0009618444669760419
74	0.00900930281154337
30	0.008849004929714972
130	0.0011328277395936857
439	0.004102336324753468
197	0.002208874312572706
782	0.0
220	0.0002993262747343252
78	0.0030034298249077703
691	0.003436822514975808
23	0.033462977666082847
678	0.0002028285375552036
779	0.0
77	0.000731927412693007
101	0.0041467450910678
107	0.004112197968158489
781	8.035892683139597e-06
472	0.0006603842339482149
473	0.0
191	0.0019613917208823944
622	7.613975872320943e-05
15	0.004901096154184494
454	0.01680550203414913
50	0.003905067329735171
184	0.0011493317811521462
464	0.004006637736132022
93	0.006076463237857483
189	0.0035501600702208306
190	0.00014241788572708295
566	0.0003681358378236027
567	2.343708797939667e-05
161	0.0007078646284770073
328	0.00013790164356361864
192	0.002294032156843886
323	0.0009978143749938128
776	1.6559807982256207e-05
58	0.019392268020770525
503	0.0018940944280720262
288	1.854982083928201e-05
224	0.0010999149029968572
248	0.003124881415097187
856	0.0
857	0.0
858	0.0
632	0.001107179541700465
73	0.00715027541926902
351	0.0066841740761804805
620	0.00014933302152440796
829	6.93764549765254e-05
815	3.0623681093368975e-05
271	0.007674322706292553
314	0.006057490063256513
392	0.0054242599105426195
112	0.006058376105114275
836	0.006722540947226159
42	0.026024417706048224
859	0.0022498130433298096
404	0.0033895061523972285
750	0.0009877793520989542
164	0.0005902085691640053
860	0.0014970016405680365
372	0.002206772008398182
272	6.113948357647865e-05
265	0.0018964675839668928
273	0.0020692751600282
689	8.208518542912901e-05
501	0.004813994361054547
862	0.0
863	0.0
437	0.00012434088436368216
275	0.0016947959764388738
458	0.006805169958439317
451	0.0026964460430925203
864	0.00013950606044444536
27	0.0043616440586352
353	0.0030903599788243007
82	0.008987424629931315
279	0.0013047171309026034
865	0.0001740342999821491
866	7.81249565158978e-05
277	0.002318560293797469
867	0.0
278	0.0022615779012266557
868	0.0012195792543838293
870	0.003971367884790343
871	3.9123617981375435e-05
824	0.002804009488834115
869	0.0006184250070328627
848	0.0009252383472409418
654	0.0014768858116617721
417	0.0008254393430138363
738	0.00014555675771604247
147	0.0062108723684890475
793	0.0016842227011312043
1070	0.00034827710135893023
1004	9.023372094290439e-05
524	0.00028373971318147614
525	0.0
506	0.00014740722025010806
526	0.0
527	0.0008262172089074817
902	0.0010163460471403127
1054	3.068092351429243e-05
558	0.0036535420888349447
529	0.0003380315250735007
520	0.00020970466664189307
68	0.0012991776587609513
305	0.0026376035086480613
765	0.004469660903136224
1016	4.979261398484133e-05
522	0.00015929465756248147
607	0.003299087060255758
483	0.008405061403165742
491	0.001453757899704502
1053	0.0018028868253545864
528	0.0008010324275312508
546	0.0019369513696375483
570	4.802858324934577e-05
822	0.0013502896666804343
1014	0.00010223750337956923
636	0.000986975205038325
1015	0.0
1017	1.6235049643573126e-05
459	0.005831738076682951
1019	7.312470823983073e-05
1068	0.001157457134941864
226	2.903367630978744e-05
903	9.736093519194408e-05
994	1.029379316662552e-05
706	0.0029428741083804373
1013	2.2300986503059792e-06
1025	0.0
757	0.003904957468187004
460	0.017350430134831268
449	2.2914042056787985e-05
448	1.205995452823891e-05
134	0.01889354092008891
834	0.0018252809357635175
749	9.037321871837028e-05
444	0.00152828549850688
809	0.0007125255656855356
240	0.0032562507265949483
539	8.712294880807178e-05
442	0.0
806	0.0005289884494978401
118	0.0028320521302511847
517	0.0017282416520377664
440	0.0002019330900545958
640	0.00015285186529914618
484	0.0035135281601566338
264	0.0006649685423351553
475	0.001806623547836688
996	0.00026703884816552267
477	0.0010283799883283506
1007	0.00017214994662364372
238	0.006490898924707057
422	0.0005030156022886649
482	0.00015804086456873252
133	0.0027886146594798852
468	0.01934884627092123
641	0.00036366174700749453
586	0.0018344298966101592
588	0.011431613948184005
461	6.194825272079698e-05
377	0.004551763934523144
282	0.004472841072698251
70	0.008560708941258974
91	0.004942140216511822
10	0.01069500382998089
109	0.0
102	0.00012621943217849005
8	0.0006021188230099113
370	0.0007625304581270205
103	0.0007322221546360695
21	0.01947623790114302
639	2.0512036903433003e-05
614	0.00040276752065474566
246	0.0005503515116087152
9	0.003469790560126041
100	7.153299661343289e-05
7	0.012585050914428342
96	0.0008432127346198722
582	0.0005197510872593518
637	0.0
638	0.0004981034753048448
132	0.0020098109570775833
106	0.015060667061455507
664	0.0017667844522968198
663	0.0020176052801297107
661	0.0032927722585053432
391	0.004438808370503535
20	0.0026433213673281793
656	0.0005542407697394163
657	0.0015994013534035966
655	0.0
652	0.0
653	2.1105342185753073e-05
665	0.00011305349943658936
659	0.0011478064038350578
467	0.005876541966571223
13	0.014128171993531285
538	0.0024940059448289326
358	0.0028450741585601402
39	0.007160996499358938
667	0.0
666	0.00010342563070006419
14	0.01262045115581842
104	0.0029569401779234584
47	0.0004265911218912997
154	4.353956613025865e-05
335	0.0034194940111390132
331	0.0065762801721562765
251	0.001839934127710187
236	4.67548684904935e-05
213	0.006661260785368571
651	0.0006790229275492579
79	0.0017887261143777512
545	0.004591792180294464
420	0.002210836051533862
646	0.0001762575587022898
307	0.0022183149198325832
227	0.005099663740487414
129	0.00017915322976057177
55	0.0018980448739129672
643	0.0001377848588251696
645	0.0
644	0.0
310	0.00019083828184502652
1066	0.00019143014609826836
250	0.0009507783802262334
46	0.014381869752880284
43	0.00040113642075034176
3	0.010189420475763529
245	0.0003084846165905888
18	0.002593390366208888
22	0.0007671623646256433
2	0.007507495820787557
19	0.006839009547402535
352	0.0017508193611414239
906	0.0
312	0.0037886564763010746
432	0.0031687671902963675
904	0.00042609261523238526
1051	0.0
408	0.0008998798996522075
905	0.00021435079296990372
402	0.00267157796733797
33	0.00021710364137616516
169	6.118309662494248e-05
338	0.002661031481754612
157	0.0028391286635077464
337	0.0028353954747283665
1	0.008363102947366152
329	0.007879437637408388
318	0.0
211	0.0017886197955036252
178	0.00038042086648058966
320	0.0004531032425472002
326	0.0018698490689851993
324	0.0004595534393934954
37	0.0
36	0.0
35	0.0
17	0.0007754115929994373
28	0.001467229112810987
6	0.0031509285006210523
438	0.0014078949903558735
1006	0.0
436	1.704601401530326e-05
159	0.0001634101567374425
540	0.0004716786063102611
993	0.0
435	0.00020248345140663475
963	5.2130095716523057e-05
610	0.002906379273870757
932	0.001014931480520119
433	0.0014208244926491524
543	0.007068904475404801
802	0.001865337307385703
927	0.0
430	0.001234271250693276
497	0.00011182928055635583
59	0.006288872260876062
510	8.438112204498767e-05
65	0.006264107899360252
67	0.005232494434534384
485	0.0010175532514836148
500	0.003526902650827815
499	0.001695641079341714
1003	0.00010932154212831337
1002	3.9482029745032635e-05
922	0.0004772340122060672
281	0.00013637466691267575
931	0.0018552278634271224
930	0.0018050042640031553
576	0.00016319885963306165
933	6.296673295206693e-05
72	0.018273747668629527
929	8.914370025166703e-05
587	0.001948922626626258
603	0.004197723176090111
532	0.00919049596781263
926	7.080420109442801e-05
457	0.003592358064821687
634	0.0006172304179091119
612	0.010792891394136606
608	0.00042826308583419486
925	4.102054937945422e-05
923	0.0006723863434128705
924	0.0002452407146933202
383	0.00039251450576292856
469	7.382054111561786e-05
423	0.0025183092134850632
301	0.0008714716839881876
827	2.787160522127382e-05
919	0.0017892491404267216
574	0.00022365127106963227
81	0.009606604263024269
513	0.0023271601001322133
921	0.0007120023441271483
407	0.003168348555744363
146	0.004540099364429185
893	5.637019529905063e-06
920	0.0001238521910101742
1120	0.0
1000	0.0
427	0.008364942110718164
854	6.434721805907732e-05
818	0.00020899867734503743
235	0.0021431191160645726
990	0.00036024697798179423
462	0.0028173166620128276
850	1.1491942044047205e-05
807	0.00022638218710841848
852	0.0
819	0.0010945824658344194
770	0.0002879087027947532
772	0.00011786665120482464
1058	8.758880628893835e-05
953	0.0013955172546075655
952	7.619458990819966e-05
633	0.0014172295647789123
1113	2.3306523918894386e-05
1081	0.0
5	0.0013481749426585549
87	0.00037116715099578244
899	1.935925370886594e-05
306	0.003847921398154288
1045	4.7844106481055504e-05
1098	0.00023976738921596365
808	0.0010349210062330504
471	0.0013920717450481466
486	0.0018481500893015256
419	0.00038941080471009275
1034	0.0001579057384066155
99	0.000290059954596179
602	0.00032256441499738933
98	0.0022699223412131877
627	6.332310768967185e-05
635	0.0
844	0.000167200142085542
579	0.00021515337206953153
257	0.0030543294639652245
1085	0.0
617	0.0019194300747615203
613	0.00026186646530151626
615	0.0
369	0.0012310386694203937
605	9.953417463306376e-05
604	0.0007016339261119294
609	0.0001689016691161088
64	0.002069526186237281
507	0.004857201901548234
285	0.001430624703094282
426	0.00011306339788193765
623	0.00010390791009772385
621	0.0003074613198014777
628	0.0
625	0.00029807643098888324
465	0.00024583406149906556
624	0.000169855336793005
89	0.0005361873200102534
626	4.098562074476146e-06
618	0.0
616	0.0
95	0.00016156658079999732
630	8.246539854468653e-05
631	0.0
266	0.0003073261133008614
97	2.3290767921167392e-05
814	9.415683748816039e-05
825	0.00016253636477575582
1030	0.0
1043	0.00014258140872738478
1039	1.9470852174228042e-05
1112	0.00016293065490071866
1035	0.00029651229776228957
740	0.0
152	0.005618537876288606
741	0.0005431419428741631
559	0.0001833869879880789
965	0.00033629870057547406
75	0.003817318224607728
144	0.0016420486910810408
833	0.0007803903114678748
124	0.005131291623946791
1009	0.002289383670608811
481	0.003066437220543866
479	0.000638762663405931
557	5.493504939776601e-05
720	8.884627605105508e-05
556	6.721161366502803e-05
550	0.0
853	0.0005283148463483745
1060	7.901781561372918e-06
411	0.00031555772745323513
453	0.0002469956444804559
428	7.203171012100946e-05
487	0.0035402814941655034
707	0.0011629328577574568
702	9.893169588481847e-05
167	0.00035010620154652533
168	0.001496298988906805
821	0.0006113072092467504
820	4.312338642682955e-05
138	2.1286001885662334e-05
57	0.008612941428695862
232	0.0
692	0.0013571062441906296
71	0.0028764242023087273
534	0.00011020051786857457
989	2.0082061639605534e-05
1052	0.0
514	0.0017667844522968198
1129	0.0
1055	0.0
1056	0.0
535	0.0017770228139494086
1057	0.0
1059	0.0
992	0.000276668406535057
731	0.0006018264875432024
728	0.00020613005705751123
26	0.0
29	0.0017810007528742597
4	0.005032276629236906
11	0.004118298636384021
12	0.002679105661312316
700	0.00131177168441921
150	0.0029847935352805594
139	0.0
737	0.00034437531716159317
149	0.0005895270083837035
229	7.50040956721207e-05
739	0.0
734	0.0003406334784618768
735	0.0
723	8.717153204786973e-05
727	2.8751638428645524e-05
300	0.0008512660141408173
722	0.0
1083	0.0
1082	0.0
1080	0.0017667844522968198
1084	0.00036223948470873966
968	0.00105392944505895
985	0.0011263594871821303
533	0.0011127276928058535
572	0.0019568530853509626
967	0.0
1079	0.0
1001	0.00358810775101112
951	0.0
948	0.0
949	0.0
768	0.0017667844522968198
1103	0.0
688	0.0004237927220536688
367	0.013644328764344873
685	0.0
684	1.60048751633616e-05
126	0.0008520733359078293
156	0.0003601065661400639
704	0.000867870518623042
703	0.00021139282877427883
686	1.993746823615114e-05
581	0.00036915576845028254
681	0.00018230790448509006
680	0.0018415273118255054
1093	0.0
683	0.0
682	3.393381036228416e-05
117	0.0032676371899770314
244	0.002494088940393359
61	0.0024502548013131532
701	0.004062742414716234
536	6.946747301923426e-05
672	0.0001300917238126023
125	0.0018966504792977293
311	0.001717624320763278
397	0.0008377231802334402
394	8.606583483824168e-06
113	0.0014241673691597963
708	0.00012534752420158597
494	0.0
1047	2.8948430660224035e-06
878	0.0009348818490830529
874	0.0017996555601117621
283	0.00010709125939001806
223	0.0023428108638391346
490	9.039107501310023e-05
170	0.00021416675123359961
1041	0.0
492	9.557398696909967e-05
166	0.00033029970796091595
493	0.0
115	0.004541359978285485
110	0.00040064156810392174
174	1.7227564299918143e-05
119	0.0005708987205480043
121	0.00038854667549652734
60	5.912642347263818e-05
304	0.0017942277196950208
242	0.001462183589967873
261	0.0
253	0.0
247	0.0
249	3.536077966116247e-05
280	0.0011831222780480722
262	0.00011795126362761949
309	0.00012792212364336512
991	0.0
406	2.6666629940511187e-05
405	0.00012245041786248124
403	0.002257088446530903
697	0.000530029256013377
987	0.0007953326559818261
798	2.519950825714937e-05
1121	0.0
1011	0.00036232004282499736
1032	0.000908478052323363
1028	0.0
758	0.0
160	0.0038451529915228652
1018	0.0
379	0.0003349258101856793
753	0.0002408304424391735
975	0.00010771415173683727
974	0.0002620976260354564
395	0.0018477221360903985
373	0.0010811297276563311
374	0.0
972	0.0
973	0.0
971	0.0
970	0.0
421	0.0003341210323800335
969	0.0
1038	0.00014095798171349195
1097	8.573203996504713e-05
755	0.0004229400959169697
954	0.0001818286176517752
1010	0.00031329112185323014
840	0.000873505815532301
498	0.001274156648778404
982	1.1845931447687085e-05
983	0.0006604954556943604
981	0.0018432553739895852
976	0.0007749667094927712
894	0.0005534291866013446
980	0.000331808550069627
986	0.0
187	0.0009824178282501243
752	2.597529348981308e-05
158	0.004381865863308683
767	0.0003342227081484936
984	0.0
180	3.887196111810266e-05
589	5.804856144568721e-05
577	6.986382917708712e-06
583	0.0
580	4.39746642303481e-05
797	1.2120184384748676e-05
796	6.306382610551474e-05
794	8.345181371010479e-05
792	1.3036931074007432e-05
791	0.0
790	7.126004565639257e-05
799	3.95416987145054e-05
1046	0.00010194133038105527
1031	0.00011169272073509273
1072	0.0
177	3.155620735826982e-05
171	0.000145264327373327
1133	0.0
1096	0.0017667844522968198
1132	0.0
1087	0.0017667844522968198
1131	0.0
1130	0.0
1073	0.0017667844522968198
769	0.000586754838974949
455	0.0006739795455092683
188	0.002886890145870492
562	0.0019356983594607954
832	0.0
151	1.6381003162382497e-05
826	1.1419222213283283e-05
830	0.0
831	0.0004631565478746083
519	0.0
1127	0.0
1008	0.00013792905524249893
511	0.00010561356727233016
515	0.0008973918520098816
771	0.0017831224661493679
66	0.0011776529284815715
516	0.0
548	4.97012472465947e-05
842	2.626706940806007e-05
450	0.0003291805693293229
1012	0.0
979	0.0015705902507757595
1123	2.8667413086243284e-05
496	0.00014792708468537057
179	0.0001237582111960251
669	2.491326114684228e-05
114	0.0001135968785624354
175	0.0
173	0.0
563	0.000506805036858385
977	0.0
978	1.3132939472424087e-05
762	9.7379585561866e-05
763	0.0
764	0.0012345588745664052
766	9.178105684912576e-05
569	0.0010910637201815277
774	0.0001604876446292778
773	0.00026474710877499673
1122	0.0
960	0.0018226786653861903
1088	0.0
1089	0.0
1110	0.0
997	0.000534713408272642
696	1.214078825196997e-05
1124	0.0
1086	1.7305687608683606e-05
1125	0.0
998	0.0017667844522968198
1048	0.0
111	0.0
123	6.813405780864138e-06
163	0.002657338451781248
225	3.396548414155834e-05
1116	0.0
531	4.679716209951248e-05
63	0.0006691234610173538
476	0.0014679006995507353
530	0.00013782520472347632
918	0.0
673	6.007580381611496e-05
759	0.0
474	8.60887856364852e-06
787	2.1646476274973276e-05
789	0.0
544	1.1793519917259697e-05
53	1.8274748022706806e-05
537	0.0
575	0.0
1042	0.0
1040	0.0
995	0.0013211182259781856
1026	0.00022276291205246704
1044	0.0
1049	0.0
805	0.0
804	0.0
1091	0.0
1090	1.3644778901554501e-05
962	5.041029716961496e-05
690	0.0
1094	0.0
801	0.0
1095	2.3382719410855385e-05
879	0.00017214650901125112
1077	0.0
855	0.001458391216435826
999	0.0
1102	0.0
1128	0.0
1023	0.0019010643382084188
909	0.0
1126	0.0
1111	0.0
1109	0.0
1108	0.0
835	2.0199382036093703e-05
839	0.0
366	0.0005212785801507477
964	0.0
966	0.0
360	1.5007671988258269e-05
959	0.0
1071	0.0
502	0.0
841	2.2375190330156778e-05
843	0.0
1033	0.0
1029	0.0
1024	0.00012719839194275817
1027	0.0
1021	0.0
1020	3.998645680550795e-05
1022	2.0937475272424582e-05
463	0.0
901	0.0
760	0.0
1106	0.0
1107	0.0
1104	0.0
1100	0.0
1101	0.0
876	0.0
1115	0.0
873	0.0
1114	0.0
1117	0.0
897	0.0
898	0.0018019230225569686
1118	0.0
956	0.0
955	0.0
803	0.0
800	0.0
676	2.054321110154919e-06
679	0.0
1092	0.0
674	0.0
670	0.0
845	0.0
488	0.0
478	7.916783471684915e-06
1119	0.0
424	0.0
1036	1.0572661571650513e-05
751	0.0
