344	-435	-27.1875
568	-570	-28.5
541	-121	-20.1667
38	-843	-33.72
155	-472	-26.2222
49	-1625	-40.625
677	-260	-21.6667
564	-1202	-34.3429
660	-613	-25.5417
415	-719	-29.9583
939	-13	-13.0
181	-189	-18.9
116	-1501	-39.5
489	-373	-21.9412
339	-760	-31.6667
466	-543	-30.1667
549	-553	-26.3333
345	-22	-11.0
350	-77	-11.0
346	-232	-21.0909
375	-101	-20.2
54	-1330	-41.5625
551	-115	-19.1667
287	-588	-26.7273
368	-716	-31.1304
399	-371	-26.5
418	-269	-20.6923
231	-295	-24.5833
254	-416	-27.7333
347	-159	-12.2308
590	-535	-22.2917
748	-122	-11.0909
746	-42	-4.66667
946	-56	-11.2
944	-45	-15.0
945	-89	-8.9
942	-43	-8.6
943	-52	-17.3333
940	-50	-7.14286
941	-29	-7.25
356	-1249	-37.8485
743	-151	-13.7273
340	-453	-26.6471
846	-80	-13.3333
268	-710	-29.5833
31	-684	-31.0909
761	-89	-12.7143
51	-769	-34.9545
52	-1820	-47.8947
354	-1673	-41.825
241	-1127	-38.8621
935	-17	-3.4
135	-1985	-49.625
228	-250	-20.8333
237	-1166	-38.8667
362	-430	-26.875
365	-154	-17.1111
658	-153	-17.0
934	-14	-14.0
341	-1134	-34.3636
578	-1695	-45.8108
884	-304	-23.3846
573	-620	-23.8462
889	-50	-7.14286
393	-708	-27.2308
62	-756	-29.0769
571	-132	-8.8
44	-512	-28.4444
183	-1406	-40.1714
938	-55	-18.3333
736	-90	-15.0
364	-311	-28.2727
937	-51	-17.0
936	-54	-10.8
890	-189	-17.1818
891	-121	-13.4444
892	-204	-20.4
896	-113	-10.2727
303	-662	-25.4615
380	-118	-13.1111
76	-2119	-49.2791
382	-239	-14.0588
267	-428	-22.5263
385	-149	-10.6429
389	-634	-22.6429
32	-62	-20.6667
908	-167	-15.1818
357	-129	-16.125
416	-201	-20.1
413	-519	-28.8333
371	-284	-20.2857
384	-579	-24.125
512	-253	-16.8667
342	-20	-10.0
881	-41	-8.2
34	-479	-25.2105
343	-85	-17.0
208	-231	-19.25
698	-402	-21.1579
400	-286	-23.8333
446	-655	-27.2917
810	-41	-10.25
334	-321	-21.4
470	-517	-30.4118
811	-104	-17.3333
302	-37	-12.3333
957	-108	-12.0
233	-2360	-52.4444
1037	-17	-3.4
480	-171	-15.5455
812	-80	-16.0
754	-20	-5.0
718	-60	-12.0
239	-642	-30.5714
813	-56	-28.0
348	-102	-14.5714
611	-104	-14.8571
445	-201	-18.2727
258	-88	-17.6
202	-364	-24.2667
315	-137	-15.2222
585	-599	-28.5238
349	-186	-23.25
140	-1164	-34.2353
947	-5	-5.0
45	-1218	-39.2903
316	-1104	-38.069
523	-156	-13.0
69	-898	-29.9333
816	-185	-20.5556
847	-86	-8.6
709	-305	-20.3333
447	-254	-18.1429
565	-229	-22.9
849	-168	-12.9231
270	-414	-25.875
823	-22	-11.0
817	-72	-14.4
234	-158	-22.5714
308	-519	-25.95
429	-1309	-40.9062
425	-223	-20.2727
456	-146	-16.2222
595	-97	-16.1667
592	-246	-16.4
219	-782	-26.0667
725	-557	-26.5238
327	-658	-27.4167
85	-480	-21.8182
719	-77	-15.4
148	-291	-24.25
141	-105	-13.125
313	-515	-25.75
260	-233	-23.3
136	-282	-20.1429
508	-143	-11.9167
717	-11	-11.0
716	-24	-12.0
256	-262	-18.7143
715	-157	-26.1667
950	-48	-8.0
662	-244	-22.1818
598	-528	-24.0
714	-42	-14.0
988	-17	-4.25
1099	0	0.0
713	-73	-36.5
378	-1774	-47.9459
712	-72	-14.4
795	-80	-11.4286
509	-109	-12.1111
711	-386	-25.7333
1050	-60	-10.0
900	-28	-7.0
330	-291	-24.25
861	-90	-15.0
186	-360	-25.7143
521	-154	-17.1111
252	-161	-20.125
137	-1375	-42.9688
269	-947	-37.88
359	-86	-17.2
710	-102	-14.5714
851	-38	-9.5
733	-11	-5.5
732	-11	-5.5
721	-103	-17.1667
915	-40	-13.3333
322	-619	-26.913
319	-25	-12.5
914	-65	-21.6667
452	-755	-27.963
606	-117	-23.4
90	-530	-24.0909
872	-79	-8.77778
94	-792	-33.0
376	-893	-30.7931
917	-20	-20.0
594	-267	-14.8333
215	-491	-18.8846
205	-804	-25.9355
204	-1509	-38.6923
695	-241	-20.0833
599	-167	-13.9167
193	-441	-21.0
518	-184	-14.1538
88	-202	-16.8333
274	-764	-29.3846
127	-328	-21.8667
600	-74	-10.5714
648	-207	-23.0
601	-30	-5.0
222	-218	-15.5714
198	-830	-28.6207
145	-387	-21.5
185	-1010	-33.6667
505	-200	-20.0
916	-17	-17.0
321	-494	-24.7
1061	-17	-8.5
553	-116	-16.5714
911	-25	-12.5
907	-60	-6.66667
1063	-18	-9.0
555	-246	-18.9231
958	-137	-15.2222
1062	-44	-11.0
928	-36	-12.0
554	-618	-26.8696
828	-4	-2.0
1065	-6	-3.0
561	-39	-5.57143
912	-54	-6.0
1064	0	0.0
560	-37	-12.3333
619	-10	-10.0
92	-270	-20.7692
910	-33	-5.5
1069	-46	-4.18182
1078	-50	-6.25
1067	-69	-6.27273
1105	-5	-0.625
1005	-27	-2.45455
913	-26	-26.0
298	-129	-18.4286
883	-12	-6.0
25	-586	-29.3
443	-313	-20.8667
230	-306	-21.8571
299	-842	-25.5152
887	22	2.0
886	30	2.5
885	-7	-0.583333
888	30	2.5
333	-3011	-57.9038
332	-1701	-43.6154
396	-1375	-38.1944
276	-389	-27.7857
398	-187	-23.375
143	-878	-30.2759
542	-251	-15.6875
730	-426	-22.4211
504	-922	-31.7931
409	-354	-22.125
756	-228	-11.4
386	-184	-14.1538
552	-555	-19.8214
788	-37	-2.84615
726	-329	-14.3043
410	-516	-24.5714
434	-1069	-30.5429
729	-208	-16.0
431	-299	-24.9167
296	-104	-17.3333
24	-1766	-42.0476
48	-223	-31.8571
182	-1058	-36.4828
108	-154	-22.0
297	-188	-17.0909
882	-33	-8.25
584	-264	-16.5
877	-29	-14.5
441	-227	-17.4615
699	-89	-8.9
120	-1066	-33.3125
131	-580	-27.619
165	-143	-11.0
172	-75	-12.5
162	-211	-17.5833
294	-39	-39.0
295	-70	-17.5
495	-409	-21.5263
875	-52	-10.4
292	-61	-30.5
293	-368	-28.3077
201	-915	-32.6786
214	-711	-32.3182
194	-707	-30.7391
56	-1264	-36.1143
40	-1023	-37.8889
414	-309	-30.9
259	-544	-30.2222
217	-393	-30.2308
128	-1463	-40.6389
783	-132	-16.5
290	-161	-14.6364
693	-121	-20.1667
880	-7	-2.33333
837	-19	-4.75
694	-171	-13.1538
668	-94	-13.4286
838	-71	-14.2
122	-360	-25.7143
671	-161	-17.8889
355	-1803	-45.075
291	-373	-28.6923
203	-469	-31.2667
336	-295	-24.5833
547	-43	-14.3333
105	-4704	-66.2535
591	-549	-24.9545
153	-195	-13.9286
744	-73	-7.3
84	-367	-24.4667
284	-585	-32.5
142	-542	-25.8095
381	-525	-22.8261
243	-988	-36.5926
387	-176	-13.5385
388	-209	-20.9
724	-522	-23.7273
747	-92	-18.4
83	-120	-20.0
961	-47	-23.5
412	-222	-18.5
593	-142	-17.75
745	-114	-11.4
1076	-5	-5.0
1075	-15	-7.5
1074	-12	-12.0
895	-136	-12.3636
650	-264	-26.4
199	-295	-18.4375
784	-144	-13.0909
785	-13	-13.0
786	-165	-12.6923
780	-200	-14.2857
16	-2408	-47.2157
218	-666	-28.9565
289	-486	-24.3
216	-436	-21.8
649	-317	-28.8182
687	-635	-30.2381
363	-223	-18.5833
221	-158	-13.1667
286	-136	-22.6667
212	-634	-23.4815
629	-142	-15.7778
176	-447	-23.5263
401	-466	-21.1818
775	-577	-26.2273
207	-351	-21.9375
206	-932	-33.2857
642	-205	-22.7778
647	-171	-21.375
597	-36	-12.0
86	-268	-24.3636
596	-169	-24.1429
200	-724	-30.1667
742	-89	-14.8333
209	-144	-24.0
195	-105	-15.0
675	-108	-12.0
778	-19	-6.33333
255	-520	-28.8889
210	-788	-31.52
705	-218	-24.2222
196	-2159	-45.9362
317	-209	-20.9
390	-830	-33.2
80	-961	-36.9615
41	-2625	-53.5714
325	-159	-15.9
361	-440	-25.8824
777	-60	-30.0
263	-335	-25.7692
74	-721	-34.3333
30	-809	-31.1154
130	-255	-23.1818
439	-594	-29.7
197	-273	-19.5
782	-11	-11.0
220	-119	-19.8333
78	-237	-19.75
691	-276	-23.0
23	-2946	-57.7647
678	-88	-29.3333
779	-44	-44.0
77	-203	-25.375
101	-316	-24.3077
107	-487	-30.4375
781	-88	-22.0
472	-281	-25.5455
473	-77	-25.6667
191	-297	-22.8462
622	-39	-5.57143
15	-517	-27.2105
454	-1010	-32.5806
50	-888	-34.1538
184	-233	-23.3
464	-208	-14.8571
93	-321	-16.8947
189	-293	-18.3125
190	-115	-14.375
566	-65	-13.0
567	-64	-10.6667
161	-196	-21.7778
328	-169	-21.125
192	-301	-25.0833
323	-130	-13.0
776	-25	-12.5
58	-1125	-34.0909
503	-356	-25.4286
288	-58	-19.3333
224	-110	-13.75
248	-291	-19.4
856	-13	-13.0
857	-13	-13.0
858	-13	-13.0
632	-146	-18.25
73	-600	-28.5714
351	-554	-30.7778
620	-38	-12.6667
829	-52	-17.3333
815	-57	-28.5
271	-694	-31.5455
314	-526	-27.6842
392	-462	-28.875
112	-493	-25.9474
836	-227	-18.9167
42	-2745	-53.8235
859	-165	-18.3333
404	-440	-27.5
750	-142	-20.2857
164	-98	-14.0
860	-85	-10.625
372	-448	-32.0
272	-89	-29.6667
265	-146	-18.25
273	-113	-22.6
689	-55	-11.0
501	-385	-22.6471
862	-2	-2.0
863	-23	-23.0
437	-194	-24.25
275	-277	-25.1818
458	-468	-26.0
451	-205	-17.0833
864	-48	-16.0
27	-505	-24.0476
353	-312	-26.0
82	-760	-33.0435
279	-205	-20.5
865	-24	-8.0
866	-47	-23.5
277	-142	-20.2857
867	-4	-4.0
278	-197	-17.9091
868	-111	-11.1
870	-190	-17.2727
871	-33	-8.25
824	-130	-11.8182
869	-92	-11.5
848	-130	-10.0
654	-211	-13.1875
417	-119	-14.875
738	-25	-12.5
147	-532	-25.3333
793	-79	-9.875
1070	-35	-7.0
1004	-7	-1.16667
524	-104	-34.6667
525	-27	-13.5
506	-78	-11.1429
526	-27	-27.0
527	-47	-6.71429
902	-57	-7.125
1054	-10	-2.5
558	-170	-15.4545
529	-42	-8.4
520	-123	-24.6
68	-218	-13.625
305	-419	-27.9333
765	-192	-14.7692
1016	-23	-11.5
522	-58	-14.5
607	-211	-19.1818
483	-592	-23.68
491	-104	-10.4
1053	-20	-4.0
528	-97	-13.8571
546	-89	-14.8333
570	-51	-25.5
822	-72	-10.2857
1014	-32	-16.0
636	-50	-10.0
1015	-15	-15.0
1017	-4	-1.33333
459	-164	-14.9091
1019	-9	-2.25
1068	-43	-10.75
226	-21	-10.5
903	-22	-5.5
994	-21	-10.5
706	-132	-11.0
1013	-37	-12.3333
1025	-36	-18.0
757	-224	-13.1765
460	-823	-28.3793
449	-27	-13.5
448	-57	-19.0
134	-1750	-44.8718
834	-38	-4.75
749	-51	-12.75
444	-241	-24.1
809	-94	-9.4
240	-410	-24.1176
539	-60	-20.0
442	-62	-20.6667
806	-57	-9.5
118	-145	-16.1111
517	-88	-12.5714
440	-66	-16.5
640	-55	-11.0
484	-368	-23.0
264	-130	-21.6667
475	-222	-18.5
996	-82	-10.25
477	-153	-13.9091
1007	-58	-14.5
238	-477	-28.0588
422	-118	-14.75
482	-90	-15.0
133	-419	-29.9286
468	-1227	-40.9
641	-158	-15.8
586	-193	-21.4444
588	-790	-27.2414
461	-54	-18.0
377	-198	-19.8
282	-431	-20.5238
70	-737	-32.0435
91	-265	-22.0833
10	-1121	-35.0312
109	-64	-32.0
102	-35	-11.6667
8	-109	-13.625
370	-83	-13.8333
103	-113	-18.8333
21	-1979	-46.0233
639	-16	-8.0
614	-85	-10.625
246	-275	-22.9167
9	-485	-28.5294
100	-46	-15.3333
7	-793	-30.5
96	-92	-13.1429
582	-53	-17.6667
637	-10	-10.0
638	-127	-15.875
132	-209	-17.4167
106	-1095	-35.3226
664	-47	-15.6667
663	-202	-18.3636
661	-168	-15.2727
391	-252	-21.0
20	-460	-27.0588
656	-156	-17.3333
657	-145	-14.5
655	-50	-25.0
652	-61	-20.3333
653	-35	-17.5
665	-32	-16.0
659	-140	-17.5
467	-541	-27.05
13	-784	-31.36
538	-174	-19.3333
358	-460	-25.5556
39	-1012	-36.1429
667	-13	-13.0
666	-83	-20.75
14	-1301	-36.1389
104	-551	-34.4375
47	-173	-24.7143
154	-55	-18.3333
335	-547	-28.7895
331	-680	-30.9091
251	-352	-25.1429
236	-95	-47.5
213	-684	-29.7391
651	-78	-26.0
79	-289	-24.0833
545	-476	-29.75
420	-423	-26.4375
646	-97	-24.25
307	-198	-22.0
227	-560	-35.0
129	-172	-24.5714
55	-415	-27.6667
643	-91	-13.0
645	-76	-19.0
644	-68	-68.0
310	-28	-5.6
1066	-26	-5.2
250	-255	-23.1818
46	-1325	-36.8056
43	-222	-22.2
3	-1423	-37.4474
245	-261	-23.7273
18	-361	-20.0556
22	-179	-11.9333
2	-461	-20.0435
19	-898	-32.0714
352	-188	-13.4286
906	-9	-9.0
312	-179	-14.9167
432	-146	-13.2727
904	-50	-8.33333
1051	-11	-5.5
408	-141	-14.1
905	-92	-23.0
402	-211	-26.375
33	-176	-22.0
169	-120	-20.0
338	-344	-28.6667
157	-396	-30.4615
337	-306	-25.5
1	-886	-29.5333
329	-701	-30.4783
318	-23	-23.0
211	-303	-21.6429
178	-117	-19.5
320	-46	-7.66667
326	-48	-8.0
324	-176	-19.5556
37	-20	-20.0
36	-20	-20.0
35	-20	-20.0
17	-112	-16.0
28	-268	-22.3333
6	-510	-24.2857
438	-322	-26.8333
1006	-17	-17.0
436	-70	-23.3333
159	-71	-23.6667
540	-124	-20.6667
993	-46	-23.0
435	-131	-21.8333
963	-22	-5.5
610	-115	-12.7778
932	-73	-14.6
433	-130	-14.4444
543	-601	-28.619
802	-62	-12.4
927	-11	-5.5
430	-184	-14.1538
497	-52	-8.66667
59	-309	-16.2632
510	-59	-7.375
65	-305	-16.9444
67	-257	-18.3571
485	-170	-11.3333
500	-350	-20.5882
499	-101	-12.625
1003	-23	-4.6
1002	-50	-16.6667
922	-87	-21.75
281	-71	-35.5
931	-25	-8.33333
930	-60	-15.0
576	-41	-13.6667
933	-31	-15.5
72	-1397	-37.7568
929	-60	-15.0
587	-39	-9.75
603	-294	-21.0
532	-805	-33.5417
926	-17	-8.5
457	-323	-24.8462
634	-71	-7.88889
612	-321	-17.8333
608	-55	-9.16667
925	-33	-16.5
923	-51	-10.2
924	-21	-4.2
383	-217	-16.6923
469	-33	-11.0
423	-134	-22.3333
301	-100	-16.6667
827	-86	-21.5
919	-42	-14.0
574	-94	-18.8
81	-874	-36.4167
513	-166	-13.8333
921	-69	-23.0
407	-272	-20.9231
146	-588	-22.6154
893	-96	-24.0
920	-57	-8.14286
1120	-1	-1.0
1000	-14	-14.0
427	-321	-18.8824
854	-32	-10.6667
818	-36	-9.0
235	-357	-25.5
990	-28	-5.6
462	-86	-14.3333
850	-6	-3.0
807	-14	-7.0
852	-16	-16.0
819	-100	-12.5
770	-58	-7.25
772	-72	-12.0
1058	-15	-5.0
953	-134	-14.8889
952	-46	-9.2
633	-242	-26.8889
1113	-8	-4.0
1081	-15	-15.0
5	-241	-24.1
87	-170	-28.3333
899	-10	-3.33333
306	-267	-20.5385
1045	-34	-6.8
1098	-60	-6.66667
808	-93	-9.3
471	-97	-12.125
486	-207	-13.8
419	-94	-13.4286
1034	-33	-6.6
99	-107	-21.4
602	-72	-9.0
98	-56	-11.2
627	-20	-6.66667
635	-2	-2.0
844	-54	-13.5
579	-45	-11.25
257	-292	-24.3333
1085	-2	-2.0
617	-76	-15.2
613	-27	-9.0
615	-9	-9.0
369	-245	-22.2727
605	-41	-13.6667
604	-133	-22.1667
609	-35	-8.75
64	-228	-13.4118
507	-338	-21.125
285	-154	-19.25
426	-111	-12.3333
623	-55	-9.16667
621	-74	-12.3333
628	-16	-16.0
625	-104	-20.8
465	-69	-17.25
624	-69	-13.8
89	-123	-15.375
626	-29	-14.5
618	-10	-10.0
616	-10	-10.0
95	-90	-18.0
630	-64	-16.0
631	-44	-22.0
266	-114	-28.5
97	-73	-36.5
814	-45	-22.5
825	-42	-10.5
1030	-15	-15.0
1043	-52	-6.5
1039	-10	-1.66667
1112	-46	-7.66667
1035	-73	-7.3
740	-24	-24.0
152	-537	-19.8889
741	-91	-15.1667
559	-70	-14.0
965	-60	-15.0
75	-228	-19.0
144	-90	-11.25
833	-135	-12.2727
124	-428	-25.1765
1009	-76	-10.8571
481	-283	-18.8667
479	-115	-12.7778
557	-76	-12.6667
720	-83	-20.75
556	-53	-13.25
550	-18	-18.0
853	-94	-11.75
1060	-27	-13.5
411	-125	-15.625
453	-120	-24.0
428	-76	-25.3333
487	-210	-19.0909
707	-190	-21.1111
702	-86	-17.2
167	-165	-20.625
168	-313	-20.8667
821	-82	-13.6667
820	-34	-17.0
138	-65	-16.25
57	-688	-24.5714
232	-39	-19.5
692	-238	-26.4444
71	-291	-22.3846
534	-99	-33.0
989	-11	-3.66667
1052	1	1.0
514	-15	-7.5
1129	-2	-2.0
1055	-21	-21.0
1056	0	0.0
535	-59	-19.6667
1057	-6	-6.0
1059	-18	-18.0
992	-39	-6.5
731	-66	-8.25
728	-40	-8.0
26	-47	-15.6667
29	-162	-18.0
4	-503	-22.8636
11	-534	-26.7
12	-327	-18.1667
700	-114	-16.2857
150	-478	-23.9
139	-44	-14.6667
737	-70	-11.6667
149	-182	-14.0
229	-82	-27.3333
739	-38	-19.0
734	-40	-13.3333
735	-35	-17.5
723	-66	-13.2
727	-43	-21.5
300	-229	-20.8182
722	-31	-31.0
1083	-15	-15.0
1082	-15	-15.0
1080	-10	-2.5
1084	-20	-5.0
968	-37	-7.4
985	-61	-12.2
533	-84	-16.8
572	-130	-16.25
967	-28	-14.0
1079	-7	-3.5
1001	-104	-14.8571
951	-33	-16.5
948	-4	-4.0
949	-4	-4.0
768	-11	-5.5
1103	1	1.0
688	-128	-21.3333
367	-1030	-35.5172
685	-29	-29.0
684	-8	-4.0
126	-51	-17.0
156	-117	-19.5
704	-128	-21.3333
703	-47	-15.6667
686	-35	-11.6667
581	-101	-16.8333
681	-40	-20.0
680	-112	-22.4
1093	-2	-2.0
683	-8	-4.0
682	-26	-13.0
117	-351	-21.9375
244	-113	-14.125
61	-118	-11.8
701	-99	-14.1429
536	-54	-27.0
672	-101	-20.2
125	-280	-25.4545
311	-120	-15.0
397	-178	-25.4286
394	-87	-43.5
113	-271	-20.8462
708	-83	-27.6667
494	-30	-30.0
1047	-24	-12.0
878	-48	-12.0
874	-80	-16.0
283	-101	-33.6667
223	-106	-17.6667
490	-44	-11.0
170	-107	-21.4
1041	-16	-4.0
492	-62	-20.6667
166	-136	-15.1111
493	-30	-30.0
115	-263	-20.2308
110	-161	-16.1
174	-104	-20.8
119	-125	-13.8889
121	-187	-15.5833
60	-54	-18.0
304	-42	-14.0
242	-69	-17.25
261	-40	-40.0
253	-40	-40.0
247	-82	-41.0
249	-52	-26.0
280	-229	-22.9
262	-121	-30.25
309	-36	-12.0
991	-10	-10.0
406	-25	-6.25
405	-105	-21.0
403	-190	-27.1429
697	-102	-14.5714
987	-31	-6.2
798	-60	-20.0
1121	0	0.0
1011	-36	-12.0
1032	-65	-16.25
1028	-3	-3.0
758	-1	-1.0
160	-44	-11.0
1018	-8	-8.0
379	-80	-16.0
753	-51	-12.75
975	-54	-18.0
974	-41	-20.5
395	-151	-15.1
373	-266	-26.6
374	-46	-46.0
972	-7	-7.0
973	-7	-7.0
971	-26	-26.0
970	-26	-26.0
421	-65	-16.25
969	-28	-14.0
1038	-61	-10.1667
1097	-19	-6.33333
755	-58	-11.6
954	-98	-14.0
1010	-68	-17.0
840	-114	-12.6667
498	-44	-7.33333
982	-39	-13.0
983	-80	-8.88889
981	-47	-5.22222
976	-114	-10.3636
894	-48	-5.33333
980	-47	-9.4
986	-46	-15.3333
187	-168	-18.6667
752	-24	-4.8
158	-184	-15.3333
767	-124	-20.6667
984	-11	-5.5
180	-55	-27.5
589	-40	-13.3333
577	-34	-17.0
583	-23	-23.0
580	-36	-18.0
797	-38	-19.0
796	-61	-20.3333
794	-47	-15.6667
792	-69	-11.5
791	-36	-36.0
790	-89	-22.25
799	-21	-10.5
1046	-19	-9.5
1031	-18	-9.0
1072	-1	-1.0
177	-72	-24.0
171	-66	-22.0
1133	1	1.0
1096	-4	-2.0
1132	-1	-1.0
1087	-2	-0.5
1131	-1	-1.0
1130	0	0.0
1073	-29	-9.66667
769	-109	-9.08333
455	-171	-19.0
188	-175	-13.4615
562	-273	-21.0
832	-5	-5.0
151	-43	-21.5
826	-40	-20.0
830	-24	-24.0
831	-83	-20.75
519	-11	-11.0
1127	-4	-4.0
1008	-33	-16.5
511	-89	-17.8
515	-89	-14.8333
771	-29	-7.25
66	-202	-14.4286
516	-11	-11.0
548	-54	-18.0
842	-21	-10.5
450	-38	-12.6667
1012	-28	-28.0
979	-31	-6.2
1123	-3	-1.5
496	-20	-10.0
179	-85	-14.1667
669	-43	-7.16667
114	-65	-10.8333
175	-33	-33.0
173	-33	-16.5
563	-117	-16.7143
977	-14	-14.0
978	-53	-17.6667
762	-60	-30.0
763	-26	-26.0
764	-34	-11.3333
766	-39	-13.0
569	-133	-13.3
774	-38	-9.5
773	-46	-11.5
1122	-1	-1.0
960	-44	-11.0
1088	-1	-0.5
1089	-1	-0.5
1110	-9	-9.0
997	-4	-2.0
696	-74	-12.3333
1124	-6	-6.0
1086	-5	-2.5
1125	1	1.0
998	-14	-7.0
1048	1	0.5
111	-29	-29.0
123	-104	-34.6667
163	-222	-22.2
225	-17	-5.66667
1116	-10	-10.0
531	-24	-12.0
63	-122	-12.2
476	-165	-16.5
530	-25	-12.5
918	-3	-3.0
673	-32	-16.0
759	-1	-1.0
474	-77	-19.25
787	-44	-14.6667
789	-12	-12.0
544	-33	-16.5
53	-71	-35.5
537	-44	-22.0
575	-9	-9.0
1042	-22	-22.0
1040	-22	-22.0
995	-190	-14.6154
1026	-68	-11.3333
1044	-8	-8.0
1049	-5	-2.5
805	-3	-3.0
804	-11	-11.0
1091	0	0.0
1090	-10	-5.0
962	-74	-14.8
690	-14	-14.0
1094	-10	-10.0
801	-39	-19.5
1095	-10	-5.0
879	-52	-17.3333
1077	-19	-19.0
855	-75	-10.7143
999	-23	-11.5
1102	-10	-10.0
1128	-2	-2.0
1023	-59	-11.8
909	-17	-17.0
1126	-4	-4.0
1111	-9	-9.0
1109	-9	-9.0
1108	-5	-5.0
835	-22	-11.0
839	-30	-15.0
366	-79	-19.75
964	-26	-26.0
966	-26	-26.0
360	-80	-16.0
959	-37	-37.0
1071	-34	-34.0
502	-7	-7.0
841	-22	-11.0
843	-9	-9.0
1033	-27	-27.0
1029	-11	-11.0
1024	-39	-13.0
1027	-36	-18.0
1021	-26	-26.0
1020	-59	-11.8
1022	-50	-25.0
463	-29	-29.0
901	-6	-6.0
760	-7	-7.0
1106	-2	-2.0
1107	-8	-8.0
1104	-1	-1.0
1100	-21	-10.5
1101	-14	-14.0
876	-19	-19.0
1115	-2	-2.0
873	-19	-19.0
1114	-8	-8.0
1117	-8	-8.0
897	0	0.0
898	-43	-14.3333
1118	0	0.0
956	-37	-37.0
955	-37	-37.0
803	-11	-11.0
800	-27	-27.0
676	-63	-21.0
679	-35	-35.0
1092	-6	-6.0
674	-11	-5.5
670	-16	-16.0
845	-7	-7.0
488	-30	-30.0
478	-59	-29.5
1119	0	0.0
424	-28	-28.0
1036	-28	-9.33333
751	-9	-9.0
