-3.0	0.0190852964209323
-8.681145747868614	0.0937319644248814
-3.0	0.0191439348009109
-8.683606799446803	0.0940199547791705
-3.0	0.0190852964209323
-3.0	0.0190852964209323
-3.0	0.0190852964209323
-3.0	0.0190852964209323
-3.0	0.0190852964209323
-3.0	0.0190852964209323
-3.0	0.0190852964209323
-3.0	0.0190852964209323
-3.0	0.0190852964209323
-8.681145747868607	0.0937319644248814
-3.0	0.0190852964209323
-3.0	0.0190852964209323
-3.0	0.0190852964209323
-3.0	0.0190852964209323
-3.0	0.0190852964209323
-3.0	0.0190852964209323
-3.0	0.0190852964209323
-8.681145747868607	0.0937319644248814
-9.000000000000007	0.2694836105997014
-3.0	0.0190852964209323
-3.0	0.0190852964209323
-3.0	0.0190852964209323
-3.0	0.0190852964209323
-3.0	0.0190852964209323
-3.0	0.0190852964209323
-3.0	0.0190852964209323
-3.0	0.0190852964209323
-3.0	0.0190852964209323
-1.0	0.0135741417469381
-6.56776436283002	0.0666649215704672
-9.00000000000001	0.2459572956008153
-1.0	0.0135741417469381
-1.0	0.0135741417469381
-1.0	0.0135741417469381
-1.0	0.0135741417469381
-1.0	0.0135741417469381
1.5	0.0040404960483112
-3.692582403567252	0.0198437765490617
-8.686026613918688	0.0934164673517662
-3.0	0.0073872128086287
-8.681145747868609	0.0362672590793093
-4.3166247903554	0.0213648415855248
1.0	0.0043502010742467
1.0	0.0043502010742467
-8.702917114358861	0.0962269935092624
-2.0	0.0152582929071419
-7.6332495807108	0.0749361301736363
1.0	0.0056426861228414
-3.842329219213244	0.027711762452413
-3.692582403567252	0.0283078647882484
-8.683606799446803	0.1332583907794357
1.5	0.0057640639276958
-3.0	0.0073872128086287
-3.0	0.0073522412740095
-8.681145747868609	0.0360957015713922
-3.0	0.019322031754504
-8.690746941286635	0.0948946416165395
-3.0	0.0189045472514292
-8.681145747868607	0.0928441805431418
-3.0	0.0189045472514292
-3.0	0.0189045472514292
-3.0	0.0189045472514292
-3.0	0.0189045472514292
-3.0	0.0189045472514292
-3.0	0.0189045472514292
-9.000000000000007	0.2669306134657125
-3.0	0.0189045472514292
-3.0	0.0189045472514292
-3.0	0.0189045472514292
-3.0	0.0189045472514292
-8.681145747868607	0.0928441805431417
-3.0	0.0189045472514292
-3.0	0.0189045472514292
-3.0	0.0189045472514292
-3.0	0.0073522412740095
-3.0	0.0190852964209323
-8.681145747868607	0.0937319644248814
-3.0	0.0190852964209323
-3.0	0.0190852964209323
-8.681145747868607	0.0937319644248814
-3.0	0.0190852964209323
-3.0	0.0190852964209323
-3.0	0.0190852964209323
-3.0	0.0190852964209323
-3.0	0.0190852964209323
-3.0	0.0190852964209323
-3.0	0.0190852964209323
-3.0	0.0190852964209323
-3.0	0.0190852964209323
-3.0	0.0190852964209323
-3.0	0.0190852964209323
-3.0	0.0190852964209323
-3.0	0.0190852964209323
-3.0	0.0190852964209323
-3.0	0.0190852964209323
-3.0	0.0190852964209323
-3.0	0.0190852964209323
-3.0	0.0174195305955373
-8.681145747868607	0.0855504295308606
-3.0	0.0174195305955373
-8.681145747868607	0.0855504295308606
-3.0	0.0174195305955373
-3.0	0.0174195305955373
-3.0	0.0174195305955373
-3.0	0.0174195305955373
-3.0	0.0174195305955373
-3.0	0.0174195305955373
-3.0	0.0174195305955373
-3.0	0.0174195305955373
-3.0	0.0174195305955373
-3.0	0.0174195305955373
-3.0	0.0174195305955373
-3.0	0.0174195305955373
-3.0	0.0174195305955373
1.0	0.001651487404287
-4.316624790355398	0.0081077413797702
-8.686676018038888	0.0365015319321588
1.0	0.001651487404287
1.0	0.0016473044947931
-4.3166247903554	0.008087223436703
-3.0	0.0189045472514292
-8.681145747868607	0.0928441805431417
-3.0	0.0335027290118754
-9.000000000000004	0.1645352799324099
-3.0	0.0271341841133192
-8.683606799446803	0.1332583907794357
-8.681145747868607	0.0855504295308606
-8.681145747868607	0.0855504295308606
-8.681145747868607	0.0855504295308606
-9.000000000000002	0.3819275975895665
-8.681145747868607	0.0855504295308606
-8.681145747868607	0.0855504295308606
-8.681145747868607	0.0855504295308606
-8.681145747868607	0.0937319644248814
-8.683606799446801	0.0940199547791705
-3.0	0.0335027290118754
-3.0	0.0335027290118754
-8.681145747868609	0.0361755697694482
-3.0	0.0073685219046918
-3.0	0.0073685219046918
-3.0	0.0073685219046918
-3.0	0.0073685219046918
-3.0	0.0073685219046918
-3.0	0.0073685219046918
-3.0	0.0073685219046918
-3.0	0.0073685219046918
-3.0	0.0073685219046918
-3.0	0.0073685219046918
-9.000000000000002	0.1039207540189295
-3.0	0.0190852964209323
-3.0	0.0190852964209323
-3.0	0.0190852964209323
-3.0	0.0190852964209323
-3.0	0.0190852964209323
-3.0	0.0190852964209323
-3.0	0.0190852964209323
-3.0	0.0190852964209323
-3.0	0.0190852964209323
-3.0	0.0190852964209323
-3.0	0.0191439348009109
-3.0	0.0191439348009109
-3.0	0.0191439348009109
-3.0	0.0191439348009109
-3.0	0.0191439348009109
-3.0	0.0191439348009109
-3.0	0.0191439348009109
-3.0	0.0191439348009109
-3.0	0.0191439348009109
-3.692582403567252	0.0199719517878118
1.0	0.0016473044947931
-8.686676018038888	0.0364092472182204
0.5	0.0045561722761764
-4.905124837953325	0.0223764203382246
1.5	0.0015706999260348
-3.692582403567252	0.00771116075892
-8.683606799446801	0.0362869741337462
0.5	0.0045561722761764
1.5	0.0057640639276958
-3.692582403567252	0.0283078647882484
-3.0	0.0189045472514292
-3.0	0.0189045472514292
-3.0	0.0189045472514292
-8.681145747868607	0.0928441805431417
-3.0	0.0189045472514292
-3.0	0.0073522412740095
-8.681145747868607	0.0360957015713922
-3.0	0.0073522412740095
-3.0	0.0073522412740095
-3.0	0.0073522412740095
-9.000000000000005	0.1036917272827429
-3.0	0.0073522412740095
-3.0	0.0073522412740095
-3.0	0.0073522412740095
-3.0	0.0073522412740095
-3.0	0.0073522412740095
-3.0	0.0073522412740095
-3.0	0.0271341841133192
-3.0	0.00741612467019
0.0	0.0066917247349288
0.2192235935955848	0.001421750753608
-1.0	0.0314371038837647
-6.0	0.147677286221671
-9.000000000000005	0.1041836583076518
-8.681145747868607	0.0362672590793093
-8.681145747868607	0.0362672590793093
-8.681145747868607	0.0362672590793093
-8.683606799446801	0.0363789472620338
-8.683606799446801	0.0363789472620338
-8.683606799446801	0.0363789472620338
-8.683606799446803	0.0363789472620338
-8.692911495123575	0.0367506703307426
-8.681145747868607	0.0360957015713922
-8.681145747868607	0.0360957015713922
-8.681145747868607	0.0360957015713922
-8.681145747868607	0.0360957015713922
-8.681145747868607	0.0360957015713922
-8.686676018038892	0.0363288604906488
-8.681145747868607	0.0360957015713922
-8.686676018038888	0.0363288604906488
-8.681145747868607	0.1328501431310987
-8.158910531638178	0.1240631142205636
-8.681145747868607	0.1328501431310987
-8.16528576488799	0.1248095500553499
-8.681145747868607	0.0928441805431417
-8.681145747868607	0.0928441805431417
-8.681145747868607	0.0928441805431417
-8.681145747868607	0.0928441805431417
-8.681145747868607	0.0928441805431417
-8.681145747868607	0.0361755697694482
-8.683606799446801	0.0362869741337462
-8.681145747868607	0.0361755697694482
-8.686026613918703	0.0363990672753071
-8.681145747868607	0.0361755697694482
-8.683606799446801	0.0362869741337462
-8.681145747868607	0.0361755697694482
-3.0	0.0174195305955373
-3.0	0.0174195305955373
-3.0	0.0174195305955373
-3.0	0.0174195305955373
-3.0	0.0174195305955373
-3.0	0.0174195305955373
-3.0	0.0174195305955373
-3.0	0.0174195305955373
-3.0	0.0174195305955373
-3.0	0.0174195305955373
-3.0	0.0174195305955373
-3.0	0.0174195305955373
-3.0	0.0174195305955373
-3.0	0.0190210720204128
-3.0	0.0190210720204128
-3.0	0.0190210720204128
-3.0	0.0190210720204128
-3.0	0.0190210720204128
-3.0	0.0190210720204128
-3.692582403567252	0.0198437765490617
-3.0	0.0190210720204128
-3.0	0.0190210720204128
-3.0	0.0174195305955373
-3.0	0.0174195305955373
-3.0	0.0174195305955373
-3.0	0.0174195305955373
-3.0	0.0174195305955373
-3.0	0.0174195305955373
-3.0	0.0174195305955373
-3.0	0.0174195305955373
-3.0	0.0174195305955373
-3.0	0.0174195305955373
-3.0	0.0174195305955373
-3.0	0.0174195305955373
-3.0	0.0174195305955373
-3.692582403567252	0.0077349840689809
1.5	0.0015755531238413
-3.692582403567252	0.0077307225978928
1.5	0.0015746878872079
-2.0	0.0152582929071419
-3.692582403567252	0.0077349840689809
1.5	0.0015755531238413
-3.0	0.0073522412740095
-3.0	0.0073522412740095
-3.0	0.0073522412740095
-3.0	0.0073522412740095
-3.0	0.0073522412740095
-3.0	0.0073522412740095
-3.0	0.0073522412740095
-3.0	0.0073522412740095
-3.0	0.0073522412740095
-3.0	0.0073522412740095
-3.0	0.0271341841133192
-3.0	0.0271341841133192
-3.0	0.0270510569833454
-3.0	0.0270510569833454
-3.0	0.0270510569833454
-3.0	0.0271341841133192
-3.0	0.0271341841133192
-3.0	0.0271341841133192
-3.0	0.0271341841133192
-3.0	0.0271341841133192
-3.0	0.019322031754504
-3.0	0.0074099649640688
-3.0	0.0074099649640688
-3.692582403567252	0.0077307225978928
-3.0	0.0074099649640688
-3.0	0.0074099649640688
-3.0	0.0074099649640688
-3.0	0.0074099649640688
-3.0	0.0074099649640688
-3.0	0.0074099649640688
-3.0	0.0074099649640688
-3.0	0.0074099649640688
-3.0	0.0074099649640688
-3.0	0.0074099649640688
-3.0	0.0174195305955373
-3.0	0.0174195305955373
-3.0	0.0174195305955373
-3.0	0.0174195305955373
-3.0	0.0174195305955373
-1.5	0.0096112692874046
-7.103277807866851	0.0472020262300824
-3.692582403567252	0.00771116075892
1.5	0.0015706999260348
-3.692582403567252	0.0199719517878118
1.5	0.0040665907245549
1.5	0.0015706999260348
-3.692582403567252	0.00771116075892
-3.0	0.0073997382990379
-3.0	0.0073997382990379
-3.0	0.0073997382990379
-3.0	0.0073997382990379
-4.316624790355402	0.0080693515138629
-3.0	0.0073997382990379
-3.0	0.0073997382990379
-3.0	0.0073997382990379
-3.0	0.0073997382990379
-3.0	0.0073997382990379
-3.0	0.0073522412740095
-3.0	0.0073997382990379
-3.0	0.0073997382990379
-3.0	0.0073997382990379
-3.0	0.0073997382990379
-3.0	0.0073997382990379
-3.0	0.0073997382990379
-3.0	0.0073997382990379
-4.316624790355402	0.0080693515138629
-3.0	0.0073997382990379
-3.0	0.0073997382990379
-3.0	0.0271341841133192
-3.0	0.00741612467019
-3.0	0.00741612467019
-3.0	0.00741612467019
-3.0	0.00741612467019
-3.0	0.00741612467019
-3.0	0.00741612467019
-3.0	0.00741612467019
-3.0	0.0271341841133192
-8.681145747868607	0.0572313749474551
-8.681145747868607	0.0572313749474551
-3.692582403567252	0.03495187110172
-3.0	0.0335027290118754
-4.905124837953325	0.038261859634769
-8.681145747868607	0.0572313749474551
-3.0	0.0271341841133192
-3.0	0.0271341841133192
-3.0	0.019322031754504
-3.0	0.019322031754504
-3.0	0.0074099649640688
-3.0	0.0074099649640688
-3.0	0.0074099649640688
-3.692582403567252	0.0077307225978928
-3.0	0.0074099649640688
-3.0	0.0074099649640688
-3.0	0.0074099649640688
-3.0	0.0073872128086287
-3.692582403567252	0.0201577515297571
-3.692582403567252	0.0201577515297571
-3.692582403567252	0.0201577515297571
-3.692582403567252	0.0201577515297571
-3.0	0.019322031754504
-3.0	0.019322031754504
-3.0	0.0073872128086287
-3.0	0.0073872128086287
-1.5	0.0096112692874046
-1.5	0.0096112692874046
-1.5	0.0096112692874046
-1.5	0.0096112692874046
-1.5	0.0096112692874046
-1.5	0.0096112692874046
-3.0	0.0116534328981447
-3.0	0.0116534328981447
-3.0	0.0116534328981447
-3.0	0.0116534328981447
-3.0	0.0116534328981447
-3.0	0.0116534328981447
-3.0	0.0116534328981447
-3.0	0.0116534328981447
-3.0	0.0116534328981447
-3.0	0.0116534328981447
-3.0	0.0174195305955373
-3.0	0.0174195305955373
-3.0	0.0174195305955373
-3.0	0.0174195305955373
-3.0	0.0174195305955373
-3.0	0.0174195305955373
-3.0	0.0174195305955373
-3.0	0.0174195305955373
-3.0	0.0174195305955373
-3.0	0.0174195305955373
-3.0	0.0174195305955373
-3.0	0.0073522412740095
-3.0	0.0073522412740095
1.5	0.0015746878872079
-3.692582403567252	0.0077307225978928
-3.0	0.0073522412740095
1.5	0.0015746878872079
1.5	0.0071169020358417
-3.0	0.00741612467019
-3.0	0.0073685219046918
-3.0	0.0073685219046918
-3.0	0.0073685219046918
-3.0	0.0074856897277973
-3.0	0.0074856897277973
-3.0	0.0074349369964737
-3.0	0.0074349369964737
-3.0	0.0195933145353451
-3.0	0.0195933145353451
-3.0	0.0195933145353451
-3.0	0.0195933145353451
-3.0	0.0189045472514292
-3.0	0.0189045472514292
-3.0	0.0189045472514292
-3.0	0.0189045472514292
-3.0	0.0189045472514292
-3.0	0.0189045472514292
-3.0	0.0189045472514292
-3.0	0.0189045472514292
-3.0	0.0189045472514292
-3.0	0.0189045472514292
-2.5	0.0254138306956402
-2.5	0.0254138306956402
-2.5	0.0254138306956402
-2.5	0.0254138306956402
-2.5	0.0254138306956402
-2.5	0.0254138306956402
-2.5	0.0254138306956402
-2.5	0.0254138306956402
-3.0	0.0174195305955373
-3.0	0.0174195305955373
-3.0	0.0174195305955373
-3.0	0.0174195305955373
-3.0	0.0174195305955373
-3.0	0.0174195305955373
-3.0	0.0174195305955373
-3.0	0.0073522412740095
-3.0	0.0073685219046918
-3.0	0.0073522412740095
-3.0	0.0073522412740095
-3.0	0.0073522412740095
-3.0	0.0073522412740095
-3.0	0.0073522412740095
-3.0	0.0073522412740095
-3.0	0.0073522412740095
-3.0	0.0073522412740095
-3.0	0.0073522412740095
-3.0	0.0073522412740095
-3.0	0.0073522412740095
-3.0	0.0073522412740095
-3.0	0.0073522412740095
-3.0	0.0073522412740095
-3.0	0.0189045472514292
-3.0	0.0189045472514292
-3.0	0.0073685219046918
-3.0	0.0073685219046918
-3.0	0.0073685219046918
-3.0	0.0073685219046918
-3.0	0.0073685219046918
-3.0	0.0073685219046918
-3.0	0.0073685219046918
-3.0	0.0073685219046918
-3.0	0.0074140507901225
-3.0	0.0074140507901225
-3.0	0.0074140507901225
-3.0	0.0074140507901225
-3.0	0.0074140507901225
-3.0	0.0074140507901225
-3.0	0.0074140507901225
-3.0	0.0074140507901225
-3.0	0.0073685219046918
-3.0	0.0074349369964737
-3.0	0.0195933145353451
-3.0	0.0074349369964737
-3.0	0.0074349369964737
-3.0	0.0074349369964737
-3.0	0.0074856897277973
-3.0	0.0074856897277973
-3.0	0.0074856897277973
-3.0	0.0074856897277973
-3.692582403567252	0.0078097261850535
-3.0	0.0074856897277973
-3.0	0.0074856897277973
-4.905124837953325	0.008549945830285
-3.0	0.0074349369964737
-3.0	0.0074349369964737
-3.0	0.0074349369964737
-3.0	0.0271341841133192
-3.0	0.0271341841133192
-3.0	0.0271341841133192
-3.0	0.0271341841133192
-3.0	0.0271341841133192
-3.0	0.0189045472514292
-3.0	0.0189045472514292
-3.0	0.0189045472514292
-3.0	0.0189045472514292
-3.0	0.0189045472514292
-3.0	0.0270510569833454
-3.0	0.0270510569833454
-3.0	0.0270510569833454
-3.0	0.0270510569833454
-3.0	0.0270510569833454
-3.0	0.0270510569833454
-3.0	0.0270510569833454
-3.0	0.0174195305955373
-3.0	0.0174195305955373
-3.0	0.0174195305955373
-3.0	0.0174195305955373
-3.0	0.0174195305955373
-3.0	0.0174195305955373
-3.0	0.0174195305955373
-3.0	0.0174195305955373
-3.0	0.0174195305955373
1.0	0.0016436611460509
1.0	0.0016436611460509
-3.0	0.0073522412740095
-3.0	0.0073522412740095
-3.0	0.0073522412740095
-3.0	0.0073685219046918
-3.0	0.0073685219046918
-3.0	0.0073522412740095
-3.0	0.0073522412740095
-3.0	0.0073522412740095
-3.0	0.0073522412740095
-3.0	0.0073522412740095
-3.0	0.0073522412740095
-3.0	0.0073522412740095
-3.0	0.0073522412740095
-3.0	0.0073522412740095
-3.0	0.0073522412740095
-3.0	0.0073912161808557
-3.0	0.0073912161808557
-3.0	0.0073912161808557
-3.0	0.0073912161808557
-3.0	0.0073912161808557
-3.0	0.0073912161808557
-3.0	0.0073912161808557
-3.0	0.0073912161808557
-3.0	0.0073685219046918
-3.0	0.0073872128086287
-3.0	0.0073872128086287
-3.0	0.0073872128086287
-3.0	0.0073872128086287
-3.0	0.0073872128086287
-3.0	0.0270510569833454
-3.0	0.0270510569833454
-3.0	0.0270510569833454
-3.0	0.0270510569833454
-3.0	0.0270510569833454
-3.0	0.0270510569833454
-3.0	0.0270510569833454
-3.0	0.0270510569833454
-3.0	0.0270510569833454
-3.0	0.0270510569833454
-3.0	0.0189045472514292
-3.0	0.0195933145353451
-3.692582403567252	0.020440767397926
-4.316624790355402	0.0213648415855248
-3.0	0.0116534328981447
-3.0	0.0116534328981447
-3.0	0.0116534328981447
-3.0	0.0116534328981447
-3.0	0.0116534328981447
-3.0	0.0116534328981447
-3.0	0.0116534328981447
-3.0	0.0116534328981447
-3.0	0.0116534328981447
-3.0	0.0116534328981447
-3.0	0.0073872128086287
-2.5	0.0252618418110419
-2.5	0.0252618418110419
-3.0	0.0073872128086287
-3.0	0.0073872128086287
-3.0	0.0073872128086287
-3.0	0.0073872128086287
-3.0	0.0073872128086287
-3.0	0.0073872128086287
-3.0	0.0073872128086287
-3.0	0.0073872128086287
-3.0	0.0073872128086287
-3.0	0.0073872128086287
-2.5	0.0252618418110419
-3.0	0.0073872128086287
-3.0	0.0073872128086287
-2.5	0.0252618418110419
1.5	0.0040665907245549
-2.0	0.0152582929071419
1.0	0.0016436611460509
-2.0	0.0152582929071419
1.5	0.0015746878872079
-3.0	0.0073522412740095
-3.0	0.0073522412740095
-3.0	0.0073522412740095
-3.0	0.0073522412740095
-3.0	0.0073522412740095
-3.0	0.0073522412740095
-3.0	0.0073522412740095
-3.0	0.0073522412740095
0.5	0.0017415662792637
-3.0	0.0073522412740095
-3.0	0.0073522412740095
-3.0	0.0073522412740095
-3.0	0.0073522412740095
-3.0	0.0073522412740095
-3.0	0.0073522412740095
-3.0	0.0073522412740095
-3.0	0.0073522412740095
-3.0	0.0073685219046918
-3.0	0.0073685219046918
-3.0	0.0073912161808557
-3.0	0.0073912161808557
-3.0	0.0073912161808557
-3.0	0.0073912161808557
-3.0	0.0073685219046918
-3.0	0.0073912161808557
1.5	0.001590782361885
1.0	0.0016436611460509
-2.0	0.0152582929071419
-2.0	0.0152582929071419
-2.0	0.0152582929071419
-2.0	0.0152582929071419
-3.0	0.0073872128086287
-3.0	0.0073872128086287
-3.0	0.0073872128086287
-3.0	0.0073872128086287
-3.0	0.0073872128086287
1.5	0.0002895448442401
-3.0	0.0189045472514292
-3.0	0.0189045472514292
-3.0	0.0189045472514292
-3.0	0.0189045472514292
-3.0	0.0189045472514292
-3.0	0.0189045472514292
-3.0	0.0189045472514292
-3.0	0.0189045472514292
-3.0	0.0189045472514292
-3.0	0.0189045472514292
-3.0	0.0189045472514292
-3.0	0.0189045472514292
-3.0	0.0189045472514292
-3.0	0.0189045472514292
-3.0	0.0189045472514292
-3.0	0.0073872128086287
-3.0	0.0073872128086287
-3.0	0.0073872128086287
-3.0	0.0073872128086287
-3.0	0.0074099649640688
-3.0	0.0074099649640688
-3.0	0.0073872128086287
-3.0	0.0073872128086287
-3.0	0.0073872128086287
0.5	0.0077908799628103
-3.0	0.0189045472514292
-3.0	0.0189045472514292
-3.0	0.0073912161808557
-3.0	0.0073912161808557
-2.5	0.0252618418110419
-3.0	0.0074099649640688
-3.0	0.0074099649640688
-3.0	0.0074099649640688
-2.5	0.0252618418110419
-3.0	0.0189045472514292
-3.0	0.0189045472514292
-3.0	0.0189045472514292
-3.0	0.0189045472514292
0.5	0.0077908799628103
-3.0	0.0191439348009109
-3.0	0.0191439348009109
-3.0	0.0191439348009109
-3.0	0.0191439348009109
-3.0	0.0191439348009109
-3.0	0.0191439348009109
-3.0	0.0191439348009109
-3.0	0.0191439348009109
-3.0	0.0074099649640688
-3.0	0.0074099649640688
-3.0	0.0073522412740095
-3.0	0.0074099649640688
-3.0	0.0074099649640688
-3.0	0.0073522412740095
-3.0	0.0073522412740095
-3.0	0.0073522412740095
-3.0	0.0073912161808557
-3.0	0.0073912161808557
-3.0	0.0073912161808557
-3.0	0.0073912161808557
-3.0	0.0073912161808557
-3.0	0.0073912161808557
-3.0	0.0073912161808557
-3.0	0.0073912161808557
-3.0	0.0073912161808557
-3.0	0.0073685219046918
-3.0	0.0073685219046918
-3.0	0.0073685219046918
-3.0	0.0073685219046918
-3.0	0.0073685219046918
-3.0	0.0073685219046918
-3.0	0.0073685219046918
0.5	0.0077908799628103
-2.5	0.0252618418110419
-2.5	0.0252618418110419
-2.5	0.0252618418110419
-3.0	0.0073685219046918
-3.0	0.0073912161808557
-3.0	0.0073912161808557
-3.0	0.0189045472514292
-3.0	0.0189045472514292
-3.0	0.0189045472514292
-3.0	0.0189045472514292
-3.0	0.0189045472514292
-3.0	0.0116534328981447
-3.0	0.0116534328981447
-3.0	0.0116534328981447
-3.0	0.0116534328981447
-3.0	0.0116534328981447
-3.0	0.0116534328981447
-3.0	0.0116534328981447
-3.0	0.0116534328981447
-3.0	0.0116534328981447
-3.0	0.0116534328981447
-3.0	0.0189045472514292
-3.0	0.0189045472514292
-3.0	0.0189045472514292
-3.0	0.0189045472514292
-3.0	0.0189045472514292
-3.0	0.0189045472514292
-3.0	0.0189045472514292
-3.0	0.0189045472514292
-3.0	0.0073522412740095
-3.0	0.0073522412740095
-3.0	0.0073522412740095
-3.0	0.0073522412740095
-3.0	0.0073522412740095
-3.0	0.0073522412740095
1.0	0.0043502010742467
1.5	0.0041044216828731
-3.0	0.0073685219046918
-3.0	0.0073685219046918
-3.0	0.0073685219046918
1.5	0.0040404960483112
1.0	0.0056426861228414
0.5	0.0017415662792637
0.5	0.0017415662792637
-3.0	0.0189045472514292
-3.0	0.0189045472514292
-3.0	0.0189045472514292
-3.0	0.0189045472514292
-3.0	0.0189045472514292
-3.0	0.0189045472514292
-3.0	0.0189045472514292
-3.0	0.0189045472514292
-3.0	0.0189045472514292
-3.0	0.0073872128086287
-3.0	0.0073872128086287
-3.0	0.0073872128086287
-3.0	0.0073872128086287
-3.0	0.0073872128086287
-3.0	0.0074099649640688
-3.0	0.0074099649640688
-3.0	0.0074099649640688
-3.0	0.0074099649640688
1.5	0.0041044216828731
1.0	0.0043502010742467
1.5	0.0041620468728601
1.5	0.0041044216828731
-3.0	0.0189045472514292
-3.0	0.0189045472514292
-3.0	0.0189045472514292
-3.0	0.0189045472514292
-3.0	0.0189045472514292
-3.0	0.0189045472514292
-3.0	0.0189045472514292
-3.0	0.0073685219046918
-3.0	0.0073685219046918
-3.0	0.0073685219046918
-3.0	0.0073685219046918
-3.0	0.0073685219046918
-3.0	0.0073685219046918
-3.0	0.0073685219046918
-3.0	0.0073685219046918
-3.0	0.0073912161808557
-3.0	0.0190852964209323
-3.0	0.0190852964209323
-3.0	0.0190852964209323
-3.0	0.0190852964209323
-3.0	0.0074099649640688
-3.0	0.0074099649640688
-3.0	0.0074099649640688
-3.0	0.0074099649640688
-3.0	0.0074099649640688
0.5	0.0045561722761764
1.5	0.0041044216828731
-3.0	0.0189045472514292
-3.0	0.0189045472514292
-3.0	0.0189045472514292
-3.0	0.0073685219046918
-3.0	0.0073685219046918
-3.0	0.0174195305955373
-3.0	0.0174195305955373
-3.0	0.0174195305955373
-3.0	0.0174195305955373
-3.0	0.0174195305955373
-3.0	0.0174195305955373
-3.0	0.0174195305955373
