-3.0	0
-8.681145747868614	0
-3.0	0
-8.683606799446803	0
-3.0	0
-3.0	0
-3.0	0
-3.0	0
-3.0	0
-3.0	0
-3.0	0
-3.0	0
-3.0	0
-8.681145747868607	0
-3.0	0
-3.0	0
-3.0	0
-3.0	0
-3.0	0
-3.0	0
-3.0	0
-8.681145747868607	0
-9.000000000000007	0
-3.0	0
-3.0	0
-3.0	0
-3.0	0
-3.0	0
-3.0	0
-3.0	0
-3.0	0
-3.0	0
-1.0	0
-6.56776436283002	0
-9.00000000000001	0
-1.0	0
-1.0	0
-1.0	0
-1.0	0
-1.0	0
1.5	0
-3.692582403567252	0
-8.686026613918688	0
-3.0	0
-8.681145747868609	0
-4.3166247903554	0
1.0	0
1.0	0
-8.702917114358861	0
-2.0	0
-7.6332495807108	0
1.0	0
-3.842329219213244	0
-3.692582403567252	0
-8.683606799446803	0
1.5	0
-3.0	0
-3.0	0
-8.681145747868609	0
-3.0	0
-8.690746941286635	0
-3.0	0
-8.681145747868607	0
-3.0	0
-3.0	0
-3.0	0
-3.0	0
-3.0	0
-3.0	0
-9.000000000000007	0
-3.0	0
-3.0	0
-3.0	0
-3.0	0
-8.681145747868607	0
-3.0	0
-3.0	0
-3.0	0
-3.0	0
-3.0	0
-8.681145747868607	0
-3.0	0
-3.0	0
-8.681145747868607	0
-3.0	0
-3.0	0
-3.0	0
-3.0	0
-3.0	0
-3.0	0
-3.0	0
-3.0	0
-3.0	0
-3.0	0
-3.0	0
-3.0	0
-3.0	0
-3.0	0
-3.0	0
-3.0	0
-3.0	0
-3.0	0
-8.681145747868607	0
-3.0	0
-8.681145747868607	0
-3.0	0
-3.0	0
-3.0	0
-3.0	0
-3.0	0
-3.0	0
-3.0	0
-3.0	0
-3.0	0
-3.0	0
-3.0	0
-3.0	0
-3.0	0
1.0	0
-4.316624790355398	0
-8.686676018038888	0
1.0	0
1.0	0
-4.3166247903554	0
-3.0	0
-8.681145747868607	0
-3.0	0
-9.000000000000004	0
-3.0	0
-8.683606799446803	0
-8.681145747868607	0
-8.681145747868607	0
-8.681145747868607	0
-9.000000000000002	0
-8.681145747868607	0
-8.681145747868607	0
-8.681145747868607	0
-8.681145747868607	0
-8.683606799446801	0
-3.0	0
-3.0	0
-8.681145747868609	0
-3.0	0
-3.0	0
-3.0	0
-3.0	0
-3.0	0
-3.0	0
-3.0	0
-3.0	0
-3.0	0
-3.0	0
-9.000000000000002	0
-3.0	0
-3.0	0
-3.0	0
-3.0	0
-3.0	0
-3.0	0
-3.0	0
-3.0	0
-3.0	0
-3.0	0
-3.0	0
-3.0	0
-3.0	0
-3.0	0
-3.0	0
-3.0	0
-3.0	0
-3.0	0
-3.0	0
-3.692582403567252	0
1.0	0
-8.686676018038888	0
0.5	0
-4.905124837953325	0
1.5	0
-3.692582403567252	0
-8.683606799446801	0
0.5	0
1.5	0
-3.692582403567252	0
-3.0	0
-3.0	0
-3.0	0
-8.681145747868607	0
-3.0	0
-3.0	0
-8.681145747868607	0
-3.0	0
-3.0	0
-3.0	0
-9.000000000000005	0
-3.0	0
-3.0	0
-3.0	0
-3.0	0
-3.0	0
-3.0	0
-3.0	0
-3.0	0
0.0	0
0.2192235935955848	0
-1.0	0
-6.0	0
-9.000000000000005	0
-8.681145747868607	0
-8.681145747868607	0
-8.681145747868607	0
-8.683606799446801	0
-8.683606799446801	0
-8.683606799446801	0
-8.683606799446803	0
-8.692911495123575	0
-8.681145747868607	0
-8.681145747868607	0
-8.681145747868607	0
-8.681145747868607	0
-8.681145747868607	0
-8.686676018038892	0
-8.681145747868607	0
-8.686676018038888	0
-8.681145747868607	0
-8.158910531638178	0
-8.681145747868607	0
-8.16528576488799	0
-8.681145747868607	0
-8.681145747868607	0
-8.681145747868607	0
-8.681145747868607	0
-8.681145747868607	0
-8.681145747868607	0
-8.683606799446801	0
-8.681145747868607	0
-8.686026613918703	0
-8.681145747868607	0
-8.683606799446801	0
-8.681145747868607	0
-3.0	0
-3.0	0
-3.0	0
-3.0	0
-3.0	0
-3.0	0
-3.0	0
-3.0	0
-3.0	0
-3.0	0
-3.0	0
-3.0	0
-3.0	0
-3.0	0
-3.0	0
-3.0	0
-3.0	0
-3.0	0
-3.0	0
-3.692582403567252	0
-3.0	0
-3.0	0
-3.0	0
-3.0	0
-3.0	0
-3.0	0
-3.0	0
-3.0	0
-3.0	0
-3.0	0
-3.0	0
-3.0	0
-3.0	0
-3.0	0
-3.0	0
-3.692582403567252	0
1.5	0
-3.692582403567252	0
1.5	0
-2.0	0
-3.692582403567252	0
1.5	0
-3.0	0
-3.0	0
-3.0	0
-3.0	0
-3.0	0
-3.0	0
-3.0	0
-3.0	0
-3.0	0
-3.0	0
-3.0	0
-3.0	0
-3.0	0
-3.0	0
-3.0	0
-3.0	0
-3.0	0
-3.0	0
-3.0	0
-3.0	0
-3.0	0
-3.0	0
-3.0	0
-3.692582403567252	0
-3.0	0
-3.0	0
-3.0	0
-3.0	0
-3.0	0
-3.0	0
-3.0	0
-3.0	0
-3.0	0
-3.0	0
-3.0	0
-3.0	0
-3.0	0
-3.0	0
-3.0	0
-1.5	0
-7.103277807866851	0
-3.692582403567252	0
1.5	0
-3.692582403567252	0
1.5	0
1.5	0
-3.692582403567252	0
-3.0	0
-3.0	0
-3.0	0
-3.0	0
-4.316624790355402	0
-3.0	0
-3.0	0
-3.0	0
-3.0	0
-3.0	0
-3.0	0
-3.0	0
-3.0	0
-3.0	0
-3.0	0
-3.0	0
-3.0	0
-3.0	0
-4.316624790355402	0
-3.0	0
-3.0	0
-3.0	0
-3.0	0
-3.0	0
-3.0	0
-3.0	0
-3.0	0
-3.0	0
-3.0	0
-3.0	0
-8.681145747868607	0
-8.681145747868607	0
-3.692582403567252	0
-3.0	0
-4.905124837953325	0
-8.681145747868607	0
-3.0	0
-3.0	0
-3.0	0
-3.0	0
-3.0	0
-3.0	0
-3.0	0
-3.692582403567252	0
-3.0	0
-3.0	0
-3.0	0
-3.0	0
-3.692582403567252	0
-3.692582403567252	0
-3.692582403567252	0
-3.692582403567252	0
-3.0	0
-3.0	0
-3.0	0
-3.0	0
-1.5	0
-1.5	0
-1.5	0
-1.5	0
-1.5	0
-1.5	0
-3.0	0
-3.0	0
-3.0	0
-3.0	0
-3.0	0
-3.0	0
-3.0	0
-3.0	0
-3.0	0
-3.0	0
-3.0	0
-3.0	0
-3.0	0
-3.0	0
-3.0	0
-3.0	0
-3.0	0
-3.0	0
-3.0	0
-3.0	0
-3.0	0
-3.0	0
-3.0	0
1.5	0
-3.692582403567252	0
-3.0	0
1.5	0
1.5	0
-3.0	0
-3.0	0
-3.0	0
-3.0	0
-3.0	0
-3.0	0
-3.0	0
-3.0	0
-3.0	0
-3.0	0
-3.0	0
-3.0	0
-3.0	0
-3.0	0
-3.0	0
-3.0	0
-3.0	0
-3.0	0
-3.0	0
-3.0	0
-3.0	0
-3.0	0
-2.5	0
-2.5	0
-2.5	0
-2.5	0
-2.5	0
-2.5	0
-2.5	0
-2.5	0
-3.0	0
-3.0	0
-3.0	0
-3.0	0
-3.0	0
-3.0	0
-3.0	0
-3.0	0
-3.0	0
-3.0	0
-3.0	0
-3.0	0
-3.0	0
-3.0	0
-3.0	0
-3.0	0
-3.0	0
-3.0	0
-3.0	0
-3.0	0
-3.0	0
-3.0	0
-3.0	0
-3.0	0
-3.0	0
-3.0	0
-3.0	0
-3.0	0
-3.0	0
-3.0	0
-3.0	0
-3.0	0
-3.0	0
-3.0	0
-3.0	0
-3.0	0
-3.0	0
-3.0	0
-3.0	0
-3.0	0
-3.0	0
-3.0	0
-3.0	0
-3.0	0
-3.0	0
-3.0	0
-3.0	0
-3.0	0
-3.0	0
-3.0	0
-3.0	0
-3.692582403567252	0
-3.0	0
-3.0	0
-4.905124837953325	0
-3.0	0
-3.0	0
-3.0	0
-3.0	0
-3.0	0
-3.0	0
-3.0	0
-3.0	0
-3.0	0
-3.0	0
-3.0	0
-3.0	0
-3.0	0
-3.0	0
-3.0	0
-3.0	0
-3.0	0
-3.0	0
-3.0	0
-3.0	0
-3.0	0
-3.0	0
-3.0	0
-3.0	0
-3.0	0
-3.0	0
-3.0	0
-3.0	0
-3.0	0
1.0	0
1.0	0
-3.0	0
-3.0	0
-3.0	0
-3.0	0
-3.0	0
-3.0	0
-3.0	0
-3.0	0
-3.0	0
-3.0	0
-3.0	0
-3.0	0
-3.0	0
-3.0	0
-3.0	0
-3.0	0
-3.0	0
-3.0	0
-3.0	0
-3.0	0
-3.0	0
-3.0	0
-3.0	0
-3.0	0
-3.0	0
-3.0	0
-3.0	0
-3.0	0
-3.0	0
-3.0	0
-3.0	0
-3.0	0
-3.0	0
-3.0	0
-3.0	0
-3.0	0
-3.0	0
-3.0	0
-3.0	0
-3.0	0
-3.0	0
-3.692582403567252	0
-4.316624790355402	0
-3.0	0
-3.0	0
-3.0	0
-3.0	0
-3.0	0
-3.0	0
-3.0	0
-3.0	0
-3.0	0
-3.0	0
-3.0	0
-2.5	0
-2.5	0
-3.0	0
-3.0	0
-3.0	0
-3.0	0
-3.0	0
-3.0	0
-3.0	0
-3.0	0
-3.0	0
-3.0	0
-2.5	0
-3.0	0
-3.0	0
-2.5	0
1.5	0
-2.0	0
1.0	0
-2.0	0
1.5	0
-3.0	0
-3.0	0
-3.0	0
-3.0	0
-3.0	0
-3.0	0
-3.0	0
-3.0	0
0.5	0
-3.0	0
-3.0	0
-3.0	0
-3.0	0
-3.0	0
-3.0	0
-3.0	0
-3.0	0
-3.0	0
-3.0	0
-3.0	0
-3.0	0
-3.0	0
-3.0	0
-3.0	0
-3.0	0
1.5	0
1.0	0
-2.0	0
-2.0	0
-2.0	0
-2.0	0
-3.0	0
-3.0	0
-3.0	0
-3.0	0
-3.0	0
1.5	0
-3.0	0
-3.0	0
-3.0	0
-3.0	0
-3.0	0
-3.0	0
-3.0	0
-3.0	0
-3.0	0
-3.0	0
-3.0	0
-3.0	0
-3.0	0
-3.0	0
-3.0	0
-3.0	0
-3.0	0
-3.0	0
-3.0	0
-3.0	0
-3.0	0
-3.0	0
-3.0	0
-3.0	0
0.5	0
-3.0	0
-3.0	0
-3.0	0
-3.0	0
-2.5	0
-3.0	0
-3.0	0
-3.0	0
-2.5	0
-3.0	0
-3.0	0
-3.0	0
-3.0	0
0.5	0
-3.0	0
-3.0	0
-3.0	0
-3.0	0
-3.0	0
-3.0	0
-3.0	0
-3.0	0
-3.0	0
-3.0	0
-3.0	0
-3.0	0
-3.0	0
-3.0	0
-3.0	0
-3.0	0
-3.0	0
-3.0	0
-3.0	0
-3.0	0
-3.0	0
-3.0	0
-3.0	0
-3.0	0
-3.0	0
-3.0	0
-3.0	0
-3.0	0
-3.0	0
-3.0	0
-3.0	0
-3.0	0
0.5	0
-2.5	0
-2.5	0
-2.5	0
-3.0	0
-3.0	0
-3.0	0
-3.0	0
-3.0	0
-3.0	0
-3.0	0
-3.0	0
-3.0	0
-3.0	0
-3.0	0
-3.0	0
-3.0	0
-3.0	0
-3.0	0
-3.0	0
-3.0	0
-3.0	0
-3.0	0
-3.0	0
-3.0	0
-3.0	0
-3.0	0
-3.0	0
-3.0	0
-3.0	0
-3.0	0
-3.0	0
-3.0	0
-3.0	0
-3.0	0
-3.0	0
1.0	0
1.5	0
-3.0	0
-3.0	0
-3.0	0
1.5	0
1.0	0
0.5	0
0.5	0
-3.0	0
-3.0	0
-3.0	0
-3.0	0
-3.0	0
-3.0	0
-3.0	0
-3.0	0
-3.0	0
-3.0	0
-3.0	0
-3.0	0
-3.0	0
-3.0	0
-3.0	0
-3.0	0
-3.0	0
-3.0	0
1.5	0
1.0	0
1.5	0
1.5	0
-3.0	0
-3.0	0
-3.0	0
-3.0	0
-3.0	0
-3.0	0
-3.0	0
-3.0	0
-3.0	0
-3.0	0
-3.0	0
-3.0	0
-3.0	0
-3.0	0
-3.0	0
-3.0	0
-3.0	0
-3.0	0
-3.0	0
-3.0	0
-3.0	0
-3.0	0
-3.0	0
-3.0	0
-3.0	0
0.5	0
1.5	0
-3.0	0
-3.0	0
-3.0	0
-3.0	0
-3.0	0
-3.0	0
-3.0	0
-3.0	0
-3.0	0
-3.0	0
-3.0	0
-3.0	0
