Fraction_of_nodes	Efficiency
0.0010111223458038423	0.2392828942257065
0.0020222446916076846	0.23878161193714348
0.003033367037411527	0.2381608901234085
0.004044489383215369	0.2375129343706697
0.005055611729019211	0.23694757417739773
0.006066734074823054	0.2364695598308541
0.007077856420626896	0.23601633852642476
0.008088978766430738	0.2356086356696985
0.00910010111223458	0.23506402264343135
0.010111223458038422	0.2345054408572582
0.011122345803842264	0.23398149485568037
0.012133468149646108	0.23346880259505504
0.01314459049544995	0.23294424344765768
0.014155712841253791	0.23241033664165883
0.015166835187057633	0.23190986078971973
0.016177957532861477	0.23133991421253383
0.017189079878665317	0.23093498190748005
0.01820020222446916	0.230409945194707
0.019211324570273004	0.2300146405713975
0.020222446916076844	0.2294622118832126
0.021233569261880688	0.22894037865307448
0.022244691607684528	0.22862738129256005
0.023255813953488372	0.2281100470536936
0.024266936299292215	0.22765338432550292
0.025278058645096056	0.22731952799702396
0.0262891809908999	0.22681125975629507
0.027300303336703743	0.22631811609547645
0.028311425682507583	0.2257945497769741
0.029322548028311426	0.22526168735033872
0.030333670374115267	0.22487667737855072
0.03134479271991911	0.22429907017868647
0.032355915065722954	0.22396895801624545
0.033367037411526794	0.22374319818642233
0.034378159757330634	0.22339165042558662
0.03538928210313448	0.2230696806344366
0.03640040444893832	0.2223641616501697
0.03741152679474216	0.22186564075420387
0.03842264914054601	0.2213495067857057
0.03943377148634985	0.22088469769520735
0.04044489383215369	0.22038511954062687
0.041456016177957536	0.22010535261105432
0.042467138523761376	0.21973625276569916
0.043478260869565216	0.2193471365580696
0.044489383215369056	0.21925602905453342
0.0455005055611729	0.21907498445018958
0.046511627906976744	0.21839200089625313
0.047522750252780584	0.21789599638418158
0.04853387259858443	0.21744403707874976
0.04954499494438827	0.21690506058940623
0.05055611729019211	0.216576139412786
0.05156723963599596	0.21636966611212646
0.0525783619817998	0.21599883631922684
0.05358948432760364	0.2155783751311668
0.054600606673407485	0.21502643459273757
0.055611729019211326	0.21471744357280925
0.056622851365015166	0.21431303636886334
0.057633973710819006	0.2140540754956524
0.05864509605662285	0.2137118050983391
0.05965621840242669	0.2133097803609377
0.06066734074823053	0.21289301156467452
0.06167846309403438	0.21240567516409764
0.06268958543983821	0.21199738896743975
0.06370070778564206	0.21169125421228066
0.06471183013144591	0.21123495776143542
0.06572295247724974	0.21082707364767084
0.06673407482305359	0.21022706344314562
0.06774519716885744	0.20976183070581975
0.06875631951466127	0.20933089442428754
0.06976744186046512	0.20906340548180896
0.07077856420626896	0.20882055512310466
0.0717896865520728	0.20849203253452636
0.07280080889787664	0.20762397329729912
0.07381193124368049	0.20701540217366077
0.07482305358948432	0.206826652686183
0.07583417593528817	0.206420839385524
0.07684529828109202	0.2055103354243943
0.07785642062689585	0.20508483163534383
0.0788675429726997	0.204853726327357
0.07987866531850354	0.20446910093103368
0.08088978766430738	0.20427407330656744
0.08190091001011122	0.20390529773998953
0.08291203235591507	0.2035648317037325
0.0839231547017189	0.20329313219305467
0.08493427704752275	0.20311221944913838
0.0859453993933266	0.20261027345812221
0.08695652173913043	0.20214923835148163
0.08796764408493428	0.2017183529444964
0.08897876643073811	0.20145590455257167
0.08998988877654196	0.20129222669722263
0.0910010111223458	0.20122230195291682
0.09201213346814964	0.2007655045931216
0.09302325581395349	0.20041501417935
0.09403437815975733	0.19991939223234761
0.09504550050556117	0.1995038944702138
0.09605662285136501	0.19901474214424253
0.09706774519716886	0.1987823077992339
0.0980788675429727	0.1983027960378421
0.09908998988877654	0.19763719791300494
0.10010111223458039	0.1973352078803189
0.10111223458038422	0.19702663070229165
0.10212335692618807	0.19701520470986092
0.10313447927199192	0.19662260200468792
0.10414560161779575	0.19627344293064486
0.1051567239635996	0.19610681525204374
0.10616784630940344	0.1959798725580408
0.10717896865520728	0.19574462393754324
0.10819009100101112	0.1953299416797103
0.10920121334681497	0.19495524030209416
0.1102123356926188	0.1947133436556554
0.11122345803842265	0.1942441270793117
0.1122345803842265	0.19376399866823044
0.11324570273003033	0.19362032080799657
0.11425682507583418	0.19311813889535215
0.11526794742163801	0.1929639547769372
0.11627906976744186	0.19264229223111842
0.1172901921132457	0.19235634284647518
0.11830131445904954	0.19183919846497938
0.11931243680485339	0.1916184019941832
0.12032355915065723	0.19137236245413236
0.12133468149646107	0.19111182117948194
0.12234580384226491	0.19031530577467073
0.12335692618806876	0.19028547972609375
0.1243680485338726	0.19019296303664987
0.12537917087967643	0.18991248115929063
0.1263902932254803	0.18969688653830336
0.12740141557128412	0.18959927243984817
0.12841253791708795	0.18915935789707156
0.12942366026289182	0.18881010571836268
0.13043478260869565	0.18827230560781397
0.13144590495449948	0.1873178153948249
0.13245702730030334	0.18679372205408695
0.13346814964610718	0.18644521896063257
0.134479271991911	0.18629966444312895
0.13549039433771487	0.1858620933142336
0.1365015166835187	0.18566519020395436
0.13751263902932254	0.18518007421244348
0.1385237613751264	0.1846931273292357
0.13953488372093023	0.18413772160558406
0.14054600606673406	0.183785261229262
0.14155712841253792	0.183611337476812
0.14256825075834176	0.1833589106590609
0.1435793731041456	0.1832428677903158
0.14459049544994945	0.1821341735387374
0.14560161779575329	0.18170394629448008
0.14661274014155712	0.1811186432574684
0.14762386248736098	0.18076998694889757
0.1486349848331648	0.18034038007619496
0.14964610717896865	0.1797877850918081
0.1506572295247725	0.179202766682082
0.15166835187057634	0.1791491727249871
0.15267947421638017	0.1790156374590646
0.15369059656218403	0.17830860706578655
0.15470171890798787	0.17765862380310526
0.1557128412537917	0.17729186088850127
0.15672396359959556	0.17700633493895113
0.1577350859453994	0.17655636066004185
0.15874620829120323	0.176203612163398
0.1597573306370071	0.17608291585472413
0.16076845298281092	0.1758694972368111
0.16177957532861476	0.17541316598800558
0.16279069767441862	0.17494798391498123
0.16380182002022245	0.1744933995031408
0.16481294236602628	0.17388769400648654
0.16582406471183014	0.17363063274508067
0.16683518705763398	0.1733610035551966
0.1678463094034378	0.17346086025248245
0.16885743174924167	0.1724934184269548
0.1698685540950455	0.172321852562632
0.17087967644084934	0.1712071848323634
0.1718907987866532	0.17091352680917746
0.17290192113245703	0.1701155966117578
0.17391304347826086	0.1697829966391482
0.17492416582406473	0.16956278517687126
0.17593528816986856	0.16935626730352557
0.1769464105156724	0.16914202562443292
0.17795753286147623	0.16883076546601467
0.1789686552072801	0.1687066756643314
0.17997977755308392	0.16796645984379216
0.18099089989888775	0.16753174649470315
0.1820020222446916	0.1670092924898614
0.18301314459049545	0.16680026479949248
0.18402426693629928	0.16653811101783839
0.18503538928210314	0.16524291382779946
0.18604651162790697	0.16512103467710684
0.1870576339737108	0.1648101790814128
0.18806875631951467	0.1646333780704116
0.1890798786653185	0.16415003491262786
0.19009100101112233	0.1637870149336758
0.1911021233569262	0.16304495909944566
0.19211324570273003	0.1627582339276722
0.19312436804853386	0.16216807636192793
0.19413549039433772	0.16135936763765923
0.19514661274014156	0.16086007825210477
0.1961577350859454	0.1601143552161764
0.19716885743174925	0.15961485624495875
0.19817997977755308	0.15952989438517878
0.19919110212335692	0.15895904036263292
0.20020222446916078	0.15805639863397286
0.2012133468149646	0.1574273860914038
0.20222446916076844	0.157121199157508
0.2032355915065723	0.15657038472332974
0.20424671385237614	0.1561843524986114
0.20525783619817997	0.1558784913456134
0.20626895854398383	0.15543629034207915
0.20728008088978767	0.15532340565583183
0.2082912032355915	0.15488428206393753
0.20930232558139536	0.154617868503792
0.2103134479271992	0.15432237454187595
0.21132457027300303	0.15388108243604529
0.2123356926188069	0.1535374999219723
0.21334681496461072	0.15327191312279248
0.21435793731041455	0.1530293215764292
0.21536905965621841	0.1515773014994237
0.21638018200202225	0.1511480908111134
0.21739130434782608	0.15067142314112086
0.21840242669362994	0.15028036077747509
0.21941354903943378	0.14975490109596015
0.2204246713852376	0.1488500546114444
0.22143579373104147	0.14923718089131813
0.2224469160768453	0.14910515459153667
0.22345803842264914	0.1487568208977773
0.224469160768453	0.14793925499246183
0.22548028311425683	0.14627212464319553
0.22649140546006066	0.14568425948685335
0.2275025278058645	0.14525231556311144
0.22851365015166836	0.14485817026384715
0.2295247724974722	0.1446518992377656
0.23053589484327602	0.1445363541327324
0.23154701718907988	0.14373562874301893
0.23255813953488372	0.1434476251514609
0.23356926188068755	0.14292183930487742
0.2345803842264914	0.1423117354405283
0.23559150657229525	0.1416984692443075
0.23660262891809908	0.14123454722355808
0.23761375126390294	0.14102375350603258
0.23862487360970677	0.14075586899833106
0.2396359959555106	0.1394511095353474
0.24064711830131447	0.13853994593419494
0.2416582406471183	0.13792670646326566
0.24266936299292213	0.13790948499064246
0.243680485338726	0.1371250485910783
0.24469160768452983	0.13715459265606694
0.24570273003033366	0.1364006532115142
0.24671385237613752	0.136022844302184
0.24772497472194135	0.13593883564003115
0.2487360970677452	0.1357420455548783
0.24974721941354905	0.1351506695671232
0.25075834175935285	0.13450656438251848
0.2517694641051567	0.13376499126512578
0.2527805864509606	0.13345702120065583
0.2537917087967644	0.13323292452778626
0.25480283114256824	0.1322146992005227
0.2558139534883721	0.1316236189973101
0.2568250758341759	0.13020621340645402
0.25783619817997977	0.12952399996218786
0.25884732052578363	0.1294113234062526
0.25985844287158744	0.12894526895854713
0.2608695652173913	0.12803020305673563
0.26188068756319516	0.12740940754934152
0.26289180990899896	0.12697601702013034
0.2639029322548028	0.12687665165906697
0.2649140546006067	0.12722238481565273
0.2659251769464105	0.12627141314752088
0.26693629929221435	0.12591902543838704
0.2679474216380182	0.12481791427020333
0.268958543983822	0.12408461492894002
0.2699696663296259	0.12299369855675138
0.27098078867542974	0.12261369048972738
0.27199191102123355	0.12215094851754806
0.2730030333670374	0.12210976064645651
0.27401415571284127	0.12117153967789576
0.2750252780586451	0.12091384759130881
0.27603640040444893	0.11889900368770143
0.2770475227502528	0.11831230643579423
0.2780586450960566	0.11804525274185591
0.27906976744186046	0.1179266740993444
0.2800808897876643	0.11778466920727677
0.2810920121334681	0.11733848451150782
0.282103134479272	0.11606726997784596
0.28311425682507585	0.11499601423895793
0.28412537917087965	0.11444620654617671
0.2851365015166835	0.11331697241706562
0.2861476238624874	0.11266525743092347
0.2871587462082912	0.11271090725845875
0.28816986855409504	0.11239631228119222
0.2891809908998989	0.11217851682446155
0.2901921132457027	0.11200229924255524
0.29120323559150657	0.11144871907743967
0.29221435793731043	0.1109390166433223
0.29322548028311424	0.11098885483700593
0.2942366026289181	0.11082464973469469
0.29524772497472196	0.10999020860888702
0.29625884732052576	0.10927355729040025
0.2972699696663296	0.10898820041668218
0.2982810920121335	0.10810151518029312
0.2992922143579373	0.10785075544067728
0.30030333670374115	0.1069985049920531
0.301314459049545	0.10557530813691299
0.3023255813953488	0.105441238948805
0.3033367037411527	0.10530969556253006
0.30434782608695654	0.10442758123856594
0.30535894843276035	0.10447583599127411
0.3063700707785642	0.10418125321070758
0.30738119312436807	0.10448587675810732
0.3083923154701719	0.10397039678974035
0.30940343781597573	0.10332954154067636
0.3104145601617796	0.10248951678067789
0.3114256825075834	0.10203403227181057
0.31243680485338726	0.10175576517622754
0.3134479271991911	0.10156404986334679
0.31445904954499493	0.10057697696788362
0.3154701718907988	0.10041661643102273
0.31648129423660265	0.09981798660892345
0.31749241658240646	0.09918263810712415
0.3185035389282103	0.09825317400103703
0.3195146612740142	0.09789704859197532
0.320525783619818	0.09728648984610899
0.32153690596562184	0.09713077872771658
0.3225480283114257	0.09691717457744363
0.3235591506572295	0.09644390210529101
0.32457027300303337	0.09598689830658909
0.32558139534883723	0.09578589076142954
0.32659251769464104	0.095785256188704
0.3276036400404449	0.09554307522727323
0.32861476238624876	0.09505523856663256
0.32962588473205257	0.09387422728922168
0.3306370070778564	0.09355945358596612
0.3316481294236603	0.09356378878673281
0.3326592517694641	0.09273545245410947
0.33367037411526795	0.09187055035996672
0.3346814964610718	0.09048811195203946
0.3356926188068756	0.09012227899967813
0.3367037411526795	0.08940657326761432
0.33771486349848334	0.08888166628114626
0.33872598584428715	0.08915389190528453
0.339737108190091	0.08832407752486458
0.34074823053589487	0.08826885585786866
0.3417593528816987	0.08772489877829744
0.34277047522750254	0.08751904119549248
0.3437815975733064	0.08750911025093457
0.3447927199191102	0.08728586992312781
0.34580384226491406	0.0868461930103647
0.3468149646107179	0.08602136898456605
0.34782608695652173	0.08566268640452414
0.3488372093023256	0.08452532824079109
0.34984833164812945	0.08454078407556583
0.35085945399393326	0.08439469868314589
0.3518705763397371	0.0839257832638624
0.3528816986855409	0.0841884617717305
0.3538928210313448	0.08371721184679357
0.35490394337714865	0.08313003253784226
0.35591506572295245	0.08177000214929597
0.3569261880687563	0.08102037100605276
0.3579373104145602	0.08096374671660475
0.358948432760364	0.07996484070284862
0.35995955510616784	0.07887463775530552
0.3609706774519717	0.07841840485895714
0.3619817997977755	0.07814825678207578
0.36299292214357937	0.07720903650099228
0.3640040444893832	0.07689649116198989
0.36501516683518703	0.07682112706658953
0.3660262891809909	0.07596629214787859
0.36703741152679475	0.07572705597350465
0.36804853387259856	0.07452500418052495
0.3690596562184024	0.07353917445554917
0.3700707785642063	0.07250018452055107
0.3710819009100101	0.07161355704501172
0.37209302325581395	0.07160837307755562
0.3731041456016178	0.07096698048044672
0.3741152679474216	0.07093535797148796
0.3751263902932255	0.07053248785838843
0.37613751263902934	0.06998994016249482
0.37714863498483314	0.06970250331427034
0.378159757330637	0.06944243374868224
0.37917087967644086	0.0690972125059045
0.38018200202224467	0.06854742757091332
0.38119312436804853	0.06759699555610092
0.3822042467138524	0.0673313298248122
0.3832153690596562	0.06712065182000196
0.38422649140546006	0.06710914092938214
0.3852376137512639	0.06543098716281863
0.3862487360970677	0.06496398795168115
0.3872598584428716	0.06455538402114612
0.38827098078867545	0.06384613906549258
0.38928210313447925	0.06307048727778455
0.3902932254802831	0.06303963879727457
0.391304347826087	0.0614018590420748
0.3923154701718908	0.06132776554061643
0.39332659251769464	0.061524185458949235
0.3943377148634985	0.061267649957161094
0.3953488372093023	0.05865444337337434
0.39635995955510617	0.05805164339278226
0.39737108190091003	0.056460370340463376
0.39838220424671383	0.05637856246300542
0.3993933265925177	0.0563517616648467
0.40040444893832156	0.05577628836589883
0.40141557128412536	0.05530961993168993
0.4024266936299292	0.05502185364669628
0.4034378159757331	0.054892974007772814
0.4044489383215369	0.05487273272333226
0.40546006066734075	0.054330030555244595
0.4064711830131446	0.05180682516784949
0.4074823053589484	0.051294542348329926
0.4084934277047523	0.050984456989653065
0.40950455005055614	0.049021197920611666
0.41051567239635994	0.04896724555996131
0.4115267947421638	0.04826885342656868
0.41253791708796766	0.04799536212704078
0.41354903943377147	0.04798481713956548
0.41456016177957533	0.047996751199996045
0.4155712841253792	0.04708553551794341
0.416582406471183	0.04550737739573598
0.41759352881698686	0.045511071123882085
0.4186046511627907	0.044968822899956566
0.4196157735085945	0.04494483646861744
0.4206268958543984	0.044919259064785014
0.42163801820020225	0.044638584220505234
0.42264914054600605	0.04421162747621433
0.4236602628918099	0.04281661696946911
0.4246713852376138	0.04232243044749571
0.4256825075834176	0.042251930565929775
0.42669362992922144	0.0419168808955447
0.4277047522750253	0.041698605537587786
0.4287158746208291	0.04013088917714736
0.42972699696663297	0.04010976596537921
0.43073811931243683	0.040074898905782974
0.43174924165824063	0.03904432517847995
0.4327603640040445	0.03903837943681555
0.43377148634984836	0.036887913884516565
0.43478260869565216	0.03511387732480616
0.435793731041456	0.035075623022703215
0.4368048533872599	0.034369136693849986
0.4378159757330637	0.0344865081372473
0.43882709807886755	0.034476175185148665
0.4398382204246714	0.03200744232446309
0.4408493427704752	0.03210703162397187
0.4418604651162791	0.0320375326029351
0.44287158746208294	0.029807265074491104
0.44388270980788674	0.029736026497518143
0.4448938321536906	0.029713548530549343
0.44590495449949447	0.02966829569752236
0.44691607684529827	0.029770274240132732
0.44792719919110213	0.029844685211680756
0.448938321536906	0.029937543775093847
0.4499494438827098	0.029867850467378887
0.45096056622851366	0.029516469193579906
0.45197168857431747	0.029011340375318193
0.4529828109201213	0.029106238724121467
0.4539939332659252	0.028921959459616616
0.455005055611729	0.028894995878775614
0.45601617795753285	0.025644557692760177
0.4570273003033367	0.025740246340867492
0.4580384226491405	0.025819035377265213
0.4590495449949444	0.02587034869305159
0.46006066734074824	0.02594400029320024
0.46107178968655205	0.025848454707610588
0.4620829120323559	0.02593873250595142
0.46309403437815977	0.02575334990699745
0.4641051567239636	0.02584358263839317
0.46511627906976744	0.02473766028807038
0.4661274014155713	0.024511419928934127
0.4671385237613751	0.02412967259889384
0.46814964610717896	0.02422159516117534
0.4691607684529828	0.024180114447940937
0.47017189079878663	0.022895217460671618
0.4711830131445905	0.022971949830890098
0.47219413549039435	0.022017571811966535
0.47320525783619816	0.021696618710994722
0.474216380182002	0.01922382667510608
0.4752275025278059	0.018493115121158556
0.4762386248736097	0.01824105138881463
0.47724974721941354	0.01588669749167166
0.4782608695652174	0.015895083151131053
0.4792719919110212	0.01594937628567703
0.48028311425682507	0.01600397219598443
0.48129423660262893	0.01605887318995784
0.48230535894843274	0.016114081597746337
0.4833164812942366	0.015313010335687553
0.48432760364004046	0.014659267053992887
0.48533872598584427	0.014698932861560201
0.4863498483316481	0.014459199855608664
0.487360970677452	0.014357770159372027
0.4883720930232558	0.014406805745805261
0.48938321536905965	0.014330110182516854
0.4903943377148635	0.014062107966189265
0.4914054600606673	0.010913749752357083
0.4924165824064712	0.010825361203415384
0.49342770475227504	0.010759472076234686
0.49443882709807885	0.010658219183278809
0.4954499494438827	0.010688950938938385
0.49646107178968657	0.010723884213829428
0.4974721941354904	0.010572244843995241
0.49848331648129424	0.010217613703878496
0.4994944388270981	0.009846845911201423
0.5005055611729019	0.009546481102183813
0.5015166835187057	0.009453032435844428
0.5025278058645096	0.009491537659615688
0.5035389282103134	0.009452892273208927
0.5045500505561172	0.008155269494808656
0.5055611729019212	0.00794530683561258
0.506572295247725	0.00788426851391921
0.5075834175935288	0.0077411144080779684
0.5085945399393327	0.0077603090252119575
0.5096056622851365	0.007713468547851118
0.5106167846309403	0.0077240200148973
0.5116279069767442	0.007677893211182579
0.512639029322548	0.007709817923079388
0.5136501516683518	0.007714944012427402
0.5146612740141557	0.0076338460883648976
0.5156723963599595	0.007665786866977303
0.5166835187057633	0.007635795663141288
0.5176946410515673	0.0074472035659911935
0.5187057633973711	0.007044895130259918
0.5197168857431749	0.006982723007821733
0.5207280080889788	0.007012248263668759
0.5217391304347826	0.006983038858110429
0.5227502527805864	0.006980603790946819
0.5237613751263903	0.006982602234447469
0.5247724974721941	0.006517149926510469
0.5257836198179979	0.006472159637082935
0.5267947421638018	0.0064481746694787945
0.5278058645096056	0.006466658991566144
0.5288169868554095	0.006485242803371672
0.5298281092012134	0.0064717626454062595
0.5308392315470172	0.005638997922503184
0.531850353892821	0.005436755687099315
0.5328614762386249	0.00541062891120644
0.5338725985844287	0.005386121156657813
0.5348837209302325	0.005172509991350597
0.5358948432760364	0.0050382752483389215
0.5369059656218402	0.005050769205165187
0.537917087967644	0.00507292170167907
0.538928210313448	0.00477868946275542
0.5399393326592518	0.004767467798159596
0.5409504550050556	0.004733409622256392
0.5419615773508595	0.00471039915671577
0.5429726996966633	0.004731287844772159
0.5439838220424671	0.0046013402983100145
0.544994944388271	0.004588841112968823
0.5460060667340748	0.0045751583819811014
0.5470171890798786	0.00459562888928303
0.5480283114256825	0.004606205088493607
0.5490394337714863	0.004626907133835152
0.5500505561172901	0.0044469087165716565
0.5510616784630941	0.0043445262124720534
0.5520728008088979	0.004304772154327342
0.5530839231547017	0.004290093215663459
0.5540950455005056	0.0042164856891202095
0.5551061678463094	0.004117830898996782
0.5561172901921132	0.0040629572699657345
0.5571284125379171	0.004040278516783962
0.5581395348837209	0.003957349966156892
0.5591506572295247	0.003947424182318209
0.5601617795753286	0.003905583648949299
0.5611729019211324	0.0038535587659692403
0.5621840242669363	0.003860707330523862
0.5631951466127402	0.003852663578913907
0.564206268958544	0.0038328124808996813
0.5652173913043478	0.003828093838664668
0.5662285136501517	0.00381875079198784
0.5672396359959555	0.0036601503097815147
0.5682507583417593	0.0036498467857111546
0.5692618806875632	0.0036209947344992928
0.570273003033367	0.0036380748983412706
0.5712841253791708	0.0036273980590185604
0.5722952477249748	0.003538500951192961
0.5733063700707786	0.0035440536006216905
0.5743174924165824	0.003500860888034283
0.5753286147623863	0.0034916215226477748
0.5763397371081901	0.0034969085402448037
0.5773508594539939	0.0035022062095140466
0.5783619817997978	0.003507514501219536
0.5793731041456016	0.0034960354237462666
0.5803842264914054	0.003385264083710039
0.5813953488372093	0.003307031483681653
0.5824064711830131	0.003305454154674864
0.583417593528817	0.003321539089734109
0.5844287158746209	0.0031546382721387117
0.5854398382204247	0.003063518567424579
0.5864509605662285	0.0030565628859530714
0.5874620829120324	0.003059538721303421
0.5884732052578362	0.002957610223620072
0.58948432760364	0.002889100297419944
0.5904954499494439	0.002862657958917582
0.5915065722952477	0.002799957415096346
0.5925176946410515	0.0028138875514898596
0.5935288169868554	0.002786565923499706
0.5945399393326593	0.002729842061512882
0.5955510616784631	0.002712197159565578
0.596562184024267	0.0027132319912007803
0.5975733063700708	0.002726900666219424
0.5985844287158746	0.0027406728918063904
0.5995955510616785	0.0027545497165750304
0.6006066734074823	0.0027364047205979975
0.6016177957532861	0.002750330444366944
0.60262891809909	0.002751380450398987
0.6036400404448938	0.0027524053099500646
0.6046511627906976	0.0027468467877675017
0.6056622851365016	0.002701645683650823
0.6066734074823054	0.002687965441390823
0.6076845298281092	0.002677437687027711
0.6086956521739131	0.0026913104211573886
0.6097067745197169	0.002691833209967923
0.6107178968655207	0.0026923250360750338
0.6117290192113246	0.002692785393095443
0.6127401415571284	0.0026756706264040187
0.6137512639029322	0.0026759744037230925
0.6147623862487361	0.0026900584795321618
0.6157735085945399	0.0027042540387909064
0.6167846309403437	0.002697621607032335
0.6177957532861477	0.0026978981001969486
0.6188068756319515	0.0026369998306902177
0.6198179979777553	0.002629787234042551
0.6208291203235592	0.002643850267379677
0.621840242669363	0.0026436896962050704
0.6228513650151668	0.0026434892905531993
0.6238624873609707	0.0026432484131814604
0.6248736097067745	0.0026429664165513204
0.6258847320525783	0.002657291437779241
0.6268958543983822	0.002627548014610579
0.627906976744186	0.002641867077360501
0.6289180990899899	0.0026563035094772248
0.6299292214357938	0.0026359258427526996
0.6309403437815976	0.0026504089517788132
0.6319514661274014	0.002637261728170818
0.6329625884732053	0.002651832234956292
0.6339737108190091	0.0025976543568866912
0.6349848331648129	0.002612085769980506
0.6359959555106168	0.0026111626947281537
0.6370070778564206	0.0026257501958160206
0.6380182002022244	0.002624811563359049
0.6390293225480284	0.002605461660319558
0.6400404448938322	0.002620140317560795
0.641051567239636	0.0024980769740855684
0.6420626895854399	0.0024962255192245114
0.6430738119312437	0.0024728517469310676
0.6440849342770475	0.002423540965207632
0.6450960566228514	0.0024373897707231046
0.6461071789686552	0.0024513576204120624
0.647118301314459	0.0024654458825983383
0.6481294236602629	0.0024796559453222483
0.6491405460060667	0.0024773311566801603
0.6501516683518705	0.002466560554019715
0.6511627906976745	0.002455622963711943
0.6521739130434783	0.002452991163242706
0.6531850353892821	0.0024673361408055292
0.654196157735086	0.0024646578975950797
0.6552072800808898	0.002479155885227992
0.6562184024266936	0.002493782173636417
0.6572295247724975	0.002473628784044033
0.6582406471183013	0.0024444132296220864
0.6592517694641051	0.0024589633083698373
0.660262891809909	0.002473643686330254
0.6612740141557129	0.002470581225608485
0.6622851365015167	0.0024674374973776177
0.6632962588473206	0.002444613287986783
0.6643073811931244	0.002459384365255585
0.6653185035389282	0.002474289725045013
0.6663296258847321	0.0024494181940990455
0.6673407482305359	0.002427286430919021
0.6683518705763397	0.002442132219487333
0.6693629929221436	0.0024571146257418566
0.6703741152679474	0.0024439200880918676
0.6713852376137512	0.002459006014561571
0.6723963599595552	0.002455121099771943
0.673407482305359	0.0024703702991494087
0.6744186046511628	0.0024664125436169326
0.6754297269969667	0.0023968068535825545
0.6764408493427705	0.0023759143155694883
0.6774519716885743	0.002390857172900114
0.6784630940343782	0.0023861013564007434
0.679474216380182	0.00238123760465333
0.6804853387259858	0.0023595204607862836
0.6814964610717897	0.0023745492535301453
0.6825075834175935	0.002389722092210849
0.6835187057633973	0.0023845607711422408
0.6845298281092013	0.002348366174732734
0.6855409504550051	0.0023254849082045437
0.6865520728008089	0.002319657584298988
0.6875631951466128	0.0023137057117639647
0.6885743174924166	0.002219143505788458
0.6895854398382204	0.0022336477117086435
0.6905965621840243	0.002226865245187329
0.6916076845298281	0.002189387402933564
0.6926188068756319	0.002203838804933125
0.6936299292214358	0.0022184337639061923
0.6946410515672397	0.002233174187586632
0.6956521739130435	0.002225913621262459
0.6966632962588474	0.0022408026755852844
0.6976744186046512	0.0022333954344459163
0.698685540950455	0.002248435134341175
0.6996966632962589	0.0022295022295022297
0.7007077856420627	0.0021682699648801346
0.7017189079878665	0.002159960029209424
0.7027300303336703	0.0021747037836750173
0.7037411526794742	0.0021116773419358865
0.704752275025278	0.0021261905882722153
0.7057633973710818	0.0021408539716396098
0.7067745197168858	0.0021318060692836977
0.7077856420626896	0.0021466102780981675
0.7087967644084934	0.0021615692347399665
0.7098078867542973	0.0021523192254899576
0.7108190091001011	0.0021674232200547994
0.7118301314459049	0.0021456222716415454
0.7128412537917088	0.0021359013918611793
0.7138523761375126	0.002125988856309885
0.7148634984833164	0.0021411204495932292
0.7158746208291203	0.002156414167090324
0.7168857431749242	0.002146270694657791
0.717896865520728	0.002135925668067696
0.7189079878665319	0.002151347514046524
0.7199191102123357	0.0021276966811419797
0.7209302325581395	0.002077294685990338
0.7219413549039434	0.002065914620659146
0.7229524772497472	0.002081049526305
0.723963599595551	0.002046972635207929
0.7249747219413549	0.0019942478836553067
0.7259858442871587	0.0020090200902009017
0.7269969666329625	0.0020239570425444027
0.7280080889787665	0.0019835765410863896
0.7290192113245703	0.0019332178061005829
0.7300303336703741	0.0019477532783269032
0.731041456016178	0.001962453303068993
0.7320525783619818	0.0018820278254240517
0.7330637007077856	0.001896339824096478
0.7340748230535895	0.001881790651999342
0.7350859453993933	0.0018425901553040273
0.7360970677451971	0.0017830828175655763
0.737108190091001	0.0017226017226017226
0.7381193124368048	0.0017060249618389154
0.7391304347826086	0.0017193014206859107
0.7401415571284126	0.0017023346303501946
0.7411526794742164	0.001639093137254902
0.7421638018200202	0.0016519993824301374
0.7431749241658241	0.0016650586660857116
0.7441860465116279	0.0016782734174038522
0.7451971688574317	0.0016442167836590146
0.7462082912032356	0.0016095617529880478
0.7472194135490394	0.0016224899598393575
0.7482305358948432	0.0015869931338256251
0.7492416582406471	0.0015998432806582212
0.750252780586451	0.0015634771732332708
0.7512639029322548	0.0015430562468889996
0.7522750252780587	0.001522248243559719
0.7532861476238625	0.0014841799905552183
0.7542972699696663	0.0014114206033397953
0.7553083923154702	0.0013716950721854532
0.756319514661274	0.0013831258644536654
0.7573306370070778	0.0013598326359832635
0.7583417593528817	0.0013712598009915263
0.7593528816986855	0.0013828316136581214
0.7603640040444893	0.0013587928198526783
0.7613751263902933	0.0013342949873782906
0.7623862487360971	0.0013456992180396435
0.7633973710819009	0.001357250284288911
0.7644084934277048	0.00136895071777416
0.7654196157735086	0.001380803104941036
0.7664307381193124	0.0013551665725578769
0.7674418604651163	0.0013290298082399847
0.7684529828109201	0.0013406879644526162
0.7694641051567239	0.0013525001932143132
0.7704752275025278	0.0012670071342247866
0.7714863498483316	0.0012782694198623403
0.7724974721941354	0.0012896825396825397
0.7735085945399394	0.0012612107623318385
0.7745197168857432	0.0012725730214519452
0.775530839231547	0.0012433247727365374
0.7765419615773509	0.001192924722336487
0.7775530839231547	0.0012038190120381902
0.7785642062689585	0.0012148632231578065
0.7795753286147624	0.001226060119223777
0.7805864509605662	0.0012374125277351085
0.78159757330637	0.0012489233419465979
0.782608695652174	0.001217126711584438
0.7836198179979778	0.0011188627089640647
0.7846309403437816	0.0010851271148906016
0.7856420626895855	0.0010507019583296075
0.7866531850353893	0.0010607086436470322
0.7876643073811931	0.0010708589655958078
0.788675429726997	0.0010811556864188444
0.7896865520728008	0.001091601635079896
0.7906976744186046	0.001055297593921486
0.7917087967644085	0.0010655931802036466
0.7927199191102123	0.0010760401721664275
0.7937310414560161	0.0010383463730319713
0.7947421638018201	0.0010486270301907038
0.7957532861476239	0.0010590611299935964
0.7967644084934277	0.0010696517412935324
0.7977755308392316	0.0010804020100502513
0.7987866531850354	0.0010913151616669206
0.7997977755308392	0.001102394503409732
0.8008088978766431	0.0011136434269139127
0.8018200202224469	0.0011250654107796965
0.8028311425682507	0.001083795929156754
0.8038422649140546	0.0010950269750547514
0.8048533872598584	0.001106433506044905
0.8058645096056622	0.0010634816753926702
0.8068756319514662	0.001074676219344172
0.80788675429727	0.0010025062656641604
0.8088978766430738	0.0010131712259371835
0.8099089989888777	0.0010240072818295596
0.8109201213346815	0.0010350181128169743
0.8119312436804853	0.001046207497820401
0.8129423660262892	0.0010575793184488837
0.813953488372093	0.0010097410311237824
0.8149646107178968	0.001020837086410857
0.8159757330637007	0.0009714042863214133
0.8169868554095046	0.0009821976672805403
0.8179979777553084	0.0009931719428926133
0.8190091001011123	0.0010043311782060133
0.8200202224469161	0.0010156795531009967
0.8210313447927199	0.001027221366204417
0.8220424671385238	0.001038961038961039
0.8230535894843276	0.001050903119868637
0.8240647118301314	0.0009633911368015414
0.8250758341759353	0.0009745933593224896
0.8260869565217391	0.0009859921120631036
0.8270980788675429	0.000997592019263846
0.8281092012133469	0.0010093978419770276
0.8291203235591507	0.0010214144829529446
0.8301314459049545	0.001033646991730824
0.8311425682507584	0.0010461005699444485
0.8321536905965622	0.0009857612267250822
0.833164812942366	0.0009977827050997783
0.8341759352881699	0.0010100254376776896
0.8351870576339737	0.0010224948875255625
0.8361981799797775	0.0010351966873706005
0.8372093023255814	0.0010481366459627328
0.8382204246713852	0.0010613207547169811
0.839231547017189	0.0010747551946501074
0.840242669362993	0.001088446343626542
0.8412537917087968	0.0009799118079372856
0.8422649140546006	0.0009098428453267163
0.8432760364004045	0.0009216589861751152
0.8442871587462083	0.0009337068160597573
0.8452982810920121	0.0009459924320605435
0.846309403437816	0.0009585221331474381
0.8473205257836198	0.0009713024282560706
0.8483316481294236	0.0009843400447427293
0.8493427704752275	0.0009976419372392526
0.8503538928210314	0.0010112152969295827
0.8513650151668352	0.0010250675612710838
0.8523761375126391	0.000944733112895607
0.8533872598584429	0.0009578544061302681
0.8543983822042467	0.0009712509712509713
0.8554095045500506	0.0009849305623953512
0.8564206268958544	0.0009989012086704626
0.8574317492416582	0.000911854103343465
0.8584428715874621	0.0009249743062692703
0.8594539939332659	0.0008341153164424981
0.8604651162790697	0.0008462921823759652
0.8614762386248737	0.0008587376556462001
0.8624873609706775	0.0008714596949891067
0.8634984833164813	0.0008844665561083472
0.8645096056622852	0.0008977668050723825
0.865520728008089	0.000911369332421964
0.8665318503538928	0.0009252833680314596
0.8675429726996967	0.0009395184967704052
0.8685540950455005	0.0008348240906380441
0.8695652173913043	0.0007267441860465116
0.8705763397371082	0.0007381889763779527
0.871587462082912	0.0007499062617172854
0.8725985844287159	0.0007619047619047619
0.8736097067745198	0.0006451612903225806
0.8746208291203236	0.0006556517178075007
0.8756319514661274	0.0006664001066240171
0.8766430738119313	0.0005419319875355643
0.8776541961577351	0.0005509641873278236
0.8786653185035389	0.0005602240896358543
0.8796764408493428	0.0005697194131890044
0.8806875631951466	0.000434593654932638
0.8816986855409504	0.0002947244326554671
0.8827098078867543	0.0002998500749625187
0.8837209302325582	0.00015255530129672007
0.884732052578362	0.0001552553951249806
0.8857431749241659	0.00015802781289506955
0.8867542972699697	0.00016087516087516087
0.8877654196157735	0.0001638001638001638
0.8887765419615774	0.0
0.8897876643073812	0.0
0.890798786653185	0.0
0.8918099089989889	0.0
0.8928210313447927	0.0
0.8938321536905965	0.0
0.8948432760364005	0.0
0.8958543983822043	0.0
0.8968655207280081	0.0
0.897876643073812	0.0
0.8988877654196158	0.0
0.8998988877654196	0.0
0.9009100101112234	0.0
0.9019211324570273	0.0
0.9029322548028311	0.0
0.9039433771486349	0.0
0.9049544994944388	0.0
0.9059656218402427	0.0
0.9069767441860465	0.0
0.9079878665318504	0.0
0.9089989888776542	0.0
0.910010111223458	0.0
0.9110212335692619	0.0
0.9120323559150657	0.0
0.9130434782608695	0.0
0.9140546006066734	0.0
0.9150657229524772	0.0
0.916076845298281	0.0
0.917087967644085	0.0
0.9180990899898888	0.0
0.9191102123356926	0.0
0.9201213346814965	0.0
0.9211324570273003	0.0
0.9221435793731041	0.0
0.923154701718908	0.0
0.9241658240647118	0.0
0.9251769464105156	0.0
0.9261880687563195	0.0
0.9271991911021233	0.0
0.9282103134479271	0.0
0.9292214357937311	0.0
0.9302325581395349	0.0
0.9312436804853387	0.0
0.9322548028311426	0.0
0.9332659251769464	0.0
0.9342770475227502	0.0
0.9352881698685541	0.0
0.9362992922143579	0.0
0.9373104145601617	0.0
0.9383215369059656	0.0
0.9393326592517695	0.0
0.9403437815975733	0.0
0.9413549039433772	0.0
0.942366026289181	0.0
0.9433771486349848	0.0
0.9443882709807887	0.0
0.9453993933265925	0.0
0.9464105156723963	0.0
0.9474216380182002	0.0
0.948432760364004	0.0
0.9494438827098078	0.0
0.9504550050556118	0.0
0.9514661274014156	0.0
0.9524772497472194	0.0
0.9534883720930233	0.0
0.9544994944388271	0.0
0.9555106167846309	0.0
0.9565217391304348	0.0
0.9575328614762386	0.0
0.9585439838220424	0.0
0.9595551061678463	0.0
0.9605662285136501	0.0
0.961577350859454	0.0
0.9625884732052579	0.0
0.9635995955510617	0.0
0.9646107178968655	0.0
0.9656218402426694	0.0
0.9666329625884732	0.0
0.967644084934277	0.0
0.9686552072800809	0.0
0.9696663296258847	0.0
0.9706774519716885	0.0
0.9716885743174924	0.0
0.9726996966632963	0.0
0.9737108190091001	0.0
0.974721941354904	0.0
0.9757330637007078	0.0
0.9767441860465116	0.0
0.9777553083923155	0.0
0.9787664307381193	0.0
0.9797775530839231	0.0
0.980788675429727	0.0
0.9817997977755308	0.0
0.9828109201213346	0.0
0.9838220424671386	0.0
0.9848331648129424	0.0
0.9858442871587462	0.0
0.9868554095045501	0.0
0.9878665318503539	0.0
0.9888776541961577	0.0
0.9898887765419616	0.0
0.9908998988877654	0.0
0.9919110212335692	0.0
0.9929221435793731	0.0
0.993933265925177	0.0
0.9949443882709808	0.0
0.9959555106167847	0.0
0.9969666329625885	0.0
0.9979777553083923	0.0
0.9989888776541962	0.0
1.0	0.0
