Fraction_of_nodes	Efficiency
0.0010111223458038423	0.23936946157150454
0.0020222446916076846	0.238668798408692
0.003033367037411527	0.23802762566177657
0.004044489383215369	0.2375129343706697
0.005055611729019211	0.2370410320737875
0.006066734074823054	0.23651958591190295
0.007077856420626896	0.2359339006455728
0.008088978766430738	0.23542169375056046
0.00910010111223458	0.23486856311812088
0.010111223458038422	0.2345061155908249
0.011122345803842264	0.23401076962969966
0.012133468149646108	0.2334962330332551
0.01314459049544995	0.23309349166453527
0.014155712841253791	0.23256100785804842
0.015166835187057633	0.23202309710844096
0.016177957532861477	0.23145436955344972
0.017189079878665317	0.23104510943557258
0.01820020222446916	0.2305098452415814
0.019211324570273004	0.2300007641581083
0.020222446916076844	0.22961104890581954
0.021233569261880688	0.22918665088804757
0.022244691607684528	0.22878351721485293
0.023255813953488372	0.22825912167691217
0.024266936299292215	0.22776422464697774
0.025278058645096056	0.22725293903243715
0.0262891809908999	0.22691642979915153
0.027300303336703743	0.2264686920524991
0.028311425682507583	0.2260208687775214
0.029322548028311426	0.22555768485519279
0.030333670374115267	0.22488746444739435
0.03134479271991911	0.2243471589730858
0.032355915065722954	0.2237671768917871
0.033367037411526794	0.2233151050450579
0.034378159757330634	0.22274045902162537
0.03538928210313448	0.2223920437049894
0.03640040444893832	0.2219900674514468
0.03741152679474216	0.22162430955645426
0.03842264914054601	0.22120596180336485
0.03943377148634985	0.22076361081925136
0.04044489383215369	0.22047244864217633
0.041456016177957536	0.21998984310663358
0.042467138523761376	0.21965846107401824
0.043478260869565216	0.21910803707671153
0.044489383215369056	0.21866661097451742
0.0455005055611729	0.2181680219306135
0.046511627906976744	0.21777635505985435
0.047522750252780584	0.21723761547879145
0.04853387259858443	0.2169699486889623
0.04954499494438827	0.21663637583291215
0.05055611729019211	0.2162209209982614
0.05156723963599596	0.21576288527445173
0.0525783619817998	0.21528713382878273
0.05358948432760364	0.21489320410952575
0.054600606673407485	0.2144776385675699
0.055611729019211326	0.21395321086816937
0.056622851365015166	0.21343635726724716
0.057633973710819006	0.21316926681451184
0.05864509605662285	0.2125331606763713
0.05965621840242669	0.2120846852969699
0.06066734074823053	0.2117101816187346
0.06167846309403438	0.211330301124606
0.06268958543983821	0.2104596227775996
0.06370070778564206	0.2097367160439003
0.06471183013144591	0.20937664751997714
0.06572295247724974	0.20898090005279052
0.06673407482305359	0.2085028535233172
0.06774519716885744	0.2082141944015557
0.06875631951466127	0.20758834322183564
0.06976744186046512	0.20739835516856678
0.07077856420626896	0.20729850342483058
0.0717896865520728	0.2069967307186373
0.07280080889787664	0.20660358677975293
0.07381193124368049	0.20632874557944528
0.07482305358948432	0.2060055626759702
0.07583417593528817	0.2053604942984989
0.07684529828109202	0.2050144036730471
0.07785642062689585	0.2044924496454456
0.0788675429726997	0.20416600596658746
0.07987866531850354	0.20384662720624405
0.08088978766430738	0.20359231224184432
0.08190091001011122	0.2032964821610335
0.08291203235591507	0.203274850387408
0.0839231547017189	0.20303414834181002
0.08493427704752275	0.202605041093717
0.0859453993933266	0.20216384510765642
0.08695652173913043	0.20157572346867664
0.08796764408493428	0.20127140028313742
0.08897876643073811	0.20089399073297234
0.08998988877654196	0.2004797008704064
0.0910010111223458	0.20013903819823783
0.09201213346814964	0.19965662303249743
0.09302325581395349	0.19918709116133024
0.09403437815975733	0.1985493890243
0.09504550050556117	0.19822930649695006
0.09605662285136501	0.19782157440871653
0.09706774519716886	0.197488494426159
0.0980788675429727	0.19730994220775563
0.09908998988877654	0.196982951005212
0.10010111223458039	0.19663328308992048
0.10111223458038422	0.19641475407101747
0.10212335692618807	0.19597838323195155
0.10313447927199192	0.19509752496815455
0.10414560161779575	0.19487165787542593
0.1051567239635996	0.19442724523748123
0.10616784630940344	0.19363549074277675
0.10717896865520728	0.19331076997115829
0.10819009100101112	0.19299897731097793
0.10920121334681497	0.19266240457495262
0.1102123356926188	0.1921213715282967
0.11122345803842265	0.1918698703640085
0.1122345803842265	0.19118324911472775
0.11324570273003033	0.19077974168599848
0.11425682507583418	0.1903775725761034
0.11526794742163801	0.1898661397518705
0.11627906976744186	0.1891849482272699
0.1172901921132457	0.18872856572605898
0.11830131445904954	0.18829378036729683
0.11931243680485339	0.18821883945151321
0.12032355915065723	0.18743634864961575
0.12133468149646107	0.18735818653915143
0.12234580384226491	0.18693883568032935
0.12335692618806876	0.1864164547613373
0.1243680485338726	0.18588551511763315
0.12537917087967643	0.18537929365138064
0.1263902932254803	0.18495827297985926
0.12740141557128412	0.18417853827891284
0.12841253791708795	0.183583257251077
0.12942366026289182	0.18288425423613675
0.13043478260869565	0.1824838620932069
0.13144590495449948	0.18215770248246396
0.13245702730030334	0.18163364663560203
0.13346814964610718	0.18141324230174516
0.134479271991911	0.1810617844090605
0.13549039433771487	0.18053769585075868
0.1365015166835187	0.18013094682134856
0.13751263902932254	0.17987150868836163
0.1385237613751264	0.17944948497587723
0.13953488372093023	0.179171453608545
0.14054600606673406	0.17859142469551614
0.14155712841253792	0.1783695184269346
0.14256825075834176	0.17812101979232367
0.1435793731041456	0.1779982794185516
0.14459049544994945	0.17759784185709535
0.14560161779575329	0.1771682864294296
0.14661274014155712	0.17655322317132885
0.14762386248736098	0.17621720516005326
0.1486349848331648	0.17590848691203556
0.14964610717896865	0.17558462773570135
0.1506572295247725	0.17534851993618686
0.15166835187057634	0.17501739224895574
0.15267947421638017	0.17470627013032178
0.15369059656218403	0.17419370726501374
0.15470171890798787	0.17397363910958702
0.1557128412537917	0.17311653964728585
0.15672396359959556	0.1726895640421434
0.1577350859453994	0.17222486385114477
0.15874620829120323	0.17186328480101407
0.1597573306370071	0.17126679860349406
0.16076845298281092	0.17104383698071654
0.16177957532861476	0.17113521032237186
0.16279069767441862	0.17094800239714386
0.16380182002022245	0.17082136334017858
0.16481294236602628	0.1701996658167855
0.16582406471183014	0.16996775238557643
0.16683518705763398	0.16944507940086295
0.1678463094034378	0.16885218275395703
0.16885743174924167	0.16826753221450436
0.1698685540950455	0.16760016855621607
0.17087967644084934	0.16717402785560495
0.1718907987866532	0.167092312705117
0.17290192113245703	0.16665182841168424
0.17391304347826086	0.1661445480077942
0.17492416582406473	0.16548600933063828
0.17593528816986856	0.16455550171914335
0.1769464105156724	0.16426245421516
0.17795753286147623	0.16384089778822525
0.1789686552072801	0.16365140224031133
0.17997977755308392	0.16336406432481965
0.18099089989888775	0.16310318848695893
0.1820020222446916	0.16302523631586202
0.18301314459049545	0.16249346012668442
0.18402426693629928	0.16146331620090784
0.18503538928210314	0.16105406153936339
0.18604651162790697	0.16066062548159302
0.1870576339737108	0.16005585874768402
0.18806875631951467	0.15997095705844844
0.1890798786653185	0.1597006981206857
0.19009100101112233	0.15902648915067116
0.1911021233569262	0.1581574133257885
0.19211324570273003	0.15813882602525825
0.19312436804853386	0.15774758574060108
0.19413549039433772	0.15751339056773933
0.19514661274014156	0.15722037217178253
0.1961577350859454	0.1564992323328492
0.19716885743174925	0.1559889350981018
0.19817997977755308	0.1553962296909645
0.19919110212335692	0.1550172395808009
0.20020222446916078	0.15482047543851218
0.2012133468149646	0.15415347198689863
0.20222446916076844	0.15309190987956275
0.2032355915065723	0.1522213608951084
0.20424671385237614	0.15186801059850477
0.20525783619817997	0.15110773096029065
0.20626895854398383	0.1502643299076385
0.20728008088978767	0.14964085845979078
0.2082912032355915	0.14955360261293285
0.20930232558139536	0.14917688308030774
0.2103134479271992	0.14826826147748365
0.21132457027300303	0.1474387754570146
0.2123356926188069	0.14659121861444624
0.21334681496461072	0.14545068200034833
0.21435793731041455	0.1450346205776029
0.21536905965621841	0.14425283799625632
0.21638018200202225	0.14359304918535168
0.21739130434782608	0.14354973560440293
0.21840242669362994	0.1428864635089484
0.21941354903943378	0.14252233797407104
0.2204246713852376	0.1418248039580908
0.22143579373104147	0.14115502871555716
0.2224469160768453	0.1409320504681037
0.22345803842264914	0.1395477843056955
0.224469160768453	0.13930018335455996
0.22548028311425683	0.1388881243482696
0.22649140546006066	0.13813366208654893
0.2275025278058645	0.137492795026095
0.22851365015166836	0.13647637544148816
0.2295247724974722	0.13579912283848541
0.23053589484327602	0.13552754004684667
0.23154701718907988	0.13518549160417
0.23255813953488372	0.13467982684330732
0.23356926188068755	0.1347371236491471
0.2345803842264914	0.13330400014186497
0.23559150657229525	0.13288905928009537
0.23660262891809908	0.1323875404293732
0.23761375126390294	0.13096504671095888
0.23862487360970677	0.13028342551885483
0.2396359959555106	0.1300970911600128
0.24064711830131447	0.13006057370612847
0.2416582406471183	0.12977869216241694
0.24266936299292213	0.12942047836782383
0.243680485338726	0.128462354159385
0.24469160768452983	0.12746450598521966
0.24570273003033366	0.12662246165962962
0.24671385237613752	0.12626698359749977
0.24772497472194135	0.1262142205961193
0.2487360970677452	0.1261561598646314
0.24974721941354905	0.12590972952964016
0.25075834175935285	0.12554555381787302
0.2517694641051567	0.12496467315112601
0.2527805864509606	0.12393641167287159
0.2537917087967644	0.1228250586404975
0.25480283114256824	0.1226350919352645
0.2558139534883721	0.12222184060934334
0.2568250758341759	0.12197141496049244
0.25783619817997977	0.12168307605734176
0.25884732052578363	0.12056581775457044
0.25985844287158744	0.12051867882082308
0.2608695652173913	0.1194887824387399
0.26188068756319516	0.11897245466871718
0.26289180990899896	0.11774720191859724
0.2639029322548028	0.1176119913048184
0.2649140546006067	0.11642905156606692
0.2659251769464105	0.11560685620083333
0.26693629929221435	0.11503381515671464
0.2679474216380182	0.1138406155221927
0.268958543983822	0.11360325834169413
0.2699696663296259	0.11303702040491428
0.27098078867542974	0.1125717453389229
0.27199191102123355	0.11184913223949698
0.2730030333670374	0.11110084417517206
0.27401415571284127	0.11101652028993235
0.2750252780586451	0.11051982522371218
0.27603640040444893	0.11036232987714664
0.2770475227502528	0.10999808334394652
0.2780586450960566	0.10950255029442053
0.27906976744186046	0.10868325607482197
0.2800808897876643	0.10784854007533068
0.2810920121334681	0.10644874281082849
0.282103134479272	0.10588098035395142
0.28311425682507585	0.10566643646215977
0.28412537917087965	0.10506137524542138
0.2851365015166835	0.10506234287307879
0.2861476238624874	0.10467109719664987
0.2871587462082912	0.10420259629377938
0.28816986855409504	0.10296532575673166
0.2891809908998989	0.10288479461015833
0.2901921132457027	0.1022507111845517
0.29120323559150657	0.10071072551985642
0.29221435793731043	0.10034245418298048
0.29322548028311424	0.09863869956052336
0.2942366026289181	0.09768538208481657
0.29524772497472196	0.09665822792441249
0.29625884732052576	0.09667305823669343
0.2972699696663296	0.09611305542655199
0.2982810920121335	0.09416923808812648
0.2992922143579373	0.09402802091746937
0.30030333670374115	0.09355574588095882
0.301314459049545	0.09207242545749543
0.3023255813953488	0.09144965507460667
0.3033367037411527	0.09116202304886506
0.30434782608695654	0.09025098152123898
0.30535894843276035	0.08994872218382648
0.3063700707785642	0.08808512757031577
0.30738119312436807	0.08726447178357806
0.3083923154701719	0.08669470937963251
0.30940343781597573	0.08670394482976512
0.3104145601617796	0.08635019237251905
0.3114256825075834	0.0853190095977747
0.31243680485338726	0.08477424705380518
0.3134479271991911	0.08388816919105223
0.31445904954499493	0.08339778148556135
0.3154701718907988	0.08364015035127478
0.31648129423660265	0.08303783986303515
0.31749241658240646	0.08100697678772334
0.3185035389282103	0.0800489011631603
0.3195146612740142	0.0786970914374259
0.320525783619818	0.07840846929064275
0.32153690596562184	0.07778311877057224
0.3225480283114257	0.0773442781939816
0.3235591506572295	0.0768837798572837
0.32457027300303337	0.07662707728819257
0.32558139534883723	0.07685718863140036
0.32659251769464104	0.07647097630138792
0.3276036400404449	0.07614803590000124
0.32861476238624876	0.07402212130970527
0.32962588473205257	0.07231387979535885
0.3306370070778564	0.07187533051250736
0.3316481294236603	0.07024372378295378
0.3326592517694641	0.07002182873191012
0.33367037411526795	0.06994698541695349
0.3346814964610718	0.06985381013836228
0.3356926188068756	0.06978999085357043
0.3367037411526795	0.06997035252116825
0.33771486349848334	0.06942930903151708
0.33872598584428715	0.06899880433385798
0.339737108190091	0.0675975705460346
0.34074823053589487	0.06572380706758937
0.3417593528816987	0.06543959739327532
0.34277047522750254	0.06483566952396384
0.3437815975733064	0.06437440705427178
0.3447927199191102	0.06396857849511174
0.34580384226491406	0.06214673412089082
0.3468149646107179	0.06126530125816916
0.34782608695652173	0.060757122701156706
0.3488372093023256	0.060388394538104025
0.34984833164812945	0.0585792250062543
0.35085945399393326	0.05875227948428469
0.3518705763397371	0.05809945623063061
0.3528816986855409	0.058281301164059815
0.3538928210313448	0.05718414222634685
0.35490394337714865	0.05601604047923398
0.35591506572295245	0.055984661596267526
0.3569261880687563	0.056144896552812996
0.3579373104145602	0.05601801983254914
0.358948432760364	0.05567983292435759
0.35995955510616784	0.05568027688377203
0.3609706774519717	0.05497110589678529
0.3619817997977755	0.05512591233229558
0.36299292214357937	0.05509262040421832
0.3640040444893832	0.054478400492749254
0.36501516683518703	0.05405667059707299
0.3660262891809909	0.053312795762786636
0.36703741152679475	0.052474212010127
0.36804853387259856	0.05242142768879778
0.3690596562184024	0.051957531376179686
0.3700707785642063	0.05078552397887168
0.3710819009100101	0.05015697563300027
0.37209302325581395	0.04874174711865495
0.3731041456016178	0.048899232569765305
0.3741152679474216	0.04779038193900702
0.3751263902932255	0.047564669664347
0.37613751263902934	0.04700088305033368
0.37714863498483314	0.0444412328100177
0.378159757330637	0.04405690471956588
0.37917087967644086	0.04386858041196614
0.38018200202224467	0.04304770701999909
0.38119312436804853	0.04245085173558834
0.3822042467138524	0.040233089900033485
0.3832153690596562	0.039061412037341446
0.38422649140546006	0.03893173380353228
0.3852376137512639	0.03883598243268801
0.3862487360970677	0.03705116367301037
0.3872598584428716	0.03606223416457488
0.38827098078867545	0.03529521558069356
0.38928210313447925	0.03484625990504445
0.3902932254802831	0.03496202821037682
0.391304347826087	0.03475990017403363
0.3923154701718908	0.03431559032906793
0.39332659251769464	0.03402826742239193
0.3943377148634985	0.0339506157315483
0.3953488372093023	0.03276356685223344
0.39635995955510617	0.032700900346782406
0.39737108190091003	0.032805179499716154
0.39838220424671383	0.032915634649546846
0.3993933265925177	0.0320003448755157
0.40040444893832156	0.031296836223329925
0.40141557128412536	0.02976556933369434
0.4024266936299292	0.029734330745018654
0.4034378159757331	0.02910045002153951
0.4044489383215369	0.027929144112745014
0.40546006066734075	0.027896693306809658
0.4064711830131446	0.026611734779313546
0.4074823053589484	0.02669201915402462
0.4084934277047523	0.02676448793355502
0.40950455005055614	0.026467123630376038
0.41051567239635994	0.02565766081546008
0.4115267947421638	0.02562382124873268
0.41253791708796766	0.02519534307310063
0.41354903943377147	0.024818340843366867
0.41456016177957533	0.024022759967548588
0.4155712841253792	0.02409053579123937
0.416582406471183	0.024131557995518034
0.41759352881698686	0.024206435878401003
0.4186046511627907	0.024014943099300336
0.4196157735085945	0.023788290652522828
0.4206268958543984	0.023851126159488773
0.42163801820020225	0.023402900935146093
0.42264914054600605	0.023419162893343812
0.4236602628918099	0.022820012430058347
0.4246713852376138	0.02215520850840716
0.4256825075834176	0.022102984362299388
0.42669362992922144	0.02217485473661728
0.4277047522750253	0.02100290878103036
0.4287158746208291	0.021032511765159426
0.42972699696663297	0.020973324924844952
0.43073811931243683	0.019976655316301474
0.43174924165824063	0.02003835804774673
0.4327603640040445	0.019283999768966588
0.43377148634984836	0.019331697868489258
0.43478260869565216	0.019090174344179676
0.435793731041456	0.018631510422729713
0.4368048533872599	0.01842402511639014
0.4378159757330637	0.01849041799969245
0.43882709807886755	0.018520310446585846
0.4398382204246714	0.017607110975426197
0.4408493427704752	0.01753471796377941
0.4418604651162791	0.01744113416604445
0.44287158746208294	0.017183969084507814
0.44388270980788674	0.017230011031826784
0.4448938321536906	0.017158603024266552
0.44590495449949447	0.017167184989535813
0.44691607684529827	0.017150156488125845
0.44792719919110213	0.01562508206595042
0.448938321536906	0.015122658333979069
0.4499494438827098	0.015164253182860193
0.45096056622851366	0.015114607585012678
0.45197168857431747	0.01517048413800718
0.4529828109201213	0.014920866808308822
0.4539939332659252	0.014976231805742249
0.455005055611729	0.014434237125760136
0.45601617795753285	0.01446492036695502
0.4570273003033367	0.013761307863788043
0.4580384226491405	0.013802290295194013
0.4590495449949444	0.01237235930454279
0.46006066734074824	0.012418784667786852
0.46107178968655205	0.012458418547711294
0.4620829120323559	0.012498263064847236
0.46309403437815977	0.012521737778659553
0.4641051567239636	0.012251969993513983
0.46511627906976744	0.01229121851936729
0.4661274014155713	0.012259279801387399
0.4671385237613751	0.012290861875990005
0.46814964610717896	0.01233044176624364
0.4691607684529828	0.011277002609567495
0.47017189079878663	0.011320126902529513
0.4711830131445905	0.011352510266778075
0.47219413549039435	0.010801669745074518
0.47320525783619816	0.010835832375645785
0.474216380182002	0.01084769912755036
0.4752275025278059	0.010889582135764839
0.4762386248736097	0.010931708178843234
0.47724974721941354	0.00846057928970498
0.4782608695652174	0.007249008720157494
0.4792719919110212	0.007237926702031107
0.48028311425682507	0.007225186312659394
0.48129423660262893	0.007171091270419202
0.48230535894843274	0.0071800473517124284
0.4833164812942366	0.006505652433996456
0.48432760364004046	0.0065055333955743675
0.48533872598584427	0.00652341094224104
0.4863498483316481	0.006541379017212374
0.487360970677452	0.006567234270244833
0.4883720930232558	0.006585416249196377
0.48938321536905965	0.006482872153490322
0.4903943377148635	0.006339733023620708
0.4914054600606673	0.00635707032024638
0.4924165824064712	0.0063261195999135865
0.49342770475227504	0.006343440046377114
0.49443882709807885	0.006342144548901004
0.4954499494438827	0.00634749444652679
0.49646107178968657	0.006300850881530692
0.4974721941354904	0.006326257538311058
0.49848331648129424	0.006273560591606776
0.4994944388270981	0.006290780666794649
0.5005055611729019	0.006200901013158038
0.5015166835187057	0.005795284939564058
0.5025278058645096	0.0056358143465497276
0.5035389282103134	0.0056588176704131955
0.5045500505561172	0.005654139128826196
0.5055611729019212	0.005620739367134522
0.506572295247725	0.005622783673284274
0.5075834175935288	0.0056290223872455325
0.5085945399393327	0.005652234850698092
0.5096056622851365	0.005654291031175123
0.5106167846309403	0.0056441958118368125
0.5116279069767442	0.00566761571147099
0.512639029322548	0.005620998415961245
0.5136501516683518	0.005635756734031909
0.5146612740141557	0.004979788835448634
0.5156723963599595	0.005000624771998628
0.5166835187057633	0.004999662504698787
0.5176946410515673	0.005020669490012648
0.5187057633973711	0.005019695042221813
0.5197168857431749	0.005014226289346446
0.5207280080889788	0.005019073792293047
0.5217391304347826	0.004989577207539113
0.5227502527805864	0.005010764371902336
0.5237613751263903	0.004899829719000217
0.5247724974721941	0.0048980415773491725
0.5257836198179979	0.004909861429551318
0.5267947421638018	0.0049125867278641535
0.5278058645096056	0.004924480543764316
0.5288169868554095	0.004924124962981271
0.5298281092012134	0.004931445301392343
0.5308392315470172	0.00492947344077424
0.531850353892821	0.004927438399242717
0.5328614762386249	0.004746637428576848
0.5338725985844287	0.004640390408167552
0.5348837209302325	0.0046606099742162125
0.5358948432760364	0.00426727039105676
0.5369059656218402	0.004246518184841108
0.537917087967644	0.004265143264599183
0.538928210313448	0.0042838911470809374
0.5399393326592518	0.00425919414821297
0.5409504550050556	0.0038351417825992712
0.5419615773508595	0.0037967610031432427
0.5429726996966633	0.003813598080762503
0.5439838220424671	0.003810016897230506
0.544994944388271	0.003817089479301812
0.5460060667340748	0.003824187327458494
0.5470171890798786	0.0038080070640892872
0.5480283114256825	0.003815051326864018
0.5490394337714863	0.003806165143143033
0.5500505561172901	0.0037860978591315753
0.5510616784630941	0.003646770322842562
0.5520728008088979	0.003629224240696825
0.5530839231547017	0.0035325489207041873
0.5540950455005056	0.0035382988080885466
0.5551061678463094	0.00355441862042608
0.5561172901921132	0.0035022349404350878
0.5571284125379171	0.003458346867644384
0.5581395348837209	0.003426974684296291
0.5591506572295247	0.003442730889741331
0.5601617795753286	0.003458596009048895
0.5611729019211324	0.0034390953367975765
0.5621840242669363	0.003444325089180107
0.5631951466127402	0.003460308036229667
0.564206268958544	0.0034404306222144683
0.5652173913043478	0.0034140059298621668
0.5662285136501517	0.0034190666943428195
0.5672396359959555	0.0034350810582507484
0.5682507583417593	0.003132391681720437
0.5692618806875632	0.002995424717048573
0.570273003033367	0.003009554078921444
0.5712841253791708	0.003007056765587471
0.5722952477249748	0.002995165307356489
0.5733063700707786	0.002992508124162608
0.5743174924165824	0.0029954472251723634
0.5753286147623863	0.0028258893056029035
0.5763397371081901	0.0027747009093573543
0.5773508594539939	0.00272681376429956
0.5783619817997978	0.002728394207710749
0.5793731041456016	0.002741543095458753
0.5803842264914054	0.002743146499039632
0.5813953488372093	0.002738884794890685
0.5824064711830131	0.0027404264322151385
0.583417593528817	0.0026710840242836513
0.5844287158746209	0.0026841137024508884
0.5854398382204247	0.0026972389528296214
0.5864509605662285	0.002645740447768345
0.5874620829120324	0.00259611215493568
0.5884732052578362	0.002596797424383627
0.58948432760364	0.0026096211153682374
0.5904954499494439	0.0026225400317809516
0.5915065722952477	0.0026232710119647156
0.5925176946410515	0.0026178042788538654
0.5935288169868554	0.002618453865336654
0.5945399393326593	0.0025642144638403953
0.5955510616784631	0.002554093567251458
0.596562184024267	0.002511933099079353
0.5975733063700708	0.0024256462834744644
0.5985844287158746	0.002425175347089702
0.5995955510616785	0.0024246686272002696
0.6006066734074823	0.00241341643641971
0.6016177957532861	0.0024063238656178527
0.60262891809909	0.002375326721019194
0.6036400404448938	0.002374428032082396
0.6046511627906976	0.002342885872297635
0.6056622851365016	0.002341748511414319
0.6066734074823054	0.002353819380029857
0.6076845298281092	0.002365983821270321
0.6086956521739131	0.0023782428048002196
0.6097067745197169	0.0023905973128771035
0.6107178968655207	0.0023692279942279927
0.6117290192113246	0.002356668842471713
0.6127401415571284	0.002355337443440459
0.6137512639029322	0.002367701419521511
0.6147623862487361	0.002345627849150434
0.6157735085945399	0.0023580058325232594
0.6167846309403437	0.0023565216177353367
0.6177957532861477	0.0022731206639252616
0.6188068756319515	0.00226404800872886
0.6198179979777553	0.002177068557919621
0.6208291203235592	0.0021530600118835415
0.621840242669363	0.002126373337538769
0.6228513650151668	0.0021378054522567195
0.6238624873609707	0.0021227622718797403
0.6248736097067745	0.0021342366625385495
0.6258847320525783	0.002096975023804293
0.6268958543983822	0.0021083716271945332
0.627906976744186	0.0021198613908304706
0.6289180990899899	0.0021091109423623834
0.6299292214357938	0.002120667714649301
0.6309403437815976	0.002132319735059462
0.6319514661274014	0.0021440680531589628
0.6329625884732053	0.002133083725248467
0.6339737108190091	0.0021066405472827177
0.6349848331648129	0.0021183441058787327
0.6359959555106168	0.0020014443412772116
0.6370070778564206	0.002012625594580436
0.6380182002022244	0.001982170894428536
0.6390293225480284	0.001977570054238925
0.6400404448938322	0.0019728860051695957
0.641051567239636	0.0019681175565634877
0.6420626895854399	0.0019792683642494
0.6430738119312437	0.0019502747016911335
0.6440849342770475	0.0019613873780540457
0.6450960566228514	0.0019725953059286407
0.6461071789686552	0.0019293218720152828
0.647118301314459	0.001871795716277488
0.6481294236602629	0.001857740678171962
0.6491405460060667	0.0018518210035925894
0.6501516683518705	0.0018206696266510301
0.6511627906976745	0.0018144028760813402
0.6521739130434783	0.0018249824846882285
0.6531850353892821	0.0018186054705925823
0.654196157735086	0.0018292717783379934
0.6552072800808898	0.001840032200563511
0.6562184024266936	0.0018508878477644757
0.6572295247724975	0.0018618398468636737
0.6582406471183013	0.0018728893415038141
0.6592517694641051	0.0018840374923460989
0.660262891809909	0.0018775171760246395
0.6612740141557129	0.0018887597938451464
0.6622851365015167	0.0018821216426006854
0.6632962588473206	0.0018602940289687284
0.6643073811931244	0.0018715344762736754
0.6653185035389282	0.0018828771094632128
0.6663296258847321	0.0018943231709189162
0.6673407482305359	0.001887340301974449
0.6683518705763397	0.0018988836677357606
0.6693629929221436	0.0018714470647830253
0.6703741152679474	0.001882963662104767
0.6713852376137512	0.0018312757201646094
0.6723963599595552	0.0018426148887105203
0.673407482305359	0.0018348300418565599
0.6744186046511628	0.00181723779854621
0.6754297269969667	0.001828595534787124
0.6764408493427705	0.0018400600835945667
0.6774519716885743	0.0018516327885228345
0.6784630940343782	0.0018633150143179311
0.679474216380182	0.0018751081473199435
0.6804853387259858	0.0018669211707186394
0.6814964610717897	0.001878812388366529
0.6825075834175935	0.0018908175793465067
0.6835187057633973	0.0018824581524262039
0.6845298281092013	0.0018395993074449665
0.6855409504550051	0.0017996058500155585
0.6865520728008089	0.0018112537843198663
0.6875631951466128	0.0018230151725297356
0.6885743174924166	0.0017820127754981175
0.6895854398382204	0.0017723701858593601
0.6905965621840243	0.0017625629486767384
0.6916076845298281	0.0017741587575496117
0.6926188068756319	0.0017641566788257773
0.6936299292214358	0.001775839835639193
0.6946410515672397	0.0017876394358759984
0.6956521739130435	0.0017995570321151717
0.6966632962588474	0.0017892976588628762
0.6976744186046512	0.0018013063679827614
0.698685540950455	0.0018134363771947664
0.6996966632962589	0.001802939302939303
0.7007077856420627	0.001815162620247366
0.7017189079878665	0.0018044505937968407
0.7027300303336703	0.001816767662696478
0.7037411526794742	0.001829211276824536
0.704752275025278	0.0018417831756343266
0.7057633973710818	0.001830785638108781
0.7067745197168858	0.001843455434912302
0.7077856420626896	0.0018202133794694353
0.7087967644084934	0.0018328977932636473
0.7098078867542973	0.0018457152603494071
0.7108190091001011	0.0018341307814992028
0.7118301314459049	0.0018470471954534226
0.7128412537917088	0.0018352162444632458
0.7138523761375126	0.0018482319625090845
0.7148634984833164	0.0018613866383988288
0.7158746208291203	0.001789950855787155
0.7168857431749242	0.0017771804062126644
0.717896865520728	0.0017641800538064174
0.7189079878665319	0.0017769178159277633
0.7199191102123357	0.0017897940319852109
0.7209302325581395	0.0018028107158541942
0.7219413549039434	0.0017761557177615574
0.7229524772497472	0.0017891678475620084
0.723963599595551	0.001775389643036702
0.7249747219413549	0.0017613595253599596
0.7259858442871587	0.0017744066329552185
0.7269969666329625	0.0016958098122906052
0.7280080889787665	0.0017084651093972516
0.7290192113245703	0.0017212626008534107
0.7300303336703741	0.0017342044249199777
0.731041456016178	0.001718919941362841
0.7320525783619818	0.0017319420621307413
0.7330637007077856	0.0017451127242001764
0.7340748230535895	0.0016447527549608642
0.7350859453993933	0.001628108761564934
0.7360970677451971	0.0016111602318498867
0.737108190091001	0.0016236016236016234
0.7381193124368048	0.0016361876826993104
0.7391304347826086	0.0016489206607747913
0.7401415571284126	0.0015858057717250322
0.7411526794742164	0.0015982434640522873
0.7421638018200202	0.0016108280582574233
0.7431749241658241	0.001592439285010322
0.7441860465116279	0.0016050776920342135
0.7451971688574317	0.001617867155715761
0.7462082912032356	0.0016308100929614871
0.7472194135490394	0.0016117804551539488
0.7482305358948432	0.0016247786846309968
0.7492416582406471	0.0015889599930346955
0.750252780586451	0.001601878366961807
0.7512639029322548	0.0016149549250594544
0.7522750252780587	0.0015947362551578005
0.7532861476238625	0.0015347770356877826
0.7542972699696663	0.0015474611434207395
0.7553083923154702	0.001560303144610953
0.756319514661274	0.0015733056708160443
0.7573306370070778	0.0015341701534170153
0.7583417593528817	0.0015470623395801835
0.7593528816986855	0.0015069318866787222
0.7603640040444893	0.001519702495887864
0.7613751263902933	0.0014785430941218897
0.7623862487360971	0.0014548099654482633
0.7633973710819009	0.0014672976046366604
0.7644084934277048	0.0013874500517981354
0.7654196157735086	0.0013994626063591582
0.7664307381193124	0.001411631846414455
0.7674418604651163	0.001385988228593127
0.7684529828109201	0.001398146020072014
0.7694641051567239	0.0014104644872092124
0.7704752275025278	0.0013839616389224592
0.7714863498483316	0.0013569321533923305
0.7724974721941354	0.0013690476190476191
0.7735085945399394	0.0013813260730301089
0.7745197168857432	0.001393770452066416
0.775530839231547	0.0013656190126778362
0.7765419615773509	0.0013780337309749074
0.7775530839231547	0.0013491075134910752
0.7785642062689585	0.0013614846466423695
0.7795753286147624	0.0013740328922335434
0.7805864509605662	0.0013440860215053765
0.78159757330637	0.0013565891472868217
0.782608695652174	0.0013257987394044773
0.7836198179979778	0.0013382475538589794
0.7846309403437816	0.0013508725307821772
0.7856420626895855	0.0013189662881158903
0.7866531850353893	0.001331527871812232
0.7876643073811931	0.001344269765322397
0.788675429726997	0.0013571954361428047
0.7896865520728008	0.0013703084355258268
0.7906976744186046	0.0013836124009192815
0.7917087967644085	0.0013971110584892258
0.7927199191102123	0.001362984218077475
0.7937310414560161	0.001376412634019125
0.7947421638018201	0.0013900404818807004
0.7957532861476239	0.0014038717304566278
0.7967644084934277	0.001417910447761194
0.7977755308392316	0.0013819095477386936
0.7987866531850354	0.0013958682300390843
0.7997977755308392	0.0014100394811054709
0.8008088978766431	0.001424427639075935
0.8018200202224469	0.0014390371533228676
0.8028311425682507	0.001401004493787999
0.8038422649140546	0.0014155226750707762
0.8048533872598584	0.0014302677029360967
0.8058645096056622	0.0014452443280977313
0.8068756319514662	0.0014604574262882337
0.80788675429727	0.0014202172096908939
0.8088978766430738	0.0013790386130811663
0.8099089989888777	0.001336898395721925
0.8109201213346815	0.0013512736472888276
0.8119312436804853	0.0013658820110433014
0.8129423660262892	0.0013807285546415982
0.813953488372093	0.0013958184842005226
0.8149646107178968	0.0013511079084849577
0.8159757330637007	0.0013660372776394876
0.8169868554095046	0.0013812154696132596
0.8179979777553084	0.0013966480446927375
0.8190091001011123	0.0014123407193522065
0.8200202224469161	0.0012695994413762458
0.8210313447927199	0.0012840267077555213
0.8220424671385238	0.0012987012987012987
0.8230535894843276	0.0013136288998357964
0.8240647118301314	0.0013288153611055744
0.8250758341759353	0.0013442667025137787
0.8260869565217391	0.0012239902080783353
0.8270980788675429	0.001238390092879257
0.8281092012133469	0.0012530455969369996
0.8291203235591507	0.001267962806424345
0.8301314459049545	0.0012831479897348161
0.8311425682507584	0.001118245436837169
0.8321536905965622	0.00113179992698065
0.833164812942366	0.0010716925351071693
0.8341759352881699	0.001084842136764926
0.8351870576339737	0.001098235249564493
0.8361981799797775	0.0011118779234721263
0.8372093023255814	0.0011257763975155279
0.8382204246713852	0.001139937106918239
0.839231547017189	0.0011543666905501153
0.840242669362993	0.0010481335160848182
0.8412537917087968	0.0010615711252653928
0.8422649140546006	0.0009925558312655087
0.8432760364004045	0.0009216589861751152
0.8442871587462083	0.0008488243782361429
0.8452982810920121	0.0008599931200550396
0.846309403437816	0.000871383757406762
0.8473205257836198	0.0008830022075055188
0.8483316481294236	0.0008948545861297539
0.8493427704752275	0.0009069472156720479
0.8503538928210314	0.0009192866335723479
0.8513650151668352	0.0009318796011555307
0.8523761375126391	0.000944733112895607
0.8533872598584429	0.0009578544061302681
0.8543983822042467	0.0009712509712509713
0.8554095045500506	0.0009849305623953512
0.8564206268958544	0.0009989012086704626
0.8574317492416582	0.0010131712259371835
0.8584428715874621	0.0010277492291880781
0.8594539939332659	0.0009383797309978105
0.8604651162790697	0.000952078705172961
0.8614762386248737	0.0009660798626019751
0.8624873609706775	0.0008714596949891067
0.8634984833164813	0.0008844665561083472
0.8645096056622852	0.0008977668050723825
0.865520728008089	0.000911369332421964
0.8665318503538928	0.0009252833680314596
0.8675429726996967	0.0009395184967704052
0.8685540950455005	0.0009540846750149076
0.8695652173913043	0.0009689922480620155
0.8705763397371082	0.0008612204724409449
0.871587462082912	0.0007499062617172854
0.8725985844287159	0.0007619047619047619
0.8736097067745198	0.0007741935483870968
0.8746208291203236	0.0007867820613690008
0.8756319514661274	0.0007996801279488205
0.8766430738119313	0.0008128979813033464
0.8776541961577351	0.0008264462809917355
0.8786653185035389	0.0008403361344537816
0.8796764408493428	0.0008545791197835066
0.8806875631951466	0.000869187309865276
0.8816986855409504	0.0008841732979664014
0.8827098078867543	0.0008995502248875562
0.8837209302325582	0.0009153318077803204
0.884732052578362	0.0009315323707498836
0.8857431749241659	0.0009481668773704172
0.8867542972699697	0.0009652509652509653
0.8877654196157735	0.0009828009828009828
0.8887765419615774	0.0008340283569641367
0.8897876643073812	0.0008494733265375467
0.890798786653185	0.0008653513326410523
0.8918099089989889	0.0008816787162757891
0.8928210313447927	0.0008984725965858042
0.8938321536905965	0.0009157509157509158
0.8948432760364005	0.0009335324869305452
0.8958543983822043	0.0009518370454978108
0.8968655207280081	0.0009706853038245001
0.897876643073812	0.0009900990099009901
0.8988877654196158	0.00101010101010101
0.8998988877654196	0.0010307153164296021
0.9009100101112234	0.001051967178624027
0.9019211324570273	0.0010738831615120276
0.9029322548028311	0.0010964912280701754
0.9039433771486349	0.0011198208286674132
0.9049544994944388	0.0011439029970258523
0.9059656218402427	0.0009350163627863488
0.9069767441860465	0.0009555661729574773
0.9079878665318504	0.0009768009768009768
0.9089989888776542	0.0009987515605493133
0.910010111223458	0.0010214504596527069
0.9110212335692619	0.0010449320794148381
0.9120323559150657	0.0010692328254477412
0.9130434782608695	0.001094391244870041
0.9140546006066734	0.0011204481792717086
0.9150657229524772	0.0011474469305794606
0.916076845298281	0.0011754334410813989
0.917087967644085	0.0012044564890093346
0.9180990899898888	0.0012345679012345679
0.9191102123356926	0.0012658227848101266
0.9201213346814965	0.0009737098344693282
0.9211324570273003	0.000999000999000999
0.9221435793731041	0.0010252904989747095
0.923154701718908	0.0010526315789473684
0.9241658240647118	0.001081081081081081
0.9251769464105156	0.0011106997408367272
0.9261880687563195	0.001141552511415525
0.9271991911021233	0.0011737089201877935
0.9282103134479271	0.0012072434607645875
0.9292214357937311	0.0012422360248447205
0.9302325581395349	0.0008525149190110827
0.9312436804853387	0.000877963125548727
0.9322548028311426	0.0009045680687471732
0.9332659251769464	0.0004662004662004662
0.9342770475227502	0.0004807692307692308
0.9352881698685541	0.000496031746031746
0.9362992922143579	0.0005120327700972862
0.9373104145601617	0.0005288207297726071
0.9383215369059656	0.000546448087431694
0.9393326592517695	0.0005649717514124294
0.9403437815975733	0.0005844535359438924
0.9413549039433772	0.0006049606775559589
0.942366026289181	0.0006265664160401002
0.9433771486349848	0.0006493506493506494
0.9443882709807887	0.0006734006734006734
0.9453993933265925	0.0006988120195667365
0.9464105156723963	0.000725689404934688
0.9474216380182002	0.0007541478129713424
0.948432760364004	0.000784313725490196
0.9494438827098078	0.0008163265306122449
0.9504550050556118	0.0008503401360544217
0.9514661274014156	0.0008865248226950354
0.9524772497472194	0.0009250693802035153
0.9534883720930233	0.000966183574879227
0.9544994944388271	0.00101010101010101
0.9555106167846309	0.0010570824524312897
0.9565217391304348	0.0
0.9575328614762386	0.0
0.9585439838220424	0.0
0.9595551061678463	0.0
0.9605662285136501	0.0
0.961577350859454	0.0
0.9625884732052579	0.0
0.9635995955510617	0.0
0.9646107178968655	0.0
0.9656218402426694	0.0
0.9666329625884732	0.0
0.967644084934277	0.0
0.9686552072800809	0.0
0.9696663296258847	0.0
0.9706774519716885	0.0
0.9716885743174924	0.0
0.9726996966632963	0.0
0.9737108190091001	0.0
0.974721941354904	0.0
0.9757330637007078	0.0
0.9767441860465116	0.0
0.9777553083923155	0.0
0.9787664307381193	0.0
0.9797775530839231	0.0
0.980788675429727	0.0
0.9817997977755308	0.0
0.9828109201213346	0.0
0.9838220424671386	0.0
0.9848331648129424	0.0
0.9858442871587462	0.0
0.9868554095045501	0.0
0.9878665318503539	0.0
0.9888776541961577	0.0
0.9898887765419616	0.0
0.9908998988877654	0.0
0.9919110212335692	0.0
0.9929221435793731	0.0
0.993933265925177	0.0
0.9949443882709808	0.0
0.9959555106167847	0.0
0.9969666329625885	0.0
0.9979777553083923	0.0
0.9989888776541962	0.0
1.0	0.0
