Fraction_of_nodes	Efficiency
0.0010111223458038423	0.23936946157150454
0.0020222446916076846	0.23892671440626134
0.003033367037411527	0.23854959196041664
0.004044489383215369	0.23787754339506742
0.005055611729019211	0.23730002670402628
0.006066734074823054	0.23684988663504064
0.007077856420626896	0.23638334049738816
0.008088978766430738	0.2359726642965479
0.00910010111223458	0.23570290979517491
0.010111223458038422	0.23528878331359668
0.011122345803842264	0.23460925498637325
0.012133468149646108	0.2341012865594518
0.01314459049544995	0.23354023966456702
0.014155712841253791	0.23293057342062873
0.015166835187057633	0.23255567611584915
0.016177957532861477	0.232367329451782
0.017189079878665317	0.2322161549673339
0.01820020222446916	0.23200249891387273
0.019211324570273004	0.23160425151679145
0.020222446916076844	0.23121991124156915
0.021233569261880688	0.23082594790613822
0.022244691607684528	0.23058536370223412
0.023255813953488372	0.2303377964549288
0.024266936299292215	0.23011631157000456
0.025278058645096056	0.22983628206064355
0.0262891809908999	0.22933972451221188
0.027300303336703743	0.22897039845644038
0.028311425682507583	0.22873755877477642
0.029322548028311426	0.22827900087557748
0.030333670374115267	0.22795966432844386
0.03134479271991911	0.22763788475687644
0.032355915065722954	0.22704852091589783
0.033367037411526794	0.22686948583271305
0.034378159757330634	0.2265666081458892
0.03538928210313448	0.2260457842524257
0.03640040444893832	0.22550501662812844
0.03741152679474216	0.2253538043337759
0.03842264914054601	0.22519402871100969
0.03943377148634985	0.22491777388771672
0.04044489383215369	0.22423683542208453
0.041456016177957536	0.22374152180726795
0.042467138523761376	0.2236668608230271
0.043478260869565216	0.2234754859329911
0.044489383215369056	0.22346610133992337
0.0455005055611729	0.2231799449872235
0.046511627906976744	0.2229156465789434
0.047522750252780584	0.2224682138398495
0.04853387259858443	0.22230033654018405
0.04954499494438827	0.22208034228506268
0.05055611729019211	0.22180907475047992
0.05156723963599596	0.2211064077539256
0.0525783619817998	0.22070310605382226
0.05358948432760364	0.22031294595093426
0.054600606673407485	0.22005333961571963
0.055611729019211326	0.21971339182847366
0.056622851365015166	0.21964783779158584
0.057633973710819006	0.21952647468641678
0.05864509605662285	0.2194802124915359
0.05965621840242669	0.21916249296642892
0.06066734074823053	0.21891710623014693
0.06167846309403438	0.21862025641453323
0.06268958543983821	0.2184989953468419
0.06370070778564206	0.21809693463966165
0.06471183013144591	0.2176022209599579
0.06572295247724974	0.21737558030373405
0.06673407482305359	0.2172220756176002
0.06774519716885744	0.21670664071746232
0.06875631951466127	0.21661225140160675
0.06976744186046512	0.21646303668262667
0.07077856420626896	0.2162037220487335
0.0717896865520728	0.21583396434678828
0.07280080889787664	0.21521681013756008
0.07381193124368049	0.21503944296963984
0.07482305358948432	0.21482611729996354
0.07583417593528817	0.21444002634435214
0.07684529828109202	0.21417011365932714
0.07785642062689585	0.21361119631970452
0.0788675429726997	0.21318417090768155
0.07987866531850354	0.2124912368268854
0.08088978766430738	0.21212415215760633
0.08190091001011122	0.21196152407483507
0.08291203235591507	0.21167717048526724
0.0839231547017189	0.21148740242867708
0.08493427704752275	0.2113352166682582
0.0859453993933266	0.21131397083351167
0.08695652173913043	0.2113142715508623
0.08796764408493428	0.2112556602781261
0.08897876643073811	0.21114825385117034
0.08998988877654196	0.21069978890944974
0.0910010111223458	0.20994102421451533
0.09201213346814964	0.20965113558348575
0.09302325581395349	0.2088414972783384
0.09403437815975733	0.20848980205473608
0.09504550050556117	0.20803724255948466
0.09605662285136501	0.20770784057129352
0.09706774519716886	0.20740700421692018
0.0980788675429727	0.2072176235191756
0.09908998988877654	0.20686840463396275
0.10010111223458039	0.20671236420513583
0.10111223458038422	0.20635804231864127
0.10212335692618807	0.2055981009196403
0.10313447927199192	0.20541292236511882
0.10414560161779575	0.20489523153660577
0.1051567239635996	0.2043677119750976
0.10616784630940344	0.20417803815165497
0.10717896865520728	0.20381593807587686
0.10819009100101112	0.2037302258253521
0.10920121334681497	0.20367005662580692
0.1102123356926188	0.20331641632794836
0.11122345803842265	0.20276340445430843
0.1122345803842265	0.20275123818975627
0.11324570273003033	0.20268666090286713
0.11425682507583418	0.20203185588072725
0.11526794742163801	0.20145923306303018
0.11627906976744186	0.2012660487014458
0.1172901921132457	0.201228258456897
0.11830131445904954	0.2009676859876614
0.11931243680485339	0.20093536579136634
0.12032355915065723	0.20066459852312502
0.12133468149646107	0.20032451022820466
0.12234580384226491	0.20029353095971814
0.12335692618806876	0.1999296792841989
0.1243680485338726	0.19919661685912704
0.12537917087967643	0.19892425899057062
0.1263902932254803	0.19852971014401935
0.12740141557128412	0.19780188251614556
0.12841253791708795	0.19768154896478357
0.12942366026289182	0.1973202855571065
0.13043478260869565	0.19708320612289956
0.13144590495449948	0.19654978326005088
0.13245702730030334	0.1958830001526712
0.13346814964610718	0.19543338143207634
0.134479271991911	0.19508112407501388
0.13549039433771487	0.19463534209085018
0.1365015166835187	0.194257606518755
0.13751263902932254	0.19373114151172824
0.1385237613751264	0.19383685315249416
0.13953488372093023	0.19339462503652105
0.14054600606673406	0.19335315073306078
0.14155712841253792	0.19315147755475023
0.14256825075834176	0.19299344051270825
0.1435793731041456	0.19245018389529162
0.14459049544994945	0.1920573778728831
0.14560161779575329	0.19190958462274996
0.14661274014155712	0.19134427654237293
0.14762386248736098	0.19087622356601333
0.1486349848331648	0.19055038607827335
0.14964610717896865	0.19025243701039332
0.1506572295247725	0.18997355091114446
0.15166835187057634	0.18994877143930225
0.15267947421638017	0.18969405201561013
0.15369059656218403	0.18951701970494286
0.15470171890798787	0.18932281514953136
0.1557128412537917	0.18882905371767927
0.15672396359959556	0.18853288613685718
0.1577350859453994	0.18822940358685897
0.15874620829120323	0.18806858640148083
0.1597573306370071	0.18785254551659764
0.16076845298281092	0.18790891365582285
0.16177957532861476	0.18783241597524414
0.16279069767441862	0.18767949927169128
0.16380182002022245	0.18732611529663667
0.16481294236602628	0.18726098929374246
0.16582406471183014	0.1869033686800201
0.16683518705763398	0.18695519499132482
0.1678463094034378	0.1868001846886224
0.16885743174924167	0.18635337185235568
0.1698685540950455	0.1862817876890737
0.17087967644084934	0.1861252020656926
0.1718907987866532	0.185935167082289
0.17290192113245703	0.18562385667209466
0.17391304347826086	0.18501421847904748
0.17492416582406473	0.18498982614955248
0.17593528816986856	0.18498215905884616
0.1769464105156724	0.18486543981315956
0.17795753286147623	0.1846430704377335
0.1789686552072801	0.1845287059581291
0.17997977755308392	0.18449244904780593
0.18099089989888775	0.184314255012586
0.1820020222446916	0.18423646609289876
0.18301314459049545	0.18402286004372065
0.18402426693629928	0.18387485609545115
0.18503538928210314	0.18386016163285604
0.18604651162790697	0.18369100325290982
0.1870576339737108	0.1831585502380893
0.18806875631951467	0.1825314598604816
0.1890798786653185	0.18230254640905902
0.19009100101112233	0.18232846804468492
0.1911021233569262	0.18219769221325993
0.19211324570273003	0.1822101451343504
0.19312436804853386	0.18156733574033435
0.19413549039433772	0.181195799363648
0.19514661274014156	0.18104124222230703
0.1961577350859454	0.18054301881868756
0.19716885743174925	0.180294881990688
0.19817997977755308	0.18012370143485862
0.19919110212335692	0.1797379930553464
0.20020222446916078	0.17964962491375147
0.2012133468149646	0.17960241873503272
0.20222446916076844	0.1790877248332369
0.2032355915065723	0.17913107316902174
0.20424671385237614	0.17958687742644927
0.20525783619817997	0.17910495848154293
0.20626895854398383	0.1788804623922535
0.20728008088978767	0.17852114088568014
0.2082912032355915	0.17822764220757054
0.20930232558139536	0.17802809142260523
0.2103134479271992	0.17783752738904282
0.21132457027300303	0.1777598376279155
0.2123356926188069	0.17744411628295015
0.21334681496461072	0.17726639436116245
0.21435793731041455	0.17714909432473974
0.21536905965621841	0.17687318647027583
0.21638018200202225	0.17641363479362676
0.21739130434782608	0.17641428935530712
0.21840242669362994	0.17629862806783905
0.21941354903943378	0.17512370158122853
0.2204246713852376	0.17479985617197677
0.22143579373104147	0.17438500587452116
0.2224469160768453	0.17400761329477793
0.22345803842264914	0.17339023802634074
0.224469160768453	0.17335960031873254
0.22548028311425683	0.17281720722399402
0.22649140546006066	0.17239998203593826
0.2275025278058645	0.17241846433884667
0.22851365015166836	0.1722108024157385
0.2295247724974722	0.1722804234595967
0.23053589484327602	0.17223528759281614
0.23154701718907988	0.17215943761568372
0.23255813953488372	0.17163435128188756
0.23356926188068755	0.1714204930336848
0.2345803842264914	0.1709899905535664
0.23559150657229525	0.17102992387774119
0.23660262891809908	0.17088911493469405
0.23761375126390294	0.17052594202206012
0.23862487360970677	0.17049095744673273
0.2396359959555106	0.17009170099699963
0.24064711830131447	0.16982261208693183
0.2416582406471183	0.1696741148576984
0.24266936299292213	0.16898084670074384
0.243680485338726	0.16886506725502298
0.24469160768452983	0.1678304973882793
0.24570273003033366	0.1682810490591203
0.24671385237613752	0.1680928256327461
0.24772497472194135	0.16806277754415144
0.2487360970677452	0.1679547598986657
0.24974721941354905	0.1677376942148585
0.25075834175935285	0.16708180589718594
0.2517694641051567	0.1663473566581756
0.2527805864509606	0.16630123119927484
0.2537917087967644	0.16627170546501163
0.25480283114256824	0.1658850502739197
0.2558139534883721	0.16593455802264695
0.2568250758341759	0.16596002872360874
0.25783619817997977	0.16556046550409662
0.25884732052578363	0.16523029179680337
0.25985844287158744	0.16507348102049724
0.2608695652173913	0.16552573713288216
0.26188068756319516	0.16534795738738095
0.26289180990899896	0.16530188688717357
0.2639029322548028	0.1647999578023405
0.2649140546006067	0.1643426740561066
0.2659251769464105	0.16344090940627126
0.26693629929221435	0.1631491373929369
0.2679474216380182	0.1624611731700251
0.268958543983822	0.16225382085557946
0.2699696663296259	0.16157073509717074
0.27098078867542974	0.16144612085101379
0.27199191102123355	0.16128679628547823
0.2730030333670374	0.1611683802182023
0.27401415571284127	0.16101739223044803
0.2750252780586451	0.16091417859534868
0.27603640040444893	0.16099262122412972
0.2770475227502528	0.16093124809715786
0.2780586450960566	0.1606505449332692
0.27906976744186046	0.15928240138053085
0.2800808897876643	0.15885622484863082
0.2810920121334681	0.15829523059494285
0.282103134479272	0.15801154132312561
0.28311425682507585	0.15743952935821628
0.28412537917087965	0.15723032606631643
0.2851365015166835	0.15718937260505975
0.2861476238624874	0.15710408051931907
0.2871587462082912	0.1560588300292853
0.28816986855409504	0.15649876850861352
0.2891809908998989	0.15636751956992265
0.2901921132457027	0.1561819294552851
0.29120323559150657	0.15539500868849862
0.29221435793731043	0.1558396296003398
0.29322548028311424	0.15447242414249027
0.2942366026289181	0.15449667100852138
0.29524772497472196	0.15429708395974456
0.29625884732052576	0.15344821582027468
0.2972699696663296	0.15337623366869343
0.2982810920121335	0.15210317482308922
0.2992922143579373	0.15254277937460103
0.30030333670374115	0.15218000008663365
0.301314459049545	0.15169021612578917
0.3023255813953488	0.15168201540666842
0.3033367037411527	0.15067940188841653
0.30434782608695654	0.150340003994799
0.30535894843276035	0.15021188955756817
0.3063700707785642	0.15028072925087196
0.30738119312436807	0.14948925861251244
0.3083923154701719	0.14921467106595698
0.30940343781597573	0.14900943311302722
0.3104145601617796	0.1487524519856513
0.3114256825075834	0.14860237328554562
0.31243680485338726	0.1473259382869821
0.3134479271991911	0.14722332079516903
0.31445904954499493	0.14726395977944365
0.3154701718907988	0.14704222780289827
0.31648129423660265	0.1465234599021184
0.31749241658240646	0.14635240364349475
0.3185035389282103	0.14623120174921345
0.3195146612740142	0.14463019376847483
0.320525783619818	0.1446585992605705
0.32153690596562184	0.14455992450205868
0.3225480283114257	0.14421374816694071
0.3235591506572295	0.14329734553982088
0.32457027300303337	0.14294064339366677
0.32558139534883723	0.14241270266332406
0.32659251769464104	0.1419355104312562
0.3276036400404449	0.14105389689576808
0.32861476238624876	0.14006554413941258
0.32962588473205257	0.13954362481871566
0.3306370070778564	0.13948294193688446
0.3316481294236603	0.13957861910700128
0.3326592517694641	0.13849408568520188
0.33367037411526795	0.13835250124796175
0.3346814964610718	0.13804073579697396
0.3356926188068756	0.1370689241517794
0.3367037411526795	0.1368335721199869
0.33771486349848334	0.13560599835079817
0.33872598584428715	0.13561039546561982
0.339737108190091	0.13602637827379657
0.34074823053589487	0.13607027863856136
0.3417593528816987	0.13609748131145918
0.34277047522750254	0.1334863571747589
0.3437815975733064	0.13244332843385476
0.3447927199191102	0.13217970126448228
0.34580384226491406	0.13219676656439042
0.3468149646107179	0.13194493399647028
0.34782608695652173	0.1314015567105957
0.3488372093023256	0.13113120614767884
0.34984833164812945	0.13153971457804545
0.35085945399393326	0.13099333449831005
0.3518705763397371	0.1310094737111255
0.3528816986855409	0.1308080480736171
0.3538928210313448	0.13065594454466042
0.35490394337714865	0.1306939860399461
0.35591506572295245	0.12983910084295947
0.3569261880687563	0.12983535280256184
0.3579373104145602	0.1293587054116124
0.358948432760364	0.12976742170043265
0.35995955510616784	0.12946257513566434
0.3609706774519717	0.12987291610281385
0.3619817997977755	0.1291647395348841
0.36299292214357937	0.12919353469658781
0.3640040444893832	0.12835552575040907
0.36501516683518703	0.12821742064115332
0.3660262891809909	0.12725941016830056
0.36703741152679475	0.12714134308602498
0.36804853387259856	0.12681423109540763
0.3690596562184024	0.1255100279231741
0.3700707785642063	0.12440123907964526
0.3710819009100101	0.12350776673613023
0.37209302325581395	0.12390617888689194
0.3731041456016178	0.12349581894855911
0.3741152679474216	0.12389548179305283
0.3751263902932255	0.12400155240434045
0.37613751263902934	0.12398265418575925
0.37714863498483314	0.12282530208628724
0.378159757330637	0.1223720521533959
0.37917087967644086	0.12277130844100895
0.38018200202224467	0.12291741974616163
0.38119312436804853	0.12257284858070519
0.3822042467138524	0.12107235886878985
0.3832153690596562	0.1208853336391318
0.38422649140546006	0.12054934456698602
0.3852376137512639	0.12045887325333024
0.3862487360970677	0.12045290260383171
0.3872598584428716	0.12085109401739809
0.38827098078867545	0.12125126320288616
0.38928210313447925	0.12123865923167779
0.3902932254802831	0.12078023752979546
0.391304347826087	0.119879227412816
0.3923154701718908	0.11916906786005871
0.39332659251769464	0.11913452563354324
0.3943377148634985	0.11897851555304259
0.3953488372093023	0.1181299417492806
0.39635995955510617	0.11782822051657123
0.39737108190091003	0.11548666291049445
0.39838220424671383	0.1155673800175301
0.3993933265925177	0.11435876777282591
0.40040444893832156	0.1127985321704518
0.40141557128412536	0.11185337714534746
0.4024266936299292	0.11171752242655693
0.4034378159757331	0.11143490219207174
0.4044489383215369	0.11181393247163661
0.40546006066734075	0.11139633041171419
0.4064711830131446	0.11141798504174753
0.4074823053589484	0.11051013967681914
0.4084934277047523	0.11034058633067981
0.40950455005055614	0.11019800304574628
0.41051567239635994	0.10939197488287992
0.4115267947421638	0.10930703299729902
0.41253791708796766	0.10824600630101176
0.41354903943377147	0.10817554520059446
0.41456016177957533	0.10787089868224563
0.4155712841253792	0.10762221748204229
0.416582406471183	0.1074789858564618
0.41759352881698686	0.10692455268051412
0.4186046511627907	0.10628248525243422
0.4196157735085945	0.10520720359435243
0.4206268958543984	0.10490923683312654
0.42163801820020225	0.10386618197102918
0.42264914054600605	0.10383083290334608
0.4236602628918099	0.10102122170248863
0.4246713852376138	0.10080271620286725
0.4256825075834176	0.09835550243262228
0.42669362992922144	0.09784313817998973
0.4277047522750253	0.09645572900821169
0.4287158746208291	0.09621776029822451
0.42972699696663297	0.09612875191810297
0.43073811931243683	0.09536117411799797
0.43174924165824063	0.0945644414676191
0.4327603640040445	0.09455592649560962
0.43377148634984836	0.09433590579158019
0.43478260869565216	0.09407477572047884
0.435793731041456	0.09406197349756652
0.4368048533872599	0.09167759095515182
0.4378159757330637	0.09169742870877007
0.43882709807886755	0.09097751175884648
0.4398382204246714	0.09042367442045889
0.4408493427704752	0.08978674443514681
0.4418604651162791	0.08887659626854774
0.44287158746208294	0.08917778532124969
0.44388270980788674	0.08896093841201175
0.4448938321536906	0.08781786128497995
0.44590495449949447	0.08813227826401736
0.44691607684529827	0.087201339281899
0.44792719919110213	0.08491699515479907
0.448938321536906	0.08492875069906439
0.4499494438827098	0.08463912600034375
0.45096056622851366	0.08438702304432208
0.45197168857431747	0.08360405532785087
0.4529828109201213	0.08341689536655394
0.4539939332659252	0.08245901811443608
0.455005055611729	0.08229193534276531
0.45601617795753285	0.08175565789527227
0.4570273003033367	0.08099525083863933
0.4580384226491405	0.07956322811675895
0.4590495449949444	0.07932363677331894
0.46006066734074824	0.07913205213025307
0.46107178968655205	0.07896978205460858
0.4620829120323559	0.07900904061401809
0.46309403437815977	0.07865208807734232
0.4641051567239636	0.07779613359797415
0.46511627906976744	0.07670202909541413
0.4661274014155713	0.0756589949978834
0.4671385237613751	0.07483267484405007
0.46814964610717896	0.07476770370606618
0.4691607684529828	0.07182745838941376
0.47017189079878663	0.07073343207695633
0.4711830131445905	0.06847311725077904
0.47219413549039435	0.06793983135397949
0.47320525783619816	0.06587473652153818
0.474216380182002	0.06552595099464793
0.4752275025278059	0.06423883904755466
0.4762386248736097	0.06446655900374205
0.47724974721941354	0.06471642938747749
0.4782608695652174	0.062453726318321794
0.4792719919110212	0.062393050511696996
0.48028311425682507	0.06189999569842594
0.48129423660262893	0.058282746223298564
0.48230535894843274	0.05757307170155063
0.4833164812942366	0.057546252105043515
0.48432760364004046	0.05691856956779372
0.48533872598584427	0.05688185788613853
0.4863498483316481	0.056859415894443786
0.487360970677452	0.05446180756826382
0.4883720930232558	0.0538894871321601
0.48938321536905965	0.052394660404368625
0.4903943377148635	0.052304448266493164
0.4914054600606673	0.052192200773809774
0.4924165824064712	0.05164839485080704
0.49342770475227504	0.05031598622176818
0.49443882709807885	0.050245306960341025
0.4954499494438827	0.049532800407328666
0.49646107178968657	0.049711926041477734
0.4974721941354904	0.04971641860163114
0.49848331648129424	0.04987384781548825
0.4994944388270981	0.0491136974748972
0.5005055611729019	0.049312941683720315
0.5015166835187057	0.04950515527769504
0.5025278058645096	0.04970680560469176
0.5035389282103134	0.049850807501849156
0.5045500505561172	0.04946425892600006
0.5055611729019212	0.049658600193012145
0.506572295247725	0.04922324347890413
0.5075834175935288	0.048704046627743344
0.5085945399393327	0.048904888057136095
0.5096056622851365	0.04858993796711962
0.5106167846309403	0.04878258319388828
0.5116279069767442	0.048469378156737054
0.512639029322548	0.04721880723691881
0.5136501516683518	0.047366464717985036
0.5146612740141557	0.04756423701325846
0.5156723963599595	0.04752315421323329
0.5166835187057633	0.047182379590124585
0.5176946410515673	0.047371816327651584
0.5187057633973711	0.0472650218065499
0.5197168857431749	0.047143194832955634
0.5207280080889788	0.045730777969654024
0.5217391304347826	0.04539694272176499
0.5227502527805864	0.04527726975318334
0.5237613751263903	0.045127061601936434
0.5247724974721941	0.04393492578627316
0.5257836198179979	0.043810599291374173
0.5267947421638018	0.04395826573660257
0.5278058645096056	0.04395105368084508
0.5288169868554095	0.04392307937175657
0.5298281092012134	0.04411240298973827
0.5308392315470172	0.04345497367285175
0.531850353892821	0.04338863389917278
0.5328614762386249	0.04336824352605507
0.5338725985844287	0.04354265416705772
0.5348837209302325	0.04346399209901597
0.5358948432760364	0.043110127088246464
0.5369059656218402	0.04254280490325437
0.537917087967644	0.04270428322463062
0.538928210313448	0.04244855889008168
0.5399393326592518	0.04140720008545977
0.5409504550050556	0.04159001333087019
0.5419615773508595	0.041707619418495656
0.5429726996966633	0.040561473245704145
0.5439838220424671	0.040383502833568896
0.544994944388271	0.04005208649753773
0.5460060667340748	0.04022094772524013
0.5470171890798786	0.0391048658295988
0.5480283114256825	0.03906000039880766
0.5490394337714863	0.03922547387266129
0.5500505561172901	0.03882313169461031
0.5510616784630941	0.03899840542686589
0.5520728008088979	0.03914082149451212
0.5530839231547017	0.039115587821623374
0.5540950455005056	0.03839405868506829
0.5551061678463094	0.038558620559384194
0.5561172901921132	0.03646532370153051
0.5571284125379171	0.036210366715264
0.5581395348837209	0.03456447040541041
0.5591506572295247	0.03466528855670467
0.5601617795753286	0.03475758935500438
0.5611729019211324	0.032961523367570474
0.5621840242669363	0.027885770572941025
0.5631951466127402	0.027833003315807108
0.564206268958544	0.027553245928554113
0.5652173913043478	0.02605041464933238
0.5662285136501517	0.0261721455589087
0.5672396359959555	0.026274668539996937
0.5682507583417593	0.026340850148407806
0.5692618806875632	0.026464807090282667
0.570273003033367	0.02644311077575417
0.5712841253791708	0.026121826046287745
0.5722952477249748	0.026245626169729867
0.5733063700707786	0.02511368131399474
0.5743174924165824	0.02518350214685518
0.5753286147623863	0.025268667933516637
0.5763397371081901	0.02534541600305419
0.5773508594539939	0.025260521268614503
0.5783619817997978	0.025381966082405918
0.5793731041456016	0.025107316090657313
0.5803842264914054	0.025216966706775257
0.5813953488372093	0.024749652736132985
0.5824064711830131	0.024155185633475535
0.583417593528817	0.024272729115876877
0.5844287158746209	0.024268291298140465
0.5854398382204247	0.024292513992555057
0.5864509605662285	0.02365491068163216
0.5874620829120324	0.02331728807509904
0.5884732052578362	0.022647438022879125
0.58948432760364	0.022732923556791688
0.5904954499494439	0.022457258741977293
0.5915065722952477	0.022543117268356477
0.5925176946410515	0.022624409026182093
0.5935288169868554	0.022737248971449832
0.5945399393326593	0.02279087702844343
0.5955510616784631	0.022905117013548408
0.596562184024267	0.02284736878569193
0.5975733063700708	0.022764133813297685
0.5985844287158746	0.022734077088923953
0.5995955510616785	0.02268230267940361
0.6006066734074823	0.022420930923834126
0.6016177957532861	0.020959398173307976
0.60262891809909	0.020759607576540384
0.6036400404448938	0.020841872215048025
0.6046511627906976	0.020948753611022632
0.6056622851365016	0.019966086880551678
0.6066734074823054	0.020028147602773615
0.6076845298281092	0.02011167301993812
0.6086956521739131	0.018868762177092196
0.6097067745197169	0.015664809827317057
0.6107178968655207	0.013871546440497474
0.6117290192113246	0.013099087995994154
0.6127401415571284	0.013147164639501129
0.6137512639029322	0.012107552207230294
0.6147623862487361	0.012171276166215717
0.6157735085945399	0.012095703790135314
0.6167846309403437	0.010114253746816638
0.6177957532861477	0.010024056673237944
0.6188068756319515	0.009996097351042788
0.6198179979777553	0.01003522547308524
0.6208291203235592	0.010074629530873576
0.621840242669363	0.010107143924137425
0.6228513650151668	0.01016148340760053
0.6238624873609707	0.008877984852356663
0.6248736097067745	0.008756441930296394
0.6258847320525783	0.008742865673760005
0.6268958543983822	0.008720351174067179
0.627906976744186	0.008767873523789615
0.6289180990899899	0.008800895807305807
0.6299292214357938	0.008834148713443601
0.6309403437815976	0.008795127151103399
0.6319514661274014	0.008843585151935925
0.6329625884732053	0.008823954715124104
0.6339737108190091	0.008793258392858988
0.6349848331648129	0.008842109828374873
0.6359959555106168	0.008303124194489149
0.6370070778564206	0.008333948825071023
0.6380182002022244	0.008341515820038012
0.6390293225480284	0.008372641636733848
0.6400404448938322	0.008419811448771786
0.641051567239636	0.008269971145359118
0.6420626895854399	0.008316826505956052
0.6430738119312437	0.008292991408897336
0.6440849342770475	0.008324057405011227
0.6450960566228514	0.008267818962568708
0.6461071789686552	0.008271809738449166
0.647118301314459	0.008319348874877034
0.6481294236602629	0.008367299012484395
0.6491405460060667	0.008009161966284171
0.6501516683518705	0.0080555918907264
0.6511627906976745	0.008071531322289716
0.6521739130434783	0.008118595644868665
0.6531850353892821	0.008149023386095711
0.654196157735086	0.00803694070787763
0.6552072800808898	0.007906251215290415
0.6562184024266936	0.007856426499060584
0.6572295247724975	0.00788545948125991
0.6582406471183013	0.007914699122800583
0.6592517694641051	0.007961810427102967
0.660262891809909	0.007991575322332294
0.6612740141557129	0.007766839916719299
0.6622851365015167	0.007780520505071437
0.6632962588473206	0.007827391110523675
0.6643073811931244	0.007798854496066338
0.6653185035389282	0.00780431247473272
0.6663296258847321	0.007851755103758452
0.6673407482305359	0.00781428607759325
0.6683518705763397	0.007603885862444858
0.6693629929221436	0.007650535468962925
0.6703741152679474	0.007650423615501515
0.6713852376137512	0.0076580789686203155
0.6723963599595552	0.007676830976911275
0.673407482305359	0.0072059075453110724
0.6744186046511628	0.007250804165531079
0.6754297269969667	0.007276651286581225
0.6764408493427705	0.007103490270614121
0.6774519716885743	0.0070824473113466095
0.6784630940343782	0.007127131521512834
0.679474216380182	0.007082394483065351
0.6804853387259858	0.007127362067084814
0.6814964610717897	0.007047970508692395
0.6825075834175935	0.007072655857784383
0.6835187057633973	0.006984873054546216
0.6845298281092013	0.006978262459959242
0.6855409504550051	0.006910438729752098
0.6865520728008089	0.00695516648852072
0.6875631951466128	0.006979315323155968
0.6885743174924166	0.006862269250695176
0.6895854398382204	0.006763186888689875
0.6905965621840243	0.006807535655173088
0.6916076845298281	0.006852322073957121
0.6926188068756319	0.00686498287625178
0.6936299292214358	0.006888589848723622
0.6946410515672397	0.006934361209844709
0.6956521739130435	0.00695844189033559
0.6966632962588474	0.00637179134503549
0.6976744186046512	0.006414555045337741
0.698685540950455	0.006457750702208703
0.6996966632962589	0.0064445090960242426
0.7007077856420627	0.006465296422923539
0.7017189079878665	0.006322107117679574
0.7027300303336703	0.006365261432476022
0.7037411526794742	0.00637379436061
0.704752275025278	0.0064176005074183156
0.7057633973710818	0.00646185982126258
0.7067745197168858	0.006506578574350903
0.7077856420626896	0.006527733928252945
0.7087967644084934	0.006512731686947699
0.7098078867542973	0.0063540079877400886
0.7108190091001011	0.00633725535087329
0.7118301314459049	0.006253393669998542
0.7128412537917088	0.006297587264839521
0.7138523761375126	0.006317190231933464
0.7148634984833164	0.006299054587840817
0.7158746208291203	0.006280499283803788
0.7168857431749242	0.006261516687783945
0.717896865520728	0.006306563570429873
0.7189079878665319	0.00632612632326938
0.7199191102123357	0.006371967818365534
0.7209302325581395	0.006418309402499102
0.7219413549039434	0.005680176124104442
0.7229524772497472	0.005721789136002644
0.723963599595551	0.005736927264480577
0.7249747219413549	0.005672996766034519
0.7259858442871587	0.005687685357632043
0.7269969666329625	0.0057299729811088615
0.7280080889787665	0.005631060943716982
0.7290192113245703	0.005383957258013928
0.7300303336703741	0.00542443813965313
0.731041456016178	0.00542281806716477
0.7320525783619818	0.005463900022219048
0.7330637007077856	0.005505450592730219
0.7340748230535895	0.005518451884515785
0.7350859453993933	0.0055607388721365955
0.7360970677451971	0.005603513786537646
0.737108190091001	0.005617084133567637
0.7381193124368048	0.00566062742142475
0.7391304347826086	0.0056342982367776386
0.7401415571284126	0.0054629911269016215
0.7411526794742164	0.005459882233779281
0.7421638018200202	0.005471994939340922
0.7431749241658241	0.00551525181633176
0.7441860465116279	0.005454458334187288
0.7451971688574317	0.0054979201535832025
0.7462082912032356	0.0055419035148118675
0.7472194135490394	0.005538224024971
0.7482305358948432	0.005447011837897953
0.7492416582406471	0.005491117196909273
0.750252780586451	0.005502845117242264
0.7512639029322548	0.005437152950841344
0.7522750252780587	0.005431535770277815
0.7532861476238625	0.005476239768387097
0.7542972699696663	0.005521497948291123
0.7553083923154702	0.0055673195080279785
0.756319514661274	0.005482179665270943
0.7573306370070778	0.0054931881422467105
0.7583417593528817	0.005504188879421808
0.7593528816986855	0.005550637730724946
0.7603640040444893	0.005561919327742105
0.7613751263902933	0.005609254811382463
0.7623862487360971	0.005657197160197698
0.7633973710819009	0.005669074352358157
0.7644084934277048	0.005680947014933982
0.7654196157735086	0.0056430550300904025
0.7664307381193124	0.005654481557925933
0.7674418604651163	0.005703865676335767
0.7684529828109201	0.005753899585777308
0.7694641051567239	0.004938695858589204
0.7704752275025278	0.00494341629677484
0.7714863498483316	0.004987357774968394
0.7724974721941354	0.0050318877551020404
0.7735085945399394	0.005036978356364967
0.7745197168857432	0.005082356539755643
0.775530839231547	0.005087585969938911
0.7765419615773509	0.00513383675148381
0.7775530839231547	0.005180721105378639
0.7785642062689585	0.00511165171527117
0.7795753286147624	0.005158763712646941
0.7805864509605662	0.005206530043319598
0.78159757330637	0.005254962880931874
0.782608695652174	0.005304074683557405
0.7836198179979778	0.00527343709191807
0.7846309403437816	0.005109851984021529
0.7856420626895855	0.0047626321982487604
0.7866531850353893	0.004807990600136844
0.7876643073811931	0.004808431612942892
0.788675429726997	0.004808659907344119
0.7896865520728008	0.00485512038954068
0.7906976744186046	0.004718557529166789
0.7917087967644085	0.004693552691421506
0.7927199191102123	0.004691743906234582
0.7937310414560161	0.004737967984128519
0.7947421638018201	0.004622300724090707
0.7957532861476239	0.00466829376612146
0.7967644084934277	0.0047149767037826746
0.7977755308392316	0.004100502512562814
0.7987866531850354	0.004141921729861428
0.7997977755308392	0.004081423370763472
0.8008088978766431	0.004123070548016161
0.8018200202224469	0.0041653584510727365
0.8028311425682507	0.003843510441448586
0.8038422649140546	0.003883339565194167
0.8048533872598584	0.003869818652849741
0.8058645096056622	0.003910340314136126
0.8068756319514662	0.0038229080554790114
0.80788675429727	0.0036452241715399605
0.8088978766430738	0.0036277158617584143
0.8099089989888777	0.0035811810217317094
0.8109201213346815	0.003619688344546029
0.8119312436804853	0.003600697471665213
0.8129423660262892	0.0035517038777908337
0.813953488372093	0.0035905203136136843
0.8149646107178968	0.0035399027202305884
0.8159757330637007	0.003579017667415457
0.8169868554095046	0.0036187845303867396
0.8179979777553084	0.0036592178770949715
0.8190091001011123	0.00370033268470278
0.8200202224469161	0.0036469243953532655
0.8210313447927199	0.0036883667180277343
0.8220424671385238	0.0036114718614718606
0.8230535894843276	0.003652983032293376
0.8240647118301314	0.0036952140500077506
0.8250758341759353	0.003738181655240399
0.8260869565217391	0.0037139036221043556
0.8270980788675429	0.0036543974314872138
0.8281092012133469	0.0036280310940944418
0.8291203235591507	0.0035655583732506803
0.8301314459049545	0.00353697367170421
0.8311425682507584	0.003507442945434432
0.8321536905965622	0.0035499574053790917
0.833164812942366	0.0032273959103227396
0.8341759352881699	0.00326699586014265
0.8351870576339737	0.0033073291423666336
0.8361981799797775	0.0033484139764333
0.8372093023255814	0.003390269151138716
0.8382204246713852	0.003432914046121593
0.839231547017189	0.0034763686543003475
0.840242669362993	0.0034400279502270954
0.8412537917087968	0.0032799825793456364
0.8422649140546006	0.003322304935208161
0.8432760364004045	0.0033654517525485267
0.8442871587462083	0.0033245621480915595
0.8452982810920121	0.0032393074188739822
0.846309403437816	0.003282212152898803
0.8473205257836198	0.0033259749816041207
0.8483316481294236	0.0033706189410887396
0.8493427704752275	0.0033254731241308426
0.8503538928210314	0.0033707176564319427
0.8513650151668352	0.00332370391078806
0.8523761375126391	0.0033695481026609986
0.8533872598584429	0.003416347381864624
0.8543983822042467	0.0034641284641284647
0.8554095045500506	0.003414425949637218
0.8564206268958544	0.003462857523390937
0.8574317492416582	0.0034110097939885177
0.8584428715874621	0.0033573141486810554
0.8594539939332659	0.0034059708754735347
0.8604651162790697	0.003455693078035192
0.8614762386248737	0.0032560469443251756
0.8624873609706775	0.0033042846768336965
0.8634984833164813	0.003353602358577483
0.8645096056622852	0.0034040324692327837
0.865520728008089	0.0034556087187666137
0.8665318503538928	0.0035083661037859514
0.8675429726996967	0.0035623409669211198
0.8685540950455005	0.003617571059431525
0.8695652173913043	0.0036740956072351424
0.8705763397371082	0.003731955380577428
0.871587462082912	0.0037911927675707206
0.8725985844287159	0.003851851851851852
0.8736097067745198	0.0037849462365591403
0.8746208291203236	0.0038464900778040043
0.8756319514661274	0.003909547292194233
0.8766430738119313	0.003838684911710247
0.8776541961577351	0.0039026629935720843
0.8786653185035389	0.003968253968253968
0.8796764408493428	0.00389308265679153
0.8806875631951466	0.003959631078275146
0.8816986855409504	0.004027900579624717
0.8827098078867543	0.004097951024487756
0.8837209302325582	0.004169844902110348
0.884732052578362	0.0042436474667494695
0.8857431749241659	0.004029709228824273
0.8867542972699697	0.004102316602316602
0.8877654196157735	0.004176904176904177
0.8887765419615774	0.0042535446205170975
0.8897876643073812	0.004332313965341488
0.890798786653185	0.004413291796469367
0.8918099089989889	0.004496561453006524
0.8928210313447927	0.00440251572327044
0.8938321536905965	0.004487179487179487
0.8948432760364005	0.004574309185959672
0.8958543983822043	0.004473634113839711
0.8968655207280081	0.00456222092797515
0.897876643073812	0.004653465346534653
0.8988877654196158	0.004747474747474748
0.8998988877654196	0.0045351473922902496
0.9009100101112234	0.004628655585945719
0.9019211324570273	0.004510309278350515
0.9029322548028311	0.0042763157894736845
0.9039433771486349	0.004367301231802912
0.9049544994944388	0.004232441088995653
0.9059656218402427	0.004090696587190276
0.9069767441860465	0.003941710463449594
0.9079878665318504	0.003785103785103785
0.9089989888776542	0.0038701622971285894
0.910010111223458	0.003958120531154239
0.9110212335692619	0.004049111807732497
0.9120323559150657	0.003875968992248062
0.9130434782608695	0.003967168262653899
0.9140546006066734	0.004061624649859944
0.9150657229524772	0.004159495123350545
0.916076845298281	0.004260946223920071
0.917087967644085	0.004366154772658838
0.9180990899898888	0.004475308641975309
0.9191102123356926	0.004588607594936709
0.9201213346814965	0.004706264199935086
0.9211324570273003	0.004828504828504829
0.9221435793731041	0.004955570745044429
0.923154701718908	0.004736842105263158
0.9241658240647118	0.004864864864864865
0.9251769464105156	0.004998148833765272
0.9261880687563195	0.004185692541856925
0.9271991911021233	0.004303599374021909
0.9282103134479271	0.004426559356136821
0.9292214357937311	0.003933747412008281
0.9302325581395349	0.0040494458653026425
0.9312436804853387	0.004170324846356453
0.9322548028311426	0.003844414292175486
0.9332659251769464	0.003962703962703963
0.9342770475227502	0.004086538461538462
0.9352881698685541	0.004216269841269841
0.9362992922143579	0.004352278545826933
0.9373104145601617	0.004494976203067161
0.9383215369059656	0.004644808743169399
0.9393326592517695	0.00480225988700565
0.9403437815975733	0.004967855055523086
0.9413549039433772	0.00514216575922565
0.942366026289181	0.004699248120300752
0.9433771486349848	0.00487012987012987
0.9443882709807887	0.005050505050505051
0.9453993933265925	0.005241090146750524
0.9464105156723963	0.00544267053701016
0.9474216380182002	0.005656108597285068
0.948432760364004	0.0058823529411764705
0.9494438827098078	0.006122448979591836
0.9504550050556118	0.006377551020408163
0.9514661274014156	0.006648936170212766
0.9524772497472194	0.006938020351526364
0.9534883720930233	0.007246376811594203
0.9544994944388271	0.007575757575757576
0.9555106167846309	0.006871035940803382
0.9565217391304348	0.007198228128460687
0.9575328614762386	0.007549361207897794
0.9585439838220424	0.007926829268292683
0.9595551061678463	0.007051282051282051
0.9605662285136501	0.007422402159244264
0.961577350859454	0.007823613086770981
0.9625884732052579	0.006006006006006006
0.9635995955510617	0.006349206349206349
0.9646107178968655	0.0067226890756302525
0.9656218402426694	0.0053475935828877
0.9666329625884732	0.005681818181818182
0.967644084934277	0.006048387096774193
0.9686552072800809	0.0064516129032258064
0.9696663296258847	0.006896551724137931
0.9706774519716885	0.007389162561576354
0.9716885743174924	0.007936507936507936
0.9726996966632963	0.008547008547008548
0.9737108190091001	0.009230769230769232
0.974721941354904	0.01
0.9757330637007078	0.010869565217391304
0.9767441860465116	0.011857707509881422
0.9777553083923155	0.012987012987012988
0.9787664307381193	0.009523809523809525
0.9797775530839231	0.010526315789473684
0.980788675429727	0.011695906432748537
0.9817997977755308	0.013071895424836602
0.9828109201213346	0.007352941176470588
0.9838220424671386	0.008333333333333333
0.9848331648129424	0.009523809523809525
0.9858442871587462	0.01098901098901099
0.9868554095045501	0.01282051282051282
0.9878665318503539	0.015151515151515152
0.9888776541961577	0.01818181818181818
0.9898887765419616	0.022222222222222223
0.9908998988877654	0.027777777777777776
0.9919110212335692	0.03571428571428571
0.9929221435793731	0.0
0.993933265925177	0.0
0.9949443882709808	0.0
0.9959555106167847	0.0
0.9969666329625885	0.0
0.9979777553083923	0.0
0.9989888776541962	0.0
1.0	0.0
