Fraction_of_nodes	Efficiency
0.0010111223458038423	0.2392828942257065
0.0020222446916076846	0.23878161193714348
0.003033367037411527	0.2382740356792105
0.004044489383215369	0.23769305258472118
0.005055611729019211	0.23730002670402628
0.006066734074823054	0.23684988663504064
0.007077856420626896	0.236381069962536
0.008088978766430738	0.2358424711581731
0.00910010111223458	0.23552140959647505
0.010111223458038422	0.23504143875487593
0.011122345803842264	0.234549032594107
0.012133468149646108	0.2342968960380387
0.01314459049544995	0.2339222212227886
0.014155712841253791	0.23369708890379812
0.015166835187057633	0.2335249480519666
0.016177957532861477	0.23300888893452681
0.017189079878665317	0.23257727073703205
0.01820020222446916	0.23235399065245463
0.019211324570273004	0.23194531119382325
0.020222446916076844	0.23173518283762667
0.021233569261880688	0.23149143091686028
0.022244691607684528	0.2313182231774871
0.023255813953488372	0.23090326210954776
0.024266936299292215	0.23068156572834939
0.025278058645096056	0.23025047689337672
0.0262891809908999	0.22971465526099236
0.027300303336703743	0.229446842013026
0.028311425682507583	0.22932694445246124
0.029322548028311426	0.2289078861989838
0.030333670374115267	0.22827356656317901
0.03134479271991911	0.2281976204562886
0.032355915065722954	0.22801933114045334
0.033367037411526794	0.22777174920399912
0.034378159757330634	0.22724688100141702
0.03538928210313448	0.22704164113833866
0.03640040444893832	0.2267861228097023
0.03741152679474216	0.22631309709401878
0.03842264914054601	0.22615703911119953
0.03943377148634985	0.22562178188806048
0.04044489383215369	0.22494509517317754
0.041456016177957536	0.2245821910682062
0.042467138523761376	0.22426089098350008
0.043478260869565216	0.22379706911171143
0.044489383215369056	0.22360477581996296
0.0455005055611729	0.22297465576264264
0.046511627906976744	0.22277021907199876
0.047522750252780584	0.2222554116534408
0.04853387259858443	0.22212082434821723
0.04954499494438827	0.22197552204294171
0.05055611729019211	0.22149343622681256
0.05156723963599596	0.22110183948455722
0.0525783619817998	0.22086629714550926
0.05358948432760364	0.22068759581088684
0.054600606673407485	0.2201519186619
0.055611729019211326	0.2199000790286318
0.056622851365015166	0.2194071484545592
0.057633973710819006	0.21914779540374965
0.05864509605662285	0.21857102708559722
0.05965621840242669	0.21842904690135864
0.06066734074823053	0.2182258912117824
0.06167846309403438	0.21783003483264807
0.06268958543983821	0.2177311242753669
0.06370070778564206	0.21740933497582215
0.06471183013144591	0.21692585721216226
0.06572295247724974	0.21660765086376574
0.06673407482305359	0.21639533420241613
0.06774519716885744	0.21621752545412684
0.06875631951466127	0.21597761176469432
0.06976744186046512	0.21556837536126605
0.07077856420626896	0.21516838011871503
0.0717896865520728	0.21457060347513313
0.07280080889787664	0.21431307252996576
0.07381193124368049	0.2141615248963082
0.07482305358948432	0.2140158525181303
0.07583417593528817	0.2137382774445338
0.07684529828109202	0.21342135554489128
0.07785642062689585	0.2132037189499014
0.0788675429726997	0.21281745409512873
0.07987866531850354	0.2123058952506769
0.08088978766430738	0.21185439308253207
0.08190091001011122	0.21170617574295952
0.08291203235591507	0.21111093050408028
0.0839231547017189	0.21101287101783023
0.08493427704752275	0.2103552278980167
0.0859453993933266	0.20982423251059434
0.08695652173913043	0.2094075865795686
0.08796764408493428	0.20925285564203738
0.08897876643073811	0.20895703774205288
0.08998988877654196	0.20861496214717248
0.0910010111223458	0.20825198949006113
0.09201213346814964	0.20823135366112683
0.09302325581395349	0.2079146421322429
0.09403437815975733	0.207810422644681
0.09504550050556117	0.2072881033819086
0.09605662285136501	0.20715833863329186
0.09706774519716886	0.20712993046202138
0.0980788675429727	0.20689391183314745
0.09908998988877654	0.20683937646511094
0.10010111223458039	0.20673583338224968
0.10111223458038422	0.20662752580664087
0.10212335692618807	0.20626658729135913
0.10313447927199192	0.20594105104781535
0.10414560161779575	0.2058853977203947
0.1051567239635996	0.20527818660444172
0.10616784630940344	0.2050328619413579
0.10717896865520728	0.20477438214457772
0.10819009100101112	0.20458112251762467
0.10920121334681497	0.2043849237992774
0.1102123356926188	0.20435149078455656
0.11122345803842265	0.20403074762695175
0.1122345803842265	0.20365412643360872
0.11324570273003033	0.20337837341884604
0.11425682507583418	0.20328948642155018
0.11526794742163801	0.20323154168138968
0.11627906976744186	0.20262224976906743
0.1172901921132457	0.20226909889921968
0.11830131445904954	0.20192451401214714
0.11931243680485339	0.2017950983083458
0.12032355915065723	0.20156910111784723
0.12133468149646107	0.2014835800956178
0.12234580384226491	0.20133595423498
0.12335692618806876	0.2011741715976868
0.1243680485338726	0.20101160336214838
0.12537917087967643	0.20066494619028344
0.1263902932254803	0.20041850964653513
0.12740141557128412	0.20007240670288717
0.12841253791708795	0.19935825474769378
0.12942366026289182	0.1985900733326418
0.13043478260869565	0.19838401076505593
0.13144590495449948	0.19824754340843379
0.13245702730030334	0.19809703367836148
0.13346814964610718	0.1976484238176872
0.134479271991911	0.19768933646619977
0.13549039433771487	0.19694774740730023
0.1365015166835187	0.1969552554066825
0.13751263902932254	0.19655571225815155
0.1385237613751264	0.1960955450085674
0.13953488372093023	0.19617878844730613
0.14054600606673406	0.19605185377142864
0.14155712841253792	0.19547594348597894
0.14256825075834176	0.19531174214172
0.1435793731041456	0.19447938048394556
0.14459049544994945	0.1944777112725155
0.14560161779575329	0.19428248666301948
0.14661274014155712	0.1938899203371449
0.14762386248736098	0.19346972309912602
0.1486349848331648	0.19337987869967777
0.14964610717896865	0.1932475955285656
0.1506572295247725	0.19294551778873884
0.15166835187057634	0.19258999911868857
0.15267947421638017	0.1923969323021355
0.15369059656218403	0.19174431276162154
0.15470171890798787	0.1914926375627843
0.1557128412537917	0.19120176995227578
0.15672396359959556	0.19100970627934036
0.1577350859453994	0.18986691881606918
0.15874620829120323	0.1896020065805402
0.1597573306370071	0.18916522451227333
0.16076845298281092	0.1889690116763947
0.16177957532861476	0.18866775057614907
0.16279069767441862	0.18855578374876644
0.16380182002022245	0.18846855653689115
0.16481294236602628	0.1884797593872596
0.16582406471183014	0.18757351729345523
0.16683518705763398	0.187106345728326
0.1678463094034378	0.18675306209735007
0.16885743174924167	0.1866393109159956
0.1698685540950455	0.18664162955607694
0.17087967644084934	0.18662012407919765
0.1718907987866532	0.18657919981096419
0.17290192113245703	0.18612987114873095
0.17391304347826086	0.18542927511530544
0.17492416582406473	0.18476861626757166
0.17593528816986856	0.18459925654543716
0.1769464105156724	0.1844167291665348
0.17795753286147623	0.18432021111655258
0.1789686552072801	0.18384962610279426
0.17997977755308392	0.18304347579174068
0.18099089989888775	0.18247159684754333
0.1820020222446916	0.18204946741776057
0.18301314459049545	0.18168934746162752
0.18402426693629928	0.1815131325081651
0.18503538928210314	0.18125252416247054
0.18604651162790697	0.18110301164596565
0.1870576339737108	0.18073462276049276
0.18806875631951467	0.1806577482342237
0.1890798786653185	0.18036706857111415
0.19009100101112233	0.1798315770957839
0.1911021233569262	0.17972842541240966
0.19211324570273003	0.179411446051297
0.19312436804853386	0.17891472456469107
0.19413549039433772	0.178660510502834
0.19514661274014156	0.17860046520700806
0.1961577350859454	0.1784135793283843
0.19716885743174925	0.1783991635446125
0.19817997977755308	0.17833060977279364
0.19919110212335692	0.17740631291125206
0.20020222446916078	0.17702038005987497
0.2012133468149646	0.1765001482820878
0.20222446916076844	0.17629206085365406
0.2032355915065723	0.17572696191317702
0.20424671385237614	0.17549840132205666
0.20525783619817997	0.17495090774899302
0.20626895854398383	0.17469725128204386
0.20728008088978767	0.17470178893047744
0.2082912032355915	0.17453683052467908
0.20930232558139536	0.17403771499239665
0.2103134479271992	0.17387383019600705
0.21132457027300303	0.17334864214853632
0.2123356926188069	0.17315748417333962
0.21334681496461072	0.1730390096802355
0.21435793731041455	0.17266196243517842
0.21536905965621841	0.1722763884580322
0.21638018200202225	0.1720644482258874
0.21739130434782608	0.17177565401603995
0.21840242669362994	0.17114343690303863
0.21941354903943378	0.1710740570331544
0.2204246713852376	0.17051070197100035
0.22143579373104147	0.1702288218179705
0.2224469160768453	0.16997529044819482
0.22345803842264914	0.16984090774924737
0.224469160768453	0.1697789314143843
0.22548028311425683	0.16912332580549355
0.22649140546006066	0.16779355246646452
0.2275025278058645	0.16747285529961575
0.22851365015166836	0.16708303017203952
0.2295247724974722	0.16655394167409512
0.23053589484327602	0.1663749084325822
0.23154701718907988	0.16612597973568902
0.23255813953488372	0.16504203228589526
0.23356926188068755	0.16509331897986607
0.2345803842264914	0.1647872980201106
0.23559150657229525	0.16429278426584187
0.23660262891809908	0.16405415700191905
0.23761375126390294	0.1638006779724976
0.23862487360970677	0.16241763148802002
0.2396359959555106	0.16177522178416232
0.24064711830131447	0.16035331547141077
0.2416582406471183	0.16036383601522597
0.24266936299292213	0.15886305568166056
0.243680485338726	0.15817269098910303
0.24469160768452983	0.15829101395050116
0.24570273003033366	0.15809427325246092
0.24671385237613752	0.15803087093719373
0.24772497472194135	0.15746367872161648
0.2487360970677452	0.15788810912248338
0.24974721941354905	0.15771367847670253
0.25075834175935285	0.1573481960016157
0.2517694641051567	0.1569806373692523
0.2527805864509606	0.15675357367257564
0.2537917087967644	0.15673982236911993
0.25480283114256824	0.15605776550285336
0.2558139534883721	0.15594830842403326
0.2568250758341759	0.15601708015527854
0.25783619817997977	0.15580922663061816
0.25884732052578363	0.1552322787582808
0.25985844287158744	0.154862547158484
0.2608695652173913	0.15461419845116167
0.26188068756319516	0.15286608103859212
0.26289180990899896	0.1525627489032588
0.2639029322548028	0.15222738508513942
0.2649140546006067	0.1520301892473904
0.2659251769464105	0.1519351649897167
0.26693629929221435	0.15168555696496777
0.2679474216380182	0.15164541747736032
0.268958543983822	0.15152664531649274
0.2699696663296259	0.15115064834706735
0.27098078867542974	0.15043931619908377
0.27199191102123355	0.15021306549308597
0.2730030333670374	0.14966230160675878
0.27401415571284127	0.14902189870004623
0.2750252780586451	0.1479982164837549
0.27603640040444893	0.1480215184120088
0.2770475227502528	0.14745006098957553
0.2780586450960566	0.14753337188673504
0.27906976744186046	0.1469911207104446
0.2800808897876643	0.14640831187742426
0.2810920121334681	0.14574657123102905
0.282103134479272	0.14436933863195373
0.28311425682507585	0.1444172534943669
0.28412537917087965	0.14419597925650496
0.2851365015166835	0.14343475093743507
0.2861476238624874	0.14292601234508553
0.2871587462082912	0.14280097069941444
0.28816986855409504	0.14140013499263923
0.2891809908998989	0.14102218358803562
0.2901921132457027	0.14076920811541588
0.29120323559150657	0.14034842223369257
0.29221435793731043	0.13980651043843803
0.29322548028311424	0.13976334214210237
0.2942366026289181	0.13969265483882276
0.29524772497472196	0.13873221498615523
0.29625884732052576	0.13862206487356823
0.2972699696663296	0.1377063584813504
0.2982810920121335	0.13701391701015586
0.2992922143579373	0.13693459367593339
0.30030333670374115	0.13610333360256777
0.301314459049545	0.13563244504659647
0.3023255813953488	0.13538085942794886
0.3033367037411527	0.13541548099041564
0.30434782608695654	0.13516122104457046
0.30535894843276035	0.13469256482512829
0.3063700707785642	0.13431072685842213
0.30738119312436807	0.1335743846430059
0.3083923154701719	0.13336360394294933
0.30940343781597573	0.13375469955568522
0.3104145601617796	0.13363536642147378
0.3114256825075834	0.13338829969886895
0.31243680485338726	0.13130197156253184
0.3134479271991911	0.131261587953514
0.31445904954499493	0.13060373224001365
0.3154701718907988	0.12957310741199068
0.31648129423660265	0.12930214765525552
0.31749241658240646	0.12915300931148802
0.3185035389282103	0.12834903481115548
0.3195146612740142	0.1283328638565083
0.320525783619818	0.12771763488419155
0.32153690596562184	0.12722540931960655
0.3225480283114257	0.12695795441838784
0.3235591506572295	0.12621475528846562
0.32457027300303337	0.12613926972068076
0.32558139534883723	0.12531201504544043
0.32659251769464104	0.12500185555654394
0.3276036400404449	0.1249651570267497
0.32861476238624876	0.12490502798038151
0.32962588473205257	0.12477289111470423
0.3306370070778564	0.12453700118245657
0.3316481294236603	0.124314759254528
0.3326592517694641	0.12420835357407072
0.33367037411526795	0.12403723060003555
0.3346814964610718	0.12390107229105263
0.3356926188068756	0.12427881946267168
0.3367037411526795	0.12427294170726601
0.33771486349848334	0.12465298128435245
0.33872598584428715	0.12400401529347542
0.339737108190091	0.1221747498223801
0.34074823053589487	0.12187608396242526
0.3417593528816987	0.12179609596713102
0.34277047522750254	0.12168851471405734
0.3437815975733064	0.12143327019454841
0.3447927199191102	0.12115088186809203
0.34580384226491406	0.12075547633312929
0.3468149646107179	0.12028775723065864
0.34782608695652173	0.11997132329536539
0.3488372093023256	0.11874588823985577
0.34984833164812945	0.11876592137815893
0.35085945399393326	0.1175359412667624
0.3518705763397371	0.11736082464901432
0.3528816986855409	0.1156769362854661
0.3538928210313448	0.11551724092421488
0.35490394337714865	0.11551973761884339
0.35591506572295245	0.11481960464417743
0.3569261880687563	0.11438057221404893
0.3579373104145602	0.11376037921699482
0.358948432760364	0.11363758416002188
0.35995955510616784	0.11367820485245873
0.3609706774519717	0.1135451656632896
0.3619817997977755	0.11390562650666512
0.36299292214357937	0.11206002958083602
0.3640040444893832	0.11206264841501624
0.36501516683518703	0.11173449770558595
0.3660262891809909	0.11150207702349021
0.36703741152679475	0.110879208797453
0.36804853387259856	0.11074112205942994
0.3690596562184024	0.1106932075775087
0.3700707785642063	0.11060580333099145
0.3710819009100101	0.11055033595425345
0.37209302325581395	0.11046158903807596
0.3731041456016178	0.1103204134248493
0.3741152679474216	0.11020542894499546
0.3751263902932255	0.10997250243587574
0.37613751263902934	0.10952307283126951
0.37714863498483314	0.1083708158088683
0.378159757330637	0.10777009715361098
0.37917087967644086	0.10774733632072221
0.38018200202224467	0.1057785991013774
0.38119312436804853	0.10475483342456063
0.3822042467138524	0.10428626480658976
0.3832153690596562	0.10367728541904377
0.38422649140546006	0.10352728550309216
0.3852376137512639	0.10310686604244587
0.3862487360970677	0.10140870932068227
0.3872598584428716	0.10017036866482888
0.38827098078867545	0.09854977563877919
0.38928210313447925	0.09690068043672419
0.3902932254802831	0.09617156575505133
0.391304347826087	0.09300865281433898
0.3923154701718908	0.09273684485516744
0.39332659251769464	0.0915690068864071
0.3943377148634985	0.09115611141077896
0.3953488372093023	0.09088403075090343
0.39635995955510617	0.09092738876533163
0.39737108190091003	0.09121732949270639
0.39838220424671383	0.09085757610477198
0.3993933265925177	0.08991436231572943
0.40040444893832156	0.08862255229951876
0.40141557128412536	0.08862383894648049
0.4024266936299292	0.08865497007089314
0.4034378159757331	0.08824330502163809
0.4044489383215369	0.08816562617731442
0.40546006066734075	0.08672174606484595
0.4064711830131446	0.08579107816915067
0.4074823053589484	0.08560835390213987
0.4084934277047523	0.08551089138261964
0.40950455005055614	0.08545905147965688
0.41051567239635994	0.08522620072691359
0.4115267947421638	0.08517554551775709
0.41253791708796766	0.08388361208767338
0.41354903943377147	0.08315476236434778
0.41456016177957533	0.08294605005209665
0.4155712841253792	0.0813532347954035
0.416582406471183	0.08078032366323915
0.41759352881698686	0.08073367068060147
0.4186046511627907	0.08051963171424628
0.4196157735085945	0.08016627962905915
0.4206268958543984	0.07948049969369614
0.42163801820020225	0.07909382636151444
0.42264914054600605	0.0787287295564458
0.4236602628918099	0.0771072982183901
0.4246713852376138	0.07675053212784966
0.4256825075834176	0.07664983149370358
0.42669362992922144	0.07658380119959002
0.4277047522750253	0.07646418609378333
0.4287158746208291	0.07603756840808831
0.42972699696663297	0.07582378067094898
0.43073811931243683	0.07581433403096514
0.43174924165824063	0.07581227371274075
0.4327603640040445	0.07548291886654236
0.43377148634984836	0.07421056126681189
0.43478260869565216	0.07380085019375161
0.435793731041456	0.07406584426985126
0.4368048533872599	0.07334662607965559
0.4378159757330637	0.07151088209076076
0.43882709807886755	0.0717592870705009
0.4398382204246714	0.07141063124919468
0.4408493427704752	0.07166936542038742
0.4418604651162791	0.0707349662797419
0.44287158746208294	0.07066013817846215
0.44388270980788674	0.06962159746404388
0.4448938321536906	0.06987569088544551
0.44590495449949447	0.07013117787222958
0.44691607684529827	0.0697141474838585
0.44792719919110213	0.0680175545418741
0.448938321536906	0.06794091610872936
0.4499494438827098	0.06721640565624548
0.45096056622851366	0.06677282778743354
0.45197168857431747	0.06668845341895716
0.4529828109201213	0.06589768826599735
0.4539939332659252	0.06515441593238135
0.455005055611729	0.06466736498422486
0.45601617795753285	0.06397708949705892
0.4570273003033367	0.06420538723365495
0.4580384226491405	0.06382229967183929
0.4590495449949444	0.06379275545531463
0.46006066734074824	0.06308833356250107
0.46107178968655205	0.06200656399252971
0.4620829120323559	0.06134943040443109
0.46309403437815977	0.05897629209408649
0.4641051567239636	0.058318969605590465
0.46511627906976744	0.057893928018122105
0.4661274014155713	0.05775124963062513
0.4671385237613751	0.05636532213489167
0.46814964610717896	0.055767355120317386
0.4691607684529828	0.05596203241176169
0.47017189079878663	0.054832902359470206
0.4711830131445905	0.054242848639506146
0.47219413549039435	0.05382394975211944
0.47320525783619816	0.053001155397067304
0.474216380182002	0.0526820747647736
0.4752275025278059	0.05173064719758182
0.4762386248736097	0.051930765755406116
0.47724974721941354	0.05094240681246803
0.4782608695652174	0.0506193101291498
0.4792719919110212	0.049922624048494735
0.48028311425682507	0.0486021869061408
0.48129423660262893	0.04780839372240455
0.48230535894843274	0.04716650760959413
0.4833164812942366	0.045861638536552556
0.48432760364004046	0.04447924672123136
0.48533872598584427	0.044010738526470916
0.4863498483316481	0.044164937653429284
0.487360970677452	0.0443317066299734
0.4883720930232558	0.04443735770985784
0.48938321536905965	0.04461369643092871
0.4903943377148635	0.04414106936413645
0.4914054600606673	0.04348160451006365
0.4924165824064712	0.043396123792057366
0.49342770475227504	0.043246403687742185
0.49443882709807885	0.04341973596705177
0.4954499494438827	0.043579357337618
0.49646107178968657	0.04372779161089456
0.4974721941354904	0.04360221318817486
0.49848331648129424	0.04359417212587864
0.4994944388270981	0.04374340356471183
0.5005055611729019	0.04391264945544899
0.5015166835187057	0.04338326000007255
0.5025278058645096	0.043097800884553936
0.5035389282103134	0.04156280603604437
0.5045500505561172	0.040904195472683
0.5055611729019212	0.04088223742553047
0.506572295247725	0.04081892565698718
0.5075834175935288	0.040310358237913804
0.5085945399393327	0.04003211229189679
0.5096056622851365	0.04017808009566468
0.5106167846309403	0.04033161594055887
0.5116279069767442	0.037871860317702906
0.512639029322548	0.03743270461417182
0.5136501516683518	0.0343130693818456
0.5146612740141557	0.0341103484454609
0.5156723963599595	0.03423123188380769
0.5166835187057633	0.033565056927783325
0.5176946410515673	0.0337060865787404
0.5187057633973711	0.031813496841670307
0.5197168857431749	0.03194773100555921
0.5207280080889788	0.032023112735907557
0.5217391304347826	0.031926151486933695
0.5227502527805864	0.029164766065810848
0.5237613751263903	0.0290562280759973
0.5247724974721941	0.028944214408337124
0.5257836198179979	0.02892773547720684
0.5267947421638018	0.028041853563219407
0.5278058645096056	0.028036875914445872
0.5288169868554095	0.02706269310714841
0.5298281092012134	0.027138402095173587
0.5308392315470172	0.026247725696307855
0.531850353892821	0.021894954928945668
0.5328614762386249	0.021784375746094452
0.5338725985844287	0.021855512190675705
0.5348837209302325	0.0198181680946812
0.5358948432760364	0.019895196561306547
0.5369059656218402	0.019907314711467367
0.537917087967644	0.01983568939511573
0.538928210313448	0.01991323975528705
0.5399393326592518	0.018881611030184566
0.5409504550050556	0.0183378113241796
0.5419615773508595	0.0164851759005012
0.5429726996966633	0.016548469854026564
0.5439838220424671	0.01662201860893335
0.544994944388271	0.01641544449852743
0.5460060667340748	0.016316760769163007
0.5470171890798786	0.016379779193825304
0.5480283114256825	0.016221314922076183
0.5490394337714863	0.016294219708242817
0.5500505561172901	0.01620421979676471
0.5510616784630941	0.015029243480418153
0.5520728008088979	0.01509724910702638
0.5530839231547017	0.014571368981176664
0.5540950455005056	0.014521776249824467
0.5551061678463094	0.014553420981824763
0.5561172901921132	0.014219974333408691
0.5571284125379171	0.01400438427597118
0.5581395348837209	0.010543051020832047
0.5591506572295247	0.010511971432368854
0.5601617795753286	0.01053392924340843
0.5611729019211324	0.010537530652059956
0.5621840242669363	0.01057027753825812
0.5631951466127402	0.010608585949967834
0.564206268958544	0.010635445791451705
0.5652173913043478	0.01068502828931395
0.5662285136501517	0.010543468824178037
0.5672396359959555	0.010576437423367648
0.5682507583417593	0.010626092059158106
0.5692618806875632	0.010595088268866678
0.570273003033367	0.0106339663211893
0.5712841253791708	0.0106842451217623
0.5722952477249748	0.010537875838412413
0.5733063700707786	0.010587937006290855
0.5743174924165824	0.01063835575393986
0.5753286147623863	0.010591396312607665
0.5763397371081901	0.010624943891771804
0.5773508594539939	0.010020203472919343
0.5783619817997978	0.009973401775018391
0.5793731041456016	0.01002146636188595
0.5803842264914054	0.010069879242861245
0.5813953488372093	0.01008940094697682
0.5824064711830131	0.010138378621476707
0.583417593528817	0.010163107304285815
0.5844287158746209	0.01017628599321104
0.5854398382204247	0.009738747854520297
0.5864509605662285	0.009786486814591475
0.5874620829120324	0.009834577658889222
0.5884732052578362	0.009615698537136473
0.58948432760364	0.008907815767819844
0.5904954499494439	0.008939690421113656
0.5915065722952477	0.008621204628973988
0.5925176946410515	0.008641463287692096
0.5935288169868554	0.008356229874368267
0.5945399393326593	0.008160297815640356
0.5955510616784631	0.008182404571608478
0.596562184024267	0.008210927882701183
0.5975733063700708	0.007960273093982874
0.5985844287158746	0.007769691622177127
0.5995955510616785	0.007796245744186872
0.6006066734074823	0.007835820595680207
0.6016177957532861	0.00786278115308321
0.60262891809909	0.007829331061252909
0.6036400404448938	0.007692013518400492
0.6046511627906976	0.007718344127433144
0.6056622851365016	0.007687937266224682
0.6066734074823054	0.007727565808834088
0.6076845298281092	0.007676485095449262
0.6086956521739131	0.0076716313165281795
0.6097067745197169	0.007698025902197783
0.6107178968655207	0.007738119787105063
0.6117290192113246	0.007744530769457227
0.6127401415571284	0.0077850780509727095
0.6137512639029322	0.007400730520324771
0.6147623862487361	0.0073846557171048524
0.6157735085945399	0.007262271625359991
0.6167846309403437	0.007286735906830472
0.6177957532861477	0.007311357833946269
0.6188068756319515	0.0072941305772023365
0.6198179979777553	0.006167831734853029
0.6208291203235592	0.006171105939020394
0.621840242669363	0.006189858266889437
0.6228513650151668	0.0062087232836606
0.6238624873609707	0.0062156257519704345
0.6248736097067745	0.006180017056027853
0.6258847320525783	0.006186656959014699
0.6268958543983822	0.005846557364319843
0.627906976744186	0.005453206370233397
0.6289180990899899	0.005483005312147241
0.6299292214357938	0.0054980779963937545
0.6309403437815976	0.005225496942718092
0.6319514661274014	0.005203832963573236
0.6329625884732053	0.005194533408998514
0.6339737108190091	0.005066442640477327
0.6349848331648129	0.005079200193466128
0.6359959555106168	0.00502702613078658
0.6370070778564206	0.005026580589130195
0.6380182002022244	0.005039091986887867
0.6390293225480284	0.004830015651703881
0.6400404448938322	0.004841401718676607
0.641051567239636	0.00485283957353664
0.6420626895854399	0.004776302789698863
0.6430738119312437	0.0047497881996819685
0.6440849342770475	0.0047768525199080765
0.6450960566228514	0.004771588787461804
0.6461071789686552	0.004798933135814021
0.647118301314459	0.0047692497499828785
0.6481294236602629	0.004796738221164336
0.6491405460060667	0.004768938165016856
0.6501516683518705	0.0047965841833647795
0.6511627906976745	0.004824471300709924
0.6521739130434783	0.004852602328702401
0.6531850353892821	0.004880980120098322
0.654196157735086	0.004909607569483063
0.6552072800808898	0.004865297047460231
0.6562184024266936	0.004894000864849377
0.6572295247724975	0.004795955374580284
0.6582406471183013	0.004824418017752867
0.6592517694641051	0.004853134791668063
0.660262891809909	0.004837687977346819
0.6612740141557129	0.004866656168827937
0.6622851365015167	0.0048779032810968865
0.6632962588473206	0.004609959931245062
0.6643073811931244	0.004572295800956657
0.6653185035389282	0.004480991761958519
0.6663296258847321	0.0044898105384427464
0.6673407482305359	0.004517187431969836
0.6683518705763397	0.004466498192723288
0.6693629929221436	0.004337666912946916
0.6703741152679474	0.0043069207547735055
0.6713852376137512	0.004333506685358527
0.6723963599595552	0.004341228585867952
0.673407482305359	0.004368192738575206
0.6744186046511628	0.004306355256898
0.6754297269969667	0.004333269977253613
0.6764408493427705	0.004360437814101598
0.6774519716885743	0.0043681462516856045
0.6784630940343782	0.004375865445147026
0.679474216380182	0.004280771992807284
0.6804853387259858	0.0042409767470044666
0.6814964610717897	0.004247768935363711
0.6825075834175935	0.00412432414274053
0.6835187057633973	0.004150762118014508
0.6845298281092013	0.004156843365042715
0.6855409504550051	0.004183661709333313
0.6865520728008089	0.004189861419739271
0.6875631951466128	0.00418554643589317
0.6885743174924166	0.0041433664572333665
0.6895854398382204	0.004170447283751232
0.6905965621840243	0.004103148241688899
0.6916076845298281	0.0041301426380158
0.6926188068756319	0.0041356916080079135
0.6936299292214358	0.00414122380386887
0.6946410515672397	0.00414673852497002
0.6956521739130435	0.004141160857107696
0.6966632962588474	0.004036302666737445
0.6976744186046512	0.0039552761539922284
0.698685540950455	0.003981911010248068
0.6996966632962589	0.003967107439329659
0.7007077856420627	0.003936742432505141
0.7017189079878665	0.003746108612936698
0.7027300303336703	0.0037484618420747114
0.7037411526794742	0.0037741362382533055
0.704752275025278	0.0037412324059690233
0.7057633973710818	0.003660386301694511
0.7067745197168858	0.003685717694785822
0.7077856420626896	0.003711312956555168
0.7087967644084934	0.003737175764614786
0.7098078867542973	0.0037389439828464186
0.7108190091001011	0.003740645319592685
0.7118301314459049	0.0036788567663289663
0.7128412537917088	0.0037048557540768742
0.7138523761375126	0.0037311313268008238
0.7148634984833164	0.003732448280793855
0.7158746208291203	0.0036112523301135412
0.7168857431749242	0.0036371394435910577
0.717896865520728	0.00363752009145372
0.7189079878665319	0.0036248257711520336
0.7199191102123357	0.0036510926245661786
0.7209302325581395	0.003493192797540626
0.7219413549039434	0.0033992479539924824
0.7229524772497472	0.0034241508694063468
0.723963599595551	0.0034493284493284523
0.7249747219413549	0.003196675349106434
0.7259858442871587	0.003179354015762381
0.7269969666329625	0.0031754555050713673
0.7280080889787665	0.003199152934213691
0.7290192113245703	0.0032231166266048048
0.7300303336703741	0.003247350586203337
0.731041456016178	0.003243486073674754
0.7320525783619818	0.0032680579378692597
0.7330637007077856	0.0032641049276030277
0.7340748230535895	0.0031792103251772953
0.7350859453993933	0.003174324627338579
0.7360970677451971	0.003169270065821791
0.737108190091001	0.0031937431937431944
0.7381193124368048	0.0031736054991868953
0.7391304347826086	0.0031530580440181388
0.7401415571284126	0.0031776913099870307
0.7411526794742164	0.0031004901960784317
0.7421638018200202	0.003078585765014668
0.7431749241658241	0.00310292241137842
0.7441860465116279	0.0031275487797226935
0.7451971688574317	0.003120849933598938
0.7462082912032356	0.0031458167330677294
0.7472194135490394	0.003171084337349398
0.7482305358948432	0.0031642699831584413
0.7492416582406471	0.003189891602455271
0.750252780586451	0.003133537408248577
0.7512639029322548	0.003109341297494608
0.7522750252780587	0.0031348277015724327
0.7532861476238625	0.0030819222379635256
0.7542972699696663	0.002998560237617477
0.7553083923154702	0.0030234445549421033
0.756319514661274	0.0030486399262332872
0.7573306370070778	0.00301022780102278
0.7583417593528817	0.002665752493466006
0.7593528816986855	0.0026882482950986307
0.7603640040444893	0.002675272354525734
0.7613751263902933	0.0026980406298834
0.7623862487360971	0.0027211008062071897
0.7633973710819009	0.002744457894672487
0.7644084934277048	0.0027311183464061965
0.7654196157735086	0.0026614668856048164
0.7664307381193124	0.0026846100759144237
0.7674418604651163	0.002670084171887855
0.7684529828109201	0.0026935059628693274
0.7694641051567239	0.0026592729989437618
0.7704752275025278	0.002682806388314945
0.7714863498483316	0.0027066535562110783
0.7724974721941354	0.002730820105820106
0.7735085945399394	0.0027152733290625665
0.7745197168857432	0.002739735250946013
0.775530839231547	0.0027237644884703705
0.7765419615773509	0.0027485259838201013
0.7775530839231547	0.0027113601771136015
0.7785642062689585	0.0026943432058425146
0.7795753286147624	0.002719175862117561
0.7805864509605662	0.002744353416396427
0.78159757330637	0.0027698822853861613
0.782608695652174	0.0026870970078968336
0.7836198179979778	0.002712327965717461
0.7846309403437816	0.002737915965394041
0.7856420626895855	0.0027638677754925627
0.7866531850353893	0.0027450537877078155
0.7876643073811931	0.002771322245006455
0.788675429726997	0.002797969574285363
0.7896865520728008	0.0028250030967422266
0.7906976744186046	0.0028055281959883053
0.7917087967644085	0.002832899202778435
0.7927199191102123	0.002860672724374302
0.7937310414560161	0.0028888566921021278
0.7947421638018201	0.0029174592336080893
0.7957532861476239	0.0028972300215096133
0.7967644084934277	0.002926202321724709
0.7977755308392316	0.0029556113902847567
0.7987866531850354	0.0029854660507926834
0.7997977755308392	0.003015775350800731
0.8008088978766431	0.0029947511999723737
0.8018200202224469	0.0028946450375021793
0.8028311425682507	0.0029244867389197275
0.8038422649140546	0.002954792300981072
0.8048533872598584	0.0029855713874496247
0.8058645096056622	0.0029622963932518895
0.8068756319514662	0.002993478460549278
0.80788675429727	0.0029694606887589333
0.8088978766430738	0.003001050696086156
0.8099089989888777	0.003033147494974778
0.8109201213346815	0.0030657619841680554
0.8119312436804853	0.003098905356969872
0.8129423660262892	0.0030738347042694857
0.813953488372093	0.00310742852617407
0.8149646107178968	0.003081526852018654
0.8159757330637007	0.0029941513366927726
0.8169868554095046	0.003027419684878248
0.8179979777553084	0.0029681357334988613
0.8190091001011123	0.003001485573201096
0.8200202224469161	0.0030354006644237068
0.8210313447927199	0.0030698938537921583
0.8220424671385238	0.0031049783549783544
0.8230535894843276	0.0031406677613574157
0.8240647118301314	0.0031769760591765766
0.8250758341759353	0.0032139176412600253
0.8260869565217391	0.0031155084092660584
0.8270980788675429	0.003152161449375071
0.8281092012133469	0.003119851490892214
0.8291203235591507	0.0031569925800695024
0.8301314459049545	0.0031948008744415923
0.8311425682507584	0.003233292451242093
0.8321536905965622	0.0031994645247657287
0.833164812942366	0.0032384823848238473
0.8341759352881699	0.003278218365005735
0.8351870576339737	0.0033186901966724726
0.8361981799797775	0.0032832349257470024
0.8372093023255814	0.0033242753623188397
0.8382204246713852	0.003366090146750523
0.839231547017189	0.00340869888278534
0.840242669362993	0.0032505576607809936
0.8412537917087968	0.0032922314769448526
0.8422649140546006	0.0031113868210642403
0.8432760364004045	0.003151794442117023
0.8442871587462083	0.0031081119316413433
0.8452982810920121	0.0031490081412682033
0.846309403437816	0.0031907168583710935
0.8473205257836198	0.0032332597498160413
0.8483316481294236	0.0028337061894108877
0.8493427704752275	0.0028719995162948186
0.8503538928210314	0.0028191456762885338
0.8513650151668352	0.002717982170036965
0.8523761375126391	0.0027554715792788543
0.8533872598584429	0.0027937420178799494
0.8543983822042467	0.0028328153328153333
0.8554095045500506	0.0028727141403197746
0.8564206268958544	0.0027636266773216132
0.8574317492416582	0.0028031070584262074
0.8584428715874621	0.002843439534087016
0.8594539939332659	0.0028846488026969728
0.8604651162790697	0.0029267604640502137
0.8614762386248737	0.0029698010591097754
0.8624873609706775	0.003013798111837328
0.8634984833164813	0.003058780173208034
0.8645096056622852	0.0029925560169079416
0.865520728008089	0.0030378977747398802
0.8665318503538928	0.0030842778934381987
0.8675429726996967	0.0031317283225680173
0.8685540950455005	0.003180282250049692
0.8695652173913043	0.0032299741602067186
0.8705763397371082	0.0031578083989501314
0.871587462082912	0.0030829479648377288
0.8725985844287159	0.0031322751322751326
0.8736097067745198	0.0031827956989247314
0.8746208291203236	0.0032345484745170032
0.8756319514661274	0.003287573859345151
0.8766430738119313	0.0033419139231359797
0.8776541961577351	0.0033976124885215795
0.8786653185035389	0.0033146591970121386
0.8796764408493428	0.0033708398613682762
0.8806875631951466	0.0034284610555797
0.8816986855409504	0.003119166912270361
0.8827098078867543	0.003023488255872064
0.8837209302325582	0.0029239766081871343
0.884732052578362	0.0029757284065621277
0.8857431749241659	0.0030288664138221656
0.8867542972699697	0.003083440583440583
0.8877654196157735	0.003139503139503139
0.8887765419615774	0.0031971087016958574
0.8897876643073812	0.0032563144183939286
0.890798786653185	0.003144109841929156
0.8918099089989889	0.0032034326691353665
0.8928210313447927	0.0032644504342617545
0.8938321536905965	0.0033272283272283267
0.8948432760364005	0.003391834702514314
0.8958543983822043	0.003458341265308712
0.8968655207280081	0.00352682327056235
0.897876643073812	0.003597359735973597
0.8988877654196158	0.0032323232323232323
0.8998988877654196	0.002886002886002886
0.9009100101112234	0.0029455081001472753
0.9019211324570273	0.003006872852233677
0.9029322548028311	0.0030701754385964912
0.9039433771486349	0.003135498320268757
0.9049544994944388	0.003202928391672386
0.9059656218402427	0.0030388031790556337
0.9069767441860465	0.003105590062111801
0.9079878665318504	0.0031746031746031746
0.9089989888776542	0.0032459425717852684
0.910010111223458	0.003319713993871297
0.9110212335692619	0.0030041797283176593
0.9120323559150657	0.003074044373162256
0.9130434782608695	0.003146374829001368
0.9140546006066734	0.0032212885154061623
0.9150657229524772	0.0032989099254159496
0.916076845298281	0.003085512782838672
0.917087967644085	0.0028605841613971697
0.9180990899898888	0.002623456790123457
0.9191102123356926	0.002689873417721519
0.9201213346814965	0.00275884453099643
0.9211324570273003	0.0028305028305028305
0.9221435793731041	0.002563226247436774
0.923154701718908	0.002631578947368421
0.9241658240647118	0.002702702702702703
0.9251769464105156	0.0027767493520918177
0.9261880687563195	0.0028538812785388126
0.9271991911021233	0.0029342723004694834
0.9282103134479271	0.0030181086519114686
0.9292214357937311	0.003105590062111801
0.9302325581395349	0.00319693094629156
0.9312436804853387	0.003292361720807726
0.9322548028311426	0.0033921302578018998
0.9332659251769464	0.0034965034965034965
0.9342770475227502	0.003605769230769231
0.9352881698685541	0.003720238095238095
0.9362992922143579	0.0033282130056323605
0.9373104145601617	0.003437334743521946
0.9383215369059656	0.003551912568306011
0.9393326592517695	0.003672316384180791
0.9403437815975733	0.003798947983635301
0.9413549039433772	0.003932244404113733
0.942366026289181	0.003446115288220551
0.9433771486349848	0.0035714285714285713
0.9443882709807887	0.003703703703703704
0.9453993933265925	0.003843466107617051
0.9464105156723963	0.0039912917271407835
0.9474216380182002	0.003393665158371041
0.948432760364004	0.0035294117647058825
0.9494438827098078	0.003673469387755102
0.9504550050556118	0.003826530612244898
0.9514661274014156	0.003989361702127659
0.9524772497472194	0.004162812210915819
0.9534883720930233	0.004347826086956522
0.9544994944388271	0.0035353535353535356
0.9555106167846309	0.0036997885835095136
0.9565217391304348	0.003875968992248062
0.9575328614762386	0.0040650406504065045
0.9585439838220424	0.00426829268292683
0.9595551061678463	0.002564102564102564
0.9605662285136501	0.001349527665317139
0.961577350859454	0.001422475106685633
0.9625884732052579	0.0015015015015015015
0.9635995955510617	0.0015873015873015873
0.9646107178968655	0.0016806722689075631
0.9656218402426694	0.0017825311942959
0.9666329625884732	0.001893939393939394
0.967644084934277	0.0020161290322580645
0.9686552072800809	0.002150537634408602
0.9696663296258847	0.0022988505747126436
0.9706774519716885	0.0024630541871921183
0.9716885743174924	0.0026455026455026454
0.9726996966632963	0.002849002849002849
0.9737108190091001	0.003076923076923077
0.974721941354904	0.0033333333333333335
0.9757330637007078	0.0036231884057971015
0.9767441860465116	0.003952569169960474
0.9777553083923155	0.004329004329004329
0.9787664307381193	0.004761904761904762
0.9797775530839231	0.005263157894736842
0.980788675429727	0.005847953216374269
0.9817997977755308	0.006535947712418301
0.9828109201213346	0.0
0.9838220424671386	0.0
0.9848331648129424	0.0
0.9858442871587462	0.0
0.9868554095045501	0.0
0.9878665318503539	0.0
0.9888776541961577	0.0
0.9898887765419616	0.0
0.9908998988877654	0.0
0.9919110212335692	0.0
0.9929221435793731	0.0
0.993933265925177	0.0
0.9949443882709808	0.0
0.9959555106167847	0.0
0.9969666329625885	0.0
0.9979777553083923	0.0
0.9989888776541962	0.0
1.0	0.0
