Fraction_of_nodes	Efficiency
0.0010111223458038423	0.2392828942257065
0.0020222446916076846	0.23878161193714348
0.003033367037411527	0.2382740356792105
0.004044489383215369	0.23769305258472118
0.005055611729019211	0.23730002670402628
0.006066734074823054	0.23684988663504064
0.007077856420626896	0.236381069962536
0.008088978766430738	0.2358424711581731
0.00910010111223458	0.23552140959647505
0.010111223458038422	0.23504143875487593
0.011122345803842264	0.234549032594107
0.012133468149646108	0.2342968960380387
0.01314459049544995	0.2339222212227886
0.014155712841253791	0.2337520673879373
0.015166835187057633	0.2332383014525528
0.016177957532861477	0.2328087920203751
0.017189079878665317	0.23258711009904692
0.01820020222446916	0.23218188453663807
0.019211324570273004	0.2319728875466085
0.020222446916076844	0.23172866689211633
0.021233569261880688	0.23155652249800768
0.022244691607684528	0.2311431049958831
0.023255813953488372	0.2306306526527482
0.024266936299292215	0.23009725306476972
0.025278058645096056	0.22983201685830923
0.0262891809908999	0.22971343703547226
0.027300303336703743	0.22930259392392144
0.028311425682507583	0.22867489497935187
0.029322548028311426	0.22860027668925
0.030333670374115267	0.22842470214860106
0.03134479271991911	0.2281883422129041
0.032355915065722954	0.2276640780023973
0.033367037411526794	0.22746139886685968
0.034378159757330634	0.22698494670855504
0.03538928210313448	0.22683222799063674
0.03640040444893832	0.22616470337797495
0.03741152679474216	0.22581021455297284
0.03842264914054601	0.2254978973907672
0.03943377148634985	0.22505759745435186
0.04044489383215369	0.2248750178120405
0.041456016177957536	0.2242701255067763
0.042467138523761376	0.22406976000112266
0.043478260869565216	0.22356946124660115
0.044489383215369056	0.22344249145653855
0.0455005055611729	0.22330237800042493
0.046511627906976744	0.22283105896775665
0.047522750252780584	0.22244720822258676
0.04853387259858443	0.2222190513524052
0.04954499494438827	0.22204656541508785
0.05055611729019211	0.22152551450299282
0.05156723963599596	0.22128111538740144
0.0525783619817998	0.22080489959211025
0.05358948432760364	0.22055836774046667
0.054600606673407485	0.22002478312790869
0.055611729019211326	0.21988746235789894
0.056622851365015166	0.21959246379193226
0.057633973710819006	0.21923425813002542
0.05864509605662285	0.21914062916850596
0.05965621840242669	0.21883243667955898
0.06066734074823053	0.21836413513603964
0.06167846309403438	0.21805757691831124
0.06268958543983821	0.21785184046180145
0.06370070778564206	0.21767483991303424
0.06471183013144591	0.21730728316502235
0.06572295247724974	0.21693218753136373
0.06673407482305359	0.21623685230261552
0.06774519716885744	0.2156474386723864
0.06875631951466127	0.21540874720647613
0.06976744186046512	0.21504271265890312
0.07077856420626896	0.21489492665693408
0.0717896865520728	0.21462246947646071
0.07280080889787664	0.21431303095639567
0.07381193124368049	0.21409968350223196
0.07482305358948432	0.21372400262498992
0.07583417593528817	0.21322434394570022
0.07684529828109202	0.21277599861782345
0.07785642062689585	0.21252579934449742
0.0788675429726997	0.2122650979954869
0.07987866531850354	0.21167576708871308
0.08088978766430738	0.21157976463024541
0.08190091001011122	0.21093082248779887
0.08291203235591507	0.21040350284931783
0.0839231547017189	0.20999090708322612
0.08493427704752275	0.20983691316325978
0.0859453993933266	0.2095559391238582
0.08695652173913043	0.2092171419984726
0.08796764408493428	0.2088596815962834
0.08897876643073811	0.20883894731931044
0.08998988877654196	0.20855056765044952
0.0910010111223458	0.20845413449093203
0.09201213346814964	0.20791571946584644
0.09302325581395349	0.2077893494821988
0.09403437815975733	0.20776294136166407
0.09504550050556117	0.20753301497265916
0.09605662285136501	0.20747984622762242
0.09706774519716886	0.20737935044521452
0.0980788675429727	0.20727314508275482
0.09908998988877654	0.20691817407200724
0.10010111223458039	0.2065976433927613
0.10111223458038422	0.20654243448842885
0.10212335692618807	0.20594616097037294
0.10313447927199192	0.20570442074955267
0.10414560161779575	0.20545043080917472
0.1051567239635996	0.20526033519327905
0.10616784630940344	0.20507951881301528
0.10717896865520728	0.2050471817076439
0.10819009100101112	0.20473844379253095
0.10920121334681497	0.20436393999197952
0.1102123356926188	0.20409287085074854
0.11122345803842265	0.20400651932230965
0.1122345803842265	0.20395108547719182
0.11324570273003033	0.20335594868070217
0.11425682507583418	0.2030067789065511
0.11526794742163801	0.2026671764109731
0.11627906976744186	0.2025405914203245
0.1172901921132457	0.20231791451874295
0.11830131445904954	0.20223465040077981
0.11931243680485339	0.20209004677880013
0.12032355915065723	0.2019330174622798
0.12133468149646107	0.20177392585483062
0.12234580384226491	0.2014411416916799
0.12335692618806876	0.2012001430367899
0.1243680485338726	0.20085800102210322
0.12537917087967643	0.20016428216942456
0.1263902932254803	0.1994004553419236
0.12740141557128412	0.1991985130482437
0.12841253791708795	0.19906488302857578
0.12942366026289182	0.19890629548603717
0.13043478260869565	0.19835330083703334
0.13144590495449948	0.1980955180526932
0.13245702730030334	0.19813666192686552
0.13346814964610718	0.19740304618174465
0.134479271991911	0.19740756602559068
0.13549039433771487	0.19701492808975044
0.1365015166835187	0.19677965406671355
0.13751263902932254	0.19632367011045734
0.1385237613751264	0.1964073354535563
0.13953488372093023	0.19628149509987972
0.14054600606673406	0.19571060537571944
0.14155712841253792	0.19554661959422823
0.14256825075834176	0.1947162388538581
0.1435793731041456	0.19471474597675453
0.14459049544994945	0.1945208659719715
0.14560161779575329	0.19413002246661704
0.14661274014155712	0.19371194788766025
0.14762386248736098	0.19362296752017355
0.1486349848331648	0.19349167115692611
0.14964610717896865	0.19319451940915627
0.1506572295247725	0.19283917526135733
0.15166835187057634	0.19264753737532564
0.15267947421638017	0.19199798264183804
0.15369059656218403	0.19174913093282286
0.15470171890798787	0.19145960032112216
0.1557128412537917	0.19126993451490376
0.15672396359959556	0.19011861235382424
0.1577350859453994	0.18985961048981112
0.15874620829120323	0.1894252259011638
0.1597573306370071	0.18923017704645162
0.16076845298281092	0.18893040598233138
0.16177957532861476	0.18881935578754303
0.16279069767441862	0.18873309277550726
0.16380182002022245	0.18874497288872677
0.16481294236602628	0.18783904070075572
0.16582406471183014	0.18737560363835
0.16683518705763398	0.18702337716697906
0.1678463094034378	0.18691061480720994
0.16885743174924167	0.18691371846811572
0.1698685540950455	0.18689304140273091
0.17087967644084934	0.18644530040843807
0.1718907987866532	0.18574873303277142
0.17290192113245703	0.1850897507744288
0.17391304347826086	0.184922965421197
0.17492416582406473	0.18474223447174987
0.17593528816986856	0.184647338286214
0.1769464105156724	0.18418007289163582
0.17795753286147623	0.18337722114051255
0.1789686552072801	0.1829351296464727
0.17997977755308392	0.18257965728846387
0.18099089989888775	0.18238285453795128
0.1820020222446916	0.18212645110058887
0.18301314459049545	0.18198003715637642
0.18402426693629928	0.1816169641115733
0.18503538928210314	0.18154259318425545
0.18604651162790697	0.18123336826097644
0.1870576339737108	0.18113836587510818
0.18806875631951467	0.18084108915825634
0.1890798786653185	0.18053202846035904
0.19009100101112233	0.18003185108140543
0.1911021233569262	0.17978360475365018
0.19211324570273003	0.17972632875440947
0.19312436804853386	0.17954896275258234
0.19413549039433772	0.17953544743753766
0.19514661274014156	0.17947002213610533
0.1961577350859454	0.17887653331873282
0.19716885743174925	0.17849452523100462
0.19817997977755308	0.177979263923911
0.19919110212335692	0.17778061483853896
0.20020222446916078	0.177220797662159
0.2012133468149646	0.1770026143674104
0.20222446916076844	0.17626747306826485
0.2032355915065723	0.1760141740112861
0.20424671385237614	0.17551416107791284
0.20525783619817997	0.17535591041125267
0.20626895854398383	0.17486251075032147
0.20728008088978767	0.17466887543531276
0.2082912032355915	0.1745561447354241
0.20930232558139536	0.17417936244010726
0.2103134479271992	0.17379780722798163
0.21132457027300303	0.1735853250955504
0.2123356926188069	0.1732951641771901
0.21334681496461072	0.17267099386051374
0.21435793731041455	0.17260567475923058
0.21536905965621841	0.17205515431029264
0.21638018200202225	0.1717767930990227
0.21739130434782608	0.17152874566946041
0.21840242669362994	0.17129605583376656
0.21941354903943378	0.17123752419955618
0.2204246713852376	0.17058992238955129
0.22143579373104147	0.16928400321562723
0.2224469160768453	0.1689716934918054
0.22345803842264914	0.1685924226116162
0.224469160768453	0.16807361448834832
0.22548028311425683	0.16790023188413608
0.22649140546006066	0.16765867379036326
0.2275025278058645	0.1665894269309876
0.22851365015166836	0.1666433190724779
0.2295247724974722	0.16634549100676005
0.23053589484327602	0.16583813885316992
0.23154701718907988	0.16560419340076282
0.23255813953488372	0.16535667010561697
0.23356926188068755	0.16397608473488165
0.2345803842264914	0.16334630372301953
0.23559150657229525	0.16195018327112812
0.23660262891809908	0.1619607414127925
0.23761375126390294	0.1604657750613616
0.23862487360970677	0.15978201174661388
0.2396359959555106	0.15990322101520998
0.24064711830131447	0.15971422964723742
0.2416582406471183	0.1596547570311116
0.24266936299292213	0.15910902649266484
0.243680485338726	0.15953502120884333
0.24469160768452983	0.15936575724452415
0.24570273003033366	0.1590109682992822
0.24671385237613752	0.15865179778403865
0.24772497472194135	0.1584887245025551
0.2487360970677452	0.15846405848050624
0.24974721941354905	0.15779283676051553
0.25075834175935285	0.15768882046167448
0.2517694641051567	0.15776090697225384
0.2527805864509606	0.15756030447204117
0.2537917087967644	0.15699456498715006
0.25480283114256824	0.15663039672227216
0.2558139534883721	0.15638906178237513
0.2568250758341759	0.15464224450612532
0.25783619817997977	0.15434702603798844
0.25884732052578363	0.15402442532288382
0.25985844287158744	0.15383105481483764
0.2608695652173913	0.15374122773700258
0.26188068756319516	0.15346254283720653
0.26289180990899896	0.1534369973202422
0.2639029322548028	0.15332343084473468
0.2649140546006067	0.1527546927649875
0.2659251769464105	0.1520704107114497
0.26693629929221435	0.1518121567575001
0.2679474216380182	0.15124712449693686
0.268958543983822	0.15062264412714332
0.2699696663296259	0.149434727879676
0.27098078867542974	0.14946088567256846
0.27199191102123355	0.14889519455797423
0.2730030333670374	0.14898102176715275
0.27401415571284127	0.14845901291670302
0.2750252780586451	0.1478877170680714
0.27603640040444893	0.14723011695666213
0.2770475227502528	0.14587594692471564
0.2780586450960566	0.145644741973244
0.27906976744186046	0.14491384038115623
0.2800808897876643	0.14442150003129123
0.2810920121334681	0.1443009137539882
0.282103134479272	0.14293222784194756
0.28311425682507585	0.14256390062501548
0.28412537917087965	0.14232567748029337
0.2851365015166835	0.1419154472866693
0.2861476238624874	0.14138647037699123
0.2871587462082912	0.1413475167571361
0.28816986855409504	0.14128190228618676
0.2891809908998989	0.14034524097451948
0.2901921132457027	0.14023982204019797
0.29120323559150657	0.13933399452658635
0.29221435793731043	0.13865760268928898
0.29322548028311424	0.1385818906058705
0.2942366026289181	0.1380104911027507
0.29524772497472196	0.1375791592772458
0.29625884732052576	0.13732680476303052
0.2972699696663296	0.13736457424306012
0.2982810920121335	0.13712034125327102
0.2992922143579373	0.13664105709789456
0.30030333670374115	0.13626057394440197
0.301314459049545	0.13554653805027297
0.3023255813953488	0.1353435461368789
0.3033367037411527	0.13573698667797449
0.30434782608695654	0.1356065212624956
0.30535894843276035	0.13354421958871338
0.3063700707785642	0.13350702507396836
0.30738119312436807	0.1328813626715126
0.3083923154701719	0.13186274423802014
0.30940343781597573	0.13161953224626283
0.3104145601617796	0.1314785321958676
0.3114256825075834	0.13066828132376068
0.31243680485338726	0.13065701656100762
0.3134479271991911	0.13006294210323882
0.31445904954499493	0.1295785884067932
0.3154701718907988	0.12932074484313172
0.31648129423660265	0.12845302677768156
0.31749241658240646	0.12838390194460253
0.3185035389282103	0.1275545520727341
0.3195146612740142	0.1272501639218718
0.320525783619818	0.12721726021926974
0.32153690596562184	0.12716159412136538
0.3225480283114257	0.1270340545515239
0.3235591506572295	0.1267874002963379
0.32457027300303337	0.12657202598367423
0.32558139534883723	0.12647249784009673
0.32659251769464104	0.12631917151043717
0.3276036400404449	0.1258313499348997
0.32861476238624876	0.12621093168432623
0.32962588473205257	0.12619548134775868
0.3306370070778564	0.1265773133639395
0.3316481294236603	0.12595414236945635
0.3326592517694641	0.1242033062897498
0.33367037411526795	0.12391990205662978
0.3346814964610718	0.12384291839273863
0.3356926188068756	0.12374317568394505
0.3367037411526795	0.12349386475441579
0.33771486349848334	0.1232236051911439
0.33872598584428715	0.12282298726088818
0.339737108190091	0.12237227301759108
0.34074823053589487	0.12206694484382496
0.3417593528816987	0.12085034529994819
0.34277047522750254	0.12087309763592997
0.3437815975733064	0.11966508203752582
0.3447927199191102	0.11950267769410995
0.34580384226491406	0.11838263903430046
0.3468149646107179	0.11823444515625942
0.34782608695652173	0.11823943216921769
0.3488372093023256	0.11718379732929583
0.34984833164812945	0.11676140707012234
0.35085945399393326	0.1161743451161334
0.3518705763397371	0.11598684200279624
0.3528816986855409	0.11603178887482223
0.3538928210313448	0.11590140286924011
0.35490394337714865	0.11595887072087434
0.35591506572295245	0.11414969411120364
0.3569261880687563	0.11415749447150854
0.3579373104145602	0.11383403029389483
0.358948432760364	0.11360962625540355
0.35995955510616784	0.11298779384936518
0.3609706774519717	0.1128566360470051
0.3619817997977755	0.11281407438115353
0.36299292214357937	0.11273292011655674
0.3640040444893832	0.11267951407318116
0.36501516683518703	0.11258816155812133
0.3660262891809909	0.1124533476927004
0.36703741152679475	0.11234243385570565
0.36804853387259856	0.11207340342477569
0.3690596562184024	0.11111448555195207
0.3700707785642063	0.11067748021046449
0.3710819009100101	0.10957965362400011
0.37209302325581395	0.10898968778165917
0.3731041456016178	0.10896887546057935
0.3741152679474216	0.10702905793844728
0.3751263902932255	0.10604333048811472
0.37613751263902934	0.10558299178980048
0.37714863498483314	0.10498150908116169
0.378159757330637	0.10483712843770059
0.37917087967644086	0.10442686580923932
0.38018200202224467	0.10275432274874373
0.38119312436804853	0.10117749846420945
0.3822042467138524	0.09941751467729042
0.3832153690596562	0.09869342389806467
0.38422649140546006	0.09554831446709092
0.3852376137512639	0.09522224637286843
0.3862487360970677	0.09413430246477925
0.3872598584428716	0.09372583982596736
0.38827098078867545	0.09345294492079584
0.38928210313447925	0.09349276135502196
0.3902932254802831	0.09378803361919216
0.391304347826087	0.09342357331991333
0.3923154701718908	0.09255045546907709
0.39332659251769464	0.09127074883148252
0.3943377148634985	0.09126761824611847
0.3953488372093023	0.09129976325960716
0.39635995955510617	0.0908883308061558
0.39737108190091003	0.09081889868666383
0.39838220424671383	0.0876617807962361
0.3993933265925177	0.08672641575710134
0.40040444893832156	0.08655508081107949
0.40141557128412536	0.08645829145397338
0.4024266936299292	0.08640788339933549
0.4034378159757331	0.08615539770135662
0.4044489383215369	0.0861060973077377
0.40546006066734075	0.08488592644536852
0.4064711830131446	0.08412914166934764
0.4074823053589484	0.0839388268421711
0.4084934277047523	0.08203880626106863
0.40950455005055614	0.08149536733942692
0.41051567239635994	0.08144882097825586
0.4115267947421638	0.08124306384505281
0.41253791708796766	0.08092500192120838
0.41354903943377147	0.08044123859483537
0.41456016177957533	0.08006705926735688
0.4155712841253792	0.07967439199591478
0.416582406471183	0.07807392077693084
0.41759352881698686	0.07772573825613918
0.4186046511627907	0.07763316907340746
0.4196157735085945	0.07757264018787706
0.4206268958543984	0.07745887530018711
0.42163801820020225	0.07701959830977635
0.42264914054600605	0.07682466735562368
0.4236602628918099	0.07682011162002063
0.4246713852376138	0.07682101450788041
0.4256825075834176	0.07650133338699645
0.42669362992922144	0.07525298971429842
0.4277047522750253	0.0748288664104075
0.4287158746208291	0.07509421700051533
0.42972699696663297	0.07438840775040485
0.43073811931243683	0.07263636800231259
0.43174924165824063	0.07287417609464879
0.4327603640040445	0.07252779315305828
0.43377148634984836	0.07226428362041448
0.43478260869565216	0.07252329538966329
0.435793731041456	0.07160180787046747
0.4368048533872599	0.07153081744816277
0.4378159757330637	0.07048338763934178
0.43882709807886755	0.0707378403022997
0.4398382204246714	0.07097680877876965
0.4408493427704752	0.07057284541724113
0.4418604651162791	0.06899306632047908
0.44287158746208294	0.06891617081416299
0.44388270980788674	0.06817831792889813
0.4448938321536906	0.06774511037749172
0.44590495449949447	0.06796667494213918
0.44691607684529827	0.06788345701349463
0.44792719919110213	0.06714499614573266
0.448938321536906	0.06640856848090465
0.4499494438827098	0.06593215452913409
0.45096056622851366	0.06528472061583518
0.45197168857431747	0.0655158377801256
0.4529828109201213	0.06510484077074821
0.4539939332659252	0.0647885447454472
0.455005055611729	0.06410741736269822
0.45601617795753285	0.06318832105140391
0.4570273003033367	0.06256867938484091
0.4580384226491405	0.06192218012505906
0.4590495449949444	0.06150442332594945
0.46006066734074824	0.061368064892919405
0.46107178968655205	0.06009277540891099
0.4620829120323559	0.05952322251319019
0.46309403437815977	0.05973007203992535
0.4641051567239636	0.058681707245228795
0.46511627906976744	0.058108066166300563
0.4661274014155713	0.05792102678339668
0.4671385237613751	0.057107711574560294
0.46814964610717896	0.05678606559211766
0.4691607684529828	0.05569385564831353
0.47017189079878663	0.05590683406379465
0.4711830131445905	0.05492591971249707
0.47219413549039435	0.054659316216254056
0.47320525783619816	0.053974125804018926
0.474216380182002	0.05269565473796196
0.4752275025278059	0.05159977213374056
0.4762386248736097	0.05095060867348293
0.47724974721941354	0.049862829774040905
0.4782608695652174	0.04856876411232884
0.4792719919110212	0.04808031286395005
0.48028311425682507	0.048248798242641604
0.48129423660262893	0.04842584832715121
0.48230535894843274	0.04860773765524181
0.4833164812942366	0.047191144962150884
0.48432760364004046	0.04737657185787643
0.48533872598584427	0.046914031466532155
0.4863498483316481	0.04626257061605533
0.487360970677452	0.046169694490756426
0.4883720930232558	0.04596528709458674
0.48938321536905965	0.04614768902750176
0.4903943377148635	0.04633117884470853
0.4914054600606673	0.04650124410751848
0.4924165824064712	0.04666037040638372
0.49342770475227504	0.0465413696074691
0.49443882709807885	0.0465379571674198
0.4954499494438827	0.046716808368831
0.49646107178968657	0.046221108849450014
0.4974721941354904	0.045953280372179744
0.49848331648129424	0.04435363914914755
0.4994944388270981	0.043696716229308576
0.5005055611729019	0.043677742504501654
0.5015166835187057	0.04362409580274977
0.5025278058645096	0.04305859019078375
0.5035389282103134	0.04278761879743377
0.5045500505561172	0.04294356053506918
0.5055611729019212	0.04310698707553021
0.506572295247725	0.04122287567650021
0.5075834175935288	0.0407735900923743
0.5085945399393327	0.0374892975783223
0.5096056622851365	0.0373053258408704
0.5106167846309403	0.037438410878488045
0.5116279069767442	0.03717760542870717
0.512639029322548	0.03733219006666437
0.5136501516683518	0.03607720166707956
0.5146612740141557	0.03622783716464565
0.5156723963599595	0.036320955471255044
0.5166835187057633	0.03621409522869254
0.5176946410515673	0.03449724799759279
0.5187057633973711	0.034394295635622366
0.5197168857431749	0.034292692399114276
0.5207280080889788	0.03324230498757955
0.5217391304347826	0.0321545762087648
0.5227502527805864	0.032112347492922945
0.5237613751263903	0.031220983294406965
0.5247724974721941	0.0313140486256387
0.5257836198179979	0.03052111801118271
0.5267947421638018	0.029061108063486295
0.5278058645096056	0.028939137217694096
0.5288169868554095	0.029040532186944554
0.5298281092012134	0.026665948523563996
0.5308392315470172	0.0267718266061116
0.531850353892821	0.02674011635124183
0.5328614762386249	0.02670061272622712
0.5338725985844287	0.026807271053745658
0.5348837209302325	0.025491633710414182
0.5358948432760364	0.024834205509144884
0.5369059656218402	0.021995586334772076
0.537917087967644	0.022082460907260366
0.538928210313448	0.02217952666949008
0.5399393326592518	0.02196114227686999
0.5409504550050556	0.021856663857075537
0.5419615773508595	0.02194360703556367
0.5429726996966633	0.021773736681554107
0.5439838220424671	0.021870508844583234
0.544994944388271	0.02178491856316533
0.5460060667340748	0.019562474374101562
0.5470171890798786	0.019650002223650116
0.5480283114256825	0.018930249307809854
0.5490394337714863	0.018886306844768355
0.5500505561172901	0.01893763869224875
0.5510616784630941	0.01852402090503318
0.5520728008088979	0.01822393860741618
0.5530839231547017	0.013551178332160092
0.5540950455005056	0.013439551212889315
0.5551061678463094	0.013474893960183488
0.5561172901921132	0.013492390606933429
0.5571284125379171	0.013538467188501786
0.5581395348837209	0.013590073324598348
0.5591506572295247	0.013630587282588353
0.5601617795753286	0.013693401048867562
0.5611729019211324	0.013569552331451021
0.5621840242669363	0.01361633635505377
0.5631951466127402	0.013679521210529658
0.564206268958544	0.013636130577335585
0.5652173913043478	0.013688860410351842
0.5662285136501517	0.013752827047783392
0.5672396359959555	0.013624818956592058
0.5682507583417593	0.013688785242773241
0.5692618806875632	0.013753203055680409
0.570273003033367	0.013722626370210825
0.5712841253791708	0.013659497283689336
0.5722952477249748	0.011660140932049236
0.5733063700707786	0.011609986868570716
0.5743174924165824	0.011665272520325815
0.5753286147623863	0.011720954012069613
0.5763397371081901	0.011748486868049983
0.5773508594539939	0.011804834526889551
0.5783619817997978	0.01183756929289651
0.5793731041456016	0.011859091097335557
0.5803842264914054	0.01144076690560812
0.5813953488372093	0.011496170135175229
0.5824064711830131	0.011551976786316856
0.583417593528817	0.011347322372626133
0.5844287158746209	0.010449617231552825
0.5854398382204247	0.01048878883468881
0.5864509605662285	0.010074570318900886
0.5874620829120324	0.010101995902520606
0.5884732052578362	0.010151759429134008
0.58948432760364	0.0097562500259206
0.5904954499494439	0.00957151322077329
0.5915065722952477	0.009600588366845969
0.5925176946410515	0.009636007266292148
0.5935288169868554	0.009397837086649485
0.5945399393326593	0.009103577018427022
0.5955510616784631	0.00913667765511087
0.596562184024267	0.009182590608151627
0.5975733063700708	0.009216192763285539
0.5985844287158746	0.009190649698638538
0.5995955510616785	0.009063388891716307
0.6006066734074823	0.008882084504053117
0.6016177957532861	0.008553557083006313
0.60262891809909	0.00852817516041913
0.6036400404448938	0.008571797539756313
0.6046511627906976	0.008526132112576978
0.6056622851365016	0.008526024778723858
0.6066734074823054	0.008556722359606953
0.6076845298281092	0.008600943146995102
0.6086956521739131	0.008612036384438533
0.6097067745197169	0.008656774235786266
0.6107178968655207	0.00828325697540377
0.6117290192113246	0.00827234310118192
0.6127401415571284	0.007894311944193594
0.6137512639029322	0.007922010164125734
0.6147623862487361	0.007949890891747394
0.6157735085945399	0.007936609091809651
0.6167846309403437	0.007732924245132542
0.6177957532861477	0.006621060658785415
0.6188068756319515	0.006626885007436986
0.6198179979777553	0.006648043996980194
0.6208291203235592	0.006669334784842833
0.621840242669363	0.006678811321038699
0.6228513650151668	0.006489863767386921
0.6238624873609707	0.006498281817819268
0.6248736097067745	0.006110717876216547
0.6258847320525783	0.00572321661752558
0.6268958543983822	0.005754321055664306
0.627906976744186	0.005770871081557039
0.6289180990899899	0.005502911280818121
0.6299292214357938	0.00548316028441788
0.6309403437815976	0.005415440180606536
0.6319514661274014	0.0052901294341672275
0.6329625884732053	0.005304136663435338
0.6339737108190091	0.005253939964152553
0.6349848331648129	0.0052549147101317115
0.6359959555106168	0.0052687149158829865
0.6370070778564206	0.005063404510191837
0.6380182002022244	0.005076122204426047
0.6390293225480284	0.005088903113169006
0.6400404448938322	0.005014708612588029
0.641051567239636	0.004989991308921846
0.6420626895854399	0.005018263214354831
0.6430738119312437	0.0048135390734540895
0.6440849342770475	0.004840966646522203
0.6450960566228514	0.004812017494557177
0.6461071789686552	0.004839593526044611
0.647118301314459	0.004812515911962606
0.6481294236602629	0.0048402537558355895
0.6491405460060667	0.004868232101245044
0.6501516683518705	0.00489645373661458
0.6511627906976745	0.0049249214908972236
0.6521739130434783	0.004953638234284379
0.6531850353892821	0.004982606878929317
0.654196157735086	0.004887047911948874
0.6552072800808898	0.0049157952526073965
0.6562184024266936	0.004944796994510685
0.6572295247724975	0.004930419276913487
0.6582406471183013	0.004959679925441164
0.6592517694641051	0.004971538978268521
0.660262891809909	0.004709185083652028
0.6612740141557129	0.004673034882615713
0.6622851365015167	0.004584217807770691
0.6632962588473206	0.004566607628856614
0.6643073811931244	0.004594200424197137
0.6653185035389282	0.004545142113117934
0.6663296258847321	0.004419371015115686
0.6673407482305359	0.004389923241394801
0.6683518705763397	0.0044167729248284085
0.6693629929221436	0.00442510831715536
0.6703741152679474	0.004452339752953239
0.6713852376137512	0.004305943713351111
0.6723963599595552	0.00433260590352666
0.673407482305359	0.004359516499200739
0.6744186046511628	0.004367329124976994
0.6754297269969667	0.0043751545270236765
0.6764408493427705	0.004282091232522258
0.6774519716885743	0.004243303625216434
0.6784630940343782	0.004250235168037672
0.679474216380182	0.004129389513528786
0.6804853387259858	0.00415560785964643
0.6814964610717897	0.004161856297130781
0.6825075834175935	0.0041884496281028635
0.6835187057633973	0.004194818611751512
0.6845298281092013	0.00419087730180977
0.6855409504550051	0.004149803336609677
0.6865520728008089	0.004176662905131423
0.6875631951466128	0.0041109696796243185
0.6885743174924166	0.004137751241055096
0.6895854398382204	0.0041435056348513525
0.6905965621840243	0.004149246826842448
0.6916076845298281	0.0041549741840941085
0.6926188068756319	0.004149830709888024
0.6936299292214358	0.004047370993800732
0.6946410515672397	0.003968288891612907
0.6956521739130435	0.003994744150890327
0.6966632962588474	0.003980587850153063
0.6976744186046512	0.0039511877416750435
0.698685540950455	0.003754924336579814
0.6996966632962589	0.0037575454242120875
0.7007077856420627	0.003783020308444034
0.7017189079878665	0.003751104961758711
0.7027300303336703	0.0036722311222554976
0.7037411526794742	0.0036973833902161518
0.704752275025278	0.003722794959908359
0.7057633973710818	0.003748469407907727
0.7067745197168858	0.003750546871892771
0.7077856420626896	0.003752563116749965
0.7087967644084934	0.0036875725900116126
0.7098078867542973	0.003713359810920785
0.7108190091001011	0.0037394184762605796
0.7118301314459049	0.0037410427477143544
0.7128412537917088	0.003622737603477163
0.7138523761375126	0.0036484307779699092
0.7148634984833164	0.003649159115957025
0.7158746208291203	0.003637095407558042
0.7168857431749242	0.0036631677760710028
0.717896865520728	0.0035090207403969307
0.7189079878665319	0.003417482620401876
0.7199191102123357	0.0034422469872163824
0.7209302325581395	0.0034672815107597743
0.7219413549039434	0.0032205264322052655
0.7229524772497472	0.003204014152919263
0.723963599595551	0.003200639230050996
0.7249747219413549	0.0032242601837783095
0.7259858442871587	0.0032481435925470377
0.7269969666329625	0.0032722933590343764
0.7280080889787665	0.003268971129482699
0.7290192113245703	0.0032934578046099105
0.7300303336703741	0.0032900603568847223
0.731041456016178	0.003200453965101433
0.7320525783619818	0.0031961120640365925
0.7330637007077856	0.0031916119368590855
0.7340748230535895	0.0032159753867587733
0.7350859453993933	0.003196747682138575
0.7360970677451971	0.0031771293840259364
0.737108190091001	0.0032016632016632026
0.7381193124368048	0.003126714754621732
0.7391304347826086	0.0031058023909349584
0.7401415571284126	0.003130066472114138
0.7411526794742164	0.003154616013071896
0.7421638018200202	0.003148577016108281
0.7431749241658241	0.0031734669529945125
0.7441860465116279	0.003198653198653199
0.7451971688574317	0.0031925209216045873
0.7462082912032356	0.0032180610889774243
0.7472194135490394	0.0031635876840696124
0.7482305358948432	0.0031405190655093497
0.7492416582406471	0.0031659483696835147
0.750252780586451	0.003114885399866145
0.7512639029322548	0.0030274874177313206
0.7522750252780587	0.003052302888368463
0.7532861476238625	0.003077424722840631
0.7542972699696663	0.0030405060708091017
0.7553083923154702	0.0027050969902723964
0.756319514661274	0.002727639465191333
0.7573306370070778	0.0027155973965597405
0.7583417593528817	0.002738417542749318
0.7593528816986855	0.00276152655154889
0.7603640040444893	0.002784929318934898
0.7613751263902933	0.002772568818367593
0.7623862487360971	0.0027053403649148337
0.7633973710819009	0.002728562170622257
0.7644084934277048	0.002715085590252085
0.7654196157735086	0.002738592824799722
0.7664307381193124	0.0027624066754501544
0.7674418604651163	0.002786532497943169
0.7684529828109201	0.0028109757654689862
0.7694641051567239	0.002797099209109411
0.7704752275025278	0.002821852299455512
0.7714863498483316	0.002807604064241232
0.7724974721941354	0.002710978835978836
0.7735085945399394	0.0027352925475122784
0.7745197168857432	0.002699336107407856
0.775530839231547	0.002682999741823271
0.7765419615773509	0.002707390648567119
0.7775530839231547	0.0027321156773211564
0.7785642062689585	0.00275718095876447
0.7795753286147624	0.002676897926971913
0.7805864509605662	0.0027016840188883195
0.78159757330637	0.0027268159632500713
0.782608695652174	0.002752300224588857
0.7836198179979778	0.0027342664502069524
0.7846309403437816	0.002760061416718339
0.7856420626895855	0.0027862231363080863
0.7866531850353893	0.0028127585947491157
0.7876643073811931	0.0027941064783170043
0.788675429726997	0.00282097288676236
0.7896865520728008	0.002848228663446054
0.7906976744186046	0.002875881368916404
0.7917087967644085	0.0029039387481253447
0.7927199191102123	0.0028845847282002227
0.7937310414560161	0.002913004282172639
0.7947421638018201	0.0029418459087288034
0.7957532861476239	0.00297111800732312
0.7967644084934277	0.003000829187396351
0.7977755308392316	0.00298073701842546
0.7987866531850354	0.0028839483613352953
0.7997977755308392	0.002913227024902151
0.8008088978766431	0.0029429538312787037
0.8018200202224469	0.0029731379731379724
0.8028311425682507	0.0030037888800775393
0.8038422649140546	0.0029815002759824077
0.8048533872598584	0.003012557570523891
0.8058645096056622	0.003044102675974403
0.8068756319514662	0.0030761458620372916
0.80788675429727	0.003108697670101178
0.8088978766430738	0.003085481631580922
0.8099089989888777	0.0031184814351272417
0.8109201213346815	0.00309451248730186
0.8119312436804853	0.0030117213988181723
0.8129423660262892	0.0030444575009792394
0.813953488372093	0.0029886354636889196
0.8149646107178968	0.003021477611641545
0.8159757330637007	0.0030548641045878605
0.8169868554095046	0.003088807039083281
0.8179979777553084	0.0031233188495758315
0.8190091001011123	0.0030642562718389715
0.8200202224469161	0.0030988806364925193
0.8210313447927199	0.0031340951891799342
0.8220424671385238	0.0030400432900432894
0.8230535894843276	0.003074986316365626
0.8240647118301314	0.003044094523066019
0.8250758341759353	0.0030794909710086475
0.8260869565217391	0.0031155084092660584
0.8270980788675429	0.003152161449375071
0.8281092012133469	0.003119851490892214
0.8291203235591507	0.0031569925800695024
0.8301314459049545	0.0031948008744415923
0.8311425682507584	0.003233292451242093
0.8321536905965622	0.0031994645247657287
0.833164812942366	0.0032384823848238473
0.8341759352881699	0.003278218365005735
0.8351870576339737	0.0033186901966724726
0.8361981799797775	0.0031682130715947137
0.8372093023255814	0.003207815734989648
0.8382204246713852	0.0030359014675052413
0.839231547017189	0.0030743306000053073
0.840242669362993	0.0030328683920556854
0.8412537917087968	0.0030717513201589633
0.8422649140546006	0.0031113868210642403
0.8432760364004045	0.003151794442117023
0.8442871587462083	0.0027728263022380674
0.8452982810920121	0.002809310858846463
0.846309403437816	0.0027593818984547464
0.8473205257836198	0.002663723325974982
0.8483316481294236	0.0026994780014914246
0.8493427704752275	0.0027359574339440116
0.8503538928210314	0.0027731813446099166
0.8513650151668352	0.002811170130152518
0.8523761375126391	0.0027082349236340736
0.8533872598584429	0.002745849297573436
0.8543983822042467	0.0027842527842527843
0.8554095045500506	0.0028234676122000065
0.8564206268958544	0.0028635167981886592
0.8574317492416582	0.0029044241810199257
0.8584428715874621	0.002946214457005824
0.8594539939332659	0.0029889132172522853
0.8604651162790697	0.003032546986847209
0.8614762386248737	0.0029698010591097754
0.8624873609706775	0.003013798111837328
0.8634984833164813	0.003058780173208034
0.8645096056622852	0.0031047768675419893
0.865520728008089	0.0031518189412926257
0.8665318503538928	0.0031999383144421314
0.8675429726996967	0.0031317283225680173
0.8685540950455005	0.0030610216656728286
0.8695652173913043	0.0031088501291989664
0.8705763397371082	0.0031578083989501314
0.871587462082912	0.00320793234179061
0.8725985844287159	0.0032592592592592595
0.8736097067745198	0.0033118279569892477
0.8746208291203236	0.0033656788180785034
0.8756319514661274	0.003287573859345151
0.8766430738119313	0.0033419139231359797
0.8776541961577351	0.0033976124885215795
0.8786653185035389	0.003104575163398693
0.8796764408493428	0.0030147652281251485
0.8806875631951466	0.0029214351248249555
0.8816986855409504	0.002971804695942627
0.8827098078867543	0.003023488255872064
0.8837209302325582	0.003076531909483855
0.884732052578362	0.003130983801687109
0.8857431749241659	0.0031868942267172357
0.8867542972699697	0.0032443157443157447
0.8877654196157735	0.0033033033033033035
0.8887765419615774	0.0031971087016958574
0.8897876643073812	0.0032563144183939286
0.890798786653185	0.003144109841929156
0.8918099089989889	0.0032034326691353665
0.8928210313447927	0.0032644504342617545
0.8938321536905965	0.0033272283272283267
0.8948432760364005	0.003391834702514314
0.8958543983822043	0.003458341265308712
0.8968655207280081	0.00352682327056235
0.897876643073812	0.0031683168316831685
0.8988877654196158	0.0028282828282828283
0.8998988877654196	0.002886002886002886
0.9009100101112234	0.0029455081001472753
0.9019211324570273	0.003006872852233677
0.9029322548028311	0.0030701754385964912
0.9039433771486349	0.0029115341545352742
0.9049544994944388	0.0029741477922672157
0.9059656218402427	0.0030388031790556337
0.9069767441860465	0.003105590062111801
0.9079878665318504	0.0031746031746031746
0.9089989888776542	0.002871410736579276
0.910010111223458	0.0029366700715015323
0.9110212335692619	0.0030041797283176593
0.9120323559150657	0.003074044373162256
0.9130434782608695	0.003146374829001368
0.9140546006066734	0.0029411764705882353
0.9150657229524772	0.0027251864601262193
0.916076845298281	0.0024977960622979724
0.917087967644085	0.0025594700391448357
0.9180990899898888	0.002623456790123457
0.9191102123356926	0.002689873417721519
0.9201213346814965	0.0024342745861733205
0.9211324570273003	0.0024975024975024975
0.9221435793731041	0.002563226247436774
0.923154701718908	0.002631578947368421
0.9241658240647118	0.002702702702702703
0.9251769464105156	0.0027767493520918177
0.9261880687563195	0.0028538812785388126
0.9271991911021233	0.0029342723004694834
0.9282103134479271	0.0030181086519114686
0.9292214357937311	0.003105590062111801
0.9302325581395349	0.00319693094629156
0.9312436804853387	0.003292361720807726
0.9322548028311426	0.0033921302578018998
0.9332659251769464	0.0030303030303030303
0.9342770475227502	0.003125
0.9352881698685541	0.003224206349206349
0.9362992922143579	0.0033282130056323605
0.9373104145601617	0.003437334743521946
0.9383215369059656	0.003551912568306011
0.9393326592517695	0.0031073446327683617
0.9403437815975733	0.0032144944476914087
0.9413549039433772	0.003327283726557774
0.942366026289181	0.003446115288220551
0.9433771486349848	0.0035714285714285713
0.9443882709807887	0.0030303030303030303
0.9453993933265925	0.0031446540880503146
0.9464105156723963	0.003265602322206096
0.9474216380182002	0.003393665158371041
0.948432760364004	0.0035294117647058825
0.9494438827098078	0.003673469387755102
0.9504550050556118	0.003826530612244898
0.9514661274014156	0.003989361702127659
0.9524772497472194	0.0032377428307123032
0.9534883720930233	0.003381642512077295
0.9544994944388271	0.0035353535353535356
0.9555106167846309	0.0036997885835095136
0.9565217391304348	0.003875968992248062
0.9575328614762386	0.0023228803716608595
0.9585439838220424	0.0012195121951219512
0.9595551061678463	0.001282051282051282
0.9605662285136501	0.001349527665317139
0.961577350859454	0.001422475106685633
0.9625884732052579	0.0015015015015015015
0.9635995955510617	0.0015873015873015873
0.9646107178968655	0.0016806722689075631
0.9656218402426694	0.0017825311942959
0.9666329625884732	0.001893939393939394
0.967644084934277	0.0020161290322580645
0.9686552072800809	0.002150537634408602
0.9696663296258847	0.0022988505747126436
0.9706774519716885	0.0024630541871921183
0.9716885743174924	0.0026455026455026454
0.9726996966632963	0.002849002849002849
0.9737108190091001	0.003076923076923077
0.974721941354904	0.0033333333333333335
0.9757330637007078	0.0036231884057971015
0.9767441860465116	0.003952569169960474
0.9777553083923155	0.004329004329004329
0.9787664307381193	0.004761904761904762
0.9797775530839231	0.005263157894736842
0.980788675429727	0.005847953216374269
0.9817997977755308	0.0
0.9828109201213346	0.0
0.9838220424671386	0.0
0.9848331648129424	0.0
0.9858442871587462	0.0
0.9868554095045501	0.0
0.9878665318503539	0.0
0.9888776541961577	0.0
0.9898887765419616	0.0
0.9908998988877654	0.0
0.9919110212335692	0.0
0.9929221435793731	0.0
0.993933265925177	0.0
0.9949443882709808	0.0
0.9959555106167847	0.0
0.9969666329625885	0.0
0.9979777553083923	0.0
0.9989888776541962	0.0
1.0	0.0
