Fraction_of_nodes	Efficiency
0.0010111223458038423	0.23980245171515566
0.0020222446916076846	0.23972332537968472
0.003033367037411527	0.23961762654926516
0.004044489383215369	0.23943946410797506
0.005055611729019211	0.2394072094705395
0.006066734074823054	0.23928243742522765
0.007077856420626896	0.2391145146411179
0.008088978766430738	0.23901388579468633
0.00910010111223458	0.23893402594909063
0.010111223458038422	0.23884695162989317
0.011122345803842264	0.23873217769019975
0.012133468149646108	0.23855235394376373
0.01314459049544995	0.2384708629424392
0.014155712841253791	0.23819389675040878
0.015166835187057633	0.2380270365292278
0.016177957532861477	0.23793018990513745
0.017189079878665317	0.23791906011963165
0.01820020222446916	0.23788927270969573
0.019211324570273004	0.23770999833127276
0.020222446916076844	0.23756000846666173
0.021233569261880688	0.23748214545303825
0.022244691607684528	0.23740746034028465
0.023255813953488372	0.23726073326018876
0.024266936299292215	0.2370907162339923
0.025278058645096056	0.2369567312036603
0.0262891809908999	0.2368813452472011
0.027300303336703743	0.23681781025309356
0.028311425682507583	0.23676606907278225
0.029322548028311426	0.23659214561364048
0.030333670374115267	0.23644131083121384
0.03134479271991911	0.23630177356030843
0.032355915065722954	0.2361966059811332
0.033367037411526794	0.23611872493729158
0.034378159757330634	0.23594125745523878
0.03538928210313448	0.23569458712900562
0.03640040444893832	0.23560714955923392
0.03741152679474216	0.23544180150278643
0.03842264914054601	0.2352338046319912
0.03943377148634985	0.23508452321653867
0.04044489383215369	0.23497999385280913
0.041456016177957536	0.23487845117226597
0.042467138523761376	0.23476834965099674
0.043478260869565216	0.23449871981902543
0.044489383215369056	0.23438634881251094
0.0455005055611729	0.23431618943174182
0.046511627906976744	0.23425287462726113
0.047522750252780584	0.2341850531412991
0.04853387259858443	0.23403540357023264
0.04954499494438827	0.23394717356990222
0.05055611729019211	0.23379087272593138
0.05156723963599596	0.23370939798319693
0.0525783619817998	0.23363259401188138
0.05358948432760364	0.23352145113527012
0.054600606673407485	0.23346365395917537
0.055611729019211326	0.23333337832561768
0.056622851365015166	0.23328436417244514
0.057633973710819006	0.23316317914535337
0.05864509605662285	0.23304238294983412
0.05965621840242669	0.23286525004367736
0.06066734074823053	0.23273839967786172
0.06167846309403438	0.2324900973562753
0.06268958543983821	0.23243088172090923
0.06370070778564206	0.2322676227919056
0.06471183013144591	0.23215578305672785
0.06572295247724974	0.23202580600058367
0.06673407482305359	0.23194806219913003
0.06774519716885744	0.23179199573616463
0.06875631951466127	0.23166437840706416
0.06976744186046512	0.23156810285746196
0.07077856420626896	0.2314550362396383
0.0717896865520728	0.23125389699836182
0.07280080889787664	0.2311743425280719
0.07381193124368049	0.23106111851686656
0.07482305358948432	0.23092482016226631
0.07583417593528817	0.23076966642595606
0.07684529828109202	0.23066838840976991
0.07785642062689585	0.23038781712028605
0.0788675429726997	0.23031307327254433
0.07987866531850354	0.23020965443037947
0.08088978766430738	0.2300331814795366
0.08190091001011122	0.229800260497109
0.08291203235591507	0.22965697021265213
0.0839231547017189	0.22954322262194632
0.08493427704752275	0.22947315933079096
0.0859453993933266	0.22928377486301885
0.08695652173913043	0.2291982080371377
0.08796764408493428	0.22901374976422514
0.08897876643073811	0.22890163623869234
0.08998988877654196	0.22873781656346676
0.0910010111223458	0.2285602206541119
0.09201213346814964	0.228411908414016
0.09302325581395349	0.2282163527113657
0.09403437815975733	0.22813025316684446
0.09504550050556117	0.2280556726006529
0.09605662285136501	0.22794774481682528
0.09706774519716886	0.22776095545749514
0.0980788675429727	0.22764346881932268
0.09908998988877654	0.22751176239395163
0.10010111223458039	0.22738389884307422
0.10111223458038422	0.22725921556757084
0.10212335692618807	0.22708695791191932
0.10313447927199192	0.22694035511585325
0.10414560161779575	0.2268346007702256
0.1051567239635996	0.22673249056302294
0.10616784630940344	0.2266652905904246
0.10717896865520728	0.2265523333260504
0.10819009100101112	0.22645470247556157
0.10920121334681497	0.2264257513521694
0.1102123356926188	0.2262679721607206
0.11122345803842265	0.22617261847733677
0.1122345803842265	0.22604922682774609
0.11324570273003033	0.22599300667673652
0.11425682507583418	0.22592423321882996
0.11526794742163801	0.2258226251969508
0.11627906976744186	0.22574162727692668
0.1172901921132457	0.2256319411190942
0.11830131445904954	0.22557243983101255
0.11931243680485339	0.22546557673127188
0.12032355915065723	0.225369396927388
0.12133468149646107	0.22530139532123053
0.12234580384226491	0.22519607895903254
0.12335692618806876	0.22505804812563426
0.1243680485338726	0.22501727132658486
0.12537917087967643	0.2249215662415423
0.1263902932254803	0.22473446452701312
0.12740141557128412	0.22451249355694722
0.12841253791708795	0.2243442325341971
0.12942366026289182	0.2241775254350186
0.13043478260869565	0.22411492993576765
0.13144590495449948	0.22398866871641226
0.13245702730030334	0.22385138286377854
0.13346814964610718	0.2237612211602939
0.134479271991911	0.22372039382519024
0.13549039433771487	0.22357247965226268
0.1365015166835187	0.22356423196687217
0.13751263902932254	0.22344603038891964
0.1385237613751264	0.22331198194658733
0.13953488372093023	0.22323479435876123
0.14054600606673406	0.22300111836877753
0.14155712841253792	0.2228353465509177
0.14256825075834176	0.2227139242669347
0.1435793731041456	0.22243912932622872
0.14459049544994945	0.22228474253527142
0.14560161779575329	0.2222614676510235
0.14661274014155712	0.2220964429512049
0.14762386248736098	0.22192660926619728
0.1486349848331648	0.22178692395660748
0.14964610717896865	0.22169542680036786
0.1506572295247725	0.2216033249517173
0.15166835187057634	0.22152715699527584
0.15267947421638017	0.22139276444823422
0.15369059656218403	0.2212340365289965
0.15470171890798787	0.22118467781810777
0.1557128412537917	0.22111566066121072
0.15672396359959556	0.2209133845488588
0.1577350859453994	0.22076951569213588
0.15874620829120323	0.22059658321812653
0.1597573306370071	0.22043426057570228
0.16076845298281092	0.22022984626191122
0.16177957532861476	0.21991015218398963
0.16279069767441862	0.2197820095944584
0.16380182002022245	0.2196438057798451
0.16481294236602628	0.2194185736063845
0.16582406471183014	0.21930436005912032
0.16683518705763398	0.21919269199272035
0.1678463094034378	0.2190624094464832
0.16885743174924167	0.21892379479051569
0.1698685540950455	0.21871198888719695
0.17087967644084934	0.21867409560571485
0.1718907987866532	0.21857133794509237
0.17290192113245703	0.218496375032679
0.17391304347826086	0.21836743020324256
0.17492416582406473	0.21821589034368344
0.17593528816986856	0.21808518661259946
0.1769464105156724	0.21794744821477038
0.17795753286147623	0.21790342737149815
0.1789686552072801	0.2178909597766931
0.17997977755308392	0.21775819209344646
0.18099089989888775	0.21760239486819302
0.1820020222446916	0.2174218769879122
0.18301314459049545	0.21724584591112356
0.18402426693629928	0.2170020442262687
0.18503538928210314	0.21685858892744586
0.18604651162790697	0.21679501793479564
0.1870576339737108	0.2166438770435654
0.18806875631951467	0.2164438740583353
0.1890798786653185	0.2163886102738278
0.19009100101112233	0.2162756938023575
0.1911021233569262	0.21613259615388108
0.19211324570273003	0.2160347672496407
0.19312436804853386	0.2158932601184338
0.19413549039433772	0.21577569652378575
0.19514661274014156	0.21560573104946937
0.1961577350859454	0.2155695893688895
0.19716885743174925	0.215444086053111
0.19817997977755308	0.2152502032608891
0.19919110212335692	0.2151553945223803
0.20020222446916078	0.21497596632091204
0.2012133468149646	0.21476870869469958
0.20222446916076844	0.21454057682687297
0.2032355915065723	0.21438055013803875
0.20424671385237614	0.21443482683714915
0.20525783619817997	0.21426076487897827
0.20626895854398383	0.21425543348242101
0.20728008088978767	0.2141189388091366
0.2082912032355915	0.21397375116499115
0.20930232558139536	0.21384562163342435
0.2103134479271992	0.21383877433993628
0.21132457027300303	0.21369737369276284
0.2123356926188069	0.21349135273135533
0.21334681496461072	0.21343163942642743
0.21435793731041455	0.21337625383789435
0.21536905965621841	0.21297131301570854
0.21638018200202225	0.21287480816770005
0.21739130434782608	0.21276526131921503
0.21840242669362994	0.21278892686144327
0.21941354903943378	0.21271218110765117
0.2204246713852376	0.21253398801031675
0.22143579373104147	0.21241697039156807
0.2224469160768453	0.2124029356667195
0.22345803842264914	0.21221316087501374
0.224469160768453	0.21205502304245316
0.22548028311425683	0.21198037070805048
0.22649140546006066	0.21182947990972373
0.2275025278058645	0.2117283862350626
0.22851365015166836	0.21128639497337626
0.2295247724974722	0.21118329666799687
0.23053589484327602	0.2110988149474975
0.23154701718907988	0.21085894643342287
0.23255813953488372	0.21081442326254268
0.23356926188068755	0.21065053984271084
0.2345803842264914	0.2105096475862247
0.23559150657229525	0.2103628409149359
0.23660262891809908	0.2101783287120566
0.23761375126390294	0.210057052262301
0.23862487360970677	0.21006355732810184
0.2396359959555106	0.20976047801563635
0.24064711830131447	0.20960635053813492
0.2416582406471183	0.20943610266268667
0.24266936299292213	0.20930500243876135
0.243680485338726	0.20900691937998092
0.24469160768452983	0.20897704227238703
0.24570273003033366	0.2088422654695329
0.24671385237613752	0.20861881882058916
0.24772497472194135	0.2083076424061073
0.2487360970677452	0.2081754587445955
0.24974721941354905	0.2081183443003703
0.25075834175935285	0.20796776767788194
0.2517694641051567	0.20789292796524844
0.2527805864509606	0.20778150067991757
0.2537917087967644	0.20760313291297475
0.25480283114256824	0.2074133817385045
0.2558139534883721	0.20720697701132682
0.2568250758341759	0.20712725572078933
0.25783619817997977	0.20695761502182108
0.25884732052578363	0.20668756663629653
0.25985844287158744	0.20659656249924133
0.2608695652173913	0.2064773589681154
0.26188068756319516	0.20627454426321803
0.26289180990899896	0.20619375871979534
0.2639029322548028	0.2059921034208217
0.2649140546006067	0.20587293501506393
0.2659251769464105	0.20572087018414437
0.26693629929221435	0.20555655237800452
0.2679474216380182	0.20536721357342086
0.268958543983822	0.20525936078471202
0.2699696663296259	0.2052444216503672
0.27098078867542974	0.20516508401233083
0.27199191102123355	0.20491785849155927
0.2730030333670374	0.20473287878139562
0.27401415571284127	0.2046686890618976
0.2750252780586451	0.2045676991167315
0.27603640040444893	0.20432522047348317
0.2770475227502528	0.20420344477369162
0.2780586450960566	0.20388078521774716
0.27906976744186046	0.20350311733761153
0.2800808897876643	0.20310970817267485
0.2810920121334681	0.20296828536850828
0.282103134479272	0.20290064408005173
0.28311425682507585	0.20259888165536113
0.28412537917087965	0.20249786482700466
0.2851365015166835	0.20230502806845013
0.2861476238624874	0.202043344126806
0.2871587462082912	0.20187812000467614
0.28816986855409504	0.20175266421599708
0.2891809908998989	0.20154933970682545
0.2901921132457027	0.20140860451566045
0.29120323559150657	0.2012900914582966
0.29221435793731043	0.20109991086262075
0.29322548028311424	0.20092103238430634
0.2942366026289181	0.200723005754515
0.29524772497472196	0.20050833064152535
0.29625884732052576	0.20038779615167795
0.2972699696663296	0.20010848025755767
0.2982810920121335	0.19978515239798264
0.2992922143579373	0.19956965461468473
0.30030333670374115	0.19920802732898388
0.301314459049545	0.1989446436175065
0.3023255813953488	0.198710490766672
0.3033367037411527	0.19853832179247766
0.30434782608695654	0.19842557194966443
0.30535894843276035	0.19823645706994486
0.3063700707785642	0.1979464084687498
0.30738119312436807	0.19757676438712896
0.3083923154701719	0.19747479967505535
0.30940343781597573	0.19719788483515022
0.3104145601617796	0.19690633498785665
0.3114256825075834	0.1967238447259009
0.31243680485338726	0.19648473688088092
0.3134479271991911	0.19624725806267135
0.31445904954499493	0.19602367303104679
0.3154701718907988	0.195715572900817
0.31648129423660265	0.1953686717203607
0.31749241658240646	0.195018260446164
0.3185035389282103	0.19491448757344706
0.3195146612740142	0.1946567007428637
0.320525783619818	0.1943243415322082
0.32153690596562184	0.19399355667728477
0.3225480283114257	0.19390937454792703
0.3235591506572295	0.19349676264582563
0.32457027300303337	0.19329047509923133
0.32558139534883723	0.1930458065360939
0.32659251769464104	0.1926728388377819
0.3276036400404449	0.19242960433294787
0.32861476238624876	0.19218517123102608
0.32962588473205257	0.19194213951985398
0.3306370070778564	0.19198432382162334
0.3316481294236603	0.1916808928470985
0.3326592517694641	0.1914959744169251
0.33367037411526795	0.19118605898728405
0.3346814964610718	0.19109819379128118
0.3356926188068756	0.19093011563027848
0.3367037411526795	0.19059243294461986
0.33771486349848334	0.19026906220077505
0.33872598584428715	0.190087742649942
0.339737108190091	0.18966649536028116
0.34074823053589487	0.18941361924772968
0.3417593528816987	0.1892183608514284
0.34277047522750254	0.1890436070699963
0.3437815975733064	0.1887249820157909
0.3447927199191102	0.18838259360075577
0.34580384226491406	0.1882840625404914
0.3468149646107179	0.18812386470553757
0.34782608695652173	0.1879313271237894
0.3488372093023256	0.18748357462501716
0.34984833164812945	0.18719321217949764
0.35085945399393326	0.18690478099712204
0.3518705763397371	0.18676294540094535
0.3528816986855409	0.1866744127074797
0.3538928210313448	0.18643585237664057
0.35490394337714865	0.18633751916821664
0.35591506572295245	0.18621090172056706
0.3569261880687563	0.18595967195727386
0.3579373104145602	0.18583250458857697
0.358948432760364	0.18580998283524347
0.35995955510616784	0.18556742625824504
0.3609706774519717	0.18528232538407358
0.3619817997977755	0.18499231478796785
0.36299292214357937	0.18465852809074954
0.3640040444893832	0.18458852304572387
0.36501516683518703	0.18424387667345402
0.3660262891809909	0.18405456208842005
0.36703741152679475	0.18384926109687746
0.36804853387259856	0.1836534146986961
0.3690596562184024	0.1831907334430123
0.3700707785642063	0.18304343695961633
0.3710819009100101	0.1828451927992588
0.37209302325581395	0.18259415891249775
0.3731041456016178	0.18241575004892774
0.3741152679474216	0.1818437280676701
0.3751263902932255	0.18174379212710198
0.37613751263902934	0.18148500288127234
0.37714863498483314	0.18128346320291996
0.378159757330637	0.18118396336469592
0.37917087967644086	0.18090423206502398
0.38018200202224467	0.18052683067243863
0.38119312436804853	0.1802264558443625
0.3822042467138524	0.17976912135140913
0.3832153690596562	0.179555782086415
0.38422649140546006	0.17943518672723277
0.3852376137512639	0.17925696492369558
0.3862487360970677	0.1787374762175679
0.3872598584428716	0.17827308946435566
0.38827098078867545	0.17801744452859686
0.38928210313447925	0.17791868947127826
0.3902932254802831	0.17739181459674597
0.391304347826087	0.17685242366228293
0.3923154701718908	0.17651389185413827
0.39332659251769464	0.1763633054412536
0.3943377148634985	0.17619013592314067
0.3953488372093023	0.17571324292715512
0.39635995955510617	0.17545285959290385
0.39737108190091003	0.17519424442174228
0.39838220424671383	0.17495552555295063
0.3993933265925177	0.1748688652604557
0.40040444893832156	0.17450657828763447
0.40141557128412536	0.1743313735614631
0.4024266936299292	0.1741507243010352
0.4034378159757331	0.17410376115984255
0.4044489383215369	0.17389584978872513
0.40546006066734075	0.17357101211786916
0.4064711830131446	0.17361553708760996
0.4074823053589484	0.17345506923588908
0.4084934277047523	0.17316071415197798
0.40950455005055614	0.17267442564047922
0.41051567239635994	0.17214812496790016
0.4115267947421638	0.17185294255048697
0.41253791708796766	0.17167243980012253
0.41354903943377147	0.17145889271380246
0.41456016177957533	0.1710761916913699
0.4155712841253792	0.17078290523549153
0.416582406471183	0.1703797584997244
0.41759352881698686	0.17021342755426172
0.4186046511627907	0.1701469397974356
0.4196157735085945	0.16978161358034016
0.4206268958543984	0.1694748198988903
0.42163801820020225	0.16913048973028255
0.42264914054600605	0.1689818178815986
0.4236602628918099	0.16890515419507063
0.4246713852376138	0.16852789859393186
0.4256825075834176	0.16832996751931248
0.42669362992922144	0.1681369014736493
0.4277047522750253	0.16785780669147318
0.4287158746208291	0.16763897460302926
0.42972699696663297	0.1674974864238083
0.43073811931243683	0.16704405828731989
0.43174924165824063	0.1667399460644489
0.4327603640040445	0.16629597485279482
0.43377148634984836	0.16605538118494206
0.43478260869565216	0.16582232351777354
0.435793731041456	0.1654397687568147
0.4368048533872599	0.16546289732795766
0.4378159757330637	0.1650192983247042
0.43882709807886755	0.1646484103827244
0.4398382204246714	0.16462992428285456
0.4408493427704752	0.16431025815294623
0.4418604651162791	0.16403848617039982
0.44287158746208294	0.16372683696406892
0.44388270980788674	0.16348125229966584
0.4448938321536906	0.162963767860305
0.44590495449949447	0.16248643953292302
0.44691607684529827	0.16223838005751348
0.44792719919110213	0.1614743250253605
0.448938321536906	0.16072188298890722
0.4499494438827098	0.16037988341897952
0.45096056622851366	0.16016957682160587
0.45197168857431747	0.15979901993212597
0.4529828109201213	0.15959092300747524
0.4539939332659252	0.15902764603403594
0.455005055611729	0.1588965985114939
0.45601617795753285	0.15862366960491764
0.4570273003033367	0.15803650266213973
0.4580384226491405	0.15723390938581297
0.4590495449949444	0.15701881891584674
0.46006066734074824	0.15671450018768432
0.46107178968655205	0.1563559632580451
0.4620829120323559	0.1561666898932858
0.46309403437815977	0.15558955360103527
0.4641051567239636	0.1552175425748508
0.46511627906976744	0.15512888193238553
0.4661274014155713	0.15474206460588585
0.4671385237613751	0.15468166872122863
0.46814964610717896	0.1544650308780162
0.4691607684529828	0.15406919990917936
0.47017189079878663	0.1536031057476462
0.4711830131445905	0.15312149153985216
0.47219413549039435	0.15264663806276263
0.47320525783619816	0.152061364735743
0.474216380182002	0.15179384369162904
0.4752275025278059	0.15148880918381644
0.4762386248736097	0.1510526852661405
0.47724974721941354	0.15083229655810487
0.4782608695652174	0.1505938046225622
0.4792719919110212	0.14960434656402816
0.48028311425682507	0.1492032174655737
0.48129423660262893	0.1487120072351392
0.48230535894843274	0.14808964257288434
0.4833164812942366	0.14749185715519314
0.48432760364004046	0.14697540405756696
0.48533872598584427	0.1466735570149134
0.4863498483316481	0.1463853413338652
0.487360970677452	0.1461233271938096
0.4883720930232558	0.14583877248865915
0.48938321536905965	0.14539658524550575
0.4903943377148635	0.14528132834127724
0.4914054600606673	0.14499468722136805
0.4924165824064712	0.14468384580145927
0.49342770475227504	0.14438703307121892
0.49443882709807885	0.14372076805187425
0.4954499494438827	0.14345656298644616
0.49646107178968657	0.142981141491529
0.4974721941354904	0.1427912026474103
0.49848331648129424	0.14236912443241853
0.4994944388270981	0.1422071319528732
0.5005055611729019	0.14203239021347303
0.5015166835187057	0.14145882929327996
0.5025278058645096	0.14115868462996659
0.5035389282103134	0.14039614685518848
0.5045500505561172	0.13987946451007977
0.5055611729019212	0.1393827889581798
0.506572295247725	0.1392861643562245
0.5075834175935288	0.13909328130676057
0.5085945399393327	0.13889904429958333
0.5096056622851365	0.13866384846789395
0.5106167846309403	0.1382273073269819
0.5116279069767442	0.13779163029315128
0.512639029322548	0.13709334274291982
0.5136501516683518	0.13645547209198652
0.5146612740141557	0.13591622839024584
0.5156723963599595	0.13588604893079329
0.5166835187057633	0.1356365039898487
0.5176946410515673	0.1352868030432089
0.5187057633973711	0.13497781513240176
0.5197168857431749	0.13487074640952987
0.5207280080889788	0.1344826746452576
0.5217391304347826	0.13453542441189456
0.5227502527805864	0.1341762394520704
0.5237613751263903	0.13389769426823578
0.5247724974721941	0.13358568020397701
0.5257836198179979	0.13341704573607352
0.5267947421638018	0.13316956168625574
0.5278058645096056	0.132346324662351
0.5288169868554095	0.1318028439954795
0.5298281092012134	0.1317152716442747
0.5308392315470172	0.131087490308107
0.531850353892821	0.13033861275700073
0.5328614762386249	0.1302204797126302
0.5338725985844287	0.12997024574673172
0.5348837209302325	0.1292953839784634
0.5358948432760364	0.12902641838402423
0.5369059656218402	0.1287932389072735
0.537917087967644	0.12868322370117088
0.538928210313448	0.12851571390179714
0.5399393326592518	0.12819508095367502
0.5409504550050556	0.1282165494038254
0.5419615773508595	0.1279196017281335
0.5429726996966633	0.12724305170925593
0.5439838220424671	0.12674148278209219
0.544994944388271	0.1262424725200319
0.5460060667340748	0.1260576130144149
0.5470171890798786	0.12517086602006125
0.5480283114256825	0.12496962593093008
0.5490394337714863	0.12480365694786193
0.5500505561172901	0.12454549237337235
0.5510616784630941	0.12400701949895687
0.5520728008088979	0.12378351160164527
0.5530839231547017	0.1235224597176324
0.5540950455005056	0.12333168325436576
0.5551061678463094	0.12311559189495638
0.5561172901921132	0.12279024821060325
0.5571284125379171	0.12224927349119137
0.5581395348837209	0.12188262445741109
0.5591506572295247	0.12173269609308704
0.5601617795753286	0.121522507270025
0.5611729019211324	0.12090528928016661
0.5621840242669363	0.12079452581565628
0.5631951466127402	0.1202797365649366
0.564206268958544	0.12000526245825265
0.5652173913043478	0.11929721303631949
0.5662285136501517	0.11864416239025415
0.5672396359959555	0.11813998070338674
0.5682507583417593	0.11784993149822909
0.5692618806875632	0.11782651138510554
0.570273003033367	0.11738197497925429
0.5712841253791708	0.1171843916359991
0.5722952477249748	0.11702417925047919
0.5733063700707786	0.11659787139224372
0.5743174924165824	0.11629759148139107
0.5753286147623863	0.11604088839806852
0.5763397371081901	0.11565128345392202
0.5773508594539939	0.11501897754434295
0.5783619817997978	0.11453841905884407
0.5793731041456016	0.11454870465058135
0.5803842264914054	0.11451857455176002
0.5813953488372093	0.11413530001874139
0.5824064711830131	0.11371622692183832
0.583417593528817	0.11271108209917044
0.5844287158746209	0.11241031061923785
0.5854398382204247	0.11206288030170541
0.5864509605662285	0.11183362785057605
0.5874620829120324	0.11109174730668911
0.5884732052578362	0.1112473110726941
0.58948432760364	0.110622806616995
0.5904954499494439	0.11030897079587201
0.5915065722952477	0.10927247923328465
0.5925176946410515	0.10857907428004451
0.5935288169868554	0.10762141547738406
0.5945399393326593	0.10654509410814934
0.5955510616784631	0.10590588960962086
0.596562184024267	0.10488015158300563
0.5975733063700708	0.10440553460694599
0.5985844287158746	0.10429077708060615
0.5995955510616785	0.10370521880555783
0.6006066734074823	0.10315531755850171
0.6016177957532861	0.10300600520137024
0.60262891809909	0.10261561619619766
0.6036400404448938	0.10216887281282397
0.6046511627906976	0.10191028532905888
0.6056622851365016	0.10156154239889466
0.6066734074823054	0.10144259328543721
0.6076845298281092	0.10065805286957925
0.6086956521739131	0.1004645529023868
0.6097067745197169	0.09971761493286599
0.6107178968655207	0.09877329097141066
0.6117290192113246	0.0980358342242013
0.6127401415571284	0.09761038020560453
0.6137512639029322	0.09680352827593877
0.6147623862487361	0.09656866720753092
0.6157735085945399	0.09562072675956004
0.6167846309403437	0.0951211513034457
0.6177957532861477	0.09461790964070256
0.6188068756319515	0.09412323363763794
0.6198179979777553	0.09361946679327485
0.6208291203235592	0.09327758694509912
0.621840242669363	0.09239268637960034
0.6228513650151668	0.09211166504599011
0.6238624873609707	0.09142583388470718
0.6248736097067745	0.09131853861373843
0.6258847320525783	0.09091587354659744
0.6268958543983822	0.09063860109127264
0.627906976744186	0.09031674770772691
0.6289180990899899	0.09014344273123828
0.6299292214357938	0.08882967072629826
0.6309403437815976	0.08845483059249598
0.6319514661274014	0.08828307040912915
0.6329625884732053	0.08694124621942359
0.6339737108190091	0.08692659224567274
0.6349848331648129	0.08627547776878881
0.6359959555106168	0.08627383965356425
0.6370070778564206	0.08587434083431664
0.6380182002022244	0.08478521181441152
0.6390293225480284	0.08422593301420585
0.6400404448938322	0.08392640267467792
0.641051567239636	0.08371773490081971
0.6420626895854399	0.08337582868575405
0.6430738119312437	0.08303503543918862
0.6440849342770475	0.08186291118699214
0.6450960566228514	0.08088278606566114
0.6461071789686552	0.0805250631393787
0.647118301314459	0.08037164873814721
0.6481294236602629	0.0796443604017081
0.6491405460060667	0.07920017815747038
0.6501516683518705	0.07866010083053485
0.6511627906976745	0.07796316106559949
0.6521739130434783	0.07790939465024961
0.6531850353892821	0.07720644268238862
0.654196157735086	0.07706202269213533
0.6552072800808898	0.07697262481597159
0.6562184024266936	0.07670693393994572
0.6572295247724975	0.07649792111964258
0.6582406471183013	0.07563091119932772
0.6592517694641051	0.07450431011628862
0.660262891809909	0.07445175497413062
0.6612740141557129	0.0740248351441089
0.6622851365015167	0.07378277268122009
0.6632962588473206	0.07296855481997902
0.6643073811931244	0.07249188555529024
0.6653185035389282	0.07245831041555809
0.6663296258847321	0.07165543991098322
0.6673407482305359	0.07093060996309944
0.6683518705763397	0.07097291837273517
0.6693629929221436	0.07034978810608511
0.6703741152679474	0.06995216337291968
0.6713852376137512	0.06855383630438978
0.6723963599595552	0.06814550432406968
0.673407482305359	0.06712426813282593
0.6744186046511628	0.067165246106805
0.6754297269969667	0.06697635301160673
0.6764408493427705	0.06615624943158493
0.6774519716885743	0.06608971829067244
0.6784630940343782	0.06533611215457617
0.679474216380182	0.06482348574166037
0.6804853387259858	0.06409242694479156
0.6814964610717897	0.06345686836701604
0.6825075834175935	0.06232995674037791
0.6835187057633973	0.061970814675010324
0.6845298281092013	0.06197854205365427
0.6855409504550051	0.06149996921737409
0.6865520728008089	0.06134170644905597
0.6875631951466128	0.061268817426479646
0.6885743174924166	0.06070448585941153
0.6895854398382204	0.060055912828113026
0.6905965621840243	0.059918225696512305
0.6916076845298281	0.0593031129010431
0.6926188068756319	0.05879953719247938
0.6936299292214358	0.05887577457523206
0.6946410515672397	0.05822015629572132
0.6956521739130435	0.05727675089577291
0.6966632962588474	0.056074568969371685
0.6976744186046512	0.05593638782476521
0.698685540950455	0.055203652661980275
0.6996966632962589	0.05423322004289932
0.7007077856420627	0.05429997804607425
0.7017189079878665	0.05355040164206663
0.7027300303336703	0.05305287196896613
0.7037411526794742	0.05262896447357153
0.704752275025278	0.05239674017290541
0.7057633973710818	0.05188014106618895
0.7067745197168858	0.05169983545849601
0.7077856420626896	0.05159398594266072
0.7087967644084934	0.050726763242277526
0.7098078867542973	0.048950710926823425
0.7108190091001011	0.048923174253404055
0.7118301314459049	0.048655877614595375
0.7128412537917088	0.0486220152356417
0.7138523761375126	0.04832384463868032
0.7148634984833164	0.0472633812746458
0.7158746208291203	0.04735748725915419
0.7168857431749242	0.04653880384454767
0.717896865520728	0.04612757398839761
0.7189079878665319	0.0448638370875062
0.7199191102123357	0.044001427583080704
0.7209302325581395	0.04375455179278538
0.7219413549039434	0.0431233801540533
0.7229524772497472	0.042637217874620464
0.723963599595551	0.04215836280393823
0.7249747219413549	0.04169712072043217
0.7259858442871587	0.0411359044119344
0.7269969666329625	0.04073349011324551
0.7280080889787665	0.04040756437642475
0.7290192113245703	0.04044605805448169
0.7300303336703741	0.040677133538466644
0.731041456016178	0.04054913073461163
0.7320525783619818	0.03953323198016575
0.7330637007077856	0.039552198123873214
0.7340748230535895	0.03859775726876701
0.7350859453993933	0.03660517125688774
0.7360970677451971	0.03535039119585616
0.737108190091001	0.03517539647694996
0.7381193124368048	0.0350004438480019
0.7391304347826086	0.03457628004545565
0.7401415571284126	0.03437682762994718
0.7411526794742164	0.03384796049329063
0.7421638018200202	0.03349719560639265
0.7431749241658241	0.03372464846139323
0.7441860465116279	0.03343681834326558
0.7451971688574317	0.03287363231700701
0.7462082912032356	0.03280910191137425
0.7472194135490394	0.03264095558918774
0.7482305358948432	0.030901278515465924
0.7492416582406471	0.029960628334617205
0.750252780586451	0.029880933226909923
0.7512639029322548	0.0299113153240829
0.7522750252780587	0.028908119659537757
0.7532861476238625	0.028022173176680275
0.7542972699696663	0.027939146962515694
0.7553083923154702	0.027256068371021576
0.756319514661274	0.026673709563843667
0.7573306370070778	0.026790090902529973
0.7583417593528817	0.02673439563881652
0.7593528816986855	0.025577653407316915
0.7603640040444893	0.025051061909942586
0.7613751263902933	0.02517999217730401
0.7623862487360971	0.0244005542052416
0.7633973710819009	0.02428334414715494
0.7644084934277048	0.024359278327379778
0.7654196157735086	0.024089560394505036
0.7664307381193124	0.023239644712519845
0.7674418604651163	0.022688379809941588
0.7684529828109201	0.02260123661654692
0.7694641051567239	0.022361702504323303
0.7704752275025278	0.0220423407348077
0.7714863498483316	0.02191905542496223
0.7724974721941354	0.02137386780532218
0.7735085945399394	0.02147078614298986
0.7745197168857432	0.02121615007641193
0.775530839231547	0.020711837714983156
0.7765419615773509	0.020595607902172033
0.7775530839231547	0.02007246074702834
0.7785642062689585	0.020093614823950102
0.7795753286147624	0.01899983416428342
0.7805864509605662	0.01889619767736291
0.78159757330637	0.018400074596273054
0.782608695652174	0.018302504946463103
0.7836198179979778	0.0182276882070883
0.7846309403437816	0.017424862455281298
0.7856420626895855	0.016946278801292763
0.7866531850353893	0.016747755669804517
0.7876643073811931	0.016183843304791102
0.788675429726997	0.015850682951432524
0.7896865520728008	0.015838672742328107
0.7906976744186046	0.015527429543980984
0.7917087967644085	0.01538027569547119
0.7927199191102123	0.01529213657869033
0.7937310414560161	0.01522937456431801
0.7947421638018201	0.014768134841018752
0.7957532861476239	0.014715374385431957
0.7967644084934277	0.014299222328008562
0.7977755308392316	0.014229617103837484
0.7987866531850354	0.014209132929349447
0.7997977755308392	0.01402273758276682
0.8008088978766431	0.013814075268286397
0.8018200202224469	0.01389635887398839
0.8028311425682507	0.013951506815503644
0.8038422649140546	0.013909950494401113
0.8048533872598584	0.013755063586265012
0.8058645096056622	0.01367132709737422
0.8068756319514662	0.013605949881232326
0.80788675429727	0.01334484947893469
0.8088978766430738	0.013252254956071227
0.8099089989888777	0.013344686248884675
0.8109201213346815	0.013224760691553853
0.8119312436804853	0.012780495441785746
0.8129423660262892	0.01278896509874769
0.813953488372093	0.012843307483809959
0.8149646107178968	0.012612468447903485
0.8159757330637007	0.012364960001715494
0.8169868554095046	0.012251109626339808
0.8179979777553084	0.011853308650794658
0.8190091001011123	0.011863042853407522
0.8200202224469161	0.011858911277117306
0.8210313447927199	0.011663294617840046
0.8220424671385238	0.011578041691353357
0.8230535894843276	0.011478323610343292
0.8240647118301314	0.011524980198490242
0.8250758341759353	0.011505697182535446
0.8260869565217391	0.011566600662887871
0.8270980788675429	0.011376672156341899
0.8281092012133469	0.01131046920361224
0.8291203235591507	0.010594444611773422
0.8301314459049545	0.010190981811490784
0.8311425682507584	0.010209154667887795
0.8321536905965622	0.010142956978115786
0.833164812942366	0.01009924741022301
0.8341759352881699	0.00999991687033434
0.8351870576339737	0.009822232561382744
0.8361981799797775	0.00981322337487508
0.8372093023255814	0.009547575634338053
0.8382204246713852	0.009505590212547753
0.839231547017189	0.009513396558416853
0.840242669362993	0.00958392653688146
0.8412537917087968	0.009567296056149555
0.8422649140546006	0.009496398464140394
0.8432760364004045	0.009331094776842573
0.8442871587462083	0.009119936006235976
0.8452982810920121	0.009044849820133614
0.846309403437816	0.009126889192678662
0.8473205257836198	0.009155865816792964
0.8483316481294236	0.009125146640582877
0.8493427704752275	0.00906723129038565
0.8503538928210314	0.008986108424883931
0.8513650151668352	0.009011047815912224
0.8523761375126391	0.00904558848488938
0.8533872598584429	0.009040474531853837
0.8543983822042467	0.009137777205959019
0.8554095045500506	0.009015156844862347
0.8564206268958544	0.008976095991379178
0.8574317492416582	0.008747058440827436
0.8584428715874621	0.008626255581805426
0.8594539939332659	0.00870087931160812
0.8604651162790697	0.008683148222183447
0.8614762386248737	0.008448561629916284
0.8624873609706775	0.008457474684598865
0.8634984833164813	0.008535797044918103
0.8645096056622852	0.008515088198625396
0.865520728008089	0.008581448044879349
0.8665318503538928	0.00844019530088232
0.8675429726996967	0.008018860274585465
0.8685540950455005	0.008025115711162222
0.8695652173913043	0.007982347614433368
0.8705763397371082	0.007890288128046492
0.871587462082912	0.007942623243523128
0.8725985844287159	0.007905684051398337
0.8736097067745198	0.007968678955453145
0.8746208291203236	0.008052355350742444
0.8756319514661274	0.008052191821684025
0.8766430738119313	0.008092254243521007
0.8776541961577351	0.00799617932572478
0.8786653185035389	0.007963968920901694
0.8796764408493428	0.007994502885900121
0.8806875631951466	0.007979053275663445
0.8816986855409504	0.007669606893744824
0.8827098078867543	0.007556864424930391
0.8837209302325582	0.007348588863463004
0.884732052578362	0.007214200693474097
0.8857431749241659	0.007215286557100716
0.8867542972699697	0.00727155727155727
0.8877654196157735	0.00722113022113022
0.8887765419615774	0.007228523769808172
0.8897876643073812	0.0072179748555895335
0.890798786653185	0.0070471328025845156
0.8918099089989889	0.006987597719391052
0.8928210313447927	0.006808924827792752
0.8938321536905965	0.006903235653235652
0.8948432760364005	0.006981267114762259
0.8958543983822043	0.006843073799098927
0.8968655207280081	0.006771500679479713
0.897876643073812	0.006768646864686469
0.8988877654196158	0.006794276094276094
0.8998988877654196	0.006792070363498935
0.9009100101112234	0.0068023704327091665
0.9019211324570273	0.006922608820160365
0.9029322548028311	0.00686001461988304
0.9039433771486349	0.0066812243374393425
0.9049544994944388	0.0066533211317013645
0.9059656218402427	0.0066265388810970854
0.9069767441860465	0.006664675903806339
0.9079878665318504	0.006682539682539683
0.9089989888776542	0.006724511027881815
0.910010111223458	0.006877340823970038
0.9110212335692619	0.00680468477882271
0.9120323559150657	0.006753541833734294
0.9130434782608695	0.006673506611947104
0.9140546006066734	0.00661531279178338
0.9150657229524772	0.006506980302161025
0.916076845298281	0.006516309138995005
0.917087967644085	0.006586871424269798
0.9180990899898888	0.006658950617283952
0.9191102123356926	0.0066271097046413496
0.9201213346814965	0.006715893108298172
0.9211324570273003	0.006474081474081475
0.9221435793731041	0.006524834814308498
0.923154701718908	0.0064883040935672515
0.9241658240647118	0.006537537537537537
0.9251769464105156	0.006420461557447859
0.9261880687563195	0.006465626585489599
0.9271991911021233	0.006399973917579552
0.9282103134479271	0.00636150234741784
0.9292214357937311	0.006273291925465839
0.9302325581395349	0.006393861892583121
0.9312436804853387	0.006383523558677202
0.9322548028311426	0.006463892657922509
0.9332659251769464	0.006367521367521367
0.9342770475227502	0.006382211538461538
0.9352881698685541	0.0063657407407407395
0.9362992922143579	0.0062553336746885135
0.9373104145601617	0.006460426582055349
0.9383215369059656	0.006065573770491804
0.9393326592517695	0.006214689265536724
0.9403437815975733	0.006190337034872395
0.9413549039433772	0.006084896148417019
0.942366026289181	0.0056443191311612365
0.9433771486349848	0.00571969696969697
0.9443882709807887	0.005538720538720539
0.9453993933265925	0.0053284416491963665
0.9464105156723963	0.005460812772133527
0.9474216380182002	0.0053355957767722475
0.948432760364004	0.005274509803921569
0.9494438827098078	0.0052448979591836736
0.9504550050556118	0.005378401360544217
0.9514661274014156	0.005208333333333334
0.9524772497472194	0.00524976873265495
0.9534883720930233	0.0050080515297906605
0.9544994944388271	0.005235690235690236
0.9555106167846309	0.005373502466525723
0.9565217391304348	0.005241786637135474
0.9575328614762386	0.005381339527680991
0.9585439838220424	0.005650406504065042
0.9595551061678463	0.005811965811965812
0.9605662285136501	0.005668016194331984
0.961577350859454	0.004978662873399715
0.9625884732052579	0.005105105105105106
0.9635995955510617	0.005238095238095238
0.9646107178968655	0.005378151260504202
0.9656218402426694	0.005704099821746881
0.9666329625884732	0.005681818181818182
0.967644084934277	0.006048387096774193
0.9686552072800809	0.006129032258064516
0.9696663296258847	0.005747126436781609
0.9706774519716885	0.005911330049261083
0.9716885743174924	0.005158730158730159
0.9726996966632963	0.005270655270655271
0.9737108190091001	0.004615384615384616
0.974721941354904	0.004666666666666667
0.9757330637007078	0.005072463768115942
0.9767441860465116	0.005138339920948616
0.9777553083923155	0.005194805194805195
0.9787664307381193	0.005714285714285715
0.9797775530839231	0.005789473684210527
0.980788675429727	0.006432748538011695
0.9817997977755308	0.006535947712418301
0.9828109201213346	0.0058823529411764705
0.9838220424671386	0.006666666666666666
0.9848331648129424	0.00761904761904762
0.9858442871587462	0.007692307692307693
0.9868554095045501	0.007692307692307691
0.9878665318503539	0.00909090909090909
0.9888776541961577	0.007272727272727273
0.9898887765419616	0.006666666666666666
0.9908998988877654	0.0027777777777777775
0.9919110212335692	0.0035714285714285713
0.9929221435793731	0.0047619047619047615
0.993933265925177	0.006666666666666666
0.9949443882709808	0.0
0.9959555106167847	0.0
0.9969666329625885	0.0
0.9979777553083923	0.0
0.9989888776541962	0.0
1.0	0.0
