Fraction_of_nodes	Efficiency
0.0006816632583503749	0.06030977727487623
0.0013633265167007499	0.060065946254502664
0.002044989775051125	0.058841078831331765
0.0027266530334014998	0.057409896564934476
0.0034083162917518746	0.05589416194022669
0.00408997955010225	0.05451733994483236
0.004771642808452625	0.05316689222744876
0.0054533060668029995	0.04417446530933465
0.006134969325153374	0.03341542587664507
0.006816632583503749	0.0321912676293792
0.007498295841854124	0.03196456781221745
0.0081799591002045	0.03197095705593546
0.008861622358554875	0.03178011009435175
0.00954328561690525	0.03070114788257721
0.010224948875255624	0.030680575072266753
0.010906612133605999	0.029478265937331563
0.011588275391956374	0.02938433844292953
0.012269938650306749	0.028341120458029386
0.012951601908657124	0.028334474914404936
0.013633265167007498	0.027346910197247012
0.014314928425357873	0.02041777397639586
0.014996591683708248	0.02041490198816251
0.015678254942058625	0.02041200244108103
0.016359918200409	0.02035396837753988
0.017041581458759374	0.02034837024222372
0.01772324471710975	0.020345307170205232
0.018404907975460124	0.020342215943972747
0.0190865712338105	0.020339096454936024
0.019768234492160874	0.02033594859406313
0.02044989775051125	0.02033277225187868
0.021131561008861623	0.02032956731846292
0.021813224267211998	0.019304483844089244
0.022494887525562373	0.01929979522800833
0.023176550783912748	0.01588796448888132
0.023858214042263123	0.015088738111713053
0.024539877300613498	0.015078077059231506
0.025221540558963872	0.015067371396994727
0.025903203817314247	0.015056620968913543
0.026584867075664622	0.01238377972072832
0.027266530334014997	0.012369205705528935
0.02794819359236537	0.012354578592353624
0.028629856850715747	0.012339898200567708
0.02931152010906612	0.01232516434883567
0.029993183367416496	0.012306917512768294
0.03067484662576687	0.012277472149519091
0.03135650988411725	0.012259082291082121
0.032038173142467624	0.012244102387413833
0.032719836400818	0.012225589162490013
0.033401499659168374	0.012210495279758657
0.03408316291751875	0.01219534657278576
0.034764826175869123	0.011477400416963154
0.0354464894342195	0.006354098018872874
0.03612815269256987	0.006323551892430025
0.03680981595092025	0.006296421361107151
0.03749147920927062	0.00627272104104192
0.038173142467621	0.005778840973285249
0.03885480572597137	0.003106646158757837
0.03953646898432175	0.0019120017151644298
0.04021813224267212	0.0018819087732334103
0.0408997955010225	0.0018517282853496625
0.04158145875937287	0.0018214599690531607
0.04226312201772325	0.001787554960745953
0.04294478527607362	0.0017535514387498293
0.043626448534423996	0.0017194490848867156
0.04430811179277437	0.0016852475797635258
0.044989775051124746	0.0016394752047857006
0.04567143830947512	0.0016086320160659008
0.046353101567825496	0.0015776989013543668
0.04703476482617587	0.0015466755691824132
0.047716428084526245	0.0015155617269643853
0.04839809134287662	0.0014843570809926297
0.049079754601226995	0.0014458620234526188
0.04976141785957737	0.0014144645479223662
0.050443081117927745	0.001375755350369801
0.05112474437627812	0.0013441637676249332
0.051806407634628494	0.0013124798507707118
0.05248807089297887	0.0012807032991317506
0.053169734151329244	0.0012488338108743785
0.05385139740967962	0.00121687108300141
0.054533060668029994	0.0011848148113468928
0.05521472392638037	0.0011526646905708256
0.05589638718473074	0.0011204204141538473
0.05657805044308112	0.0010844245496860415
0.05725971370143149	0.001051985745174588
0.05794137695978187	0.0010118544243022482
0.05862304021813224	0.000979214110058171
0.05930470347648262	0.0009427996903167921
0.05998636673483299	0.0009099622402945814
0.06066802999318337	0.000877028408166647
0.06134969325153374	0.0008439978776466061
0.06203135650988412	0.0008108703312191668
0.0627130197682345	0.0007834678664372971
0.06339468302658487	0.0007492703426765505
0.06407634628493525	0.0007270049836603028
0.06475800954328562	0.0007094585255171143
0.065439672801636	0.0006961193012719145
0.06612133605998637	0.0006949146818943616
0.06680299931833675	0.000691124979887426
0.06748466257668712	0.000687323445572396
0.0681663258350375	0.0006835100391541109
0.06884798909338787	0.000679684720680328
0.06952965235173825	0.0006758474500409981
0.07021131561008861	0.000674149728654734
0.070892978868439	0.0005948770545523632
0.07157464212678936	0.0005930538966949749
0.07225630538513975	0.000591224733831814
0.07293796864349011	0.0005803719574658417
0.0736196319018405	0.0005460063151057898
0.07430129516019086	0.0005440977871065469
0.07498295841854125	0.0005421830357757478
0.07566462167689161	0.0005402620397885399
0.076346284935242	0.0005383347777347793
0.07702794819359236	0.000538038816671234
0.07770961145194274	0.0005377413913999283
0.07839127471029311	0.0005374424963902847
0.0790729379686435	0.0005371421260885859
0.07975460122699386	0.0005351929641526878
0.08043626448534424	0.0005348871824313577
0.08111792774369461	0.0005345799031734811
0.081799591002045	0.0005342711207154898
0.08248125426039536	0.000527884723380672
0.08316291751874574	0.0004860742314273917
0.08384458077709611	0.0004867980947653327
0.0845262440354465	0.00048752357627765067
0.08520790729379686	0.0004882506807911147
0.08588957055214724	0.0004889794131505044
0.08657123381049761	0.0004897097782186904
0.08725289706884799	0.0004904417808767154
0.08793456032719836	0.0004911754260238757
0.08861622358554874	0.0004919107185778037
0.08929788684389911	0.0004926476634745494
0.08997955010224949	0.0004933862656686642
0.09066121336059986	0.0004941265301332834
0.09134287661895024	0.0004152689824107682
0.09202453987730061	0.00036813673177309543
0.09270620313565099	0.0003613466423383779
0.09338786639400136	0.0003183277984275964
0.09406952965235174	0.00031767400678711833
0.09475119291070211	0.000317017883137675
0.09543285616905249	0.00031635941915652893
0.09611451942740286	0.00027301099443163807
0.09679618268575324	0.0002734233977464895
0.09747784594410361	0.00027269495691305495
0.09815950920245399	0.00027196399936116084
0.09884117246080436	0.00027123051616255195
0.09952283571915474	0.0002704944983521818
0.10020449897750511	0.00026975593692803694
0.10088616223585549	0.0002690148228509588
0.10156782549420586	0.0002682711470444661
0.10224948875255624	0.0002675249003945751
0.1029311520109066	0.0002667760737496195
0.10361281526925699	0.0002660246579200691
0.10429447852760736	0.0002652706436783474
0.10497614178595774	0.0002645140217586486
0.1056578050443081	0.00026491755192151455
0.10633946830265849	0.0002641574619145495
0.10702113156100886	0.0002633947402694595
0.10770279481935924	0.00026262937757810925
0.1083844580777096	0.0002618613643932498
0.10906612133605999	0.0002610906912283291
0.10974778459441036	0.00026149083021871736
0.11042944785276074	0.0002618918897742675
0.1111111111111111	0.0002622938727209663
0.11179277436946149	0.0002626967818956529
0.11247443762781185	0.000263100620146069
0.11315610088616224	0.00026350539033090907
0.1138377641445126	0.0002639110953198712
0.11451942740286299	0.00026431773799370767
0.11520109066121335	0.00026472532124427624
0.11588275391956374	0.0002651338479745915
0.1165644171779141	0.0002643516532405421
0.11724608043626449	0.0002635667241540502
0.11792774369461487	0.00026277905083170857
0.11860940695296524	0.0002619886233485538
0.11929107021131562	0.0002611954317378629
0.11997273346966598	0.00026039946599094903
0.12065439672801637	0.0002596007160569558
0.12133605998636673	0.00025879917184265007
0.12201772324471712	0.0002579948232122145
0.12269938650306748	0.00025718765998703787
0.12338104976141787	0.0002563776719455051
0.12406271301976823	0.0002567770141136445
0.12474437627811862	0.0002571772900514678
0.125426039536469	0.00025757850267245293
0.12610770279481937	0.00025798065490144974
0.12678936605316973	0.00025838374967473326
0.1274710293115201	0.00025878778994005734
0.1281526925698705	0.00025919277865670844
0.12883435582822086	0.00025959871879555996
0.12951601908657123	0.00026000561333912667
0.1301976823449216	0.0002604134652816194
0.130879345603272	0.0002608222776290003
0.13156100886162236	0.000261232053399038
0.13224267211997273	0.0002616427956213635
0.1329243353783231	0.00026205450733752617
0.1336059986366735	0.00026246719160104987
0.13428766189502386	0.00026288085147748965
0.13496932515337423	0.00026329549004448885
0.1356509884117246	0.0002637111103918361
0.136332651670075	0.00026412771562152305
0.13701431492842536	0.00026454530884780213
0.13769597818677573	0.00026496389319724485
0.1383776414451261	0.00026538347180880026
0.1390593047034765	0.0002658040478338538
0.13974096796182686	0.00026622562443628657
0.14042263122017723	0.0002666482047925347
0.1411042944785276	0.00026707179209164907
0.141785957736878	0.000267496389535356
0.14246762099522836	0.0002679220003381171
0.14314928425357873	0.00026834862772719055
0.1438309475119291	0.00026877627494269207
0.1445126107702795	0.0002692049452376565
0.14519427402862986	0.00026963464187809965
0.14587593728698023	0.00027006536814308063
0.1465576005453306	0.00027049712732476425
0.147239263803681	0.00027092992272848384
0.14792092706203136	0.00027136375767280486
0.14860259032038173	0.0002717986354895882
0.1492842535787321	0.0002722345595240543
0.1499659168370825	0.0002726715331348473
0.15064758009543286	0.0002731095596941001
0.15132924335378323	0.000273548642587499
0.1520109066121336	0.0002739887852143493
0.152692569870484	0.00027442999098764136
0.15337423312883436	0.0002748722633341162
0.15405589638718473	0.0002753156056943325
0.1547375596455351	0.00027576002152273336
0.1554192229038855	0.00027620551428771356
0.15610088616223586	0.00027665208747168724
0.15678254942058623	0.000277099744571156
0.1574642126789366	0.00027754848909677726
0.158145875937287	0.0002779983245734333
0.15882753919563736	0.0002784492545403002
0.15950920245398773	0.0002789012825509176
0.1601908657123381	0.0002793544121732586
0.1608725289706885	0.0002798086469898005
0.16155419222903886	0.0002802639905975951
0.16223585548738922	0.0002807204466083404
0.1629175187457396	0.0002811780186484518
0.16359918200409	0.0002816367103591344
0.16428084526244036	0.00028209652539645547
0.16496250852079072	0.000282557467431417
0.1656441717791411	0.0002830195401500293
0.1663258350374915	0.0002834827472533845
0.16700749829584186	0.0002839470924577307
0.16768916155419222	0.0002844125794945467
0.1683708248125426	0.0002848792121106165
0.169052488070893	0.0002853469940681052
0.16973415132924335	0.0002858159291446345
0.17041581458759372	0.00028628602113335924
0.1710974778459441	0.0002867572738430438
0.17177914110429449	0.00028722969109813945
0.17246080436264485	0.00028770327673886185
0.17314246762099522	0.00028817803462126917
0.1738241308793456	0.0002886539686173407
0.17450579413769599	0.00028913108261505524
0.17518745739604635	0.0002896093805184714
0.17586912065439672	0.00029008886624780664
0.17655078391274712	0.000290569543739518
0.17723244717109748	0.00029105141694638287
0.17791411042944785	0.00029153448983758014
0.17859577368779822	0.00029201876639877214
0.17927743694614862	0.00029250425063218657
0.17995910020449898	0.00029299094655669937
0.18064076346284935	0.00029347885820791783
0.18132242672119972	0.00029396798963826436
0.18200408997955012	0.0002944583449170605
0.18268575323790048	0.0002949499281306115
0.18336741649625085	0.00029544274338229174
0.18404907975460122	0.00029593679479263
0.18473074301295161	0.0002964320864993959
0.18541240627130198	0.0002969286226576864
0.18609406952965235	0.00029742640744001277
0.18677573278800272	0.0002979254450363886
0.18745739604635311	0.0002984257396544178
0.18813905930470348	0.0002989272955193832
0.18882072256305385	0.0002994301168743359
0.18950238582140422	0.00029993420798018496
0.1901840490797546	0.00030043957311578763
0.19086571233810498	0.00030094621657804024
0.19154737559645535	0.0003014541426819694
0.19222903885480572	0.0003019633557608241
0.1929107021131561	0.00030247386016616783
0.19359236537150648	0.00030298566026797183
0.19427402862985685	0.00030349876045470845
0.19495569188820722	0.0003040131651334452
0.1956373551465576	0.00030452887872993965
0.19631901840490798	0.0003050459056887341
0.19700068166325835	0.0003055642504732519
0.19768234492160872	0.0003060839175658935
0.1983640081799591	0.0003066049114681333
0.19904567143830948	0.00030712723670061736
0.19972733469665985	0.00030765089780326123
0.20040899795501022	0.0003081758993353487
0.2010906612133606	0.0003087022458756311
0.20177232447171098	0.000309229942022427
0.20245398773006135	0.0003097589923937229
0.20313565098841171	0.0003102894016272738
0.2038173142467621	0.00031082117438070527
0.20449897750511248	0.0003113543153316156
0.20518064076346285	0.00031188882917767847
0.2058623040218132	0.0003124247206367466
0.2065439672801636	0.000312961994446956
0.20722563053851398	0.0003135006553668303
0.20790729379686435	0.0003140407081753864
0.2085889570552147	0.0003145821576722405
0.2092706203135651	0.0003151250086777146
0.20995228357191548	0.0003156692660329438
0.21063394683026584	0.00031621493459998436
0.2113156100886162	0.00031676201926192203
0.2119972733469666	0.00031731052492298166
0.21267893660531698	0.0003178604565086367
0.21336059986366734	0.0003184118189657202
0.2140422631220177	0.0003189646172625357
0.2147239263803681	0.0003195188563889693
0.21540558963871848	0.0003200745413566023
0.21608725289706884	0.0003206316771988244
0.2167689161554192	0.0003211902689709478
0.2174505794137696	0.00032175032175032174
0.21813224267211997	0.0003223118406364479
0.21881390593047034	0.0003228748307510968
0.2194955691888207	0.00032343929723842383
0.2201772324471711	0.00032400524526508774
0.22085889570552147	0.0003245726800203681
0.22154055896387184	0.0003251416067162846
0.2222222222222222	0.0003257120305877167
0.2229038854805726	0.00032628395689252395
0.22358554873892297	0.0003268573909116672
0.22426721199727334	0.00032743233794933063
0.2249488752556237	0.00032800880333304426
0.2256305385139741	0.00032858679241380733
0.22631220177232447	0.00032916631056621265
0.22699386503067484	0.00032974736318857137
0.2276755282890252	0.0003303299557030388
0.2283571915473756	0.0003309140935557409
0.22903885480572597	0.0003314997822169015
0.22972051806407634	0.0003320870271809704
0.2304021813224267	0.00033267583396675226
0.2310838445807771	0.0003332662081175362
0.23176550783912747	0.00033385815520122636
0.23244717109747784	0.000334451680810473
0.2331288343558282	0.00033504679056280476
0.2338104976141786	0.0003356434901007617
0.23449216087252897	0.00033624178509202864
0.23517382413087934	0.00033684168122957015
0.23585548738922973	0.00033744318423176584
0.2365371506475801	0.00033804629984254646
0.23721881390593047	0.00033865103383153136
0.23790047716428084	0.0003392573919941661
0.23858214042263123	0.00033986538015186177
0.2392638036809816	0.00034047500415213417
0.23994546693933197	0.0003410862698687448
0.24062713019768234	0.0003416991832018423
0.24130879345603273	0.0003423137500781046
0.2419904567143831	0.00034292997645088245
0.24267211997273347	0.0003435478683003435
0.24335378323108384	0.00034416743163361734
0.24403544648943423	0.0003447886724849416
0.2447171097477846	0.00034541159691580867
0.24539877300613497	0.00034603621101511394
0.24608043626448534	0.0003466625208993042
0.24676209952283573	0.00034729053271252756
0.2474437627811861	0.0003479202526267842
0.24812542603953647	0.0003485516868420778
0.24880708929788684	0.0003491848415865684
0.24948875255623723	0.0003498197231167258
0.2501704158145876	0.0003504563377174842
0.250852079072938	0.00035109469170239765
0.25153374233128833	0.0003517347914137967
0.25221540558963873	0.000352376643222946
0.25289706884798907	0.0003530202535302025
0.25357873210633947	0.0003536656287651755
0.25426039536468986	0.00035431277538688666
0.2549420586230402	0.0003549616998839322
0.2556237218813906	0.0003556124087746452
0.256305385139741	0.00035626490860725927
0.25698704839809133	0.0003569192059600733
0.25766871165644173	0.0003575753074416176
0.25835037491479207	0.0003582332196908202
0.25903203817314246	0.00035889294937717527
0.25971370143149286	0.00035955450320091203
0.2603953646898432	0.0003602178878931646
0.2610770279481936	0.00036088311021614366
0.261758691206544	0.00036155017696330846
0.26244035446489433	0.0003622190949595403
0.2631220177232447	0.00036288987106131723
0.26380368098159507	0.00036356251215688965
0.26448534423994546	0.00036423702516645714
0.26516700749829586	0.0003649134170423466
0.2658486707566462	0.0003655916947691911
0.2665303340149966	0.0003662718653641105
0.267211997273347	0.00036695393587689285
0.26789366053169733	0.0003676379133901769
0.2685753237900477	0.0003683238050196362
0.26925698704839807	0.000369011617914164
0.26993865030674846	0.0003697013592560596
0.27062031356509886	0.00037039303626121593
0.2713019768234492	0.0003710866561793081
0.2719836400817996	0.00037178222629398347
0.27266530334015	0.00037247975392305284
0.27334696659850033	0.000373179246418683
0.2740286298568507	0.0003738807111675903
0.27471029311520107	0.0003745841555912358
0.27539195637355146	0.0003752895871460216
0.27607361963190186	0.00037599701332348813
0.2767552828902522	0.0003767064416505136
0.2774369461486026	0.0003774178796895136
0.278118609406953	0.0003781313350386431
0.27880027266530333	0.00037884681533199914
0.2794819359236537	0.0003795643282398249
0.28016359918200406	0.00038028388146871554
0.28084526244035446	0.00038100548276182505
0.28152692569870486	0.0003817291398990745
0.2822085889570552	0.0003824548606973617
0.2828902522154056	0.0003831826530107725
0.283571915473756	0.00038391252473079303
0.2842535787321063	0.00038464448378652377
0.2849352419904567	0.00038537853814489504
0.28561690524880706	0.00038611469581088337
0.28629856850715746	0.00038685296482773016
0.28698023176550785	0.00038759335327716126
0.2876618950238582	0.0003883358692796079
0.2883435582822086	0.00038908052099442976
0.289025221540559	0.00038982731662013883
0.2897068847989093	0.0003905762643946252
0.2903885480572597	0.0003913273725953841
0.29107021131561006	0.0003920806495397448
0.29175187457396046	0.00039283610358510076
0.29243353783231085	0.00039359374312914147
0.2931152010906612	0.00039435357661008575
0.2937968643490116	0.0003951156125069168
0.294478527607362	0.0003958798593396188
0.2951601908657123	0.00039664632566941473
0.2958418541240627	0.00039741502009900664
0.2965235173824131	0.00039818595127281655
0.29720518064076346	0.0003989591278772298
0.29788684389911385	0.00039973455864083954
0.2985685071574642	0.00040051225233469335
0.2992501704158146	0.00040129221777254086
0.299931833674165	0.0004020744638110838
0.3006134969325153	0.0004028589993502274
0.3012951601908657	0.0004036458333333333
0.3019768234492161	0.0004044349747474747
0.30265848670756645	0.00040522643262369285
0.30334014996591685	0.00040602021603725546
0.3040218132242672	0.00040681633410791674
0.3047034764826176	0.00040761479600017955
0.305385139740968	0.0004084156109235591
0.3060668029993183	0.0004092187881328483
0.3067484662576687	0.0004100243369283854
0.3074301295160191	0.0004108322666563231
0.30811179277436945	0.00041164258670889966
0.30879345603271985	0.0004124553065247119
0.3094751192910702	0.00041327043558899
0.3101567825494206	0.00041408798343387426
0.310838445807771	0.0004149079596386938
0.3115201090661213	0.0004157303738302472
0.3122017723244717	0.000416555235683085
0.3128834355828221	0.0004173825549197942
0.31356509884117245	0.00041821234131128484
0.31424676209952285	0.00041904460467707846
0.3149284253578732	0.0004198793548855985
0.3156100886162236	0.00042071660185446315
0.316291751874574	0.0004215563555507794
0.3169734151329243	0.0004223986259914403
0.3176550783912747	0.00042324342324342323
0.3183367416496251	0.00042409075742409075
0.31901840490797545	0.0004249406387014937
0.31970006816632585	0.00042579307729467624
0.3203817314246762	0.00042664808347398284
0.3210633946830266	0.00042750566756136774
0.321745057941377	0.00042836583993070647
0.3224267211997273	0.0004292286110081097
0.3231083844580777	0.000430093991272239
0.3237900477164281	0.00043096199125462493
0.32447171097477845	0.0004318326215399878
0.32515337423312884	0.0004327058927665601
0.3258350374914792	0.0004335818156264114
0.3265167007498296	0.00043446040086577597
0.32719836400818	0.000435341659285382
0.3278800272665303	0.0004362256017407838
0.3285616905248807	0.00043711223914269596
0.3292433537832311	0.0004380015824573301
0.32992501704158145	0.00043889364270673407
0.33060668029993184	0.0004397884309691331
0.3312883435582822	0.0004406859583792742
0.3319700068166326	0.0004415862361287722
0.332651670074983	0.00044248927546645885
0.3333333333333333	0.0004433950876987341
0.3340149965916837	0.00044430368418992006
0.3346966598500341	0.0004452150763626173
0.33537832310838445	0.0004461292756980642
0.33605998636673484	0.000447046293736498
0.3367416496250852	0.0004479661420775196
0.3374233128834356	0.0004488888323804599
0.338104976141786	0.0004498143763647495
0.3387866394001363	0.0004507427858102908
0.3394683026584867	0.00045167407255783273
0.3401499659168371	0.0004526082485093484
0.34083162917518744	0.00045354532562841537
0.34151329243353784	0.00045448531594059863
0.3421949556918882	0.0004554282315338364
0.3428766189502386	0.00045637408455882875
0.34355828220858897	0.00045732288722942927
0.3442399454669393	0.0004582746518230389
0.3449216087252897	0.0004592293906810035
0.3456032719836401	0.00046018711620901396
0.34628493524199044	0.0004611478408775088
0.34696659850034084	0.0004621115772220804
0.3476482617586912	0.0004630783378438839
0.3483299250170416	0.0004640481354100491
0.34901158827539197	0.0004650209826540953
0.3496932515337423	0.00046599689237634945
0.3503749147920927	0.000466975877444367
0.3510565780504431	0.00046795795079335623
0.35173824130879344	0.0004689431254266054
0.35241990456714384	0.0004699314144159133
0.35310156782549423	0.00047092283090202283
0.3537832310838446	0.0004719173880950577
0.35446489434219497	0.0004729150992749627
0.3551465576005453	0.00047391597779194674
0.3558282208588957	0.0004749200370669297
0.3565098841172461	0.0004759272905919921
0.35719154737559644	0.0004769377519308286
0.35787321063394684	0.00047795143471920443
0.35855487389229723	0.0004789683526654155
0.3592365371506476	0.00047998851955075185
0.35991820040899797	0.00048101194922996453
0.3605998636673483	0.0004820386556317361
0.3612815269256987	0.0004830686527591543
0.3619631901840491	0.00048410195469018993
0.36264485344239944	0.0004851385755781775
0.36332651670074984	0.0004861785296523001
0.36400817995910023	0.0004872218312180775
0.36468984321745057	0.0004882684946578586
0.36537150647580097	0.0004893185344313163
0.3660531697341513	0.0004903719650759478
0.3667348329925017	0.000491428801207577
0.3674164962508521	0.0004924890575208619
0.36809815950920244	0.0004935527487898055
0.36877982276755283	0.00049461988986827
0.36946148602590323	0.0004956904956904956
0.37014314928425357	0.0004967645812716235
0.37082481254260397	0.0004978421617082213
0.3715064758009543	0.0004989232521788147
0.3721881390593047	0.0005000078679444208
0.3728698023176551	0.0005010960243490877
0.37355146557600544	0.0005021877368204364
0.37423312883435583	0.0005032830208702083
0.37491479209270623	0.0005043818920948158
0.37559645535105657	0.0005054843661758974
0.37627811860940696	0.0005065904588808774
0.3769597818677573	0.00050770018606353
0.3776414451261077	0.0005088135636645465
0.3783231083844581	0.0005099306077121086
0.37900477164280844	0.0005110513343224649
0.37968643490115883	0.0005121757597005122
0.3803680981595092	0.0005133039001403811
0.38104976141785957	0.0005144357720260269
0.38173142467620996	0.0005155713918318239
0.3824130879345603	0.000516710776123165
0.3830947511929107	0.0005178539415570658
0.3837764144512611	0.0005190009048827736
0.38445807770961143	0.0005201516829423805
0.38513974096796183	0.0005213062926714424
0.3858214042263122	0.0005224647510996012
0.38650306748466257	0.0005236270753512133
0.38718473074301296	0.0005247932826459821
0.3878663940013633	0.0005259633902995963
0.3885480572597137	0.0005271374157243722
0.3892297205180641	0.0005283153764299015
0.38991138377641443	0.0005294972900237045
0.39059304703476483	0.0005306831742118874
0.3912747102931152	0.0005318730467998064
0.39195637355146556	0.0005330669256927354
0.39263803680981596	0.0005342648288965392
0.3933197000681663	0.0005354667745183537
0.3940013633265167	0.000536672780767269
0.3946830265848671	0.0005378828659550192
0.39536468984321743	0.0005390970484966785
0.3960463531015678	0.0005403153469113602
0.3967280163599182	0.0005415377798229244
0.39740967961826856	0.0005427643659606886
0.39809134287661896	0.000543995124160146
0.3987730061349693	0.0005452300733636877
0.3994546693933197	0.0005464692326213324
0.4001363326516701	0.0005477126210914606
0.40081799591002043	0.0005489602580415551
0.4014996591683708	0.0005502121628489474
0.4021813224267212	0.0005514683550015706
0.40286298568507156	0.000552728854098717
0.40354464894342196	0.0005539936798518033
0.4042263122017723	0.0005552628520851409
0.4049079754601227	0.0005565363907367122
0.4055896387184731	0.000557814315858955
0.40627130197682343	0.0005590966476195502
0.4069529652351738	0.000560383406302219
0.4076346284935242	0.0005616746123075237
0.40831629175187456	0.0005629702861536771
0.40899795501022496	0.0005642704484773576
0.4096796182685753	0.0005655751200345307
0.4103612815269257	0.0005668843217012773
0.4110429447852761	0.0005681980744746291
0.4117246080436264	0.0005695163994734101
0.4124062713019768	0.0005708393179390858
0.4130879345603272	0.0005721668512366187
0.41376959781867756	0.0005734990208553302
0.41445126107702795	0.0005748358484097716
0.41513292433537835	0.0005761773556405994
0.4158145875937287	0.0005775235644154607
0.4164962508520791	0.0005788744967298828
0.4171779141104294	0.0005802301747081729
0.4178595773687798	0.0005815906206043234
0.4185412406271302	0.0005829558568029251
0.41922290388548056	0.0005843259058200882
0.41990456714383095	0.0005857007903043709
0.42058623040218135	0.0005870805330377145
0.4212678936605317	0.0005884651569363883
0.4219495569188821	0.0005898546850519405
0.4226312201772324	0.0005912491405721579
0.4233128834355828	0.0005926485468220328
0.4239945466939332	0.0005940529272647391
0.42467620995228356	0.0005954623055026151
0.42535787321063395	0.0005968767052781557
0.42603953646898435	0.0005982961504750122
0.4267211997273347	0.0005997206651190003
0.4274028629856851	0.0006011502733791171
0.4280845262440354	0.0006025849995685661
0.4287661895023858	0.0006040248681457909
0.4294478527607362	0.0006054699037155176
0.43012951601908656	0.0006069201310298064
0.43081117927743695	0.0006083755749891104
0.43149284253578735	0.000609836260643346
0.4321745057941377	0.0006113022131929694
0.4328561690524881	0.0006127734579900644
0.4335378323108384	0.0006142500205394381
0.4342194955691888	0.0006157319264997262
0.4349011588275392	0.0006172192016845082
0.43558282208588955	0.0006187118720634308
0.43626448534423995	0.0006202099637633423
0.43694614860259035	0.0006217135030694353
0.4376278118609407	0.0006232225164263999
0.4383094751192911	0.0006247370304395867
0.4389911383776414	0.0006262570718761795
0.4396728016359918	0.0006277826676663772
0.4403544648943422	0.0006293138449045879
0.44103612815269255	0.0006308506308506308
0.44171779141104295	0.0006323930529309502
0.44239945466939334	0.0006339411387398387
0.4430811179277437	0.0006354949160406716
0.4437627811860941	0.0006370544127671518
0.4444444444444444	0.000638619657024565
0.4451261077027948	0.000640190677091046
0.4458077709611452	0.0006417675014188565
0.44648943421949555	0.0006433501586356724
0.44717109747784595	0.0006449386775458839
0.44785276073619634	0.0006465330871319059
0.4485344239945467	0.0006481334165554998
0.4492160872528971	0.0006497396951591069
0.4498977505112474	0.0006513519524671941
0.4505794137695978	0.0006529702181876095
0.4512610770279482	0.0006545945222129518
0.45194274028629855	0.0006562248946219504
0.45262440354464895	0.000657861365680858
0.45330606680299934	0.0006595039658448551
0.4539877300613497	0.0006611527257594673
0.4546693933197001	0.0006628076762619941
0.4553510565780504	0.0006644688483829514
0.4560327198364008	0.000666136273347526
0.4567143830947512	0.0006678099825770424
0.45739604635310155	0.0006694900076904438
0.45807770961145194	0.000671176380505785
0.45875937286980234	0.000672869133041739
0.4594410361281527	0.0006745682975191172
0.4601226993865031	0.0006762739063624019
0.4608043626448534	0.000677985992201294
0.4614860259032038	0.0006797045878722733
0.4621676891615542	0.0006814297264201724
0.46284935241990455	0.0006831614410997663
0.46353101567825494	0.0006848997653773738
0.46421267893660534	0.0006866447329324754
0.4648943421949557	0.000688396377659344
0.4655760054533061	0.0006901547336686909
0.4662576687116564	0.000691919835289327
0.4669393319700068	0.0006936917170698374
0.4676209952283572	0.0006954704137802729
0.46830265848670755	0.0006972559604138551
0.46898432174505794	0.0006990483921886979
0.46966598500340834	0.000700847744549544
0.4703476482617587	0.000702654053169517
0.4710293115201091	0.00070446735395189
0.47171097477845947	0.000706287683031869
0.4723926380368098	0.0007081150767783939
0.4730743012951602	0.0007099495717959545
0.47375596455351054	0.000711791204926424
0.47443762781186094	0.0007136400132509082
0.47511929107021134	0.0007154960340916127
0.4758009543285617	0.0007173593050137263
0.47648261758691207	0.0007192298638273214
0.47716428084526247	0.0007211077485892726
0.4778459441036128	0.0007229929976051922
0.4785276073619632	0.0007248856494313839
0.47920927062031354	0.0007267857428768134
0.47989093387866394	0.000728693317005099
0.48057259713701433	0.0007306084111365185
0.4812542603953647	0.0007325310648500356
0.48193592365371507	0.0007344613179853454
0.48261758691206547	0.0007363992106449374
0.4832992501704158	0.0007383447831961789
0.4839809134287662	0.0007402980762734175
0.48466257668711654	0.000742259130780102
0.48534423994546694	0.0007442279878909245
0.48602590320381733	0.0007462046890539815
0.4867075664621677	0.0007481892759929549
0.48738922972051807	0.0007501817907093143
0.48807089297886846	0.000752182275484539
0.4887525562372188	0.0007541907728823616
0.4894342194955692	0.000756207325751031
0.49011588275391954	0.0007582319772255987
0.49079754601226994	0.000760264770730225
0.49147920927062033	0.0007623057499805075
0.49216087252897067	0.0007643549589858314
0.49284253578732107	0.0007664124420517422
0.49352419904567146	0.0007684782437823398
0.4942058623040218	0.000770552409082697
0.4948875255623722	0.0007726349831612989
0.49556918882072254	0.0007747260115325067
0.49625085207907293	0.0007768255400190446
0.49693251533742333	0.0007789336147545102
0.49761417859577367	0.0007810502821859084
0.49829584185412407	0.0007831755890762101
0.49897750511247446	0.0007853095825069355
0.4996591683708248	0.0007874523098807607
0.5003408316291752	0.0007896038189241508
0.5010224948875256	0.0007917641576900171
0.501704158145876	0.0007939333745604007
0.5023858214042263	0.0007961115182491809
0.5030674846625767	0.0007982986378048106
0.5037491479209271	0.0008004947826130769
0.5044308111792775	0.0008027000023998898
0.5051124744376279	0.0008049143472340964
0.5057941376959781	0.0008071378675303232
0.5064758009543285	0.0008093706140518455
0.5071574642126789	0.0008116126379134849
0.5078391274710293	0.0008138639905845348
0.5085207907293797	0.0008161247238917141
0.50920245398773	0.00081839489002215
0.5098841172460804	0.00082067454152639
0.5105657805044308	0.0008229637313214427
0.5112474437627812	0.000825262512693849
0.5119291070211316	0.0008275709393027828
0.512610770279482	0.0008298890651831827
0.5132924335378323	0.000832216944748914
0.5139740967961827	0.0008345546327959615
0.5146557600545331	0.0008369021845056547
0.5153374233128835	0.0008392596554479242
0.5160190865712339	0.0008416271015845898
0.5167007498295841	0.0008440045792726818
0.5173824130879345	0.0008463921452677955
0.5180640763462849	0.0008487898567274776
0.5187457396046353	0.0008511977712146477
0.5194274028629857	0.000853615946701053
0.520109066121336	0.0008560444415707573
0.5207907293796864	0.0008584833146236654
0.5214723926380368	0.0008609326250790825
0.5221540558963872	0.0008633924325793084
0.5228357191547376	0.0008658627971932692
0.523517382413088	0.000868343779420184
0.5241990456714383	0.0008708354401932692
0.5248807089297887	0.0008733378408834798
0.5255623721881391	0.0008758510433032883
0.5262440354464895	0.0008783751097105024
0.5269256987048399	0.00088091010281212
0.5276073619631901	0.0008834560857682245
0.5282890252215405	0.0008860131221959183
0.5289706884798909	0.0008885812761732977
0.5296523517382413	0.000891160612243467
0.5303340149965917	0.0008937511954185933
0.5310156782549421	0.000896353091184004
0.5316973415132924	0.0008989663655023248
0.5323790047716428	0.00090159108481766
0.5330606680299932	0.000904227316059817
0.5337423312883436	0.0009068751266485719
0.534423994546694	0.0009095345844979812
0.5351056578050443	0.0009122057580207359
0.5357873210633947	0.0009148887161325617
0.5364689843217451	0.0009175835282566634
0.5371506475800955	0.000920290264328217
0.5378323108384458	0.0009230089947989059
0.5385139740967961	0.0009257397906415062
0.5391956373551465	0.0009284827233545181
0.5398773006134969	0.0009312378649668461
0.5405589638718473	0.0009340052880425277
0.5412406271301977	0.0009367850656855114
0.5419222903885481	0.0009395772715444845
0.5426039536468984	0.0009423819798177517
0.5432856169052488	0.0009451992652581635
0.5439672801635992	0.0009480292031780981
0.5446489434219496	0.0009508718694544942
0.5453306066803	0.0009537273405339371
0.5460122699386503	0.0009565956934377986
0.5466939331970007	0.0009594770057674305
0.547375596455351	0.0009623713557094137
0.5480572597137015	0.0009652788220408621
0.5487389229720518	0.000968199484134783
0.5494205862304021	0.0009711334219654944
0.5501022494887525	0.0009740807161141
0.5507839127471029	0.0009770414477740213
0.5514655760054533	0.0009800156987565904
0.5521472392638037	0.0009830035514967021
0.5528289025221541	0.000986005089058524
0.5535105657805044	0.0009890203951412719
0.5541922290388548	0.000992049554085043
0.5548738922972052	0.0009950926508767149
0.5555555555555556	0.000998149771155906
0.556237218813906	0.0010012210012210012
0.5569188820722563	0.0010043064280352415
0.5576005453306067	0.001007406139232881
0.558282208588957	0.0010105202231254094
0.5589638718473074	0.001013648768707841
0.5596455351056578	0.0010167918656650745
0.5603271983640081	0.0010199496043783202
0.5610088616223585	0.0010231220759315965
0.5616905248807089	0.0010263093721182993
0.5623721881390593	0.0010295115854478416
0.5630538513974097	0.001032728809152366
0.5637355146557601	0.0010359611371935314
0.5644171779141104	0.0010392086642693732
0.5650988411724608	0.0010424714858212395
0.5657805044308112	0.001045749698040803
0.5664621676891616	0.001049043397877152
0.567143830947512	0.001052352683043957
0.5678254942058623	0.0010556776520267183
0.5685071574642127	0.001059018404090094
0.569188820722563	0.0010623750392853082
0.5698704839809134	0.0010657476584576425
0.5705521472392638	0.0010691363632540102
0.5712338104976141	0.0010725412561306154
0.5719154737559645	0.001075962440360697
0.5725971370143149	0.0010794000200423607
0.5732788002726653	0.001082854100106496
0.5739604635310157	0.0010863247863247862
0.5746421267893661	0.001089812185317803
0.5753237900477164	0.001093316404563198
0.5760054533060668	0.0010968375524039813
0.5766871165644172	0.0011003757380568973
0.5773687798227676	0.0011039310716208937
0.578050443081118	0.0011075036640856863
0.5787321063394683	0.0011110936273404212
0.5794137695978187	0.0011147010741824354
0.580095432856169	0.0011183261183261182
0.5807770961145194	0.0011219688744118711
0.5814587593728698	0.0011256294580151724
0.5821404226312201	0.001129307985655745
0.5828220858895705	0.0011330045748068275
0.5835037491479209	0.0011367193439045548
0.5841854124062713	0.0011404524123574432
0.5848670756646217	0.0011442039005559875
0.5855487389229721	0.0011479739298823665
0.5862304021813224	0.001151762622720262
0.5869120654396728	0.001155570102464792
0.5875937286980232	0.001159396493532556
0.5882753919563736	0.0011632419213718017
0.588957055214724	0.0011671065124727047
0.5896387184730743	0.001170990394377772
0.5903203817314246	0.0011748936956923644
0.591002044989775	0.001178816546095344
0.5916837082481254	0.0011827590763498436
0.5923653715064758	0.0011867214183141645
0.5930470347648262	0.0011907037049528027
0.5937286980231765	0.0011947060703476021
0.5944103612815269	0.0011987286497090418
0.5950920245398773	0.0012027715793876557
0.5957736877982277	0.001206834996885587
0.5964553510565781	0.0012109190408682794
0.5971370143149284	0.0012150238511763074
0.5978186775732788	0.0012191495688373476
0.5985003408316292	0.0012232963360782909
0.5991820040899796	0.0012274642963375014
0.59986366734833	0.0012316535942772198
0.6005453306066802	0.0012358643757961164
0.6012269938650306	0.0012400967880419934
0.601908657123381	0.0012443509794246418
0.6025903203817314	0.00124862709962885
0.6032719836400818	0.0012529252996275725
0.6039536468984322	0.0012572457316952538
0.6046353101567825	0.001261588549421317
0.6053169734151329	0.0012659539077238128
0.6059986366734833	0.0012703419628632368
0.6066802999318337	0.0012747528724565119
0.6073619631901841	0.0012791867954911433
0.6080436264485344	0.0012836438923395444
0.6087252897068848	0.0012881243247735393
0.6094069529652352	0.0012926282559790412
0.6100886162235856	0.0012971558505709118
0.610770279481936	0.0013017072746080026
0.6114519427402862	0.0013062826956083823
0.6121336059986366	0.0013108822825647498
0.612815269256987	0.00131550620596004
0.6134969325153374	0.0013201546377832204
0.6141785957736878	0.0013248277515452848
0.6148602590320382	0.0013295257222954455
0.6155419222903885	0.0013342487266375252
0.6162235855487389	0.0013389969427465554
0.6169052488070893	0.0013437705503855806
0.6175869120654397	0.001348569730922672
0.6182685753237901	0.0013533946673481556
0.6189502385821404	0.0013582455442920558
0.6196319018404908	0.001363122548041758
0.6203135650988412	0.0013680258665598939
0.6209952283571916	0.001372955689502452
0.621676891615542	0.0013779122082371179
0.6223585548738922	0.0013828956158618453
0.6230402181322426	0.0013879061072236635
0.623721881390593	0.001392943878937724
0.6244035446489434	0.0013980091294065885
0.6250852079072938	0.0014031020588397636
0.6257668711656442	0.0014082228692734854
0.6264485344239945	0.001413371764590756
0.6271301976823449	0.0014185489505416377
0.6278118609406953	0.001423754634763809
0.6284935241990457	0.0014289890268033819
0.6291751874573961	0.001434252338135991
0.6298568507157464	0.0014395447821881533
0.6305385139740968	0.0014448665743589043
0.6312201772324472	0.001450217932041715
0.6319018404907976	0.0014555990746466935
0.632583503749148	0.0014610102236230754
0.6332651670074982	0.0014664516024820067
0.6339468302658486	0.001471923436819626
0.634628493524199	0.0014774259543404473
0.6353101567825494	0.001482959384881048
0.6359918200408998	0.0014885239604340726
0.6366734832992502	0.0014941199151725466
0.6373551465576005	0.0014997474854745148
0.6380368098159509	0.0015054069099480036
0.6387184730743013	0.0015110984294563136
0.6394001363326517	0.001516822287143648
0.6400817995910021	0.0015225787284610813
0.6407634628493524	0.0015283680011928724
0.6414451261077028	0.001534190355483131
0.6421267893660532	0.0015400460438628376
0.6428084526244036	0.001545935321277227
0.643490115882754	0.0015518584451135382
0.6441717791411042	0.0015578156752291373
0.6448534423994546	0.0015638072739800185
0.645535105657805	0.0015698335062496911
0.6462167689161554	0.0015758946394784543
0.6468984321745058	0.0015819909436930713
0.6475800954328562	0.0015881226915368427
0.6482617586912065	0.0015942901583000926
0.6489434219495569	0.0016004936219510659
0.6496250852079073	0.0016067333631672493
0.6503067484662577	0.0016130096653671213
0.6509884117246081	0.001619322814742335
0.6516700749829584	0.0016256731002903444
0.6523517382413088	0.0016320608138474773
0.6530334014996592	0.0016384862501224674
0.6537150647580096	0.0016449497067304456
0.65439672801636	0.0016514514842274038
0.6550783912747103	0.0016579918861451362
0.6557600545330606	0.0016645712190266643
0.656441717791411	0.0016711897924621582
0.6571233810497614	0.001677847919125354
0.6578050443081118	0.0016845459148104851
0.6584867075664622	0.001691284098469727
0.6591683708248125	0.001698062792251169
0.6598500340831629	0.001704882321537318
0.6605316973415133	0.0017117430149841484
0.6612133605998637	0.0017186452045606974
0.6618950238582141	0.0017255892255892255
0.6625766871165644	0.0017325754167859429
0.6632583503749148	0.001739604120302316
0.6639400136332652	0.0017466756817669596
0.6646216768916156	0.0017537904503281284
0.665303340149966	0.0017609487786968145
0.6659850034083163	0.001768151023190462
0.6666666666666666	0.0017753975437773083
0.667348329925017	0.001782688704121363
0.6680299931833674	0.0017900248716280352
0.6687116564417178	0.0017974064174904188
0.6693933197000682	0.001804833716736247
0.6700749829584185	0.0018123071482755275
0.6707566462167689	0.00181982709494887
0.6714383094751193	0.001827393943576516
0.6721199727334697	0.001835008085008085
0.6728016359918201	0.0018426699141730455
0.6734832992501704	0.0018503798301319286
0.6741649625085208	0.0018581382361282889
0.6748466257668712	0.001865945539641433
0.6755282890252216	0.0018738021524399232
0.676209952283572	0.0018817084906358722
0.6768916155419223	0.0018896649747400407
0.6775732788002726	0.0018976720297177528
0.678254942058623	0.0019057300850456413
0.6789366053169734	0.0019138395747692399
0.6796182685753238	0.0019220009375614329
0.6802999318336742	0.0019302146167817808
0.6809815950920245	0.0019384810605367348
0.6816632583503749	0.001946800721740755
0.6823449216087253	0.00195517405817835
0.6830265848670757	0.0019636015325670496
0.6837082481254261	0.001972083612621335
0.6843899113837764	0.001980620771117531
0.6850715746421268	0.0019892134859596897
0.6857532379004772	0.001997862240246471
0.6864349011588275	0.002006567522339048
0.6871165644171779	0.0020153298259300485
0.6877982276755283	0.0020241496501135496
0.6884798909338786	0.002033027499456153
0.689161554192229	0.0020419638840691473
0.6898432174505794	0.0020509593196817865
0.6905248807089298	0.0020600143277157016
0.6912065439672802	0.0020691294353604615
0.6918882072256305	0.002078305175650308
0.6925698704839809	0.0020875420875420873
0.6932515337423313	0.0020968407159943905
0.6939331970006817	0.002106201612047937
0.6946148602590321	0.002115625332907212
0.6952965235173824	0.0021251124420233877
0.6959781867757328	0.002134663509178549
0.6966598500340832	0.002144279110571245
0.6973415132924335	0.002153959828903395
0.6980231765507839	0.002163706253468569
0.6987048398091343	0.0021735189802416692
0.6993865030674846	0.00218339861197004
0.700068166325835	0.0021933457582660313
0.7007498295841854	0.002203361035701036
0.7014314928425358	0.0022134450679010408
0.7021131561008862	0.002223598485643706
0.7027948193592365	0.0022338219269570107
0.7034764826175869	0.0022441160372194853
0.7041581458759373	0.0022544814692620693
0.7048398091342877	0.002264918883471616
0.7055214723926381	0.0022754289478960784
0.7062031356509885	0.002286012338351409
0.7068847989093388	0.0022966697385302035
0.7075664621676891	0.0023074018401121202
0.7082481254260395	0.0023182093428761115
0.7089297886843899	0.002329092954814497
0.7096114519427403	0.002340053392248918
0.7102931152010906	0.0023510913799482053
0.710974778459441	0.0023417636825906595
0.7116564417177914	0.002352862088669288
0.7123381049761418	0.002364039580776981
0.7130197682344922	0.002375296912114014
0.7137014314928425	0.0023866348448687348
0.7143830947511929	0.0023980541503465756
0.7150647580095433	0.0024095556091012355
0.7157464212678937	0.0024211400110680683
0.7164280845262441	0.0024328081556997216
0.7171097477845945	0.0023785965116504665
0.7177914110429447	0.0023784180011151273
0.7184730743012951	0.0023899637195671426
0.7191547375596455	0.0024015937133363254
0.7198364008179959	0.002413308804620893
0.7205180640763463	0.002425109825670384
0.7211997273346966	0.002436997618933474
0.721881390593047	0.0024489730372083316
0.7225630538513974	0.0024610369437955645
0.7232447171097478	0.0024731902126538144
0.7239263803680982	0.002485433728558041
0.7246080436264485	0.002497768387260562
0.7252897068847989	0.002485504652091075
0.7259713701431493	0.002466884199120772
0.7266530334014997	0.002479218620116376
0.7273346966598501	0.0024916457811194653
0.7280163599182005	0.0025041666141904177
0.7286980231765507	0.0025167820631284044
0.7293796864349011	0.002529493083649255
0.7300613496932515	0.002523121510463283
0.7307430129516019	0.0025230782411274607
0.7314246762099523	0.002510085549570961
0.7321063394683026	0.0024904363781135864
0.732788002726653	0.002503175183116725
0.7334696659850034	0.00251601197892758
0.7341513292433538	0.002502581679959572
0.7348329925017042	0.002482354084400039
0.7355146557600545	0.0024951827876785924
0.7361963190184049	0.002508111195904906
0.7368779822767553	0.0024762801964874504
0.7375596455351057	0.0024756493506493506
0.7382413087934561	0.0024885770234986944
0.7389229720518065	0.002501606222574604
0.7396046353101567	0.0025147380137692213
0.7402862985685071	0.0025279734769995854
0.7409679618268575	0.0025413137064296625
0.7416496250852079	0.0025547598106964863
0.7423312883435583	0.0025683129131404995
0.7430129516019086	0.002581974152040183
0.743694614860259	0.002595744680851064
0.7443762781186094	0.002609625668449198
0.7450579413769598	0.0026236182993792205
0.7457396046353102	0.0026377237741070656
0.7464212678936605	0.0026519433092774543
0.7471029311520109	0.0026662781379762513
0.7477845944103613	0.002680729509997803
0.7484662576687117	0.002695298692117356
0.7491479209270621	0.0027099869683686766
0.7498295841854125	0.0027247956403269754
0.7505112474437627	0.0027397260273972603
0.7511929107021131	0.002754779467108234
0.7518745739604635	0.002732116368480005
0.7525562372188139	0.0027472109340517174
0.7532379004771643	0.0027624309392265192
0.7539195637355146	0.002739304401354263
0.754601226993865	0.0027545651501083256
0.7552828902522154	0.0027699537822318356
0.7559645535105658	0.002746349936622694
0.7566462167689162	0.0027617788688509112
0.7573278800272665	0.002777338186421902
0.7580095432856169	0.002753242619559163
0.7586912065439673	0.002768841727885277
0.7593728698023177	0.0027845737831573526
0.7600545330606681	0.002776159026159026
0.7607361963190185	0.002775742775742776
0.7614178595773687	0.0027507163323782233
0.7620995228357191	0.0027665250469321215
0.7627811860940695	0.0027824704362516147
0.7634628493524199	0.0027569089303859672
0.7641445126107703	0.002772891011141828
0.7648261758691206	0.0027890124705089317
0.765507839127471	0.002762899179605397
0.7661895023858214	0.0027790564847492883
0.7668711656441718	0.0027953559362727445
0.7675528289025222	0.0028117992064861136
0.7682344921608726	0.0028023598820058997
0.7689161554192229	0.0028014871445776824
0.7695978186775733	0.0027742173371025232
0.7702794819359237	0.002790730535537657
0.7709611451942741	0.0028073916133617626
0.7716428084526245	0.002779515595674323
0.7723244717109747	0.0027962093830357303
0.7730061349693251	0.002813054017873295
0.7736877982276755	0.002802751792669166
0.7743694614860259	0.0028014281790716836
0.7750511247443763	0.002818458137607074
0.7757327880027266	0.0028356438579583364
0.776414451261077	0.0028250167822779144
0.7770961145194274	0.0028235867994971953
0.7777777777777778	0.002840962718263332
0.7784594410361282	0.002858499525166192
0.7791411042944786	0.002876199212628521
0.7798227675528289	0.002894063804011307
0.7805044308111793	0.002883071148004102
0.7811860940695297	0.002881619937694704
0.78186775732788	0.0028996865203761756
0.7825494205862304	0.002917923542516906
0.7832310838445807	0.0029363331547725335
0.7839127471029311	0.0029549175418280556
0.7845944103612815	0.0029736789230460116
0.7852760736196319	0.0029926195531291074
0.7859577368779823	0.003011741722797664
0.7866394001363326	0.0030310477594822642
0.787321063394683	0.0030505400280319895
0.7880027266530334	0.0030702209314386474
0.7886843899113838	0.003090092911577409
0.7893660531697342	0.003078636573782205
0.7900477164280846	0.0030775413511569863
0.7907293796864349	0.0030444316706052673
0.7914110429447853	0.0030643951569698917
0.7920927062031357	0.0030845556514236413
0.792774369461486	0.003104915754733368
0.7934560327198364	0.0031254781107249796
0.7941376959781867	0.003146245407141757
0.7948193592365371	0.003167220376522702
0.7955010224948875	0.003188405797101449
0.7961826857532379	0.0032098044937262913
0.7968643490115883	0.003231419338801889
0.7975460122699386	0.0031963781963781964
0.798227675528289	0.0032180485570316077
0.7989093387866394	0.0032399400438141357
0.7995910020449898	0.003262055675512526
0.8002726653033402	0.0032843985226050773
0.8009543285616906	0.003306971708327449
0.8016359918200409	0.0033297784097641903
0.8023176550783913	0.0033528218589667104
0.8029993183367417	0.0033761053440984237
0.803680981595092	0.0033996322106078203
0.8043626448534424	0.0034234058624302527
0.8050443081117927	0.003447429763219237
0.8057259713701431	0.003471707437608105
0.8064076346284935	0.0034962424725028616
0.8070892978868439	0.0035210385184071373
0.8077709611451943	0.0035082405794906743
0.8084526244035446	0.0035078800203355363
0.809134287661895	0.003533026113671275
0.8098159509202454	0.003558443567726464
0.8104976141785958	0.003584136301067449
0.8111792774369462	0.0036101083032490976
0.8118609406952966	0.0036363636363636364
0.8125426039536469	0.0036363636363636364
0.8132242672119973	0.003663003663003663
0.8139059304703476	0.003663003663003663
0.814587593728698	0.0036900369003690036
0.8152692569870484	0.0036900369003690036
0.8159509202453987	0.0037174721189591076
0.8166325835037491	0.0037174721189591076
0.8173142467620995	0.003745318352059925
0.8179959100204499	0.003745318352059925
0.8186775732788003	0.0037735849056603774
0.8193592365371506	0.0037735849056603774
0.820040899795501	0.0038022813688212928
0.8207225630538514	0.0038022813688212928
0.8214042263122018	0.0038314176245210726
0.8220858895705522	0.0038314176245210726
0.8227675528289026	0.003861003861003861
0.8234492160872529	0.003861003861003861
0.8241308793456033	0.0038910505836575876
0.8248125426039536	0.0038910505836575876
0.825494205862304	0.00392156862745098
0.8261758691206544	0.00392156862745098
0.8268575323790047	0.003952569169960474
0.8275391956373551	0.003952569169960474
0.8282208588957055	0.00398406374501992
0.8289025221540559	0.00398406374501992
0.8295841854124063	0.004016064257028112
0.8302658486707567	0.004016064257028112
0.830947511929107	0.004048582995951417
0.8316291751874574	0.004048582995951417
0.8323108384458078	0.004081632653061225
0.8329925017041582	0.004081632653061225
0.8336741649625086	0.00411522633744856
0.8343558282208589	0.00411522633744856
0.8350374914792092	0.004149377593360996
0.8357191547375596	0.004149377593360996
0.83640081799591	0.0041841004184100415
0.8370824812542604	0.0041841004184100415
0.8377641445126107	0.004219409282700422
0.8384458077709611	0.004219409282700422
0.8391274710293115	0.00425531914893617
0.8398091342876619	0.00425531914893617
0.8404907975460123	0.004291845493562232
0.8411724608043627	0.004291845493562232
0.841854124062713	0.004329004329004329
0.8425357873210634	0.004329004329004329
0.8432174505794138	0.004366812227074236
0.8438991138377642	0.004366812227074236
0.8445807770961146	0.004405286343612335
0.8452624403544649	0.004405286343612335
0.8459441036128152	0.0044444444444444444
0.8466257668711656	0.0044444444444444444
0.847307430129516	0.004484304932735426
0.8479890933878664	0.004484304932735426
0.8486707566462167	0.004524886877828055
0.8493524199045671	0.004524886877828055
0.8500340831629175	0.0045662100456621
0.8507157464212679	0.0045662100456621
0.8513974096796183	0.004608294930875576
0.8520790729379687	0.004608294930875576
0.852760736196319	0.004651162790697674
0.8534423994546694	0.004651162790697674
0.8541240627130198	0.004694835680751174
0.8548057259713702	0.004694835680751174
0.8554873892297206	0.004739336492890996
0.8561690524880708	0.004739336492890996
0.8568507157464212	0.004784688995215311
0.8575323790047716	0.004784688995215311
0.858214042263122	0.004830917874396135
0.8588957055214724	0.004830917874396135
0.8595773687798227	0.004878048780487805
0.8602590320381731	0.004878048780487805
0.8609406952965235	0.0049261083743842365
0.8616223585548739	0.0049261083743842365
0.8623040218132243	0.004975124378109453
0.8629856850715747	0.004975124378109453
0.863667348329925	0.005025125628140704
0.8643490115882754	0.005025125628140704
0.8650306748466258	0.005076142131979695
0.8657123381049762	0.005076142131979695
0.8663940013633266	0.005128205128205128
0.8670756646216768	0.005128205128205128
0.8677573278800272	0.0051813471502590676
0.8684389911383776	0.0051813471502590676
0.869120654396728	0.005235602094240838
0.8698023176550784	0.005235602094240838
0.8704839809134287	0.005291005291005291
0.8711656441717791	0.005291005291005291
0.8718473074301295	0.0053475935828877
0.8725289706884799	0.0053475935828877
0.8732106339468303	0.005405405405405406
0.8738922972051807	0.005405405405405406
0.874573960463531	0.00546448087431694
0.8752556237218814	0.00546448087431694
0.8759372869802318	0.0055248618784530384
0.8766189502385822	0.0055248618784530384
0.8773006134969326	0.00558659217877095
0.8779822767552828	0.00558659217877095
0.8786639400136332	0.005649717514124294
0.8793456032719836	0.005649717514124294
0.880027266530334	0.005714285714285714
0.8807089297886844	0.005714285714285714
0.8813905930470347	0.005780346820809248
0.8820722563053851	0.005780346820809248
0.8827539195637355	0.005847953216374269
0.8834355828220859	0.005847953216374269
0.8841172460804363	0.005917159763313609
0.8847989093387867	0.005917159763313609
0.885480572597137	0.005988023952095809
0.8861622358554874	0.005988023952095809
0.8868438991138378	0.006060606060606061
0.8875255623721882	0.006060606060606061
0.8882072256305386	0.006134969325153374
0.8888888888888888	0.006134969325153374
0.8895705521472392	0.006211180124223602
0.8902522154055896	0.006211180124223602
0.89093387866394	0.006289308176100629
0.8916155419222904	0.006289308176100629
0.8922972051806408	0.006369426751592357
0.8929788684389911	0.006369426751592357
0.8936605316973415	0.0064516129032258064
0.8943421949556919	0.0064516129032258064
0.8950238582140423	0.006535947712418301
0.8957055214723927	0.006535947712418301
0.896387184730743	0.006622516556291391
0.8970688479890934	0.006622516556291391
0.8977505112474438	0.006711409395973154
0.8984321745057942	0.006711409395973154
0.8991138377641446	0.006802721088435374
0.8997955010224948	0.006802721088435374
0.9004771642808452	0.006896551724137931
0.9011588275391956	0.006896551724137931
0.901840490797546	0.006993006993006993
0.9025221540558964	0.006993006993006993
0.9032038173142468	0.0070921985815602835
0.9038854805725971	0.0070921985815602835
0.9045671438309475	0.007194244604316547
0.9052488070892979	0.007194244604316547
0.9059304703476483	0.0072992700729927005
0.9066121336059987	0.0072992700729927005
0.907293796864349	0.007407407407407408
0.9079754601226994	0.007407407407407408
0.9086571233810498	0.007518796992481203
0.9093387866394002	0.007518796992481203
0.9100204498977505	0.007633587786259542
0.9107021131561008	0.007633587786259542
0.9113837764144512	0.007751937984496124
0.9120654396728016	0.007751937984496124
0.912747102931152	0.007874015748031496
0.9134287661895024	0.007874015748031496
0.9141104294478528	0.008
0.9147920927062031	0.008
0.9154737559645535	0.008130081300813009
0.9161554192229039	0.008130081300813009
0.9168370824812543	0.008264462809917356
0.9175187457396047	0.008264462809917356
0.918200408997955	0.008403361344537815
0.9188820722563054	0.008403361344537815
0.9195637355146558	0.008547008547008548
0.9202453987730062	0.008547008547008548
0.9209270620313565	0.008695652173913044
0.9216087252897068	0.008695652173913044
0.9222903885480572	0.008849557522123894
0.9229720518064076	0.008849557522123894
0.923653715064758	0.009009009009009009
0.9243353783231084	0.009009009009009009
0.9250170415814588	0.009174311926605505
0.9256987048398091	0.009174311926605505
0.9263803680981595	0.009345794392523364
0.9270620313565099	0.009345794392523364
0.9277436946148603	0.009523809523809525
0.9284253578732107	0.009523809523809525
0.929107021131561	0.009708737864077669
0.9297886843899114	0.009708737864077669
0.9304703476482618	0.009900990099009901
0.9311520109066121	0.009900990099009901
0.9318336741649625	0.010101010101010102
0.9325153374233128	0.010101010101010102
0.9331970006816632	0.010309278350515464
0.9338786639400136	0.010309278350515464
0.934560327198364	0.010526315789473684
0.9352419904567144	0.010526315789473684
0.9359236537150648	0.010752688172043012
0.9366053169734151	0.010752688172043012
0.9372869802317655	0.01098901098901099
0.9379686434901159	0.01098901098901099
0.9386503067484663	0.011235955056179775
0.9393319700068167	0.011235955056179775
0.940013633265167	0.011494252873563218
0.9406952965235174	0.011494252873563218
0.9413769597818678	0.011764705882352941
0.9420586230402181	0.011764705882352941
0.9427402862985685	0.012048192771084338
0.9434219495569189	0.012048192771084338
0.9441036128152692	0.012345679012345678
0.9447852760736196	0.012345679012345678
0.94546693933197	0.012658227848101266
0.9461486025903204	0.012658227848101266
0.9468302658486708	0.012987012987012988
0.9475119291070211	0.012987012987012988
0.9481935923653715	0.013333333333333334
0.9488752556237219	0.013333333333333334
0.9495569188820723	0.0136986301369863
0.9502385821404227	0.0136986301369863
0.950920245398773	0.014084507042253521
0.9516019086571234	0.014084507042253521
0.9522835719154737	0.014492753623188406
0.9529652351738241	0.014492753623188406
0.9536468984321745	0.014925373134328358
0.9543285616905249	0.014925373134328358
0.9550102249488752	0.015384615384615385
0.9556918882072256	0.015384615384615385
0.956373551465576	0.015873015873015872
0.9570552147239264	0.015873015873015872
0.9577368779822768	0.01639344262295082
0.9584185412406271	0.01639344262295082
0.9591002044989775	0.01694915254237288
0.9597818677573279	0.01694915254237288
0.9604635310156783	0.017543859649122806
0.9611451942740287	0.017543859649122806
0.961826857532379	0.01818181818181818
0.9625085207907293	0.01818181818181818
0.9631901840490797	0.018867924528301886
0.9638718473074301	0.018867924528301886
0.9645535105657805	0.0196078431372549
0.9652351738241309	0.0196078431372549
0.9659168370824812	0.02040816326530612
0.9665985003408316	0.02040816326530612
0.967280163599182	0.02127659574468085
0.9679618268575324	0.02127659574468085
0.9686434901158828	0.022222222222222223
0.9693251533742331	0.022222222222222223
0.9700068166325835	0.023255813953488372
0.9706884798909339	0.023255813953488372
0.9713701431492843	0.024390243902439025
0.9720518064076347	0.024390243902439025
0.972733469665985	0.02564102564102564
0.9734151329243353	0.02564102564102564
0.9740967961826857	0.02702702702702703
0.9747784594410361	0.02702702702702703
0.9754601226993865	0.02857142857142857
0.9761417859577369	0.02857142857142857
0.9768234492160872	0.030303030303030304
0.9775051124744376	0.030303030303030304
0.978186775732788	0.03225806451612903
0.9788684389911384	0.03225806451612903
0.9795501022494888	0.034482758620689655
0.9802317655078391	0.034482758620689655
0.9809134287661895	0.037037037037037035
0.9815950920245399	0.037037037037037035
0.9822767552828903	0.04
0.9829584185412407	0.04
0.983640081799591	0.043478260869565216
0.9843217450579413	0.043478260869565216
0.9850034083162917	0.047619047619047616
0.9856850715746421	0.047619047619047616
0.9863667348329925	0.05263157894736842
0.9870483980913429	0.05263157894736842
0.9877300613496932	0.058823529411764705
0.9884117246080436	0.058823529411764705
0.989093387866394	0.06666666666666667
0.9897750511247444	0.06666666666666667
0.9904567143830948	0.07692307692307693
0.9911383776414451	0.07692307692307693
0.9918200408997955	0.09090909090909091
0.9925017041581459	0.09090909090909091
0.9931833674164963	0.1111111111111111
0.9938650306748467	0.1111111111111111
0.994546693933197	0.14285714285714285
0.9952283571915473	0.14285714285714285
0.9959100204498977	0.2
0.9965916837082481	0.2
0.9972733469665985	0.3333333333333333
0.9979550102249489	0.3333333333333333
0.9986366734832992	1.0
0.9993183367416496	0.0
1.0	0.0
