Fraction_of_nodes	Efficiency
0.0008517887563884157	0.05942960860097062
0.0017035775127768314	0.05864985863081617
0.002555366269165247	0.05811895180294832
0.0034071550255536627	0.05710590002410604
0.004258943781942078	0.05696257359834811
0.005110732538330494	0.05656227556994282
0.00596252129471891	0.05581554104615576
0.0068143100511073255	0.05486893939452397
0.007666098807495741	0.05416506687194848
0.008517887563884156	0.05288948865987647
0.009369676320272573	0.05223826440602054
0.010221465076660987	0.05206332891490595
0.011073253833049404	0.05176174120791546
0.01192504258943782	0.05097191676243718
0.012776831345826235	0.050589569048714984
0.013628620102214651	0.050084177149358186
0.014480408858603067	0.046527513627899204
0.015332197614991482	0.04527579348769703
0.016183986371379896	0.044967845410598985
0.017035775127768313	0.044019849086150066
0.01788756388415673	0.043186087954638235
0.018739352640545145	0.04282503648520954
0.019591141396933562	0.042688760823945016
0.020442930153321975	0.04194483345667438
0.02129471890971039	0.041691310187479284
0.022146507666098807	0.04163681204558017
0.022998296422487224	0.04141494488827869
0.02385008517887564	0.04068351105194889
0.024701873935264053	0.039923844027530936
0.02555366269165247	0.03879493388491662
0.026405451448040886	0.038235282441146205
0.027257240204429302	0.037745794176702485
0.028109028960817718	0.037231861168477196
0.028960817717206135	0.036954070846369494
0.029812606473594547	0.03620700170372881
0.030664395229982964	0.03530902340203779
0.03151618398637138	0.03439988718422529
0.03236797274275979	0.028776949818065025
0.03321976149914821	0.028578774986232465
0.034071550255536626	0.02841683869796948
0.03492333901192504	0.02737494388720324
0.03577512776831346	0.026948671111241315
0.036626916524701875	0.026976806518120486
0.03747870528109029	0.026614894527325655
0.03833049403747871	0.02623748103857524
0.039182282793867124	0.025352426790933153
0.04003407155025554	0.02519907844781026
0.04088586030664395	0.025139511879256584
0.041737649063032366	0.024142412821874498
0.04258943781942078	0.022731169190466555
0.0434412265758092	0.020857524052051473
0.044293015332197615	0.020613726725214936
0.04514480408858603	0.020601032217388265
0.04599659284497445	0.020482928993945517
0.046848381601362864	0.02051717308414269
0.04770017035775128	0.02047422901846021
0.048551959114139696	0.020430671678651726
0.049403747870528106	0.020283788957994486
0.05025553662691652	0.01664104867162117
0.05110732538330494	0.014479564934208529
0.051959114139693355	0.014471718135875522
0.05281090289608177	0.014355628010794977
0.05366269165247019	0.014136803686680705
0.054514480408858604	0.013818183698511101
0.05536626916524702	0.013630542557657782
0.056218057921635436	0.013473452146066739
0.05706984667802385	0.01348339663963683
0.05792163543441227	0.013027638932664762
0.05877342419080068	0.012927258976634097
0.059625212947189095	0.012878433908937255
0.06047700170357751	0.012886635145681844
0.06132879045996593	0.012908395716307362
0.062180579216354344	0.012866338924691714
0.06303236797274275	0.01263302930759079
0.06388415672913117	0.012256267396575279
0.06473594548551959	0.01211423941622971
0.065587734241908	0.011591560657577568
0.06643952299829642	0.011599705982735112
0.06729131175468483	0.01159232163811805
0.06814310051107325	0.011589878205888084
0.06899488926746167	0.011520531181871345
0.06984667802385008	0.011220370385251744
0.0706984667802385	0.011214037156281852
0.07155025553662692	0.011145818714393595
0.07240204429301533	0.01116630735173623
0.07325383304940375	0.011109291990737404
0.07410562180579217	0.010976942729990603
0.07495741056218058	0.01098172707448505
0.075809199318569	0.01094984267609794
0.07666098807495741	0.010729824313489117
0.07751277683134583	0.010181181898790283
0.07836456558773425	0.009991445812092934
0.07921635434412266	0.01000246799021368
0.08006814310051108	0.010005514175684845
0.08091993185689948	0.009945084595490932
0.0817717206132879	0.00989704383757974
0.08262350936967632	0.00989402753375473
0.08347529812606473	0.0098500440159323
0.08432708688245315	0.009754184991984913
0.08517887563884156	0.009768027374558685
0.08603066439522998	0.00971576651584892
0.0868824531516184	0.009659122796946503
0.08773424190800681	0.009659696642670518
0.08858603066439523	0.009643498761836794
0.08943781942078365	0.009644440297040624
0.09028960817717206	0.009575266653110157
0.09114139693356048	0.00958737029834568
0.0919931856899489	0.009581634224323744
0.09284497444633731	0.009465945003739769
0.09369676320272573	0.009344798125950012
0.09454855195911414	0.009107543591011676
0.09540034071550256	0.00912145733468227
0.09625212947189098	0.009056603287858034
0.09710391822827939	0.009067768442154175
0.09795570698466781	0.009046966565527666
0.09880749574105621	0.009020346030985324
0.09965928449744463	0.008936690035890333
0.10051107325383304	0.008920955572164388
0.10136286201022146	0.008921815801838451
0.10221465076660988	0.008907858593070535
0.1030664395229983	0.008607843349488204
0.10391822827938671	0.008624223641304548
0.10477001703577513	0.008627179059207991
0.10562180579216354	0.008452242964770844
0.10647359454855196	0.008420699546811142
0.10732538330494037	0.008436784932764936
0.10817717206132879	0.00844682907325059
0.10902896081771721	0.00844993369220824
0.10988074957410562	0.008458941215795641
0.11073253833049404	0.008467141235563663
0.11158432708688246	0.008358154313192952
0.11243611584327087	0.008236337838805433
0.11328790459965929	0.00804348131777714
0.1141396933560477	0.007946617390532415
0.11499148211243612	0.007955747264068412
0.11584327086882454	0.007968303986457738
0.11669505962521294	0.00797331199000962
0.11754684838160136	0.00783150548990496
0.11839863713798977	0.007821511071630587
0.11925042589437819	0.007820301676289438
0.1201022146507666	0.007832017830597037
0.12095400340715502	0.007776749254923202
0.12180579216354344	0.0077590912431205195
0.12265758091993186	0.007659657888407697
0.12350936967632027	0.007668082064898363
0.12436115843270869	0.007618950396869744
0.1252129471890971	0.007547404754935913
0.1260647359454855	0.00745619130830301
0.12691652470187392	0.007422346292207883
0.12776831345826234	0.00742826577420633
0.12862010221465076	0.0074399330738430915
0.12947189097103917	0.007419725623940756
0.1303236797274276	0.007384738018356164
0.131175468483816	0.007386222977645372
0.13202725724020442	0.007003886063459463
0.13287904599659284	0.005988703826784435
0.13373083475298125	0.005975502169540092
0.13458262350936967	0.005788443894964111
0.1354344122657581	0.005560412424469793
0.1362862010221465	0.005486949134336307
0.13713798977853492	0.005304571934981361
0.13798977853492334	0.005208909822648829
0.13884156729131175	0.005203077268294548
0.13969335604770017	0.005070491655747343
0.14054514480408858	0.005080552155064302
0.141396933560477	0.005028784758443207
0.14224872231686542	0.0049759872495683975
0.14310051107325383	0.004933481950294737
0.14395229982964225	0.004927221385971677
0.14480408858603067	0.004924136875104909
0.14565587734241908	0.004913164857690784
0.1465076660988075	0.0047246732605412825
0.14735945485519591	0.004734122607062365
0.14821124361158433	0.004704195961636104
0.14906303236797275	0.004711617194022147
0.14991482112436116	0.0047131961338335
0.15076660988074958	0.0047189679134536835
0.151618398637138	0.004725426091980456
0.1524701873935264	0.004722497563951013
0.15332197614991483	0.0047206210976675714
0.15417376490630325	0.004713770865423872
0.15502555366269166	0.00470510970401386
0.15587734241908008	0.004714614976143181
0.1567291311754685	0.0046901393392417955
0.1575809199318569	0.004686329307038391
0.15843270868824533	0.004627977906799671
0.15928449744463374	0.004609271387564367
0.16013628620102216	0.004609535130568397
0.16098807495741055	0.0046130232080386
0.16183986371379896	0.004622408809682626
0.16269165247018738	0.004443068792267982
0.1635434412265758	0.004424878999347958
0.1643952299829642	0.004429159248500273
0.16524701873935263	0.004414165278664742
0.16609880749574105	0.0043999337874897175
0.16695059625212946	0.004381583085660384
0.16780238500851788	0.004388464318513319
0.1686541737649063	0.004368554179575704
0.1695059625212947	0.004196589294652353
0.17035775127768313	0.004202049825437329
0.17120954003407154	0.0042106960184937845
0.17206132879045996	0.0042004386011196505
0.17291311754684838	0.004201877091368829
0.1737649063032368	0.004167059460034025
0.1746166950596252	0.004173536872670322
0.17546848381601363	0.00418216880001814
0.17632027257240204	0.004172985468282636
0.17717206132879046	0.0041337369560967546
0.17802385008517888	0.004113754849651888
0.1788756388415673	0.004116553402342947
0.1797274275979557	0.004125111725424741
0.18057921635434412	0.004057761419749626
0.18143100511073254	0.004062240641461051
0.18228279386712096	0.004023221350325952
0.18313458262350937	0.004026178217092967
0.1839863713798978	0.004034592382645931
0.1848381601362862	0.0040397538769210845
0.18568994889267462	0.004046023465973061
0.18654173764906304	0.004052310474457599
0.18739352640545145	0.0040510988917604905
0.18824531516183987	0.004057405154257178
0.1890971039182283	0.004063728992293329
0.1899488926746167	0.004068963606874481
0.19080068143100512	0.004077538872642394
0.19165247018739354	0.004086141275327294
0.19250425894378195	0.0040896841724968516
0.19335604770017037	0.004098330439246316
0.19420783645655879	0.004055681266912851
0.1950596252129472	0.004064273811969871
0.19591141396933562	0.004072893692801196
0.196763202725724	0.003962984441312614
0.19761499148211242	0.003971407362548135
0.19846678023850084	0.003969168262848352
0.19931856899488926	0.003966531156368451
0.20017035775127767	0.003967419547417532
0.2010221465076661	0.003973612336033101
0.2018739352640545	0.0039798225421803415
0.20272572402044292	0.0039679964760313356
0.20357751277683134	0.003968410257365574
0.20442930153321975	0.003948113535869856
0.20528109028960817	0.003939947845760637
0.2061328790459966	0.0038632409271564016
0.206984667802385	0.0038673141146639933
0.20783645655877342	0.003864925413026559
0.20868824531516184	0.0038679579247544284
0.20954003407155025	0.0038699843164594905
0.21039182282793867	0.0038748479478614628
0.21124361158432708	0.003878361521771652
0.2120954003407155	0.003859768216692221
0.21294718909710392	0.003860314835563701
0.21379897785349233	0.003868688620456464
0.21465076660988075	0.0038747344183326315
0.21550255536626917	0.003847353812258388
0.21635434412265758	0.0038127433809921228
0.217206132879046	0.003818679337635182
0.21805792163543442	0.0038234442065763607
0.21890971039182283	0.0038317923380317676
0.21976149914821125	0.0038401678404099793
0.22061328790459966	0.003848570833496215
0.22146507666098808	0.0038546047413380033
0.2223168654173765	0.003863057821911113
0.2231686541737649	0.0038715387391930257
0.22402044293015333	0.0037053594961081937
0.22487223168654175	0.0037110942780602444
0.22572402044293016	0.0037111913285185183
0.22657580919931858	0.003719374771359794
0.227427597955707	0.0037149292712335344
0.2282793867120954	0.003690715568910755
0.22913117546848383	0.003695213925117336
0.22998296422487224	0.0037033982305993236
0.23083475298126066	0.003711609756609522
0.23168654173764908	0.003717387697356467
0.23253833049403747	0.00372318216354297
0.23339011925042588	0.003725285399106408
0.2342419080068143	0.003661777653909862
0.23509369676320271	0.0036699421525807872
0.23594548551959113	0.003675645534167388
0.23679727427597955	0.003675545885986223
0.23764906303236796	0.0036837685837177356
0.23850085178875638	0.00365832132674704
0.2393526405451448	0.003638523338451932
0.2402044293015332	0.0035956823923011996
0.24105621805792163	0.0036037625774524382
0.24190800681431004	0.0036093422559042598
0.24275979557069846	0.0036149379380288733
0.24361158432708688	0.0036155076044905145
0.2444633730834753	0.003611623107611466
0.2453151618398637	0.0036159589739397707
0.24616695059625213	0.0036215834433314335
0.24701873935264054	0.0036272241267377167
0.24787052810902896	0.0036167789088238107
0.24872231686541738	0.00361962731512424
0.2495741056218058	0.0036090986121250315
0.2504258943781942	0.003612570205478369
0.2512776831345826	0.0035660071335529837
0.252129471890971	0.003571542036562206
0.25298126064735943	0.0035728842412018247
0.25383304940374785	0.0035735709468212007
0.25468483816013626	0.003579133220972148
0.2555366269165247	0.003575755761328433
0.2563884156729131	0.0035813297989179963
0.2572402044293015	0.0035856033840217377
0.2580919931856899	0.0035898871655055194
0.25894378194207834	0.0035981492763582363
0.25979557069846676	0.0036064399428936238
0.2606473594548552	0.003612101687323092
0.2614991482112436	0.0036204437235524754
0.262350936967632	0.0036261447855466204
0.2632027257240204	0.0036318625527257515
0.26405451448040884	0.003602683749619718
0.26490630323679726	0.0035821807003316806
0.2657580919931857	0.0035905016775682236
0.2666098807495741	0.0035920991222496
0.2674616695059625	0.003596401597396836
0.2683134582623509	0.003544950149197001
0.26916524701873934	0.003533069499286589
0.27001703577512776	0.003538598023482296
0.2708688245315162	0.003527364917968874
0.2717206132879046	0.003528778005345412
0.272572402044293	0.0035370518107506765
0.2734241908006814	0.0034632560858543784
0.27427597955706984	0.003456224022457952
0.27512776831345825	0.0034643563142755
0.27597955706984667	0.003465588775626942
0.2768313458262351	0.003466817426621752
0.2776831345826235	0.003444174592816642
0.2785349233390119	0.0034481301915788307
0.27938671209540034	0.003441743346815659
0.28023850085178875	0.0034405513330035085
0.28109028960817717	0.0034393439884141713
0.2819420783645656	0.0034069076772844306
0.282793867120954	0.003415009716945036
0.2836456558773424	0.0032833764883392833
0.28449744463373083	0.0031849504418250403
0.28534923339011925	0.0031741768751889074
0.28620102214650767	0.0031817615272204222
0.2870528109028961	0.003182227804018635
0.2879045996592845	0.0031898499065432305
0.2887563884156729	0.0031974994267028067
0.28960817717206133	0.003205176496154674
0.29045996592844975	0.00320157864938509
0.29131175468483816	0.003203257523606821
0.2921635434412266	0.0032013105984876698
0.293015332197615	0.003117464404688071
0.2938671209540034	0.003124994511945772
0.29471890971039183	0.0031281708125722465
0.29557069846678025	0.0031155152309825973
0.29642248722316866	0.0031201330769897633
0.2972742759795571	0.0031178994096028377
0.2981260647359455	0.003125476321898349
0.2989778534923339	0.003133080887158442
0.29982964224872233	0.003140713240111325
0.30068143100511074	0.0031483735163067186
0.30153321976149916	0.003141320495917103
0.3023850085178876	0.0031445229865391454
0.303236797274276	0.003054265489399979
0.3040885860306644	0.0030410230286256135
0.3049403747870528	0.0030239436364255775
0.30579216354344124	0.003018058429380222
0.30664395229982966	0.003025482927361477
0.3074957410562181	0.003027380613019448
0.3083475298126065	0.0030122130952842147
0.3091993185689949	0.002993891530791548
0.3100511073253833	0.0029803498847357146
0.31090289608177174	0.0029831375307011257
0.31175468483816016	0.002990530684432727
0.3126064735945486	0.0029979513561062573
0.313458262350937	0.0029775546896749524
0.3143100511073254	0.00298496154213683
0.3151618398637138	0.002972776439463847
0.31601362862010224	0.002977084285915245
0.31686541737649065	0.0029845177048563568
0.31771720613287907	0.0029753851580864546
0.3185689948892675	0.0029828329306974344
0.3194207836456559	0.002990308702453568
0.3202725724020443	0.0029249630643721153
0.32112436115843274	0.002927583429567933
0.3219761499148211	0.0029265205356747864
0.3228279386712095	0.002933892123925856
0.32367972742759793	0.0029412915996482416
0.32453151618398635	0.0029487191036877574
0.32538330494037476	0.002952982296711933
0.3262350936967632	0.0029226648829698853
0.3270868824531516	0.0029300734124577685
0.32793867120954	0.0029233025248591323
0.3287904599659284	0.0029162190245449835
0.32964224872231684	0.0029236394291875917
0.33049403747870526	0.0028773379565911195
0.3313458262350937	0.002884678104439566
0.3321976149914821	0.002885530359091613
0.3330494037478705	0.002892910232132768
0.3339011925042589	0.002897043747763027
0.33475298126064734	0.0028995474122530066
0.33560477001703576	0.0028987628659298357
0.3364565587734242	0.0028918047316329903
0.3373083475298126	0.002882044114141057
0.338160136286201	0.0028722235920321253
0.3390119250425894	0.00287631020828559
0.33986371379897784	0.0028672384083736836
0.34071550255536626	0.0028746568777355823
0.3415672913117547	0.002878752721820902
0.3424190800681431	0.0028862203034598667
0.3432708688245315	0.0028937169795727495
0.3441226575809199	0.002901242901496216
0.34497444633730834	0.002853827820048147
0.34582623509369675	0.0028612693528253263
0.34667802385008517	0.0028339233668565945
0.3475298126064736	0.002837919289309238
0.348381601362862	0.0028002721935582978
0.3492333901192504	0.002804181424672316
0.35008517887563884	0.0028009923408319646
0.35093696763202725	0.0028083536873256096
0.35178875638841567	0.002807675299548867
0.3526405451448041	0.002789866531545327
0.3534923339011925	0.0027791508234633936
0.3543441226575809	0.002786493361966599
0.35519591141396933	0.0027938650375273575
0.35604770017035775	0.0028012660045141848
0.35689948892674617	0.0027265498723681963
0.3577512776831346	0.002715474170238662
0.358603066439523	0.002719164204605414
0.3594548551959114	0.002726405653885322
0.36030664395229983	0.002713199667127758
0.36115843270868825	0.0027151040721134128
0.36201022146507666	0.0027187938865184053
0.3628620102214651	0.0027260731204849873
0.3637137989778535	0.002733381627510416
0.3645655877342419	0.002717954066533509
0.36541737649063033	0.0026994983879590883
0.36626916524701875	0.00270676487083381
0.36712095400340716	0.0027140607330193457
0.3679727427597956	0.0027213861331084666
0.368824531516184	0.002719622800594455
0.3696763202725724	0.0027269830788098663
0.37052810902896083	0.002718360035983274
0.37137989778534924	0.002708331892786554
0.37223168654173766	0.0027156914903213
0.3730834752981261	0.0027230811270296572
0.3739352640545145	0.0027305009666128443
0.3747870528109029	0.002737951173888732
0.3756388415672913	0.0027398406997181345
0.37649063032367974	0.0027435991688867767
0.37734241908006816	0.0027454940061052853
0.3781942078364566	0.002753026225600773
0.379045996592845	0.0027568209621752727
0.3798977853492334	0.0027574770995724123
0.3807495741056218	0.0027650734552186174
0.38160136286201024	0.0027727012440605997
0.38245315161839866	0.0027803606397624244
0.3833049403747871	0.0027823206326679363
0.3841567291311755	0.002738482233832857
0.3850085178875639	0.0027422365769190883
0.3858603066439523	0.002744074890110484
0.38671209540034074	0.0027517079217936843
0.38756388415672915	0.002752270234284479
0.38841567291311757	0.002759947417643711
0.389267461669506	0.002760514448822338
0.3901192504258944	0.002759120515986551
0.3909710391822828	0.002760972668418161
0.39182282793867124	0.002758895731835255
0.39267461669505965	0.002766645438947152
0.393526405451448	0.0027633939432284834
0.39437819420783643	0.002771178151519268
0.39522998296422485	0.0027707180833981106
0.39608177172061326	0.0027652640173856475
0.3969335604770017	0.002740655942595385
0.3977853492333901	0.002748419840449763
0.3986371379897785	0.0027210571514712303
0.39948892674616693	0.0027247577691847514
0.40034071550255534	0.0027284684469194033
0.40119250425894376	0.0027301629078507164
0.4020442930153322	0.0027163442592560943
0.4028960817717206	0.002712065429306106
0.403747870528109	0.0027157378012681505
0.4045996592844974	0.002723519284939406
0.40545144804088584	0.0027272233151502887
0.40630323679727426	0.0027350601637570423
0.4071550255536627	0.0027387962171514643
0.4080068143100511	0.0027466890016389326
0.4088586030664395	0.0027546159540246147
0.4097103918228279	0.002762577271810813
0.41056218057921634	0.00275175147470054
0.41141396933560476	0.002755532847082588
0.4122657580919932	0.002763531491050897
0.4131175468483816	0.002745054800717712
0.41396933560477	0.0027433845135302463
0.4148211243611584	0.0027450171036176893
0.41567291311754684	0.002753031752095405
0.41652470187393525	0.0027424420909502255
0.41737649063032367	0.0027504726680833156
0.4182282793867121	0.002758538570335759
0.4190800681431005	0.0027623337624371152
0.4199318568994889	0.002762540275173085
0.42078364565587734	0.0027706773599305906
0.42163543441226575	0.002761834854514097
0.42248722316865417	0.002718727143571267
0.4233390119250426	0.002720215515855001
0.424190800681431	0.00271366514265923
0.4250425894378194	0.002713658067762919
0.42589437819420783	0.0027173132788848816
0.42674616695059625	0.002725400520786325
0.42759795570698467	0.0026939005199730186
0.4284497444633731	0.00269082027551232
0.4293015332197615	0.002692171588831791
0.4301533219761499	0.0026957566285860427
0.43100511073253833	0.0026971066964917405
0.43185689948892675	0.002705206116000725
0.43270868824531517	0.002706568383260119
0.4335604770017036	0.0027147206976675287
0.434412265758092	0.0027229099003754247
0.4352640545144804	0.002720731556632644
0.43611584327086883	0.0027243931528157183
0.43696763202725725	0.0027326488896424325
0.43781942078364566	0.002734044706385726
0.4386712095400341	0.0027049182727400226
0.4395229982964225	0.0027131524227331427
0.4403747870528109	0.0027167837715365343
0.44122657580919933	0.0027204246678041197
0.44207836456558774	0.0026896812053335693
0.44293015332197616	0.0026834347791258105
0.4437819420783646	0.002652520121798306
0.444633730834753	0.0026606691851525253
0.4454855195911414	0.00265703971871998
0.4463373083475298	0.0026604868009395747
0.44718909710391824	0.0026686981799548203
0.44804088586030666	0.0026682019823441837
0.4488926746166951	0.0026764626695960233
0.4497444633730835	0.0026458020903265397
0.4505962521294719	0.0026199135497849994
0.4514480408858603	0.0026280625810440506
0.45229982964224874	0.002608795310572908
0.45315161839863716	0.0026169350775325736
0.4540034071550256	0.002612518745879712
0.454855195911414	0.00260154136584595
0.4557069846678024	0.0026096966679332416
0.4565587734241908	0.0026129691908494458
0.45741056218057924	0.0026211860750974
0.45826235093696766	0.002629441779270935
0.45911413969335607	0.0026273868956250604
0.4599659284497445	0.002628212981869155
0.4608177172061329	0.0026365301115586146
0.4616695059625213	0.002639871638121359
0.46252129471890974	0.002648252183004284
0.46337308347529815	0.002656672698689512
0.46422487223168657	0.002657538733784526
0.46507666098807493	0.002660936443659762
0.46592844974446335	0.002661794564893156
0.46678023850085176	0.0026652004864145522
0.4676320272572402	0.0026737427956658806
0.4684838160136286	0.0026823262396327052
0.469335604770017	0.0026543925091302495
0.47018739352640543	0.002657763444612793
0.47103918228279384	0.0026585450720560655
0.47189097103918226	0.0026593178999505616
0.4727427597955707	0.0026626959226517
0.4735945485519591	0.0026713270277494362
0.4744463373083475	0.002680000167449921
0.4752981260647359	0.0026887156151489456
0.47614991482112434	0.0026868807066630293
0.47700170357751276	0.0026823626625158124
0.4778534923339012	0.0026911285535697856
0.4787052810902896	0.002694588918955924
0.479557069846678	0.0026922442568655517
0.4804088586030664	0.00269301019401965
0.48126064735945484	0.0026937666282526355
0.48211243611584326	0.002689365182997593
0.4829642248722317	0.0026900853001461493
0.4838160136286201	0.0026907955076681113
0.4846678023850085	0.002681461579305164
0.4855195911413969	0.002684864008626001
0.48637137989778534	0.002688274271801824
0.48722316865417375	0.00269722027603411
0.48807495741056217	0.0026978915427334806
0.4889267461669506	0.0027013346975784448
0.489778534923339	0.002704785820039232
0.4906303236797274	0.002713847079067839
0.49148211243611584	0.0027229539484606843
0.49233390119250425	0.0027217670284897253
0.49318568994889267	0.0027191419997633468
0.4940374787052811	0.0027169569698569716
0.4948892674616695	0.0027118931366401926
0.4957410562180579	0.0027124958755669485
0.49659284497444633	0.002721690776840057
0.49744463373083475	0.0027251772811612888
0.49829642248722317	0.002734446591641429
0.4991482112436116	0.002735071553084285
0.5	0.002690236767165217
0.5008517887563884	0.0026400023748409207
0.5017035775127768	0.0026490434788643486
0.5025553662691652	0.002658131106579149
0.5034071550255537	0.0026672655777357783
0.504258943781942	0.0026705325399365236
0.5051107325383305	0.0026738062025022727
0.5059625212947189	0.002683042147934059
0.5068143100511073	0.0026863498518481807
0.5076660988074957	0.0026531832934116595
0.5085178875638842	0.002656378019246308
0.5093696763202725	0.0026656175949654254
0.510221465076661	0.0026688457732239024
0.5110732538330494	0.002672080277567631
0.5119250425894378	0.002675321115258146
0.5127768313458262	0.0026785682934262946
0.5136286201022147	0.0026818218190694963
0.514480408858603	0.0026912482578008478
0.5153321976149915	0.0027007244840607098
0.5161839863713799	0.002710250849083852
0.5170357751277683	0.002705597873582622
0.5178875638841567	0.0027089211069323063
0.5187393526405452	0.0027185272101483784
0.5195911413969335	0.0027187366337436294
0.520442930153322	0.002716823366558205
0.5212947189097104	0.0027169937202860144
0.5221465076660988	0.002726697269287036
0.5229982964224872	0.002736452894579655
0.5238500851788757	0.002736643180407971
0.524701873935264	0.002746469547303511
0.5255536626916525	0.0027498909048965267
0.5264054514480409	0.0027598004216709284
0.5272572402044293	0.0027632589004430194
0.5281090289608177	0.002763460266349009
0.5289608177172062	0.002761461027637617
0.5298126064735945	0.002771484479643561
0.530664395229983	0.0027664935845104163
0.5315161839863713	0.0027644285945329196
0.5323679727427598	0.002774517749987419
0.5332197614991482	0.002784662239018452
0.5340715502555367	0.0027948624670002045
0.534923339011925	0.0027983977353873545
0.5357751277683135	0.0028086859623556904
0.5366269165247018	0.002802104370190171
0.5374787052810903	0.002812444238714858
0.5383304940374787	0.00281602067416229
0.5391822827938672	0.0028264503803628912
0.5400340715502555	0.0028266309837120013
0.540885860306644	0.0028371389055845365
0.5417376490630323	0.00284770553093122
0.5425894378194208	0.00285138280010289
0.5434412265758092	0.0028550677016292896
0.5442930153321976	0.0028657608390885753
0.545144804088586	0.0028694872993627165
0.5459965928449745	0.0028673438313862104
0.5468483816013628	0.0028675238500649514
0.5477001703577513	0.0028712381318713297
0.5485519591141397	0.0028820934745249073
0.5494037478705281	0.002893010495261744
0.5502555366269165	0.0029039896622266846
0.551107325383305	0.002907816492855565
0.5519591141396933	0.0029188938890188244
0.5528109028960818	0.002930034705389125
0.5536626916524702	0.002941239427015852
0.5545144804088586	0.0029525085435944567
0.555366269165247	0.0029638425495199633
0.5562180579216355	0.0029641685643457417
0.5570698466780238	0.002938220072501979
0.5579216354344123	0.0029421252377486926
0.5587734241908007	0.002942304627853125
0.5596252129471891	0.002953708909356432
0.5604770017035775	0.0029576534701845182
0.561328790459966	0.002957828692406157
0.5621805792163543	0.0029693601882829846
0.5630323679727428	0.002980959251518465
0.5638841567291312	0.0029926264110156017
0.5647359454855196	0.003004362200862722
0.565587734241908	0.003008462703366208
0.5664395229982965	0.0030203070447180434
0.5672913117546848	0.0030244561694032905
0.5681431005110733	0.003028614547196303
0.5689948892674617	0.003026259799241448
0.5698466780238501	0.003030410838048748
0.5706984667802385	0.0030424601853173312
0.5715502555366269	0.0030545815406373207
0.5724020442930153	0.0030472925324656155
0.5732538330494037	0.0030594817025954776
0.5741056218057922	0.0030637281222451592
0.5749574105621805	0.003061277172149522
0.575809199318569	0.003061475276694304
0.5766609880749574	0.0030657067397672332
0.5775127768313458	0.0030631591445374456
0.5783645655877342	0.0030755605985639126
0.5792163543441227	0.0030880375178278636
0.580068143100511	0.0031005905158678145
0.5809199318568995	0.0031049411072758167
0.5817717206132879	0.0031176143362851056
0.5826235093696763	0.00311784496960408
0.5834752981260647	0.003130623022758195
0.5843270868824532	0.0031434797908188035
0.5851788756388415	0.0031437406865196067
0.58603066439523	0.0031439770615028363
0.5868824531516184	0.003148448637500356
0.5877342419080068	0.0031529303473762193
0.5885860306643952	0.0031660130459130503
0.5894378194207837	0.00317055077667909
0.590289608177172	0.003183761404915253
0.5911413969335605	0.003181107195981936
0.5919931856899489	0.003185682193989251
0.5928449744463373	0.0031990393520353274
0.5936967632027257	0.003203672138982113
0.5945485519591142	0.0032171612848304588
0.5954003407155025	0.003221852838108669
0.596252129471891	0.003226555367481854
0.5971039182282794	0.0032312688863912584
0.5979557069846678	0.0032449897733823037
0.5988074957410562	0.0032587982405030795
0.5996592844974447	0.0032726950347056515
0.600511073253833	0.0032730129868066564
0.6013628620102215	0.003277879200297253
0.6022146507666098	0.0032919473513714904
0.6030664395229983	0.003296876489455751
0.6039182282793867	0.003301817605210264
0.6047700170357752	0.003302115916158517
0.6056218057921635	0.0032992693044304497
0.606473594548552	0.003299497139821674
0.6073253833049403	0.0033044114865297546
0.6081771720613288	0.0033093374056715912
0.6090289608177172	0.00331427490858949
0.6098807495741057	0.0033192240061608353
0.610732538330494	0.003333782006187856
0.6115843270868825	0.0033387965097045487
0.6124361158432708	0.0033389819423609423
0.6132879045996593	0.003339136543617683
0.6141396933560477	0.003331608515339395
0.6149914821124361	0.003322345785995885
0.6158432708688245	0.0033272571232659926
0.616695059625213	0.00334207786769034
0.6175468483816013	0.0033569978581711
0.6183986371379898	0.003372017982816161
0.6192504258943782	0.003387139139689776
0.6201022146507666	0.003402362236946809
0.620954003407155	0.0034075657109364976
0.6218057921635435	0.0033922430931460274
0.6226575809199318	0.003392271322007897
0.6235093696763203	0.003407655772447842
0.6243611584327087	0.003407684387121616
0.6252129471890971	0.0034232091451495044
0.6260647359454855	0.0034388402371364887
0.626916524701874	0.003454578636391118
0.6277683134582623	0.003470425327383738
0.6286201022146508	0.0034758361197779093
0.6294718909710392	0.003491853797749236
0.6303236797274276	0.003507982452704198
0.631175468483816	0.003524223112207458
0.6320272572402045	0.0035405768157443836
0.6328790459965928	0.003534562196138842
0.6337308347529813	0.003516561740663219
0.6345826235093697	0.0035221017379046264
0.6354344122657581	0.0035276551483953704
0.6362862010221465	0.003527724512650461
0.637137989778535	0.003521311668784742
0.6379897785349233	0.003537921629486557
0.6388415672913118	0.003554649391328101
0.6396933560477002	0.003571496070907855
0.6405451448040886	0.0035884627980855644
0.641396933560477	0.003605550716171686
0.6422487223168655	0.0036113960542872915
0.6431005110732538	0.003628675461245604
0.6439522998296422	0.0036250433775475936
0.6448040885860307	0.003630942232560936
0.645655877342419	0.003636855948602935
0.6465076660988075	0.0036427845350492437
0.6473594548551959	0.0036604251381245428
0.6482112436115843	0.0036781941921931087
0.6490630323679727	0.0036960929473862625
0.6499148211243612	0.00368939614444332
0.6507666098807495	0.0036802044107190485
0.651618398637138	0.0036982446284186516
0.6524701873935264	0.003694336916262048
0.6533219761499148	0.0036943804297140596
0.6541737649063032	0.003700461053133921
0.6550255536626917	0.003718780167258346
0.65587734241908	0.003711643762745645
0.6567291311754685	0.003730109652112539
0.6575809199318569	0.0037487136902776886
0.6584327086882453	0.0037674572587290773
0.6592844974446337	0.003760234822264896
0.6601362862010222	0.003756040924968266
0.6609880749574105	0.003762305298322915
0.661839863713799	0.0037685851650434477
0.6626916524701874	0.0037876666089170855
0.6635434412265758	0.003806893342972502
0.6643952299829642	0.003826266845990174
0.6652470187393527	0.0038263151773823187
0.666098807495741	0.003832838424283695
0.6669505962521295	0.0038251698098245384
0.6678023850085179	0.0038448364926514
0.6686541737649063	0.003851404237008347
0.6695059625212947	0.0038713081348740234
0.6703577512776832	0.003891366726246428
0.6712095400340715	0.0038913945515116335
0.67206132879046	0.003898134092939285
0.6729131175468483	0.0039048911029981497
0.6737649063032368	0.003911665579676458
0.6746166950596252	0.003932199257260061
0.6754684838160137	0.003939080980108743
0.676320272572402	0.003934408260196341
0.6771720613287905	0.003941264798993991
0.6780238500851788	0.003948138868773786
0.6788756388415673	0.003969139607437476
0.6797274275979557	0.003990308352010476
0.6805792163543442	0.0040116468993474305
0.6814310051107325	0.0040331570703895075
0.682282793867121	0.004028415426841437
0.6831345826235093	0.00405013195205352
0.6839863713798978	0.004072024557199755
0.6848381601362862	0.004094095151005716
0.6856899488926746	0.0041016172599771
0.686541737649063	0.004123969397633651
0.6873935264054515	0.004146504749533288
0.6882453151618398	0.004169225323503334
0.6890971039182283	0.004192133154951154
0.6899488926746167	0.004192525739160918
0.6908006814310051	0.004200468859616839
0.6916524701873935	0.004200783665438318
0.692504258943782	0.004156151720786988
0.6933560477001703	0.00416383068425779
0.6942078364565588	0.004171530770089766
0.6950596252129472	0.004194900690370381
0.6959114139693356	0.004218467548181451
0.696763202725724	0.004071714933797535
0.6976149914821125	0.004061563353757188
0.6984667802385008	0.004045363123722939
0.6993185689948893	0.004068348141471364
0.7001703577512777	0.004091529612362939
0.7010221465076661	0.0041149097815764415
0.7018739352640545	0.0041384909264565355
0.702725724020443	0.004162275357068355
0.7035775127768313	0.004161421930725313
0.7044293015332198	0.004168818332750295
0.7052810902896082	0.004192985395548848
0.7061328790459966	0.004217363217615992
0.706984667802385	0.0042419542567857646
0.7078364565587735	0.004266761006825447
0.7086882453151618	0.004266061863684948
0.7095400340715503	0.004273906043355753
0.7103918228279387	0.004299120828272306
0.7112436115843271	0.004307104664490635
0.7120954003407155	0.004332666116505416
0.712947189097104	0.00435845579577033
0.7137989778534923	0.004384476427386869
0.7146507666098807	0.0043928560788869956
0.7155025553662692	0.004419239598880311
0.7163543441226575	0.004445861524174771
0.717206132879046	0.004472724735801205
0.7180579216354344	0.004499832158442424
0.7189097103918228	0.004499554818703749
0.7197614991482112	0.004526991128573894
0.7206132879045997	0.004554679147708902
0.721465076660988	0.004582621964566012
0.7223168654173765	0.004610822715117187
0.7231686541737649	0.004620291231402337
0.7240204429301533	0.0046297888876148195
0.7248722316865417	0.0046393156805056065
0.7257240204429302	0.004668221074153617
0.7265758091993185	0.004668191848390441
0.727427597955707	0.004677867032392888
0.7282793867120954	0.0047072875797664285
0.7291311754684838	0.0047006130587464974
0.7299829642248722	0.004700415285708576
0.7308347529812607	0.004710166767128787
0.731686541737649	0.004740167829339798
0.7325383304940375	0.004770456441667848
0.7333901192504259	0.004801036290652898
0.7342419080068143	0.004724729985984001
0.7350936967632027	0.004724095010890982
0.7359454855195912	0.004733792671468834
0.7367972742759795	0.004764531584919931
0.737649063032368	0.004702151811272329
0.7385008517887564	0.0047328848296466575
0.7393526405451448	0.004763920140004996
0.7402044293015332	0.00464125648821507
0.7410562180579217	0.004650179146987378
0.74190800681431	0.004680975035378023
0.7427597955706985	0.004712077859533358
0.7436115843270868	0.004743491711930247
0.7444633730834753	0.0046455291890074475
0.7453151618398637	0.004635555897592661
0.7461669505962522	0.004632875755172547
0.7470187393526405	0.004664178969734523
0.747870528109029	0.004639685084600337
0.7487223168654173	0.004648187496682827
0.7495741056218058	0.004506346663482554
0.7504258943781942	0.004513835549648348
0.7512776831345827	0.00448382996751871
0.752129471890971	0.0044566891811826026
0.7529812606473595	0.004487531320844765
0.7538330494037478	0.0045186947327950765
0.7546848381601363	0.004525987224157954
0.7555366269165247	0.004557637484466751
0.7563884156729132	0.004462029198871303
0.7572402044293015	0.004456387447491969
0.75809199318569	0.004462997063654008
0.7589437819420783	0.004494649525098363
0.7597955706984668	0.00450140077231771
0.7606473594548552	0.004508134214539908
0.7614991482112436	0.004540450588837686
0.762350936967632	0.004547329878033057
0.7632027257240205	0.004493589244128163
0.7640545144804088	0.004478191109018295
0.7649063032367973	0.004510759771629337
0.7657580919931857	0.004495023224950232
0.7666098807495741	0.004487847918504853
0.7674616695059625	0.004493912949795303
0.768313458262351	0.004527078359018885
0.7691652470187393	0.004560612272789396
0.7700170357751278	0.004594520170728349
0.7708688245315162	0.0046010653054430455
0.7717206132879046	0.0045717107347159345
0.772572402044293	0.004547417232219126
0.7734241908006815	0.004529720527734431
0.7742759795570698	0.004521154945683247
0.7751277683134583	0.0045123286092867846
0.7759795570698467	0.004517748817229269
0.7768313458262351	0.0045523675821122515
0.7776831345826235	0.004587385794282346
0.778534923339012	0.004491634491634492
0.7793867120954003	0.0045264533636626665
0.7802385008517888	0.004404830131008756
0.7810902896081772	0.004439242866407262
0.7819420783645656	0.0044434232026143786
0.782793867120954	0.004478410786886933
0.7836456558773425	0.004467129355866089
0.7844974446337308	0.004502582763452328
0.7853492333901193	0.004506840363414069
0.7862010221465077	0.004542895086321381
0.787052810902896	0.004579384203480589
0.7879045996592845	0.004447899123375222
0.7887563884156729	0.004451264638021855
0.7896081771720613	0.004438080818055144
0.7904599659284497	0.0044411260439135005
0.7913117546848382	0.004444072711051634
0.7921635434412265	0.004480649441183746
0.793015332197615	0.0044836694668344505
0.7938671209540034	0.004520878342077889
0.7947189097103918	0.004523974181650531
0.7955706984667802	0.004509530450953045
0.7964224872231687	0.004494684903250003
0.797274275979557	0.004532614733657177
0.7981260647359455	0.004496531502538798
0.7989778534923339	0.0044686861401610775
0.7998296422487223	0.0044159544159544165
0.8006814310051107	0.004453859604074197
0.8015332197614992	0.0044922549454886294
0.8023850085178875	0.004531148927700653
0.803236797274276	0.004404291360813101
0.8040885860306644	0.004442756787545093
0.8049403747870528	0.004481728338313033
0.8057921635434412	0.004521214931602134
0.8066439522998297	0.004489753485893988
0.807495741056218	0.0044706653556211085
0.8083475298126065	0.004510582010582011
0.8091993185689949	0.004551035660901133
0.8100511073253833	0.004511237695094198
0.8109028960817717	0.004450151508975039
0.8117546848381602	0.004428904428904429
0.8126064735945485	0.004469351044693511
0.813458262350937	0.004468462430005725
0.8143100511073254	0.004509646415535732
0.8151618398637138	0.004462507822722876
0.8160136286201022	0.004504019523399368
0.8168654173764907	0.004502644352676954
0.817717206132879	0.004544922703406315
0.8185689948892675	0.004521362978710839
0.8194207836456558	0.004519508778205014
0.8202725724020443	0.00451741518092229
0.8211243611584327	0.004560644034328244
0.8219761499148212	0.0046044963808121704
0.8228279386712095	0.004602533135141831
0.823679727427598	0.004600315807576255
0.8245315161839863	0.004645196937406267
0.8253833049403748	0.0046907380838514265
0.8262350936967632	0.004736952252165234
0.8270868824531517	0.004783852769513404
0.82793867120954	0.004782194637374185
0.8287904599659285	0.004755389718076285
0.8296422487223168	0.004803182579564489
0.8304940374787053	0.004627514677765935
0.8313458262350937	0.004623220359260969
0.8321976149914821	0.004670396077212612
0.8330494037478705	0.004718297575440433
0.833901192504259	0.004687637677328399
0.8347529812606473	0.004736214233570144
0.8356047700170358	0.004785549798503166
0.8364565587734242	0.004835660267597441
0.8373083475298126	0.004886561954624782
0.838160136286201	0.0049382716049382715
0.8390119250425895	0.004850088183421517
0.8398637137989778	0.004901960784313725
0.8407155025553663	0.004954670040059035
0.8415672913117547	0.004950111401724305
0.8424190800681431	0.0050039169604387
0.8432708688245315	0.004999208046250099
0.84412265758092	0.004994095158029585
0.8449744463373083	0.005049278529941513
0.8458262350936968	0.005105381624718641
0.8466780238500852	0.00516242499482723
0.8475298126064736	0.005220429770050008
0.848381601362862	0.0052794176770562225
0.8492333901192505	0.005339411059750043
0.8500851788756388	0.005400432900432901
0.8509369676320273	0.005462506841817187
0.8517887563884157	0.00552565720993068
0.8526405451448041	0.005522695702827441
0.8534923339011925	0.005462622965682942
0.854344122657581	0.005423689943813784
0.8551959114139693	0.005360250609119387
0.8560477001703578	0.00531839954916878
0.8568994889267462	0.005275163957798689
0.8577512776831345	0.005266575283168602
0.858603066439523	0.005330412559328222
0.8594548551959114	0.005395417590539542
0.8603066439522998	0.005461619033368247
0.8611584327086882	0.0054533060668029995
0.8620102214650767	0.005444367763208343
0.862862010221465	0.005512422360248447
0.8637137989778535	0.005581761006289308
0.8645655877342419	0.005652416208900566
0.8654173764906303	0.005643795855841328
0.8662691652470187	0.0057161522129675
0.8671209540034072	0.005707196029776675
0.8679727427597955	0.005781315458734814
0.868824531516184	0.005856888209829387
0.8696763202725724	0.005847953216374269
0.8705281090289608	0.0059254095503659815
0.8713798977853492	0.005916114790286976
0.8722316865417377	0.005995525727069352
0.873083475298126	0.006076546345002721
0.8739352640545145	0.006067291781577496
0.8747870528109029	0.0061504053676265024
0.8756388415672913	0.006235238545111006
0.8764906303236797	0.00632183908045977
0.8773424190800682	0.006313131313131313
0.8781942078364565	0.006402048655569782
0.879045996592845	0.00639296773549096
0.8798977853492334	0.006484295845997973
0.8807495741056218	0.006474820143884892
0.8816013628620102	0.0065686581169846735
0.8824531516183987	0.006558764413413732
0.883304940374787	0.006655216831258051
0.8841567291311755	0.00664488017429194
0.8850085178875639	0.006744057490326148
0.8858603066439523	0.006845471888676917
0.8867120954003407	0.006949191159717477
0.8875638841567292	0.006939625260235947
0.8884156729131175	0.007046388725778039
0.889267461669506	0.007036374478234944
0.8901192504258943	0.007146317829457364
0.8909710391822828	0.006848753280839896
0.8918228279386712	0.0068324792734241555
0.8926746166950597	0.0069417989417989425
0.893526405451448	0.007053763440860216
0.8943781942078365	0.007168458781362008
0.8952299829642248	0.007285974499089254
0.8960817717206133	0.0071580183353655786
0.8969335604770017	0.00707070707070707
0.8977853492333902	0.00718954248366013
0.8986371379897785	0.007168969282628305
0.899488926746167	0.007291515766092036
0.9003407155025553	0.007269869338834855
0.9011925042589438	0.007396301849075462
0.9020442930153322	0.007373506229341469
0.9028960817717206	0.007504010764374062
0.903747870528109	0.007479983143699957
0.9045996592844975	0.0074538824538824535
0.9054514480408858	0.007589407589407589
0.9063032367972743	0.007728662774534333
0.9071550255536627	0.007871786159247933
0.9080068143100511	0.007845852082612206
0.9088586030664395	0.007817551284311997
0.909710391822828	0.007786762503743635
0.9105621805792163	0.007753357753357754
0.9114139693356048	0.007903908389345283
0.9122657580919932	0.007868519576115236
0.9131175468483816	0.008024331844949202
0.91396933560477	0.007986798679867988
0.9148211243611585	0.00814814814814815
0.9156729131175468	0.008108293822579537
0.9165247018739353	0.008275475138509012
0.9173764906303237	0.007731958762886598
0.9182282793867121	0.007675438596491228
0.9190800681431005	0.007838745800671893
0.919931856899489	0.007778540379775795
0.9207836456558773	0.007947639083683964
0.9216354344122658	0.007883420926899188
0.9224872231686542	0.00805860805860806
0.9233390119250426	0.008239700374531835
0.924190800681431	0.008426966292134831
0.9250425894378195	0.008620689655172414
0.9258943781942078	0.008821170809943865
0.9267461669505963	0.008755129958960328
0.9275979557069847	0.008683473389355743
0.9284497444633731	0.00889271371199082
0.9293015332197615	0.00881575080811049
0.9301533219761499	0.009033423667570008
0.9310051107325383	0.008950617283950617
0.9318568994889267	0.008860759493670886
0.9327086882453152	0.009087958455047063
0.9335604770017035	0.009324009324009324
0.934412265758092	0.009227614490772385
0.9352640545144804	0.009473684210526316
0.9361158432708688	0.00972972972972973
0.9369676320272572	0.009996297667530544
0.9378194207836457	0.010273972602739725
0.938671209540034	0.01056338028169014
0.9395229982964225	0.010865191146881288
0.9403747870528109	0.011180124223602485
0.9412265758091993	0.011082693947144074
0.9420783645655877	0.01141352063213345
0.9429301533219762	0.011759384893713252
0.9437819420783645	0.011655011655011656
0.944633730834753	0.01201923076923077
0.9454855195911414	0.011904761904761904
0.9463373083475298	0.01228878648233487
0.9471890971039182	0.012162876784769964
0.9480408858603067	0.012568306010928962
0.948892674616695	0.012429378531073447
0.9497444633730835	0.012857977790765635
0.9505962521294719	0.012401693889897156
0.9514480408858603	0.012844611528822054
0.9522998296422487	0.013311688311688311
0.9531516183986372	0.013131313131313131
0.9540034071550255	0.013626834381551363
0.954855195911414	0.014150943396226415
0.9557069846678024	0.014705882352941176
0.9565587734241908	0.015294117647058824
0.9574105621805792	0.015918367346938776
0.9582623509369677	0.016581632653061226
0.959114139693356	0.017287234042553192
0.9599659284497445	0.017113783533765033
0.9608177172061328	0.017874396135265702
0.9616695059625213	0.018686868686868686
0.9625212947189097	0.017970401691331923
0.9633730834752982	0.017718715393133997
0.9642248722316865	0.017421602787456445
0.965076660988075	0.018292682926829267
0.9659284497444633	0.019230769230769232
0.9667802385008518	0.020242914979757085
0.9676320272572402	0.021337126600284494
0.9684838160136287	0.02252252252252252
0.969335604770017	0.022222222222222223
0.9701873935264055	0.023529411764705882
0.9710391822827938	0.023172905525846704
0.9718909710391823	0.02462121212121212
0.9727427597955707	0.02620967741935484
0.9735945485519591	0.025806451612903226
0.9744463373083475	0.027586206896551724
0.975298126064736	0.029556650246305417
0.9761499148211243	0.031746031746031744
0.9770017035775128	0.03418803418803419
0.9778534923339012	0.036923076923076927
0.9787052810902896	0.03666666666666667
0.979557069846678	0.03985507246376811
0.9804088586030665	0.039525691699604744
0.9812606473594548	0.04329004329004329
0.9821124361158433	0.04285714285714286
0.9829642248722317	0.04736842105263158
0.9838160136286201	0.04678362573099415
0.9846678023850085	0.05228758169934641
0.985519591141397	0.058823529411764705
0.9863713798977853	0.06666666666666667
0.9872231686541738	0.06666666666666667
0.9880749574105622	0.07692307692307693
0.9889267461669506	0.07692307692307693
0.989778534923339	0.09090909090909091
0.9906303236797275	0.09090909090909091
0.9914821124361158	0.1111111111111111
0.9923339011925043	0.1111111111111111
0.9931856899488927	0.14285714285714285
0.9940374787052811	0.14285714285714285
0.9948892674616695	0.2
0.995741056218058	0.2
0.9965928449744463	0.3333333333333333
0.9974446337308348	0.3333333333333333
0.9982964224872232	1.0
0.9991482112436116	0.0
1.0	0.0
