0	-9102	-100.022
1	-4529	-70.7656
2	-827	-34.4583
3	-88	-88
4	-4500	-71.4286
5	-1896	-49.8947
6	-830	-37.7273
7	-2529	-53.8085
8	-1507	-43.0571
9	-3113	-58.7358
10	-421	-30.0714
11	-353	-32.0909
12	-1322	-40.0606
13	-2756	-57.4167
14	-813	-33.875
15	-451	-26.5294
16	-905	-33.5185
17	-1266	-38.3636
18	-550	-28.9474
19	-657	-29.8636
20	-3341	-60.7455
21	-1087	-38.8214
22	-759	-31.625
23	-780	-32.5
24	-1908	-47.7
25	-237	-23.7
26	-360	-25.7143
27	-433	-24.0556
28	-836	-32.1538
29	-326	-25.0769
30	-491	-25.8421
31	-418	-27.8667
32	-194	-17.6364
33	-180	-22.5
34	-238	-23.8
35	-204	-22.6667
36	-411	-25.6875
37	-129	-25.8
38	-236	-33.7143
39	-1284	-40.125
40	-362	-22.625
41	-725	-30.2083
42	-240	-18.4615
43	-134	-16.75
44	-200	-18.1818
45	-257	-23.3636
46	-261	-37.2857
47	-202	-22.4444
48	-195	-21.6667
49	-400	-25
50	-207	-20.7
51	-485	-24.25
52	-644	-29.2727
53	-289	-20.6429
54	-678	-29.4783
55	-148	-14.8
56	-328	-27.3333
57	-166	-16.6
58	-437	-25.7059
59	-336	-21
60	-842	-32.3846
61	-326	-23.2857
62	-120	-17.1429
63	-258	-19.8462
64	-254	-23.0909
65	-287	-22.0769
66	-164	-32.8
67	-1044	-36
68	-103	-17.1667
69	-404	-22.4444
70	-368	-24.5333
71	-404	-23.7647
72	-317	-22.6429
73	-448	-23.5789
74	-114	-14.25
75	-147	-21
76	-304	-30.4
77	-163	-20.375
78	-108	-15.4286
79	-383	-22.5294
80	-94	-18.8
81	-103	-34.3333
82	-184	-16.7273
83	-129	-16.125
84	-87	-17.4
85	-399	-24.9375
86	-139	-34.75
87	-222	-24.6667
88	-427	-22.4737
89	-269	-24.4545
90	-113	-16.1429
91	-871	-31.1071
92	-159	-31.8
93	-139	-19.8571
94	-616	-28
95	-204	-18.5455
96	-414	-23
97	-152	-15.2
98	-138	-23
99	-324	-21.6
100	-68	-13.6
101	-199	-18.0909
102	-127	-42.3333
103	-101	-16.8333
104	-361	-21.2353
105	-168	-18.6667
106	-182	-22.75
107	-149	-24.8333
108	-119	-14.875
109	-172	-28.6667
110	-59	-14.75
111	-54	-13.5
112	-269	-24.4545
113	-88	-29.3333
114	-128	-32
115	-244	-27.1111
116	-440	-24.4444
117	-173	-21.625
118	-106	-13.25
119	-74	-14.8
120	-88	-12.5714
121	-165	-33
122	-273	-18.2
123	-125	-25
124	-343	-24.5
125	-157	-26.1667
126	-322	-26.8333
127	-43	-10.75
128	-186	-16.9091
129	-147	-36.75
130	-143	-20.4286
131	-442	-23.2632
132	-80	-11.4286
133	-205	-15.7692
134	-79	-26.3333
135	-275	-21.1538
136	-71	-11.8333
137	-80	-16
138	-258	-21.5
139	-416	-21.8947
140	-259	-23.5455
141	-80	-16
142	-108	-21.6
143	-254	-25.4
144	-73	-18.25
145	-70	-11.6667
146	-62	-20.6667
147	-167	-13.9167
148	-113	-18.8333
149	-280	-18.6667
150	-282	-21.6923
151	-93	-31
152	-284	-20.2857
153	-179	-19.8889
154	-117	-16.7143
155	-132	-26.4
156	-64	-10.6667
157	-115	-14.375
158	-69	-11.5
159	-137	-17.125
160	-129	-12.9
161	-55	-11
162	-99	-24.75
163	-139	-23.1667
164	-93	-31
165	-133	-22.1667
166	-142	-14.2
167	-86	-14.3333
168	-190	-21.1111
169	-180	-45
170	-212	-16.3077
171	-128	-18.2857
172	-205	-25.625
173	-279	-19.9286
174	-76	-12.6667
175	-72	-12
176	-75	-10.7143
177	-242	-20.1667
178	-139	-27.8
179	-83	-27.6667
180	-174	-19.3333
181	-234	-16.7143
182	-90	-11.25
183	-57	-19
184	-115	-19.1667
185	-99	-12.375
186	-188	-15.6667
187	-107	-13.375
188	-537	-24.4091
189	-151	-13.7273
190	-50	-16.6667
191	-86	-21.5
192	-104	-20.8
193	-258	-21.5
194	-121	-30.25
195	-138	-19.7143
196	-59	-14.75
197	-111	-13.875
198	-46	-15.3333
199	-128	-25.6
200	-199	-16.5833
201	-117	-16.7143
202	-208	-16
203	-155	-22.1429
204	-85	-14.1667
205	-121	-20.1667
206	-100	-12.5
207	-140	-12.7273
208	-79	-15.8
209	-298	-19.8667
210	-93	-18.6
211	-91	-22.75
212	-60	-15
213	-48	-16
214	-56	-14
215	-60	-10
216	-109	-15.5714
217	-70	-10
218	-97	-32.3333
219	-107	-21.4
220	-114	-14.25
221	-52	-13
222	-98	-14
223	-37	-9.25
224	-174	-34.8
225	-134	-13.4
226	-120	-17.1429
227	-115	-19.1667
228	-172	-24.5714
229	-87	-12.4286
230	-84	-21
231	-44	-14.6667
232	-56	-11.2
233	-122	-40.6667
234	-77	-11
235	-252	-21
236	-94	-18.8
237	-69	-23
238	-101	-12.625
239	-171	-15.5455
240	-48	-9.6
241	-114	-28.5
242	-106	-26.5
243	-97	-13.8571
244	-107	-15.2857
245	-167	-23.8571
246	-98	-14
247	-76	-12.6667
248	-80	-11.4286
249	-144	-28.8
250	-115	-19.1667
251	-49	-9.8
252	-222	-24.6667
253	-116	-19.3333
254	-81	-20.25
255	-238	-17
256	-71	-14.2
257	-50	-12.5
258	-62	-20.6667
259	-179	-17.9
260	-41	-13.6667
261	-44	-7.33333
262	-112	-16
263	-59	-11.8
264	-40	-6.66667
265	-120	-24
266	-56	-11.2
267	-55	-11
268	-92	-13.1429
269	-196	-16.3333
270	-64	-21.3333
271	-120	-17.1429
272	-120	-15
273	-96	-10.6667
274	-105	-15
275	-35	-8.75
276	-35	-11.6667
277	-50	-10
278	-48	-9.6
279	-196	-21.7778
280	-50	-16.6667
281	-283	-20.2143
282	-95	-15.8333
283	-83	-13.8333
284	-115	-23
285	-78	-26
286	-93	-18.6
287	-80	-13.3333
288	-187	-17
289	-64	-9.14286
290	-86	-12.2857
291	-160	-16
292	-53	-10.6
293	-72	-12
294	-101	-14.4286
295	-35	-8.75
296	-41	-13.6667
297	-97	-16.1667
298	-102	-20.4
299	-70	-10
300	-47	-9.4
301	-79	-26.3333
302	-71	-23.6667
303	-56	-9.33333
304	-98	-24.5
305	-95	-19
306	-84	-28
307	-90	-22.5
308	-44	-14.6667
309	-80	-16
310	-39	-9.75
311	-234	-19.5
312	-51	-12.75
313	-28	-9.33333
314	-119	-39.6667
315	-50	-8.33333
316	-115	-14.375
317	-97	-19.4
318	-70	-23.3333
319	-63	-15.75
320	-123	-24.6
321	-94	-23.5
322	-73	-18.25
323	-113	-16.1429
324	-47	-9.4
325	-22	-7.33333
326	-89	-22.25
327	-54	-10.8
328	-38	-9.5
329	-29	-7.25
330	-137	-12.4545
331	-80	-11.4286
332	-48	-16
333	-25	-8.33333
334	-149	-16.5556
335	-45	-7.5
336	-46	-9.2
337	-77	-19.25
338	-113	-18.8333
339	-60	-10
340	-41	-13.6667
341	-120	-40
342	-56	-11.2
343	-74	-24.6667
344	-185	-61.6667
345	-67	-11.1667
346	-120	-30
347	-25	-6.25
348	-47	-9.4
349	-124	-13.7778
350	-66	-11
351	-106	-17.6667
352	-66	-13.2
353	-38	-9.5
354	-126	-31.5
355	-59	-19.6667
356	-113	-12.5556
357	-69	-13.8
358	-114	-28.5
359	-39	-13
360	-61	-8.71429
361	-83	-13.8333
362	-88	-29.3333
363	-54	-13.5
364	-65	-9.28571
365	-31	-7.75
366	-127	-15.875
367	-74	-10.5714
368	-74	-18.5
369	-115	-12.7778
370	-72	-9
371	-47	-15.6667
372	-65	-16.25
373	-74	-9.25
374	-109	-12.1111
375	-96	-12
376	-31	-10.3333
377	-71	-17.75
378	-55	-18.3333
379	-66	-16.5
380	-83	-27.6667
381	-133	-33.25
382	-53	-10.6
383	-58	-11.6
384	-71	-17.75
385	-59	-14.75
386	-58	-11.6
387	-38	-9.5
388	-60	-8.57143
389	-72	-14.4
390	-103	-20.6
391	-53	-17.6667
392	-33	-11
393	-54	-9
394	-56	-14
395	-35	-11.6667
396	-82	-13.6667
397	-56	-14
398	-34	-8.5
399	-54	-7.71429
400	-60	-10
401	-44	-8.8
402	-39	-9.75
403	-69	-9.85714
404	-125	-31.25
405	-39	-13
406	-62	-20.6667
407	-87	-21.75
408	-99	-33
409	-64	-21.3333
410	-33	-11
411	-106	-15.1429
412	-57	-14.25
413	-95	-31.6667
414	-59	-11.8
415	-67	-13.4
416	-129	-11.7273
417	-86	-17.2
418	-59	-9.83333
419	-60	-15
420	-110	-15.7143
421	-101	-16.8333
422	-91	-18.2
423	-58	-14.5
424	-118	-23.6
425	-39	-7.8
426	-55	-9.16667
427	-123	-15.375
428	-73	-14.6
429	-45	-9
430	-122	-30.5
431	-31	-7.75
432	-45	-9
433	-33	-6.6
434	-130	-18.5714
435	-99	-16.5
436	-64	-9.14286
437	-77	-15.4
438	-95	-13.5714
439	-28	-7
440	-125	-25
441	-90	-18
442	-47	-11.75
443	-29	-5.8
444	-35	-11.6667
445	-31	-10.3333
446	-99	-16.5
447	-78	-15.6
448	-30	-10
449	-49	-8.16667
450	-26	-8.66667
451	-122	-24.4
452	-26	-6.5
453	-48	-16
454	-61	-10.1667
455	-96	-19.2
456	-26	-8.66667
457	-49	-16.3333
458	-44	-8.8
459	-51	-10.2
460	-41	-8.2
461	-51	-17
462	-31	-7.75
463	-90	-30
464	-44	-8.8
465	-53	-10.6
466	-93	-11.625
467	-81	-13.5
468	-70	-11.6667
469	-97	-24.25
470	-56	-14
471	-39	-9.75
472	-74	-24.6667
473	-59	-19.6667
474	-148	-29.6
475	-69	-23
476	-24	-8
477	-111	-27.75
478	-43	-10.75
479	-70	-17.5
480	-46	-9.2
481	-93	-31
482	-16	-5.33333
483	-124	-20.6667
484	-119	-23.8
485	-34	-11.3333
486	-42	-8.4
487	-38	-9.5
488	-70	-10
489	-23	-5.75
490	-49	-9.8
491	-35	-7
492	-37	-7.4
493	-50	-8.33333
494	-74	-12.3333
495	-93	-15.5
496	-73	-10.4286
497	-88	-12.5714
498	-20	-6.66667
499	-94	-18.8
500	-29	-9.66667
501	-23	-7.66667
502	-32	-8
503	-39	-9.75
504	-33	-11
505	-101	-16.8333
506	-102	-25.5
507	-34	-11.3333
508	-47	-9.4
509	-84	-28
510	-38	-12.6667
511	-72	-18
512	-127	-25.4
513	-24	-8
514	-81	-27
515	-77	-15.4
516	-19	-6.33333
517	-134	-26.8
518	-18	-6
519	-49	-12.25
520	-51	-12.75
521	-99	-24.75
522	-52	-17.3333
523	-102	-34
524	-26	-8.66667
525	-77	-19.25
526	-31	-6.2
527	-33	-8.25
528	-16	-5.33333
529	-36	-12
530	-51	-10.2
531	-42	-14
532	-30	-10
533	-66	-11
534	-70	-23.3333
535	-109	-27.25
536	-73	-18.25
537	-21	-7
538	-45	-11.25
539	-50	-12.5
540	-88	-29.3333
541	-36	-9
542	-17	-5.66667
543	-77	-19.25
544	-28	-9.33333
545	-61	-12.2
546	-35	-8.75
547	-45	-11.25
548	-70	-23.3333
549	-62	-10.3333
550	-32	-8
551	-66	-16.5
552	-17	-5.66667
553	-25	-8.33333
554	-40	-8
555	-96	-32
556	-38	-9.5
557	-159	-39.75
558	-117	-29.25
559	-103	-20.6
560	-18	-4.5
561	-41	-8.2
562	-28	-9.33333
563	-112	-37.3333
564	-83	-16.6
565	-43	-14.3333
566	-103	-34.3333
567	-43	-8.6
568	-50	-10
569	-46	-11.5
570	-92	-23
571	-70	-23.3333
572	-56	-18.6667
573	-29	-9.66667
574	-38	-12.6667
575	-102	-34
576	-49	-12.25
577	-51	-10.2
578	-41	-13.6667
579	-53	-10.6
580	-43	-10.75
581	-159	-53
582	-94	-23.5
583	-115	-23
584	-62	-12.4
585	-84	-10.5
586	-48	-9.6
587	-153	-38.25
588	-56	-18.6667
589	-53	-17.6667
590	-36	-9
591	-43	-8.6
592	-87	-17.4
593	-30	-10
594	-124	-41.3333
595	-22	-5.5
596	-102	-34
597	-27	-9
598	-65	-16.25
599	-44	-8.8
600	-30	-7.5
601	-147	-49
602	-45	-11.25
603	-34	-11.3333
604	-42	-10.5
605	-62	-15.5
606	-76	-10.8571
607	-67	-16.75
608	-37	-12.3333
609	-28	-7
610	-27	-9
611	-153	-38.25
612	-29	-9.66667
613	-36	-12
614	-12	-4
615	-67	-16.75
616	-32	-6.4
617	-74	-14.8
618	-50	-16.6667
619	-27	-9
620	-40	-10
621	-111	-22.2
622	-51	-8.5
623	-76	-25.3333
624	-41	-13.6667
625	-95	-19
626	-89	-22.25
627	-47	-7.83333
628	-26	-6.5
629	-51	-17
630	-17	-5.66667
631	-29	-7.25
632	-34	-11.3333
633	-26	-8.66667
634	-21	-5.25
635	-97	-32.3333
636	-28	-9.33333
637	-40	-13.3333
638	-29	-9.66667
639	-33	-11
640	-17	-5.66667
641	-27	-9
642	-21	-7
643	-89	-22.25
644	-54	-18
645	-16	-4
646	-89	-17.8
647	-82	-27.3333
648	-40	-10
649	-32	-10.6667
650	-47	-15.6667
651	-63	-10.5
652	-29	-7.25
653	-62	-20.6667
654	-70	-23.3333
655	-18	-6
656	-33	-11
657	-46	-9.2
658	-130	-26
659	-155	-31
660	-14	-4.66667
661	-24	-8
662	-26	-8.66667
663	-24	-8
664	-77	-25.6667
665	-42	-14
666	-33	-11
667	-27	-9
668	-86	-21.5
669	-31	-6.2
670	-62	-20.6667
671	-21	-5.25
672	-31	-6.2
673	-69	-23
674	-79	-19.75
675	-74	-24.6667
676	-30	-10
677	-40	-6.66667
678	-23	-7.66667
679	-51	-17
680	-64	-16
681	-44	-8.8
682	-41	-8.2
683	-25	-8.33333
684	-18	-6
685	-103	-17.1667
686	-98	-32.6667
687	-47	-15.6667
688	-29	-9.66667
689	-22	-7.33333
690	-46	-11.5
691	-93	-31
692	-24	-8
693	-38	-9.5
694	-72	-24
695	-41	-8.2
696	-70	-17.5
697	-25	-8.33333
698	-95	-23.75
699	-19	-4.75
700	-41	-10.25
701	-124	-31
702	-20	-5
703	-82	-20.5
704	-21	-7
705	-44	-14.6667
706	-17	-5.66667
707	-36	-9
708	-82	-27.3333
709	-33	-11
710	-64	-21.3333
711	-56	-14
712	-57	-14.25
713	-26	-6.5
714	-60	-20
715	-32	-6.4
716	-66	-13.2
717	-23	-7.66667
718	-22	-5.5
719	-38	-12.6667
720	-112	-37.3333
721	-72	-18
722	-95	-15.8333
723	-20	-6.66667
724	-31	-10.3333
725	-25	-8.33333
726	-19	-4.75
727	-41	-13.6667
728	-33	-11
729	-51	-12.75
730	-96	-24
731	-56	-14
732	-96	-24
733	-20	-6.66667
734	-22	-7.33333
735	-23	-5.75
736	-43	-14.3333
737	-42	-8.4
738	-107	-35.6667
739	-22	-5.5
740	-20	-6.66667
741	-51	-10.2
742	-71	-14.2
743	-58	-19.3333
744	-40	-13.3333
745	-68	-22.6667
746	-36	-12
747	-22	-7.33333
748	-25	-8.33333
749	-42	-14
750	-79	-26.3333
751	-45	-11.25
752	-82	-20.5
753	-23	-5.75
754	-48	-12
755	-42	-14
756	-31	-6.2
757	-19	-4.75
758	-73	-24.3333
759	-17	-4.25
760	-28	-9.33333
761	-20	-6.66667
762	-15	-3.75
763	-30	-10
764	-15	-5
765	-96	-32
766	-23	-7.66667
767	-35	-8.75
768	-33	-11
769	-16	-5.33333
770	-42	-8.4
771	-43	-10.75
772	-121	-40.3333
773	-35	-11.6667
774	-110	-36.6667
775	-29	-9.66667
776	-84	-16.8
777	-50	-12.5
778	-31	-10.3333
779	-53	-13.25
780	-69	-23
781	-19	-6.33333
782	-23	-7.66667
783	-85	-28.3333
784	-56	-18.6667
785	-31	-7.75
786	-54	-18
787	-60	-20
788	-33	-11
789	-28	-9.33333
790	-26	-8.66667
791	-42	-14
792	-35	-11.6667
793	-86	-28.6667
794	-42	-14
795	-26	-8.66667
796	-62	-12.4
797	-63	-21
798	-12	-4
799	-118	-39.3333
800	-18	-6
801	-29	-7.25
802	-28	-9.33333
803	-104	-34.6667
804	-21	-5.25
805	-13	-4.33333
806	-34	-8.5
807	-61	-20.3333
808	-14	-4.66667
809	-18	-6
810	-29	-9.66667
811	-26	-5.2
812	-16	-5.33333
813	-32	-10.6667
814	-68	-13.6
815	-36	-9
816	-34	-11.3333
817	-28	-9.33333
818	-39	-13
819	-25	-8.33333
820	-18	-6
821	-13	-4.33333
822	-36	-7.2
823	-26	-8.66667
824	-15	-5
825	-48	-16
826	-73	-24.3333
827	-38	-9.5
828	-33	-11
829	-31	-10.3333
830	-82	-27.3333
831	-27	-9
832	-104	-34.6667
833	-24	-6
834	-69	-23
835	-12	-4
836	-11	-3.66667
837	-22	-5.5
838	-28	-9.33333
839	-155	-38.75
840	-63	-15.75
841	-58	-19.3333
842	-38	-12.6667
843	-37	-7.4
844	-38	-9.5
845	-58	-11.6
846	-40	-10
847	-40	-13.3333
848	-14	-4.66667
849	-47	-15.6667
850	-18	-6
851	-43	-14.3333
852	-38	-12.6667
853	-35	-11.6667
854	-63	-21
855	-19	-6.33333
856	-28	-9.33333
857	-83	-27.6667
858	-36	-12
859	-15	-5
860	-44	-14.6667
861	-48	-16
862	-20	-6.66667
863	-13	-4.33333
864	-25	-8.33333
865	-38	-12.6667
866	-18	-6
867	-27	-9
868	-43	-14.3333
869	-17	-5.66667
870	-28	-7
871	-115	-38.3333
872	-105	-35
873	-27	-6.75
874	-13	-4.33333
875	-18	-6
876	-106	-35.3333
877	-14	-4.66667
878	-15	-5
879	-38	-12.6667
880	-22	-7.33333
881	-63	-15.75
882	-40	-13.3333
883	-22	-7.33333
884	-31	-10.3333
885	-35	-11.6667
886	-56	-18.6667
887	-66	-16.5
888	-47	-15.6667
889	-37	-9.25
890	-29	-9.66667
891	-23	-7.66667
892	-70	-23.3333
893	-10	-3.33333
894	-10	-3.33333
895	-19	-6.33333
896	-23	-5.75
897	-11	-3.66667
898	-72	-24
899	-34	-11.3333
900	-14	-4.66667
901	-23	-7.66667
902	-30	-10
903	-25	-8.33333
904	-17	-5.66667
905	-44	-14.6667
906	-33	-11
907	-65	-21.6667
908	-12	-4
909	-32	-10.6667
910	-45	-15
911	-100	-33.3333
912	-60	-20
913	-59	-14.75
914	-45	-15
915	-36	-12
916	-13	-4.33333
917	-85	-21.25
918	-14	-4.66667
919	-25	-8.33333
920	-65	-21.6667
921	-12	-4
922	-21	-7
923	-41	-13.6667
924	-49	-16.3333
925	-47	-15.6667
926	-55	-18.3333
927	-20	-6.66667
928	-27	-9
929	-16	-5.33333
930	-48	-16
931	-43	-14.3333
932	-23	-5.75
933	-23	-7.66667
934	-30	-10
935	-22	-7.33333
936	-27	-9
937	-14	-4.66667
938	-25	-8.33333
939	-12	-4
940	-11	-3.66667
941	-22	-7.33333
942	-18	-6
943	-33	-8.25
944	-19	-6.33333
945	-55	-18.3333
946	-106	-35.3333
947	-20	-6.66667
948	-13	-4.33333
949	-33	-11
950	-14	-4.66667
951	-14	-4.66667
952	-54	-18
953	-36	-12
954	-65	-16.25
955	-11	-3.66667
956	-74	-24.6667
957	-36	-12
958	-21	-7
959	-124	-31
960	-14	-4.66667
961	-41	-10.25
962	-11	-3.66667
963	-31	-10.3333
964	-30	-10
965	-114	-38
966	-18	-6
967	-39	-13
968	-18	-6
969	-23	-7.66667
970	-52	-13
971	-19	-6.33333
972	-19	-6.33333
973	-25	-8.33333
974	-52	-17.3333
975	-65	-21.6667
976	-28	-9.33333
977	-63	-21
978	-34	-11.3333
979	-20	-6.66667
980	-18	-6
981	-109	-36.3333
982	-32	-10.6667
983	-14	-4.66667
984	-40	-13.3333
985	-30	-10
986	-58	-19.3333
987	-14	-4.66667
988	-31	-10.3333
989	-39	-13
990	-17	-5.66667
991	-12	-4
992	-32	-10.6667
993	-54	-18
994	-90	-30
995	-75	-25
996	-27	-9
997	-43	-14.3333
998	-79	-26.3333
999	-90	-30
