seed	Spearman	Pearson
1	-0.15859574285704148	-0.2607901752662283
2	-0.15859574285704148	-0.2607901752662283
3	-0.15859574285704148	-0.2607901752662283
4	-0.15859574285704148	-0.2607901752662283
5	-0.15859574285704148	-0.2607901752662283
6	-0.15859574285704148	-0.2607901752662283
7	-0.15859574285704148	-0.2607901752662283
8	-0.15859574285704148	-0.2607901752662283
9	-0.15859574285704148	-0.2607901752662283
10	-0.15859574285704148	-0.2607901752662283
11	-0.15859574285704148	-0.2607901752662283
12	-0.15859574285704148	-0.2607901752662283
13	-0.15859574285704148	-0.2607901752662283
14	-0.15859574285704148	-0.2607901752662283
15	-0.15859574285704148	-0.2607901752662283
16	-0.15859574285704148	-0.2607901752662283
17	-0.15859574285704148	-0.2607901752662283
18	-0.15859574285704148	-0.2607901752662283
19	-0.15859574285704148	-0.2607901752662283
20	-0.15859574285704148	-0.2607901752662283
21	-0.15859574285704148	-0.2607901752662283
22	-0.15859574285704148	-0.2607901752662283
23	-0.15859574285704148	-0.2607901752662283
24	-0.15859574285704148	-0.2607901752662283
25	-0.15859574285704148	-0.2607901752662283
26	-0.15859574285704148	-0.2607901752662283
27	-0.15859574285704148	-0.2607901752662283
28	-0.15859574285704148	-0.2607901752662283
29	-0.15859574285704148	-0.2607901752662283
30	-0.15859574285704148	-0.2607901752662283
31	-0.15859574285704148	-0.2607901752662283
32	-0.15859574285704148	-0.2607901752662283
33	-0.15859574285704148	-0.2607901752662283
34	-0.15859574285704148	-0.2607901752662283
35	-0.15859574285704148	-0.2607901752662283
36	-0.15859574285704148	-0.2607901752662283
37	-0.15859574285704148	-0.2607901752662283
38	-0.15859574285704148	-0.2607901752662283
39	-0.15859574285704148	-0.2607901752662283
40	-0.15859574285704148	-0.2607901752662283
41	-0.15859574285704148	-0.2607901752662283
42	-0.15859574285704148	-0.2607901752662283
43	-0.15859574285704148	-0.2607901752662283
44	-0.15859574285704148	-0.2607901752662283
45	-0.15859574285704148	-0.2607901752662283
46	-0.15859574285704148	-0.2607901752662283
47	-0.15859574285704148	-0.2607901752662283
48	-0.15859574285704148	-0.2607901752662283
49	-0.15859574285704148	-0.2607901752662283
50	-0.15859574285704148	-0.2607901752662283
51	-0.15859574285704148	-0.2607901752662283
52	-0.15859574285704148	-0.2607901752662283
53	-0.15859574285704148	-0.2607901752662283
54	-0.15859574285704148	-0.2607901752662283
55	-0.15859574285704148	-0.2607901752662283
56	-0.15859574285704148	-0.2607901752662283
57	-0.15859574285704148	-0.2607901752662283
58	-0.15859574285704148	-0.2607901752662283
59	-0.15859574285704148	-0.2607901752662283
60	-0.15859574285704148	-0.2607901752662283
61	-0.15859574285704148	-0.2607901752662283
62	-0.15859574285704148	-0.2607901752662283
63	-0.15859574285704148	-0.2607901752662283
64	-0.15859574285704148	-0.2607901752662283
65	-0.15859574285704148	-0.2607901752662283
66	-0.15859574285704148	-0.2607901752662283
67	-0.15859574285704148	-0.2607901752662283
68	-0.15859574285704148	-0.2607901752662283
69	-0.15859574285704148	-0.2607901752662283
70	-0.15859574285704148	-0.2607901752662283
71	-0.15859574285704148	-0.2607901752662283
72	-0.15859574285704148	-0.2607901752662283
73	-0.15859574285704148	-0.2607901752662283
74	-0.15859574285704148	-0.2607901752662283
75	-0.15859574285704148	-0.2607901752662283
76	-0.15859574285704148	-0.2607901752662283
77	-0.15859574285704148	-0.2607901752662283
78	-0.15859574285704148	-0.2607901752662283
79	-0.15859574285704148	-0.2607901752662283
80	-0.15859574285704148	-0.2607901752662283
81	-0.15859574285704148	-0.2607901752662283
82	-0.15859574285704148	-0.2607901752662283
83	-0.15859574285704148	-0.2607901752662283
84	-0.15859574285704148	-0.2607901752662283
85	-0.15859574285704148	-0.2607901752662283
86	-0.15859574285704148	-0.2607901752662283
87	-0.15859574285704148	-0.2607901752662283
88	-0.15859574285704148	-0.2607901752662283
89	-0.15859574285704148	-0.2607901752662283
90	-0.15859574285704148	-0.2607901752662283
91	-0.15859574285704148	-0.2607901752662283
92	-0.15859574285704148	-0.2607901752662283
93	-0.15859574285704148	-0.2607901752662283
94	-0.15859574285704148	-0.2607901752662283
95	-0.15859574285704148	-0.2607901752662283
96	-0.15859574285704148	-0.2607901752662283
97	-0.15859574285704148	-0.2607901752662283
98	-0.15859574285704148	-0.2607901752662283
99	-0.15859574285704148	-0.2607901752662283
100	-0.15859574285704148	-0.2607901752662283
