-3.323657274239714	0.3333333333333333
-4.089840753608945	0.2222222222222222
-2.4747301215511968	0.3333333333333333
-3.1483083765613658	0.2666666666666666
-5.546178942910403	0.2197802197802197
-1.5748124489528628	0.3333333333333333
-2.340882093651289	0.2
-0.524937810560445	1.0
-2.0	0.0
-4.0	0.0
-6.153460062811811	0.1333333333333333
-1.2469796037174672	0.0
-1.5000000000000004	0.0
-2.813606502648331	0.0
-2.937657663845974	0.0
-0.7807764064044151	0.0
-2.927271047986621	0.1666666666666666
-0.6007361691096206	0.0
-1.118033988749895	0.0
-0.3507810593582122	0.0
-2.4999999999999982	0.0
-1.3207766724980357	0.3333333333333333
-0.5	0.0
0.8819660112501052	1.0
-2.2122144504490264	1.0
-3.764629438436143	0.1666666666666666
-6.430015255020801	0.0769230769230769
-4.5	0.0
-7.870055124102507	0.0
0.1492189406417878	1.0
-3.89275365802626	0.0714285714285714
-1.2460638942197813	0.3333333333333333
-2.350781059358212	0.0
-0.8149066358459395	0.0
-4.3203870830713935	0.0357142857142857
-0.6434952208181807	0.3333333333333333
-1.118033988749895	0.0
-2.0000000000000018	0.1
1.381966011250105	1.0
-0.2807764064044151	0.0
-1.2460638942197797	0.3333333333333333
-0.2807764064044151	0.0
1.0	0.0
-5.16227766016838	0.0
0.0	0.0
-0.5	0.0
-0.5000000000000003	0.0
-1.3149066358459391	0.0
1.5	0.0
-1.6700864866260334	0.0
-1.969001749928519	0.0
-1.618033988749895	0.0
-2.5000000000000013	0.0
-0.8149066358459396	0.0
1.0	0.0
-0.8149066358459393	0.0
-1.118033988749895	0.0
-1.0	0.0
-1.8619428373721487	0.0
-2.302775637731995	0.0
-6.083480550237222	0.2545454545454545
-0.2347657561022611	0.6190476190476191
-2.3155305299540583	0.3888888888888889
-1.9782278791044656	0.6666666666666666
-5.543621050228881	0.3272727272727272
-1.1683489784154857	0.6666666666666666
-2.766821840725177	0.2
-2.054038426600628	0.6666666666666666
-1.350781059358212	1.0
-3.8785246567661336	0.2888888888888888
-5.349528524329266	0.1666666666666666
0.2919851029093253	0.7333333333333333
-0.8507810593582119	0.0
-1.6992870416236876	0.3333333333333333
-0.7807764064044151	0.0
-0.5	0.0
-1.1947765516485274	0.0
-2.802946818942439	0.3333333333333333
1.0	0.0
1.881966011250105	1.0
1.881966011250105	1.0
-2.0	0.1666666666666666
-2.0	0.0
-2.3322650590218745	0.0
1.0	0.0
-1.5000000000000002	0.0
-1.2320508075688774	0.0
1.0	0.0
1.085786437626905	1.0
-2.386000936329383	0.2
1.085786437626905	1.0
-0.2807764064044151	0.0
0.0	0.0
-2.5876704005994435	0.3333333333333333
-2.5156552790531013	0.3333333333333333
1.0	0.0
1.0	0.5
-1.5	1.0
0.5	0.0
-0.9199540991947988	0.1666666666666666
-0.6861406616345074	0.3333333333333333
0.5	0.0
-1.1374586088176877	0.1666666666666666
-0.5	0.0
-0.4999999999999999	0.0
-0.5000000000000003	0.0
1.0	0.0
1.0	0.0
-1.194776551648527	0.0
1.0	0.0
-1.56155281280883	0.0
-1.5	0.0
-3.500000000000002	0.0
-1.0000000000000002	0.3333333333333333
-4.010821031547826	0.1904761904761904
1.0	0.0
-0.3507810593582124	0.0
1.0	0.0
-1.6751308705666463	0.0
-0.2807764064044151	0.0
-0.8507810593582119	0.0
0.2192235935955848	0.0
-2.313936528496165	0.0
0.0	0.0
-1.0	0.0
-6.040402164581948	0.1
-1.917389019582396	0.0
-2.0	0.0
-0.8130990342636468	0.0
-1.100736169109621	0.0
-0.2807764064044151	0.0
-1.6113755802510423	0.0
1.0	0.0
-0.2807764064044151	0.0
1.0	0.0
-0.3507810593582125	0.0
-2.610658012270194	0.0
0.5	0.0
-3.3797938447988143	0.0666666666666666
-1.0	0.0
0.5	0.0
-0.5	0.0
-1.6374586088176872	0.0
-1.2320508075688774	0.0
0.0	0.0
-2.3472112097719733	0.0
-1.5	0.0
-2.838573305375472	0.0
1.5	0.0
-0.1180339887498948	0.0
-0.2807764064044151	0.0
0.0	0.0
-0.2360679774997897	1.0
-4.674738128467279	0.1111111111111111
-2.865750103238524	0.2
-2.0	0.0
-0.3027756377319946	1.0
-1.5	0.0
0.0558819955782942	0.3333333333333333
-0.2360679774997897	1.0
-3.999999999999999	0.2
-3.909449290881617	0.2
-2.0615528128088303	0.0
-4.467703593851883	0.0277777777777777
-1.802775637731994	0.3333333333333333
-1.0000000000000002	0.3333333333333333
1.0	0.0
0.6440904871315078	0.6666666666666666
-1.6105400903580651	0.1
-0.3923443456296219	0.5
-2.4221443851123805	0.1333333333333333
0.0	0.0
-4.73606797749979	0.0
0.0	0.0
-0.9373893739463008	0.3333333333333333
-2.251653817327488	0.0
-2.280776406404416	0.0
-4.765564437074637	0.0
-1.850781059358212	0.0
-2.9327299656640577	0.0
-0.6180339887498948	0.0
-3.2655644370746373	0.0
-3.3766338508965146	0.0666666666666666
-0.5	0.0
-3.402117842683129	0.0
-1.618033988749895	0.0
-3.3414840129936474	0.1
-0.1108387087582562	0.3333333333333333
-1.440726990021308	0.1666666666666666
1.2192235935955849	1.0
-0.7908503453116593	0.1666666666666666
-3.287253705565852	0.1333333333333333
-1.6751308705666463	0.0
-2.1457513110645907	0.3333333333333333
-1.414213562373095	0.3333333333333333
1.0	1.0
-1.350781059358212	0.0
0.8819660112501052	1.0
1.0	0.0
-0.8507810593582119	0.0
0.5	0.0
-0.7807764064044151	0.0
-1.604524884860787	0.0
1.0	0.0
-3.1970005753142443	0.0
-2.086983848198713	0.2
-1.205690910998804	0.1666666666666666
1.2192235935955849	1.0
-2.531710021544752	0.0666666666666666
-1.118033988749895	0.0
-1.0550460355114082	0.3333333333333333
1.0	0.0
-2.51413692933529	0.0
-0.2807764064044151	0.0
0.0	0.0
-3.8577542072911326	0.0
0.0	0.0
1.5	0.0
-1.350781059358212	0.0
0.0	0.0
-2.7655644370746373	0.0
0.0	0.0
-0.2807764064044151	0.0
0.2192235935955848	0.0
-2.033546227907764	0.0
1.5	0.0
0.5	0.0
-1.0	0.0
-0.3507810593582124	0.0
1.0	0.0
1.0	0.0
-0.5	0.0
-1.2807764064044151	0.0
-1.3681509066830448	0.0
-2.5000000000000013	0.0666666666666666
0.719223593595585	1.0
-1.044041512478581	0.3
-0.5	0.0
0.0	0.0
-2.1751308705666466	0.0
-2.0837826316139365	0.0
-1.3149066358459396	0.0
-1.5	0.0
-1.868150906683045	0.0
1.0	0.0
-1.3149066358459396	0.0
-2.0	0.1666666666666666
-0.5	0.0
-2.1045248848607865	0.0
-1.1374586088176877	0.0
-2.1626948996338933	0.1666666666666666
-3.306320391665372	0.0952380952380952
-0.1180339887498948	0.0
-1.7954053951178623	0.1666666666666666
-2.4608709412194107	0.1
-2.5335462279077623	0.0
-1.8027756377319948	0.0
1.0	0.0
1.0	0.0
0.5	0.0
-1.0	0.0
-1.0	0.0
-1.8322650590218743	0.0
1.0	0.0
-1.56155281280883	0.0
-1.0	0.0
-4.848519739743352	0.0
-1.4999999999999996	0.0
-0.5000000000000002	0.0
-0.2807764064044151	0.0
-0.7807764064044151	0.0
-0.2807764064044151	0.0
-1.2807764064044151	0.0
-0.6180339887498948	0.0
-0.6180339887498948	0.0
0.5	0.0
-1.43543233197003	0.1666666666666666
0.5	0.0
0.5	0.0
-3.234912778409411	0.0
-1.0	0.0
-0.5	0.0
-0.8149066358459393	0.0
-0.8507810593582119	0.0
-0.8507810593582119	0.0
-0.5	0.0
-1.0	0.0
-0.2807764064044151	0.0
1.0	0.0
1.0	0.0
-0.8149066358459398	0.0
-0.5	0.0
-1.0000000000000002	0.0
-1.6374586088176872	0.0
0.5	0.0
-2.176174977679906	1.0
-2.176174977679906	1.0
-6.906620737123103	0.0128205128205128
-0.6180339887498948	0.0
0.0	0.0
-2.322011140773529	0.0
-0.2807764064044151	0.0
-1.3149066358459391	0.0
0.0	0.0
0.5	0.0
1.0	0.0
-2.8241676531287525	0.0
-0.6180339887498948	0.0
-1.5	0.0
0.0	0.0
1.2192235935955849	1.0
-2.801569407159884	0.1
-1.1215085521264367	0.1666666666666666
-0.2807764064044151	0.0
-0.5	0.0
-2.6809348146861205	0.1333333333333333
1.0	1.0
-1.0861301976514943	0.3333333333333333
-2.412009970531532	0.0666666666666666
-0.5	0.0
-1.1947765516485274	0.0
-1.6045248848607865	0.0
-0.2807764064044151	0.0
-1.850781059358212	0.0
-0.8507810593582124	0.0
-1.0	0.0
-7.831382639915194	0.0952380952380952
-0.5	0.0
-2.000000000000001	0.0
0.0	0.0
-3.199787069355186	0.0
-2.118033988749895	0.0
-3.478009490118116	0.0
-1.3681509066830435	0.0
-2.0	0.0
-0.5	0.0
-1.350781059358212	0.0
0.5	0.0
0.0	0.0
-1.5	0.0
-1.8149066358459391	0.0
-1.2912878474779197	0.0
-2.366678979146508	0.1
-4.059588532227714	0.0
-2.280776406404416	0.0
-3.042091634147329	0.1
-1.0	0.0
-1.0	0.0
-2.47638219238868	0.0
-1.814906635845939	0.0
-1.4999999999999998	0.0
-3.2935157396826487	0.0
-1.5419361797178042	0.0
0.0	0.0
-2.0697049797528164	0.0
0.5	0.0
-0.7807764064044151	0.0
-1.1113755802510423	0.0
-0.8507810593582124	0.0
1.5	0.0
-4.176174977679906	0.0
-1.3149066358459396	0.0
-2.2716062078695844	0.0
-0.8507810593582119	0.0
-0.5	0.0
0.5	0.0
-1.0	0.0
0.0	0.0
-2.746860187890726	0.1
-2.175130870566646	0.0
0.0	0.0
0.0	0.0
0.0	0.0
0.6492189406417879	1.0
-4.357970096445085	0.1428571428571428
0.6492189406417879	1.0
0.0	0.0
-1.0	0.0
0.0	0.0
-2.302775637731995	0.0
0.0	0.0
-2.1645221150032747	0.1
-0.2807764064044151	0.0
0.2192235935955848	0.0
-0.8149066358459393	0.0
-3.0000000000000004	0.0
-1.841418292106992	0.0
1.0	0.0
0.2192235935955848	0.0
-1.0	0.0
1.5	0.0
-0.1180339887498948	0.0
-0.8149066358459393	0.0
1.5	0.0
-3.0362189800799064	0.0666666666666666
-3.633868780889189	0.0
-2.444118004421706	0.1
-2.9117750893558005	0.0
-2.7990383019003664	0.0
-3.57122868021343	0.0
-1.1626948996338924	0.1666666666666666
1.2192235935955849	1.0
-1.0	0.0
-2.225471840136118	0.2
0.5	0.0
-1.0	0.0
0.0	0.0
-1.5	0.0
-0.7334242486247967	0.3333333333333333
0.5	0.0
1.7344355629253627	1.0
0.9302950202471832	0.6666666666666666
-3.3858780006879985	0.1
0.0	0.0
0.0	0.0
-1.0	0.0
-0.1180339887498948	0.0
1.5	0.0
-1.0000000000000002	0.0
-1.100736169109621	0.0
-3.4494897427831788	0.0
-1.4547579830779755	0.0
-2.29128784747792	0.0
0.0	0.0
-4.355126061626919	0.1
-0.5	0.0
-3.5580919036621226	0.0
-2.6969915827785296	0.0476190476190476
-2.663288256656374	0.0
-4.167102129251715	0.1
-3.0	0.0952380952380952
-0.5	0.0
-2.1374586088176875	0.0
-1.0000000000000004	0.0
-1.041936179717804	0.0
-2.9026437272313417	0.0
-0.5	0.0
-0.8507810593582121	1.0
-5.9905035898002446	0.0444444444444444
-3.322025625197176	0.1
-5.923374748154345	0.0
-5.407104054352917	0.0
-4.414213562373095	0.0
-4.192582403567252	0.0
-4.212214450449026	0.0
-3.5	0.0
-4.176174977679906	0.0
-3.5	0.0
-4.618033988749895	0.0
-3.5	0.0
-4.829789725758094	0.0
-4.212214450449026	0.0
0.5	0.0
-1.7721783864979122	0.1666666666666666
-2.253042995519461	0.1
0.6139990636706171	1.0
-0.1861406616345076	0.3333333333333333
-2.569704979752818	0.0
-1.850781059358212	0.0
-2.514136929335292	0.0
0.0	0.0
-0.2807764064044151	0.0
0.0	0.0
0.719223593595585	1.0
-3.675482413865182	0.2
-2.5615528128088294	0.0
-5.983707175307113	0.0
-4.845183993909552	0.1388888888888889
1.0	0.0
-0.7807764064044151	1.0
-6.727484328561934	0.0555555555555555
-6.251968954619616	0.0357142857142857
-3.2200405722070267	0.1333333333333333
-2.5	0.0
-3.6713696070390576	0.0952380952380952
-2.3472626453196948	0.0
-1.7320508075688772	0.1666666666666666
-1.6683993910413837	0.3333333333333333
-4.338882429707541	0.2
-0.1180339887498948	0.0
1.5	0.0
-2.919263442194229	0.3333333333333333
1.5	1.0
-4.610257120424459	0.0476190476190476
1.5	1.0
-2.373284123497858	0.0
-4.381913778298565	0.0
-2.342235679324305	0.1666666666666666
-1.0	0.0
-3.640337872477889	0.0
0.0	0.0
-3.0000000000000004	0.0
1.0	0.0
-2.373284123497858	0.0
-2.5490729355121884	0.5
-3.967997969618615	0.0357142857142857
-2.6510544389864767	0.1666666666666666
-3.691032199998191	0.0
-3.574880288692417	0.0
-2.5	0.0
-1.5	0.0
-1.5	0.0
-1.5	0.0
-2.8882638207244367	0.0
-2.5	0.0
0.0	0.0
-3.404165731659869	0.0476190476190476
0.5	0.0
-2.2969269785875017	0.0
1.0	0.0
-0.302775637731995	0.3333333333333333
-1.637458608817688	0.0
0.5	0.0
0.5	0.0
-2.382323962598609	0.0
-0.2807764064044151	0.0
-3.23606797749979	0.0
-1.2320508075688772	0.0
-4.676174977679906	0.0
0.0	0.0
-1.850781059358212	0.0
-0.2807764064044151	0.0
-2.999999999999999	0.0476190476190476
-0.5	0.0
-3.5	0.0
-2.104524884860787	0.0
-1.2807764064044151	0.0
-1.4999999999999998	0.0
0.0	0.0
-0.6180339887498948	0.0
-0.2807764064044151	0.0
-2.999999999999999	0.1666666666666666
-3.5	0.0
-0.7807764064044151	0.0
-3.1369220137390816	0.0476190476190476
-3.3378541839121256	0.0476190476190476
-2.0	0.1
-1.2056909109988043	0.1666666666666666
1.2192235935955849	1.0
-1.2807764064044151	0.0
-1.6751308705666463	0.0
-2.64575131106459	0.0
-5.782305097389727	0.0
-2.3271330871627782	0.0
1.0	0.0
-1.7320508075688774	0.0
-3.2187096903919152	0.0
-1.814906635845939	0.0
-1.4621719960101245	0.3333333333333333
-3.651967321179604	0.0
-0.9142135623730948	0.0
1.5	0.0
-3.3433785013712662	0.0
-0.866198262509023	0.3333333333333333
-1.4999999999999998	0.1666666666666666
-1.350781059358212	0.0
1.7192235935955846	1.0
-3.33430860243793	0.0
-1.6947765516485276	0.0
-2.118033988749895	0.0
-3.3583521875567333	0.0666666666666666
-2.092036966071389	0.0666666666666666
-1.4142135623730951	0.0
-0.1700864866260337	0.3333333333333333
0.0	0.0
-1.2205504385832198	0.1666666666666666
-1.5	0.0
-2.618033988749895	0.0
0.0	0.0
0.2192235935955848	0.0
-1.0	0.0
1.5	0.0
-0.2807764064044151	0.0
-1.0000000000000002	0.0
0.2192235935955848	0.0
1.5	0.0
-3.0141369293352893	0.0
-1.919954099194799	0.1666666666666666
-2.474169812061392	0.1
-3.1510439383796465	0.0666666666666666
-1.5	0.0
1.0	0.0
-1.8951065159275315	0.3333333333333333
1.0	0.0
-1.8951065159275315	0.3333333333333333
1.5	0.0
-1.0877721936752496	0.0
-1.0877721936752498	0.0
-0.5000000000000002	0.0
-1.9142135623730951	0.0
-0.2807764064044151	0.0
-0.5	0.0
-2.792161125922763	1.0
-9.947866074325743	0.0643274853801169
-4.244362343309028	0.4
-6.067145010131183	0.238095238095238
-6.700975473623163	0.1777777777777777
-2.0	0.0
-0.4407636535600527	1.0
-4.760398644698074	1.0
-2.278392731623891	0.4
-2.0	0.0
-0.4075364531836623	1.0
0.8452685654246165	0.5
0.8368096005577158	1.0
0.500000000000001	0.6666666666666666
-4.172951503238533	1.0
-7.109709067501753	0.0727272727272727
-2.350781059358213	0.3333333333333333
-1.4172859930935338	0.1666666666666666
-3.0	0.0
-7.000000000000006	0.1025641025641025
-5.067011995533775	0.238095238095238
-5.922026257850796	0.2
-3.4845308247631808	0.3333333333333333
-3.4845308247631808	0.3333333333333333
-3.4845308247631808	0.3333333333333333
-2.354655103429671	0.3
-4.0	0.0
-0.8414847627243992	1.0
-6.520362786967001	0.3
-6.475550409519038	0.1
-1.8284271247461896	1.0
-6.431298301301845	0.0
-4.0	0.0
-3.712214450449026	0.0
-5.51615813840985	0.0
-6.098600358802202	0.0277777777777777
-4.372281323269014	0.0
-4.357754207291137	0.0
-3.2477040367567627	0.0
-4.342329219213246	0.0
-3.5472457936093664	0.0
-4.787663653780892	0.0
-3.692582403567252	0.0
-3.857754207291136	0.0
-4.212214450449026	0.0
1.0	0.0
-8.404497608162593	0.0
-2.8694999733632054	0.3333333333333333
-6.575931893449488	0.0666666666666666
-2.357462536898767	0.3333333333333333
-6.5763151819476295	0.0181818181818181
-0.6180339887498948	0.0
-1.0	0.0
-2.0	0.0
-3.610838708758256	0.0
-3.395529243675969	0.1333333333333333
-4.345963295709884	0.0
-3.692582403567252	0.0
-6.304541359818918	0.0
-1.5	0.0
-3.296358081424481	0.0666666666666666
-1.3149066358459391	0.0
0.0	0.0
1.0	0.0
1.5	0.0
-0.5	0.0
1.0	0.0
-2.4494897427831783	0.0
-1.0	0.0
-3.089454172900136	0.0
-3.4407636535600536	0.0
0.0	0.0
0.0	0.0
0.0	0.0
0.2192235935955848	0.0
-0.2807764064044151	0.0
1.5	0.0
-5.812795696779286	0.0
-2.7655644370746373	0.0
-2.0	0.0
-5.708732663098069	0.0
-3.407536453183662	0.0
-2.7655644370746373	0.0
-2.73606797749979	0.0
-4.609674309379092	0.0
-2.0	0.0
-3.5595885322277145	0.0
1.999999999999999	1.0
-2.505976895421804	0.2857142857142857
2.0	1.0
2.0	1.0
-0.5	0.0
-1.2320508075688774	0.0
-0.5000000000000002	0.0
-0.2807764064044151	0.0
0.0	0.0
-2.4999999999999987	0.3333333333333333
-2.5	0.0
-3.225543837904416	0.0
-0.5000000000000004	0.3333333333333333
-2.5	0.3333333333333333
-1.5	0.0
-1.0	0.0
-1.6045248848607865	0.0
-1.118033988749895	0.0
-0.5	0.0
-2.0	0.0
-3.2525178219298176	0.0
-2.0	0.0
-2.193789663952993	0.0
-0.7807764064044151	0.0
-2.3930528167420686	0.0
0.5	0.0
-0.6180339887498948	0.0
-2.302775637731995	0.0
-1.5	0.0
-2.80130526831228	0.0
-0.5	0.0
-0.8507810593582124	0.0
-1.8027756377319943	0.0
-2.302775637731995	0.0
-5.768469984439347	0.0
-3.23606797749979	0.0
-2.780776406404416	0.0
-4.270742869517329	0.0
-2.2527580912229785	0.1666666666666666
-0.6180339887498948	0.0
-2.350025491885154	0.1
-4.130965119513816	0.1
1.2192235935955849	1.0
-1.6374586088176883	0.0
-0.5	0.0
-0.2807764064044151	0.0
-1.5000000000000002	0.0
-3.9373690708437104	0.0
-2.302775637731995	0.0
-2.799633989734285	0.0
-1.0	0.0
-3.633749821196804	0.0
-2.414213562373095	0.0
-2.0	0.0
-2.0	0.0
-2.9763821923886766	0.0
-2.715198259262228	0.0
-0.6180339887498948	0.0
-8.318176689359944	0.0
-3.710018550734007	0.0
-3.2624505247808018	0.0952380952380952
-1.8414182921069908	0.0
-0.5	0.0
-1.041936179717804	0.0
-0.2807764064044151	0.0
-0.5000000000000002	0.0
-0.2807764064044151	0.0
-0.2807764064044151	0.0
0.0	0.0
-1.118033988749895	0.0
-1.624885419764574	0.1666666666666666
-1.1374586088176877	0.0
-3.44481135133468	0.0666666666666666
-1.1374586088176877	0.0
0.8819660112501052	1.0
1.0	0.0
1.0	0.0
-3.69878493337577	0.0476190476190476
-1.350781059358212	0.0
-2.9077789710871174	0.0
-4.361148541508565	0.0
1.0	0.0
1.0	0.0
-0.6180339887498948	0.0
-2.031371225232151	0.1
-9.383623081398076	0.0065359477124183
-3.399827259163796	0.0476190476190476
-2.0	0.0
-2.449489742783178	0.0
-3.155807399057967	0.0
0.5857864376269051	1.0
-1.0000000000000004	0.3333333333333333
-3.0	0.0
-2.636162837693304	0.2
-3.3637615787386785	0.1333333333333333
-1.2908503453116589	0.1666666666666666
-1.7005348396272824	0.3
-2.6105400903580644	0.1
-1.8661982625090228	0.3333333333333333
0.0	0.0
1.5	0.0
0.2192235935955848	0.0
1.0	0.0
-3.9419071662549214	0.0
-1.118033988749895	0.0
-1.2320508075688774	0.3333333333333333
-2.77403366010326	0.0
-3.2655644370746373	0.0
-5.67419128030471	0.0277777777777777
-3.989288571810079	0.0
-4.479687868071143	0.1666666666666666
0.5	0.0
-3.0979677806019867	0.0
-2.302775637731995	0.0
0.0	0.0
-3.500000000000001	0.0
-2.302775637731995	0.0
-1.4142135623730951	0.0
-1.7020234982322149	0.0
-1.2594083466361492	0.0
-4.369354604135697	0.0
-3.934625151892028	0.0
-1.6751308705666463	0.0
1.0	0.0
-1.0	0.0
-2.618033988749895	0.0
-2.0000000000000004	0.0
-2.949489742783177	0.0
-0.1180339887498948	0.0
-3.069704979752814	0.0
-0.2807764064044151	0.0
-1.5419361797178035	0.0
-0.5706680578276819	0.3333333333333333
-1.1269862479660944	0.2
-1.202023498232214	0.0
1.5	0.0
-1.7320508075688774	0.0
-2.7856670111980018	0.0
-4.979438452607748	0.0555555555555555
-1.5	0.0
-1.0	0.0
-3.7068225967907416	0.1785714285714285
-1.632637493579839	0.3333333333333333
-1.6848186503720362	0.4
-2.850781059358212	0.0
-2.0	0.0
-4.838755956016157	0.1
-2.6901524712831093	0.1333333333333333
-3.4591146956937675	0.1428571428571428
-2.221383226545212	0.2
-1.1108387087582563	0.1666666666666666
-2.116128212008995	0.1
-0.5	0.0
1.5	0.0
-0.6180339887498948	0.0
-1.3027756377319957	0.0
-1.0	0.0
-0.6180339887498948	0.0
-0.6180339887498948	0.0
-0.7807764064044151	0.0
-0.6180339887498948	0.0
1.0	0.0
-1.4811943040920157	0.0
-0.5	0.0
-2.59734630497148	0.0
-2.791287847477921	0.0
-5.293845409974459	0.0476190476190476
1.0	0.0
-0.2807764064044151	0.0
-1.2168323148916438	0.0
-2.555739937388054	0.1
1.0	0.0
0.0	0.0
-2.2084405314914544	0.0
-0.5	0.0
-2.0000000000000004	0.0
-2.5615528128088307	0.0
-0.2807764064044151	0.0
-5.28097051133075	0.1428571428571428
-1.5	0.0
-1.5	0.0
-5.3774873493179225	0.1428571428571428
-1.8075338777893688	0.3333333333333333
-2.5922882116997386	0.3333333333333333
-1.5	0.0
-3.421963952698208	0.1333333333333333
-2.6437768738731857	0.0
-1.350781059358212	0.3333333333333333
0.5	0.0
0.5	0.0
-2.0	0.0
-1.8414182921069908	0.0
-2.767873096686716	0.0
-0.6180339887498948	0.0
-0.6180339887498948	0.0
-1.999999999999999	0.0
1.0	0.0
-3.839409131559764	0.0666666666666666
1.0	0.0
1.0	0.0
0.5	0.0
-0.6180339887498948	0.0
0.0	0.0
-1.1947765516485276	0.0
-0.5	0.0
1.0	0.0
-2.7807764064044145	0.1
-2.0	0.0
-3.906444046382031	0.0
-1.2807764064044151	0.0
-1.867178711843492	0.1
-2.090200183368325	0.1
-0.5000000000000002	0.0
-1.5	0.0
-1.302775637731995	0.0
-1.1374586088176877	0.0
-1.1374586088176877	0.3333333333333333
-4.836215935986907	0.0
0.0	0.0
-2.283287814477885	0.0
1.0	0.0
-0.7320508075688775	0.0
-0.2807764064044151	0.0
-0.2807764064044151	0.0
1.0	0.0
1.0	0.0
1.5	0.0
-0.9142135623730948	0.0
-1.5	0.0
-0.8507810593582119	0.0
-3.806347614159494	0.0
-1.0	0.0
-4.229118216792227	0.0
-0.5	0.0
-2.0	0.0
-4.000000000000002	0.0
1.0	0.0
-1.5615528128088307	0.0
1.0	0.0
-0.1180339887498948	0.0
1.5	0.0
1.5	0.0
-0.1180339887498948	0.0
1.0	0.0
-1.4811943040920157	0.0
-1.4862441078695214	0.3928571428571428
-0.8143544226048777	0.6
-1.1046089890193536	0.1666666666666666
-2.5000000000000004	0.0
-2.033546227907764	0.0
-3.0877721936752485	0.0
-2.1374586088176883	0.3333333333333333
-1.4142135623730951	0.0
-2.84292308277717	0.0
-1.844392230245896	0.1666666666666666
-1.814906635845939	0.0
-2.271606207869585	0.0
-1.0000000000000002	0.0
-0.2807764064044151	0.0
-0.8507810593582119	0.0
-0.6180339887498948	0.0
1.5	0.0
-0.5	0.0
-2.0	0.0
-1.6374586088176883	0.0
-1.0	0.0
-1.8507810593582124	0.0
-1.6947765516485276	0.0
0.0	0.0
-1.6049109623857276	0.1666666666666666
-1.2807764064044151	0.0
-2.914795360224625	0.0666666666666666
-1.7504607531570888	0.1666666666666666
-0.5	0.0
-0.2807764064044151	0.0
-0.2807764064044151	0.0
1.0	0.0
-1.3027756377319948	0.0
-1.8696131715102269	0.0
0.5	0.0
0.5	0.0
-4.793349806560684	0.0
-2.10470624736624	0.0
0.2192235935955848	0.0
-1.4142135623730951	0.0
1.5	0.0
-0.7807764064044151	0.0
-2.7938093667084485	0.0
0.0	0.0
0.5	0.0
-2.172059038668614	0.0
0.0	0.0
-0.6180339887498948	0.0
-0.2807764064044151	0.0
-3.8449505503810015	0.1785714285714285
-6.496061255665916	0.3
-4.246529846099096	0.1
1.0	0.0
-0.8149066358459396	0.0
-0.5	0.0
-1.3149066358459391	0.0
-0.5000000000000002	0.0
-2.350781059358212	0.0
1.5	0.0
-0.9547579830779755	0.0
-1.2020234982322138	0.0
-3.350781059358212	0.0
-1.9297616943076088	0.0
-1.3130990342636473	0.0
-0.2807764064044151	0.0
-0.2807764064044151	0.0
0.1492189406417878	1.0
-1.118033988749895	0.0
-0.1180339887498948	0.0
1.5	0.0
-0.5000000000000002	0.0
1.0	0.0
-0.8149066358459396	0.0
-2.316399125985186	0.1666666666666666
-2.267873096686716	0.0
-1.2807764064044151	0.0
1.0	0.0
-1.6751308705666463	0.0
-1.2320508075688774	0.0
1.1581651308822063	1.0
-2.11056318903314	0.4285714285714285
-3.4606211115972174	0.3809523809523809
-1.8596025892849888	0.4666666666666667
1.0	0.0
-0.8019377358048385	0.0
-2.0	0.1
0.0	0.0
-1.0232894863859463	0.3333333333333333
-0.826466243508575	0.3333333333333333
-1.0	0.0
-1.796926978587502	0.0
1.0	0.0
-0.7320508075688775	0.0
1.0	0.0
-0.7320508075688775	0.0
-1.2166558519340005	0.6
-1.876579255393768	0.4285714285714285
-0.8799640542269387	0.6
0.0	0.0
0.7916801642217777	0.7
-1.8384636346375889	0.6
-0.5	0.0
-3.7769459003640606	0.0357142857142857
0.0	0.0
-1.5	0.0
1.0	0.0
-1.8507810593582128	0.0
-2.291287847477921	0.0
-1.4999999999999998	0.0
-0.5	0.0
-0.7807764064044151	0.0
-1.5000000000000004	0.0
-0.8149066358459395	0.0
-0.5615528128088303	1.0
-6.449633111575435	0.1666666666666666
-2.033546227907764	0.0
-0.5	0.0
-0.5	0.0
-0.1180339887498948	0.0
1.0	0.0
0.5	0.0
-1.7716062078695851	0.0
-0.8507810593582119	0.0
1.5	0.0
-3.2513316773738112	0.2
-2.0	0.0
-0.1180339887498948	0.0
-0.8507810593582119	0.0
1.5	0.0
-0.6180339887498948	0.0
-3.5979677806019867	0.0
-0.2807764064044151	0.0
-1.1861406616345078	0.3333333333333333
-1.5	0.0
-1.7264801521398796	0.1333333333333333
0.0	0.0
0.5	0.0
-2.896531133894049	0.1666666666666666
-0.7807764064044151	0.0
-3.429533980836283	0.0
-0.6180339887498948	0.0
-0.6180339887498948	0.0
-2.0	0.0
-2.5	0.0
-4.532465353719959	0.0277777777777777
0.0	0.0
-0.2807764064044151	0.0
-0.5000000000000002	0.0
-2.3897032806738503	0.0
-3.5000000000000013	0.0
-1.4297616943076092	0.0
-1.9605048700187635	0.0
-0.7807764064044151	0.0
0.0	0.0
-0.2807764064044151	0.0
0.0	0.0
-2.186140661634507	0.0
-2.280776406404416	0.0
-3.368150906683044	0.0
-2.314906635845939	0.0
1.0	0.0
-2.381168187097689	0.0
1.5	0.0
-0.2807764064044151	0.0
1.0	0.0
-0.414213562373095	0.0
-0.4142135623730953	0.0
0.0	0.0
0.0	0.0
1.0	0.0
0.0	0.0
0.3819660112501051	1.0
-3.284383839530094	0.1
-3.1238715335502034	0.3333333333333333
-0.4142135623730953	0.0
-3.856086329239637	0.0
1.0	0.0
1.5	0.0
-0.1180339887498948	0.0
-0.8507810593582119	0.0
-1.3149066358459396	0.0
-1.0	0.0
-1.118033988749895	0.0
-1.868150906683045	0.0
-2.0615528128088303	0.0
1.0	0.0
-4.317432759304986	0.1
-1.5000000000000002	0.0
-0.2807764064044151	0.0
-1.386000936329383	0.0
-0.7807764064044151	0.0
-0.8507810593582124	0.0
-0.2807764064044151	0.0
-0.6180339887498948	0.0
-1.0	0.0
-0.6180339887498948	0.0
-1.0000000000000004	0.0
-2.5615528128088303	0.0
-0.8149066358459393	0.0
-0.8507810593582119	0.0
-0.7807764064044151	0.0
-1.0000000000000002	0.0
-2.651093408937176	0.0
-1.6565972630107495	0.0
-1.0	0.0
-0.8860009363293815	0.1666666666666666
-1.5000000000000002	0.0
-0.6180339887498948	0.0
1.0	0.0
-1.3027756377319948	0.0
1.0	0.0
-1.1374586088176877	0.0
1.0	0.0
-1.194776551648527	0.0
-0.2807764064044151	0.0
-0.2807764064044151	0.0
0.5	0.0
-1.3238817804034475	0.1666666666666666
0.5	0.0
0.0	0.0
0.0	0.0
0.0	0.0
1.5	0.0
-3.692582403567252	0.0
-1.7594083466361488	0.0
-0.8130990342636472	0.0
-2.0	0.0
-4.535658460315337	0.2888888888888888
-2.8937960492338526	0.4642857142857143
-3.745341931972547	0.3818181818181818
-4.497323380446686	0.3454545454545454
-0.2806584301952677	0.3333333333333333
-0.2806584301952677	0.3333333333333333
1.881966011250105	1.0
-1.7464626695658878	0.1666666666666666
1.881966011250105	1.0
-0.2807764064044151	0.0
-1.4142135623730951	0.0
-1.0000000000000004	0.0
-1.850781059358212	0.0
-2.976382192388677	0.0
-2.1173287794087403	0.0
-1.6464756903480913	0.0
-0.2807764064044151	0.0
-0.6180339887498948	0.0
-1.0615528128088296	0.3333333333333333
1.5	0.0
-0.1180339887498948	0.0
0.6434316734157275	0.0
-2.7040897035169698	0.0
-3.4382492546369843	0.0
-1.7360679774997896	0.0
0.5	0.0
-1.0	0.0
-1.4142135623730951	0.0
-0.5	0.0
-0.8507810593582119	0.0
-0.5000000000000002	0.0
-1.4142135623730951	0.0
-1.850781059358212	0.0
-0.5	0.0
1.881966011250105	1.0
-1.3414182921069908	0.1666666666666666
1.881966011250105	1.0
-0.6180339887498948	0.0
-1.0	0.0
-4.3504990331477496	0.0
-1.0	0.0
-2.694776551648526	0.0
-1.5000000000000004	0.0
-2.246462669565888	0.0
-2.194776551648527	0.0
-0.6180339887498948	0.0
-3.290917882671375	0.0
-1.0	0.0
-2.302775637731995	0.0
-0.6180339887498948	0.0
-4.794000559896132	0.0
1.5	0.0
-1.5	0.0
1.5	0.0
-2.2655644370746373	0.0
-0.6180339887498948	0.0
-1.850781059358212	0.0
-1.5	0.0
-1.0	0.0
-2.118033988749895	0.0
-1.118033988749895	0.0
0.5	0.0
0.5	0.0
-1.118033988749895	0.0
-0.5000000000000002	0.0
-2.0	0.0
0.0	0.0
-0.6180339887498948	0.0
-0.6180339887498948	0.0
-0.6180339887498948	0.0
-1.3681509066830446	0.0
-1.2655644370746373	0.0
-1.0	0.0
-1.118033988749895	0.0
-0.5000000000000002	0.0
-1.5	0.0
-3.759973095800415	0.0
-0.8130990342636468	0.0
-0.2807764064044151	0.0
-1.9319381695348004	0.0
-1.6374586088176883	0.0
-0.2807764064044151	0.0
-0.2807764064044151	0.0
-0.2807764064044151	0.0
-0.5000000000000002	0.0
-1.0	0.0
-0.8130990342636468	0.0
-1.5	0.0
-0.0706680578276822	0.3333333333333333
-2.280776406404416	0.1666666666666666
1.7192235935955846	1.0
-1.243323654171336	0.3333333333333333
-1.0	0.0
-3.0000000000000013	0.0
-3.23606797749979	0.0
0.0	0.0
-1.4142135623730951	0.0
0.0	0.0
-0.2807764064044151	0.0
-2.0000000000000004	0.0
0.0	0.0
-0.2807764064044151	0.0
0.0	0.0
-0.5	0.0
-1.2320508075688772	0.0
-1.1108387087582563	0.0
-6.167447003997844	0.0
-1.7912878474779208	0.1666666666666666
-0.3027756377319951	0.3333333333333333
-0.3027756377319951	0.3333333333333333
-0.5	0.0
1.0	0.0
-1.0	0.0
-2.862995703936833	0.0
0.0	0.0
1.0	0.0
0.0	0.0
-0.2807764064044151	0.0
-0.8507810593582119	0.0
0.0	0.0
1.0	0.0
1.0	0.0
-0.4999999999999999	0.0
1.5	0.0
0.2192235935955848	0.0
-1.0	0.0
-0.2807764064044151	0.0
-2.0	0.0
-1.118033988749895	0.0
-0.8149066358459395	0.0
-2.302775637731995	0.0
-2.8780578053742114	0.0
-1.3507810593582124	0.0
1.0	0.0
-1.0	0.0
-1.118033988749895	0.0
-2.2716062078695844	0.0
-1.118033988749895	0.0
-2.8446208642107065	0.2666666666666666
2.0491001919386145	1.0
-3.163288256656376	0.0
2.0491001919386145	1.0
-1.2554101139656897	0.4
-3.4272028120353903	0.1904761904761904
0.2192235935955848	1.0
1.5	0.0
-1.1374586088176877	0.3333333333333333
-1.868150906683044	0.0
2.2192235935955846	1.0
2.2192235935955846	1.0
-0.54421784283079	0.0
-2.345533249891762	0.0
-1.886000936329382	0.2
1.0	1.0
-2.0906927924461547	0.2
0.0	0.0
-4.580620849179674	0.2
1.0	1.0
-0.7807764064044151	0.0
-2.2969269785875017	0.0
-0.1180339887498948	0.0
-3.766245410369909	0.0666666666666666
-2.0	0.0
-1.118033988749895	0.0
-0.8149066358459393	0.0
-2.8303459204320647	0.0
-1.118033988749895	0.0
-1.0	0.0
-0.9142135623730948	0.0
-1.0	0.0
1.0	0.0
-1.1947765516485276	0.0
-0.2807764064044151	0.0
0.0	0.0
-1.8284271247461883	0.0
0.2192235935955848	0.0
-1.4142135623730951	0.0
1.5	0.0
-2.2122144504490246	0.0
-0.7807764064044151	0.0
-0.6180339887498948	0.0
-0.7807764064044151	0.0
-1.954757983077976	0.0
-1.5	0.0
-3.641097088171256	0.0
-4.301507973881087	0.1333333333333333
-2.280776406404416	0.0
-1.618033988749895	0.0
-2.672059038668613	0.0
-2.095741251714363	0.0
-1.1947765516485276	0.0
-1.5	0.0
-2.5894541729001364	0.0
0.5	0.0
0.5	0.0
0.5	0.0
-1.9142135623730951	0.0
-3.872281323269014	0.0
-0.2807764064044151	0.0
-0.5000000000000002	0.0
-2.476382192388678	0.0
-0.5	0.0
1.0	0.0
-1.7807764064044151	0.0
-1.4547579830779758	0.0
-0.2807764064044151	0.0
-1.2320508075688772	0.0
-0.2807764064044151	0.0
-0.1180339887498948	0.0
1.5	0.0
-0.5000000000000002	0.0
-2.2368919652527417	0.0
-0.5	0.0
1.5	0.0
0.2192235935955848	0.0
-0.2807764064044151	0.0
-0.6180339887498948	0.0
-0.8149066358459393	0.0
0.0	0.0
-1.850781059358212	0.0
-0.2807764064044151	0.0
0.0	0.0
-0.5000000000000002	0.0
-0.6180339887498948	0.0
0.0	0.0
-1.0	0.0
-0.2807764064044151	0.0
-2.0615528128088303	0.0
0.0	0.0
-1.4999999999999998	0.0
-1.9252923551349608	0.1666666666666666
-1.368150906683044	0.0
-1.0	0.0
0.0	0.0
-1.2776924566833066	0.4
0.1139990636706173	1.0
-4.379601409426371	0.2142857142857142
0.3175851358490612	0.5
-1.5	0.0
1.5	0.0
-0.8507810593582125	0.0
2.0	0.0
1.5	0.0
-0.8507810593582119	0.0
-3.3636729779454746	0.0
-1.3149066358459396	0.0
1.5	0.0
-0.5	0.0
-1.5000000000000004	0.0
-0.0181986993263412	0.3333333333333333
-0.0181986993263422	0.3333333333333333
-1.1845012679009304	0.3333333333333333
-0.7807764064044151	0.0
-0.1180339887498948	0.0
1.5	0.0
0.0	0.0
-3.530635685270934	0.0
-0.5	0.0
1.440090431819832	0.6666666666666666
-4.243976066412007	0.238095238095238
1.5237258500449815	0.5
-0.1180339887498948	0.0
-3.872281323269014	0.0
1.5	0.0
-1.618033988749895	0.0
0.0	0.0
-2.260398644698073	0.0
-1.6374586088176877	0.0
-0.1180339887498948	0.0
-0.7807764064044151	0.0
-3.2411541822810195	0.0
-0.6180339887498948	0.0
-1.3860009363293828	0.0
0.2192235935955848	0.0
-1.350781059358212	0.0
-1.0	0.0
0.5	0.0
-2.82114425417229	0.1666666666666666
-1.0	0.0
-4.057936405309192	0.0476190476190476
-1.0	0.0
-3.547779656933156	0.1428571428571428
-2.7311010799104807	0.1428571428571428
-0.6464756903480907	0.3333333333333333
-2.5615528128088294	0.1666666666666666
-2.78009756308834	0.2
-2.7040897035169698	0.3333333333333333
-1.350781059358212	0.3333333333333333
-3.204089703516972	0.0
-3.0229128357679595	0.0
-3.1154811080007225	0.0
-2.499999999999999	0.1
-4.548963438773857	0.1071428571428571
-2.1374586088176875	0.3333333333333333
-6.344644099098027	0.0555555555555555
1.0	0.0
-4.462174202679911	0.2777777777777778
-4.213986645359687	0.25
-3.44040973881896	0.25
-2.4701034551181587	0.2666666666666666
-3.2727276024289043	0.2
0.7387223502733481	1.0
-2.1564608113818147	0.4
-3.785142481829786	0.0
-0.2807764064044151	0.0
-7.011190790721789	0.0
-7.250647000304014	0.0151515151515151
-1.802775637731996	0.0
-2.102083639387502	0.1
-1.3860009363293833	0.0
-1.5	0.0
1.0	0.0
1.0	0.0
-3.302775637731995	0.0
-0.8149066358459393	0.0
-0.7807764064044151	0.0
-1.0	0.0
1.0	0.0
1.0	0.0
-0.8149066358459398	0.0
-0.1180339887498948	0.0
-1.0000000000000004	0.0
-0.8507810593582119	0.0
-1.0	0.0
-0.1180339887498948	0.0
-0.1180339887498948	0.0
-0.8507810593582119	0.0
-0.1180339887498948	0.0
-0.1180339887498948	0.0
1.5	1.0
1.5	1.0
0.0	0.0
-2.7740336601032607	0.0
-0.1180339887498948	0.0
1.5	0.0
-1.6947765516485274	0.0
0.5857864376269051	1.0
-1.2460638942197813	0.3333333333333333
-3.4494897427831765	0.3333333333333333
-7.3006576893674335	0.1666666666666666
1.0	0.0
-1.5	0.0
-1.5	0.0
-1.0	0.0
-2.6137146822178567	0.3333333333333333
1.0	0.0
-0.8507810593582119	0.0
-0.2807764064044151	0.0
-0.2807764064044151	0.0
0.0	0.0
-2.22694325014336	0.0
-1.814906635845939	0.0
-2.7832878144778874	0.0
-2.0	0.0
-3.54138126514911	0.0
-1.0	0.0
-1.9142135623730951	0.0
-2.5	0.0
-5.7742972868741855	0.0
-3.2655644370746373	0.0
-1.3149066358459391	0.0
-0.6697690136831081	0.1666666666666666
-0.3284271247461895	0.3333333333333333
-1.0308510700152167	0.1666666666666666
-1.8344475079282505	0.0
-1.8344475079282505	0.0
-1.5	0.0
-6.204276718422664	0.0
-2.5	0.0
-3.350781059358212	0.0
-3.201562118716426	0.0
-2.5	0.0
-2.5	0.0
-1.2807764064044151	0.0
-1.4999999999999996	0.1666666666666666
-5.145055978888445	0.0
-1.386000936329383	0.0
-3.449489742783178	0.0
0.5	0.0
-0.6180339887498948	0.0
-2.2464626695658887	0.0
-0.1180339887498948	0.0
1.5	0.0
-2.925638495865787	0.3333333333333333
-0.5	0.0
-2.915256372813687	0.0666666666666666
-0.2807764064044151	0.0
-0.4999999999999999	0.0
0.0	0.0
-2.999999999999999	0.0
0.5	0.0
-2.881212826652559	0.0
0.5	0.0
-3.1100295554369985	0.0666666666666666
-2.0	0.0
-5.292811719615813	0.0
-3.414213562373095	0.0
-2.0	0.0
-2.0	0.0
-2.0	0.0
-2.0	0.0
-2.0	0.0
-5.254579687433557	0.0
-2.0	0.0
-1.0000000000000002	0.0
1.0	0.0
-1.1861406616345074	0.3333333333333333
-2.7912878474779195	0.0
-2.0837826316139365	0.0
-2.104524884860787	0.0
1.0	0.0
-2.0837826316139365	0.0
-0.5	0.0
1.0	0.0
-1.6751308705666463	0.0
-0.8507810593582119	0.0
-0.5	0.0
-1.7320508075688767	0.0
-1.118033988749895	0.0
-2.812747729089301	0.0666666666666666
-3.1554423815498307	0.0
-0.5	0.0
0.1277186767309852	0.6666666666666666
-2.0	0.0
-1.4241085387947428	0.0
-1.1423655009735116	0.1666666666666666
0.8819660112501052	1.0
-2.785142481829785	0.0
-1.100736169109621	0.0
-2.932262023883775	0.0666666666666666
-1.5	0.0
-0.2807764064044151	0.0
-0.2807764064044151	0.0
-1.118033988749895	0.0
-1.0	0.0
-1.118033988749895	0.0
-2.104524884860786	0.0
0.0	0.0
-1.802775637731995	0.0
-1.6374586088176883	0.0
-1.0000000000000004	0.0
-1.2469796037174672	0.0
-1.3149066358459396	0.0
-1.0000000000000002	0.0
1.0	0.0
-0.8732841234978586	0.0
-4.504341593312176	0.0
-4.918374210572543	0.0
-2.0	0.0
-1.3027756377319957	0.0
-1.7464626695658876	0.0
0.2192235935955848	0.0
0.0	0.0
1.5	0.0
-2.7655644370746373	0.0
-0.2807764064044151	0.0
0.5	1.0
-5.921511202447651	0.1666666666666666
-0.8507810593582119	0.0
-0.2807764064044151	0.0
-4.534968806527105	0.0
-2.802775637731994	0.0
-4.58730716370171	0.0
-4.914242762669446	0.0
0.0	0.0
0.0	0.0
0.0	0.0
1.5	0.0
-0.6180339887498948	0.0
-0.2807764064044151	0.0
0.5	0.0
0.5	0.0
-1.791287847477919	0.0
-1.3149066358459396	0.0
-2.686140661634508	0.0
-6.163542496099145	0.0
-1.1646369215306591	0.0
-2.1732828825646004	0.0
-1.7516538173274874	0.0
-1.6947765516485267	0.0
-1.7320508075688776	0.0
0.5	0.0
-1.0	0.0
0.5	0.0
-1.1626948996338935	0.1666666666666666
-2.0837826316139365	0.0
1.0	0.0
-0.7807764064044151	0.0
1.0	0.0
-0.7807764064044151	0.0
-0.2807764064044151	0.0
-2.802775637731995	0.0
-0.5000000000000002	0.0
1.0	0.0
-1.675130870566646	0.0
1.0	0.0
1.5	0.0
-0.1180339887498948	0.0
1.5	0.0
-0.5	0.0
1.0	0.0
0.0	0.0
0.5	0.0
1.2192235935955849	1.0
-1.205690910998804	0.1666666666666666
-2.781765323202342	0.2
0.0	0.0
-2.3574603792106386	0.1
0.5	0.0
-2.8054846769724144	0.0
0.5	0.0
0.0	0.0
0.0	0.0
0.0	0.0
-0.3507810593582124	0.0
1.0	0.0
1.0	0.0
-1.9142135623730951	0.0
0.5	0.0
-2.1457513110645907	0.0
-1.0	0.0
-1.0	0.0
-1.0	0.0
-1.0	0.0
-1.0	0.0
0.0	0.0
-0.2807764064044151	0.0
-0.2807764064044151	0.0
0.5	0.0
-0.6180339887498948	0.0
0.5	0.0
-1.6751308705666468	0.0
-1.6751308705666454	0.0
1.0	0.0
-0.854888188444278	0.4666666666666667
-0.7807764064044151	0.0
1.5	0.0
-0.5	0.0
-3.273055786629424	0.0
-1.0	0.0
-1.0	0.0
-1.0	0.0
-3.0556074697672986	0.0476190476190476
0.0	0.0
1.5	0.0
-0.1180339887498948	0.0
1.5	0.0
1.1139990636706172	1.0
-2.6342070131183304	0.3333333333333333
0.8954751151392131	0.6666666666666666
-0.1180339887498948	0.0
1.5	0.0
-1.3149066358459391	0.0
1.0	0.0
-1.0000000000000002	0.0
-2.2320508075688776	0.0
-1.0	0.0
-1.5000000000000002	0.0
-0.2807764064044151	0.0
-0.2807764064044151	0.0
-1.386000936329383	0.0
-4.041614812331341	0.0666666666666666
1.5	0.0
-1.0	0.0
-1.0	0.0
-0.8149066358459393	0.0
1.0	0.0
-0.7807764064044151	0.0
1.5	0.0
-0.1180339887498948	0.0
-0.6180339887498948	0.0
-3.541381265149109	0.1666666666666666
-2.302775637731995	0.0
-0.5	0.0
-0.5	0.0
1.5	0.0
-1.886000936329383	0.0
-1.350781059358212	0.0
-1.0000000000000004	0.0
-0.8507810593582119	0.0
-2.0837826316139365	0.0
1.0	0.0
-1.3027756377319957	0.0
-0.6180339887498948	0.0
-1.4142135623730951	0.0
-0.6180339887498948	0.0
-0.6180339887498948	0.0
-4.014807368942586	0.0
-0.2807764064044151	0.0
0.0	0.0
-0.2807764064044151	0.0
1.0	0.0
-1.6045248848607865	0.0
-2.104524884860786	0.0
1.0	0.0
0.5	0.0
-0.2807764064044151	0.0
-0.4999999999999995	0.3333333333333333
-0.5	0.0
-1.0139851829089723	0.3333333333333333
-2.833542631963856	0.2
1.4999999999999996	0.6666666666666666
-1.0000000000000004	0.0
0.5	0.0
-0.7807764064044151	0.0
0.0	0.0
-0.2807764064044151	0.0
-4.656665104491034	0.1333333333333333
-1.3130990342636473	0.0
-6.072401800083826	0.1333333333333333
0.8248691294333539	0.6666666666666666
-1.2807764064044151	0.0
0.5	0.0
0.5	0.0
1.0	0.0
-2.1632882566563745	0.0
0.2192235935955848	0.0
1.5	0.0
-1.4142135623730951	0.0
1.5	0.0
0.2192235935955848	0.0
-0.8507810593582119	0.0
-0.2807764064044151	0.0
-0.7807764064044151	0.0
-0.5000000000000003	0.0
1.0	0.0
-0.5	0.0
-0.5	0.0
-0.8507810593582119	0.0
-1.3149066358459396	0.0
-1.4142135623730951	0.0
-0.2807764064044151	0.0
-2.42214438511238	0.0
-1.0	0.0
0.0	0.0
1.5	0.0
2.0	0.0
-0.8507810593582119	0.0
-0.5	0.0
-2.688211260645806	0.2666666666666666
-0.5706680578276819	0.0
-0.2807764064044151	0.0
-0.8507810593582124	0.0
-2.7655644370746373	0.0
-1.5	0.0
-3.765564437074637	0.0
-1.7807764064044151	0.0
-0.5	0.0
-1.7807764064044151	0.0
-1.4142135623730951	0.0
0.0	0.0
1.5	0.0
-0.1180339887498948	0.0
-5.445577583132266	0.0181818181818181
-0.5	0.0
-1.7320508075688767	0.0
1.0	0.0
-0.6180339887498948	0.0
0.4999999999999999	1.0
-4.21338281453756	0.0666666666666666
-0.8149066358459393	0.0
-1.850781059358212	0.0
-2.7655644370746373	0.0
-4.3523496040431136	0.0476190476190476
-0.8149066358459393	0.0
-0.2807764064044151	0.0
1.0	0.0
-1.5000000000000004	0.0
0.0	0.0
0.0	0.0
-0.6180339887498948	0.0
0.0	0.0
0.0	0.0
-1.0	0.0
-0.6180339887498948	0.0
0.0	0.0
0.0	0.0
0.0	0.0
-1.9075364531836616	0.0
-1.5	0.0
-1.0	0.0
-1.8149066358459391	0.0
-1.0	0.0
-1.7320508075688776	0.0
0.0	0.0
-1.8322650590218743	0.0
-1.5	0.0
-0.6180339887498948	0.0
1.0	0.0
-2.533546227907764	0.0
-2.0	0.0
-1.850781059358212	0.0
-1.9142135623730951	0.0
-1.8027756377319943	0.0
-0.5	0.0
-6.5	0.0
-6.5	0.0
-6.5	0.0
-0.1012820743040996	0.7333333333333333
1.5	0.0
-2.033546227907764	0.0
-0.5	0.0
1.0	0.0
-2.302775637731994	0.3333333333333333
-7.3496918539698015	0.0444444444444444
-0.7320508075688773	0.0
-0.5	0.0
-1.765564437074638	0.0
-2.9295339808362835	0.0
0.4999999999999999	1.0
-0.5	0.0
1.0	0.0
1.0	0.0
-1.555046035511408	0.0
0.0	0.0
-4.048518997260088	0.0666666666666666
-4.451884411809382	0.0476190476190476
-5.44873951317048	0.1111111111111111
-1.5706680578276822	0.0
-1.5550460355114075	0.0
-1.8869386772391383	0.1666666666666666
-3.76617847113962	0.1
-2.449489742783178	0.0
-1.3007191035584202	0.3333333333333333
-0.1180339887498948	0.0
-5.835404218032629	0.0714285714285714
-1.1434952208181797	0.3333333333333333
1.0	0.0
-5.862790607621149	0.0357142857142857
-6.439228166182395	0.0606060606060606
-2.2655644370746373	0.0
-3.551047760668398	0.3333333333333333
-2.350781059358212	0.0
-2.958996755345825	0.0
-4.607789579819511	0.1
0.0	0.0
-1.0	0.0
-3.0000000000000018	0.0
-1.0	0.0
-0.5	0.0
-2.81490663584594	0.0
-6.470088142094761	0.0
0.5154691752368188	1.0
0.5154691752368188	1.0
-4.026819705564072	0.2222222222222222
-1.1861406616345072	0.0
-0.1180339887498948	0.0
-2.5	0.0
-0.4999999999999999	1.0
-1.0	0.0
-2.213611068614579	0.0
-0.2807764064044151	0.0
-1.0	0.0
0.0	0.0
-0.5	0.0
-2.899863582735964	0.0
-1.0	0.0
-2.958996755345825	0.0
-1.0	0.0
-2.302775637731995	0.0
-1.0	0.0
-2.414213562373095	0.0
-3.618033988749895	0.0
-1.0	0.0
-1.0	0.0
-0.6180339887498948	0.0
-3.026469686836708	0.1333333333333333
0.0	0.0
0.0	0.0
-1.0	0.0
-0.5	0.0
-0.8149066358459393	0.0
-0.5	0.0
1.0	0.0
-1.6947765516485276	0.0
-1.7807764064044151	0.0
-2.06155281280883	0.0
-1.618033988749895	0.0
-1.4142135623730951	0.0
-2.280776406404416	0.0
-0.5	0.0
-3.4999999999999987	0.0
-1.9142135623730951	0.0
-1.1947765516485276	0.0
-0.5	0.0
-0.5	0.0
0.5	0.0
-2.2320508075688767	0.1666666666666666
0.0	0.0
-0.6180339887498948	0.0
-0.6180339887498948	0.0
-3.15036762718386	0.0
0.0	0.0
0.0	0.0
0.0	0.0
0.0	0.0
-5.46432370699376	0.0888888888888888
-2.7974279671828364	0.0
-0.7360679774997896	1.0
-2.5825522731443025	0.1333333333333333
-0.7360679774997896	1.0
-3.212214450449026	0.0
-2.5	0.0
-2.028184319250422	0.3333333333333333
-3.646796914779974	0.1904761904761904
-1.2320508075688772	0.0
-0.2807764064044151	0.0
-2.9694219882390254	0.0
-0.2807764064044151	0.0
-2.296926978587502	0.0
0.0	0.0
-2.0	0.0
-0.5	0.0
0.0	0.0
-2.479030422228564	0.1
-0.5	0.0
-0.5000000000000002	0.0
-1.5	0.0
0.7877855495509727	1.0
-2.1239596771421767	0.2666666666666666
-1.7949182916979098	0.3
-2.643933042735554	0.3333333333333333
0.0	0.0
-1.60073616910962	0.0
-2.389703280673852	0.0
-2.715198259262228	0.0
-1.0	0.0
-0.2807764064044151	0.0
-4.500000000000001	0.0
-3.2655644370746373	0.0
-1.5	0.0
0.0	0.0
-6.181206628696884	0.0
-1.0	0.0
-1.350781059358212	0.0
-1.6751308705666468	0.0
1.0	0.0
-1.5	0.0
-1.8027756377319943	0.0
-1.5000000000000004	0.0
-1.850781059358212	0.0
-2.838573305375471	0.0
0.5	0.0
-1.822011140773529	0.0
0.5	0.0
1.5	0.0
-1.350781059358212	0.0
0.5	0.0
-1.4296664994307866	0.1666666666666666
1.0	0.0
-2.5697049797528173	0.0
1.0	0.0
-1.194776551648528	0.0
-0.5	0.0
-0.5	0.0
1.0	0.0
-0.8507810593582119	0.3333333333333333
-2.8219518358614963	0.2888888888888888
-1.7552060747321567	1.0
-4.528971451076421	0.2727272727272727
-2.58276253029822	1.0
-2.58276253029822	1.0
-1.7796038603341742	0.5
-3.993344745187088	0.2727272727272727
-2.0	0.0
-2.752795449884541	0.3214285714285714
-7.623105625617661	0.0
-3.4295339808362835	0.0
-1.3574548552032244	0.5
-4.052343178074636	1.0
-4.832716804314783	0.3333333333333333
1.0	0.0
-3.0000000000000004	0.0
-7.0	0.0
-9.350281708261829	0.3
-5.14005494464026	1.0
-4.109772228646444	1.0
-6.405124837953327	0.0
-6.405124837953327	0.0
-6.405124837953327	0.0
-7.07128559550933	0.3
-1.0	0.0
-4.728544444488212	0.0476190476190476
-4.330659434007151	0.1
-2.0	0.0
-1.0	0.0
0.0	0.0
-2.0	0.0
2.2192235935955846	1.0
2.2192235935955846	1.0
0.5	0.0
-1.637458608817688	0.1666666666666666
-1.5	0.0
-3.889805816458417	0.25
1.5	0.0
0.2192235935955848	0.0
1.5	1.0
-1.6423763092986183	0.4
1.5	1.0
0.5	0.0
-1.5786871752441112	0.1666666666666666
0.5	0.0
1.0	0.0
0.0	0.0
-1.540727504864412	0.4
0.8819660112501052	1.0
-2.4537385635507136	0.5
-1.5382242618742847	0.1666666666666666
-2.150059906688522	0.2857142857142857
-1.0	0.0
-0.2807764064044151	0.0
-1.0	0.0
-0.6180339887498948	0.0
-2.460504870018764	0.0
-0.9142135623730948	0.0
-2.83430860243793	0.0
1.5	0.0
-2.694776551648526	0.0
-1.2807764064044151	0.0
-1.0	0.0
-1.350781059358212	0.0
-0.2807764064044151	0.0
-1.0000000000000002	0.0
-0.5	0.0
-2.7969269785875017	0.0
-1.0	0.0
-0.5	0.0
-0.8507810593582124	0.0
-0.5000000000000003	0.0
1.0	0.0
0.5	0.0
-2.3117376914899	0.0
0.5	0.0
0.5	0.0
0.5	0.0
-1.6732828825646	0.0
-1.3860009363293833	0.0
-0.6180339887498948	0.0
-1.802775637731995	0.0
-0.7807764064044151	0.0
-0.6180339887498948	0.0
-4.204268589223755	0.0
-3.953478832354338	0.0
-1.5	0.0
-1.5	0.0
-1.5	0.0
-1.5	0.0
-2.6274726286842145	0.0
-1.5	0.0
-1.5	0.0
-1.0	0.0
0.0	0.0
-1.0706680578276822	0.0
-1.0	0.0
-0.8507810593582128	0.3333333333333333
-1.4142135623730951	0.0
1.0	0.0
-1.0	0.0
-1.79128784747792	0.0
-4.943302907021932	0.1666666666666666
-3.686170076215309	0.0666666666666666
-1.350781059358212	0.0
-2.4361329389324013	0.0
-3.275651322676949	0.1
-2.760398644698073	0.0
-1.118033988749895	0.0
-2.441954796714206	0.2
-1.0382297601353248	0.2
-5.152297531639135	0.0666666666666666
-2.357591144574096	0.1
0.0	0.0
-2.246462669565886	0.0
-1.118033988749895	0.0
1.0	1.0
-0.6180339887498948	0.0
-1.1401385757661195	0.3333333333333333
-0.1457513110645905	0.6666666666666666
-2.42917651721775	0.2
0.5	0.0
0.0	0.0
-0.6180339887498948	0.0
-1.850781059358212	0.0
1.381966011250105	1.0
-0.6434952208181803	0.3333333333333333
-1.0	0.0
-0.5	0.0
-1.4142135623730951	0.0
0.0	0.0
-0.2807764064044151	0.0
-0.6180339887498948	0.0
-0.5	0.0
-1.350781059358212	0.3333333333333333
1.0	0.0
-1.4142135623730951	0.0
-1.350781059358212	0.0
-1.0000000000000004	0.0
-0.8019377358048385	0.0
1.0	0.0
-0.6180339887498948	0.0
-1.4999999999999996	0.0
0.0324488780193049	1.0
-0.5	0.0
0.1061445492728151	1.0
0.1061445492728151	1.0
-1.862185735276925	0.0
-2.807436229901649	0.0
0.5	0.0
0.5	0.0
-1.1947765516485276	0.0
-4.212214450449026	0.0
1.0	0.0
0.0	0.0
-1.850781059358212	1.0
-1.0	0.0
-3.5	0.0
1.0	0.0
-3.000000000000001	0.0
0.5	0.0
1.2679491924311213	1.0
1.2679491924311213	1.0
1.2679491924311213	1.0
-0.6180339887498948	0.0
-0.6180339887498948	0.0
-2.1720590386686145	0.0
1.0	0.0
-1.302775637731995	0.0
0.6267158765021407	0.3333333333333333
-2.870831290560856	0.0666666666666666
1.5	0.0
-1.14349522081818	0.3333333333333333
-2.0	0.0
-2.405688050281255	0.0
-2.0695867221556257	0.1666666666666666
-5.74170238371238	0.0357142857142857
0.5	0.0
0.0	0.3333333333333333
-0.4142135623730953	0.0
1.5	0.0
-1.2320508075688776	0.0
-2.7539136734222995	0.3333333333333333
-2.280776406404416	0.0
0.5	0.0
-1.5	0.0
0.2102793738609867	0.6666666666666666
-2.999999999999999	0.0666666666666666
1.0	0.0
-1.5615528128088303	0.0
-3.2655644370746373	0.0
-2.5	0.0
-3.23606797749979	0.0
-2.5	0.0
-3.8771371898193454	0.0
-2.5	0.0
0.0	0.0
-0.2807764064044151	0.0
0.0	0.0
0.0	0.0
-1.0	0.0
-0.3507810593582122	0.0
-2.89978399263938	0.0476190476190476
1.0	0.0
-1.618033988749895	0.0
-2.6720590386686145	0.0
-1.2320508075688772	0.0
1.0	0.0
-5.766483544048979	0.0
-4.199089459123344	0.0
-2.0	0.0
-0.5	0.0
-1.4142135623730951	0.0
-0.7320508075688773	0.0
1.0	0.0
1.0	0.0
-1.850781059358212	0.0
-1.850781059358212	0.0
-1.0	0.0
-4.759527433383527	0.0
-1.118033988749895	0.0
-2.0000000000000004	0.0
1.5	0.0
-4.489323564370102	0.0357142857142857
-2.2655644370746373	0.0
-0.7194257160478865	0.3333333333333333
-1.926121521416348	0.1666666666666666
-2.350781059358212	0.0
-2.2655644370746373	0.0
-4.881199630519426	0.0357142857142857
-1.5	0.0
-1.8677447491079333	0.0
-4.153311931459037	0.0
-0.5	0.0
-0.5	0.0
-0.5	0.0
-0.5	0.0
-0.5	0.0
-4.385935483432013	0.0
1.0	0.0
-1.3027756377319957	0.0
-1.850781059358212	0.0
0.5	0.0
0.5	0.0
-0.5550460355114074	0.3333333333333333
-3.826978442082871	0.1
1.0	0.0
-1.1049109623857278	0.1666666666666666
0.0	0.0
-1.4142135623730951	0.0
-0.2807764064044151	0.0
1.0	0.0
-1.302775637731995	0.0
0.5	0.0
0.5	0.0
1.0	0.0
-0.8149066358459396	0.0
0.0	0.0
-0.4999999999999999	0.0
-1.118033988749895	0.0
-0.5	0.0
1.0	0.0
-2.6937896639529924	0.0
1.0	0.0
-2.0	0.0
-1.6947765516485276	0.0
-1.350781059358212	0.0
1.5	0.0
-3.745313226736275	0.0666666666666666
-0.8149066358459393	0.0
-1.675130870566646	0.0
1.0	0.0
-2.104524884860786	0.0
-0.1180339887498948	0.0
1.5	0.0
-3.665121766506535	0.0
-1.2594083466361488	0.0
-0.1180339887498948	0.0
-0.4142135623730953	0.0
1.0	0.0
-2.9295339808362835	0.0
-0.6180339887498948	0.0
0.0	0.0
-1.9296998826800948	0.1
0.0	0.3333333333333333
0.0	0.0
0.0	0.0
0.0	0.0
0.0	0.0
0.0	0.0
0.0	0.0
1.5	0.0
-0.1180339887498948	0.0
-0.2807764064044151	0.0
-1.1947765516485274	0.0
0.0	0.0
1.5	0.0
1.0	0.0
-1.3860009363293824	0.0
-1.3860009363293826	0.0
-1.4142135623730951	0.0
-3.4900890388763504	0.0666666666666666
-0.2807764064044151	0.0
-0.5	0.0
-5.745957543507178	0.0
-3.5084151058338406	0.0952380952380952
-1.0000000000000004	0.0
-0.8149066358459393	0.0
-0.5000000000000007	0.0
1.0	0.0
-0.2807764064044151	0.0
-2.802775637731995	0.0
-0.2807764064044151	0.0
0.0	0.0
-1.9142135623730951	0.0
-3.3846515013816982	0.0476190476190476
-0.6861406616345073	0.0
-0.2807764064044151	0.0
-0.5000000000000002	0.0
-0.2807764064044151	0.0
-1.8793852415718164	0.0
-2.417704919011367	0.0
-2.0	0.0
-0.6861406616345073	0.0
-1.3130990342636468	0.0
1.0000000000000002	0.3333333333333333
-1.8568295422033751	0.1666666666666666
1.1208471303941043	0.0
-1.618033988749895	0.0
-1.3507810593582124	0.0
-7.473198599169284	0.0
1.0	0.0
-2.350781059358212	0.0
1.5	0.0
-0.1180339887498948	0.0
-0.8507810593582114	0.3333333333333333
-3.0	0.0
-0.8507810593582125	0.3333333333333333
-1.0000000000000004	0.0
-0.5550460355114082	0.3333333333333333
-4.085996164298287	0.1666666666666666
-1.359815523385005	0.1666666666666666
-0.5210127632816021	0.3333333333333333
1.7192235935955846	1.0
-2.0	0.0
-1.0	0.0
-0.2807764064044151	0.0
-2.328427124746189	0.0
-0.2807764064044151	0.0
-3.73606797749979	0.0
-1.3149066358459396	0.0
0.5	0.0
-4.377137189819346	0.0
-2.2433236541713346	0.3333333333333333
1.0	0.0
-3.395965944463262	0.3333333333333333
1.0	0.0
-2.5141369293352898	0.0
-1.5	0.0
1.0	0.0
-1.8322650590218752	0.0
-1.0	0.0
1.0	0.0
-7.706056900399753	0.0
-6.5	0.0
0.5	0.0
-1.4999999999999996	0.0
1.0	0.0
-7.706056900399753	0.0
-1.0	0.0
0.5	0.0
1.0	0.0
1.0	0.0
-1.0	0.0
-1.896674102817707	0.0
-1.0	0.0
-1.0	0.0
0.0	0.0
-1.6947765516485267	0.0
1.5	0.0
0.2192235935955848	0.0
-2.233414335326493	0.0
0.5	0.0
-1.5	0.0
-0.7807764064044151	0.0
-3.075697828362066	0.0476190476190476
-2.499999999999999	0.1
-0.3027756377319951	0.3333333333333333
-0.3027756377319951	0.3333333333333333
-1.9297616943076088	0.0
-1.850781059358212	0.0
0.0	0.0
1.2856802566224628	1.0
-1.0134980014936938	0.5
-3.9924562181699	0.2142857142857142
-2.1791284194669203	0.2
-0.5	0.0
-0.5	0.0
0.5	0.0
-0.8749430264106605	0.4
-2.4092128228352485	0.1666666666666666
-3.869495457023836	0.1944444444444444
-0.7655644370746374	1.0
-0.5	0.0
1.0	0.0
-1.7734866112132268	0.3333333333333333
-3.898547857138426	0.1428571428571428
-0.5615528128088303	1.0
-7.226761290207573	0.0833333333333333
-0.8677447491079342	0.3333333333333333
-1.5861301976514937	0.3333333333333333
-1.0	0.0
-2.802775637731996	0.0
-1.850781059358212	0.0
-0.9297616943076096	0.0
-5.25779711398236	0.0714285714285714
0.4999999999999999	0.0
-2.8506862394577053	0.2
0.0	0.0
0.5	0.0
-1.3681509066830442	0.0
-1.1374586088176877	0.0
1.0	0.0
1.0	0.0
0.0	0.0
-2.672059038668614	0.0
-3.23606797749979	0.0
1.5	0.0
-0.7807764064044151	0.0
-0.2807764064044151	0.0
-1.850781059358212	0.0
-3.712214450449026	0.0
-3.559724146652629	0.0476190476190476
0.2867518487473904	0.3333333333333333
-0.0615528128088302	0.3333333333333333
-0.8130990342636474	0.0
-3.0894541729001364	0.1666666666666666
1.0	0.0
-0.5	0.0
-3.8905736723917927	0.0
1.5	0.0
1.999999999999999	1.0
1.999999999999999	1.0
1.999999999999999	1.0
-1.0	0.0
-1.850781059358212	0.0
-1.0	0.0
1.0	0.0
-1.0	0.0
0.2192235935955848	0.0
-0.6180339887498948	0.0
1.5	0.0
1.0	0.0
-4.819410630461816	0.0
-0.2807764064044151	0.0
-1.6374586088176872	0.0
-0.2807764064044151	0.0
-0.5000000000000002	0.0
-0.2807764064044151	0.0
-1.433330309333535	0.0
-1.3149066358459396	0.0
-1.6947765516485274	0.0
-2.845974787805881	0.0
-0.9297616943076096	0.0
-3.324303487334963	0.0
-1.4142135623730951	0.0
-2.06155281280883	0.0
-1.4142135623730951	0.0
-1.4142135623730951	0.0
0.5	0.0
0.2192235935955848	0.0
-2.0000000000000004	0.0
-0.7807764064044151	0.0
-2.390194776360878	0.2
-2.8072217793238603	0.0
-2.1796198053382936	0.2
-2.068230702773874	0.1
-3.3905570998731203	0.0666666666666666
-1.3130990342636468	0.0
-0.8507810593582119	0.0
-0.2807764064044151	0.0
-1.118033988749895	0.0
-4.869211135987691	0.0476190476190476
-2.476382192388678	0.0
-2.760398644698076	0.1
-1.850781059358212	0.0
-4.450889483721035	0.1428571428571428
-4.233682636977969	0.0
1.0	0.0
-1.194776551648528	0.0
1.5	0.0
-0.5	0.0
1.0	0.0
-2.083782631613936	0.0
1.0	0.0
-1.0000000000000002	0.0
1.0	0.0
-1.6464756903480902	0.0
-0.5	0.0
-1.3149066358459396	0.0
-0.5000000000000002	0.0
-1.8104097264191568	0.0
0.5	0.0
-1.5	0.0
-0.7807764064044151	0.0
0.0	0.0
-0.2807764064044151	0.0
-0.2807764064044151	0.0
-0.2807764064044151	0.0
0.0	0.0
1.0	0.0
-1.579286048605628	0.4
-3.0	0.0
-2.038386603264436	0.3
-1.4142135623730951	0.0
-0.5	0.0
-0.8288721819710796	0.3333333333333333
1.2344355629253627	1.0
1.0	0.0
-2.0	0.0
-2.7912878474779195	0.0
-2.866198262509021	0.0
-2.414213562373095	0.0
-1.0	0.0
-1.320566316588675	0.1666666666666666
1.5	1.0
-1.8745085014720304	0.1666666666666666
-1.5191381389143692	0.1666666666666666
0.0	0.0
0.0	0.0
0.0	0.0
-0.2807764064044151	0.0
0.0	0.0
-1.4142135623730951	0.0
-1.720759452653798	0.2
-1.0	0.0
-2.3617900513445456	0.2
-1.986701838524056	0.2
-0.4241085387947427	0.3333333333333333
-1.3027756377319948	0.0
1.0	0.0
0.5	0.0
-3.444939814246516	0.0
-0.3507810593582124	0.0
1.0	0.0
1.0	0.0
-0.5	0.0
-1.3860009363293833	0.1666666666666666
-0.4142135623730951	0.3333333333333333
-2.2403636367293527	0.1666666666666666
1.0	0.0
0.5	0.0
-2.118033988749895	0.0
-1.3149066358459396	0.0
-0.7807764064044151	0.0
-3.872281323269015	0.0
-0.5	0.0
-0.2807764064044151	0.0
-2.0957412517143625	0.0
-2.0	0.0
-0.8507810593582128	0.3333333333333333
-1.0	0.0
1.0	0.0
-2.655442381549829	0.0
0.1492189406417878	1.0
-1.449489742783178	0.3333333333333333
-3.7073974897850137	0.1785714285714285
-2.302752899915798	0.1333333333333333
-3.099240732405408	0.3333333333333333
-1.3677447491079335	0.3333333333333333
-4.93902948996635	0.1071428571428571
-2.54001402613458	0.1666666666666666
-4.179757729474256	0.0
-1.4142135623730951	0.0
-1.7807764064044151	0.0
-0.5	0.0
-1.350781059358212	0.0
-4.275285075736786	0.0
-0.5	0.0
-3.712214450449026	0.0
0.0	0.0
-6.667222140455769	0.0
-2.302775637731995	0.0
-0.6180339887498948	0.0
-0.6180339887498948	0.0
-0.6180339887498948	0.0
2.0	0.0
-4.0	0.0
-4.0	0.0
-1.637458608817688	0.3333333333333333
-0.5000000000000004	0.3333333333333333
-2.4075364531836616	0.0
-0.5	0.0
1.0	0.0
1.0	0.0
-1.137458608817688	0.0
-1.0	0.0
-1.767130755094192	0.1666666666666666
1.0	0.0
-0.2807764064044151	0.0
-3.0	0.0
-1.0	0.0
-0.9297616943076096	0.0
-3.2655644370746373	0.0
-1.118033988749895	0.0
-0.8507810593582119	0.0
-1.5	0.0
-0.7807764064044151	0.0
-4.805717000786221	0.0
-3.5285586289917528	0.0
1.0	0.0
2.0	0.0
1.0	0.0
1.0	0.0
1.5	0.0
-0.1180339887498948	0.0
-0.8149066358459393	0.0
-0.2807764064044151	0.0
-1.0	0.0
1.0	0.0
0.9999999999999998	1.0
1.2192235935955849	1.0
-1.835308558675278	0.1666666666666666
1.0	0.0
1.0	0.0
1.4449539644885925	1.0
-3.828492115854398	0.4
0.0	0.0
-0.2807764064044151	0.0
-0.2807764064044151	0.0
1.0	0.0
-0.5000000000000003	0.0
1.0	0.0
-0.5	0.0
-1.3149066358459391	0.0
-1.3149066358459391	0.0
-1.637458608817688	0.3333333333333333
-1.6374586088176883	0.0
0.0	0.0
-1.293870725236006	0.0
0.7344355629253627	1.0
-0.7320508075688776	0.0
1.0	0.0
1.0	0.0
-3.449489742783177	0.0
-1.793870725236006	0.0
-4.879010362433721	0.1
-2.685705286985024	0.1666666666666666
-1.886000936329384	0.0
-2.178510674377173	0.1666666666666666
-6.468708084182347	0.0444444444444444
-3.880156607738403	0.0
-5.204500572326252	0.0357142857142857
0.0	0.0
-1.7807764064044151	0.0
-1.5	0.0
-2.9295339808362835	0.0
-1.5	0.0
-0.9999999999999996	0.0
0.5	0.0
0.5	0.0
-0.7807764064044151	0.0
-1.2807764064044151	0.0
-1.5	0.0
-0.9297616943076096	0.0
0.5000000000000001	0.6666666666666666
-2.876552397716768	0.2
-3.790674120621771	0.1
-0.8342148160105873	0.3333333333333333
-0.5	0.0
-1.5	0.0
-2.2969269785875017	0.0
-2.888282923515399	0.1
-1.7912878474779204	0.3333333333333333
-4.265131017375988	0.0952380952380952
-2.539708595734688	0.1666666666666666
-4.616062299143245	0.0
-2.0	0.0
-2.0	0.0
-4.467071963904071	0.1666666666666666
-0.5	0.0
-2.0	0.0
-4.94589721818028	0.0277777777777777
-2.0	0.0
0.5	0.0
-4.008060397421587	0.1666666666666666
-1.0	0.0
-0.5	0.0
-2.080050000789082	0.1666666666666666
1.5	0.0
0.5	0.0
-2.1457513110645903	0.0
0.5	0.0
0.5	0.0
0.0	0.0
-1.6374586088176883	0.0
-0.1180339887498948	0.0
-1.2807764064044151	0.0
-1.3681509066830448	0.0
-2.328427124746189	0.0
0.0	0.0
-2.0218638999097416	0.1
-0.5	0.0
-0.5	0.0
-2.8619428373721494	0.0
-4.376136451008532	0.0357142857142857
-2.917736055230373	0.1666666666666666
-2.816993915865292	0.0
-1.618033988749895	0.0
-1.4142135623730951	0.0
-1.713248151252609	0.0
-2.9100379639799177	0.0
0.5	0.0
0.0	0.0
1.5	0.0
-0.1180339887498948	0.0
1.0	0.0
1.0	0.0
-0.2807764064044151	0.0
-3.3905736723917936	0.0
-1.0	0.0
-1.3149066358459396	0.0
-8.214410291437336	0.0128205128205128
-4.0	0.0
-7.065699730574013	0.1428571428571428
-4.2067278310876	0.0
-4.0	0.0
-4.0	0.0
-4.0	0.0
-5.319410630461817	0.0
-2.914213562373095	0.0
-2.914213562373095	0.0
-3.099240732405407	0.3333333333333333
-4.2067278310876	0.0
-3.825602585845383	0.0
-3.212214450449026	0.0
-2.8073135020972613	0.0
-3.5	0.0
-0.7912878474779197	0.3333333333333333
2.0	1.0
1.5	0.0
-0.5	0.0
-0.5	0.0
1.5	0.0
-0.5	0.0
0.0	0.0
-0.2807764064044151	0.0
0.0	0.0
1.440090431819832	0.6666666666666666
1.0	0.0
-0.8149066358459393	0.0
1.0	0.0
1.5	0.0
-0.5	0.0
-3.885342688176897	0.0
-0.2807764064044151	0.0
-1.2320508075688774	0.0
-0.6180339887498948	0.0
-1.5615528128088303	0.0
1.0	0.0
1.0	0.0
1.0	0.0
-0.3507810593582125	0.0
0.0	0.0
0.0	0.0
0.0	0.0
-0.8860009363293828	0.0
-1.0	0.0
0.5	0.0
0.5	0.0
0.5	0.0
0.0	0.0
-2.5	0.0
-2.0	0.0
1.0	0.0
-0.7807764064044151	0.0
-1.0	0.0
-3.293809366708449	0.0
-0.79128784747792	0.3333333333333333
-1.0000000000000004	0.0
2.0	1.0
-1.5992407324054083	0.3333333333333333
-0.7807764064044151	0.0
-0.8507810593582119	0.0
0.5	0.0
-0.6180339887498948	0.0
0.0	0.0
-2.3220111407735287	0.0
1.0	0.0
-0.950899808061384	0.3333333333333333
1.5	0.0
-0.1180339887498948	0.0
-1.2320508075688774	0.0
1.5	0.0
-1.0	0.0
-0.6180339887498948	0.0
-1.850781059358212	0.0
-1.2320508075688774	0.0
1.5	0.0
-0.2807764064044151	0.0
-1.0000000000000002	0.0
0.0	0.0
-1.0	0.0
0.6492189406417879	1.0
-5.047717437682082	0.1428571428571428
0.6492189406417879	1.0
-0.7807764064044151	0.0
-0.2807764064044151	0.0
-0.8149066358459395	0.0
0.0	0.0
-0.2807764064044151	0.0
-1.4142135623730951	0.0
1.5	0.0
-0.1180339887498948	0.0
-2.2716062078695844	0.0
1.0	0.0
0.0857864376269049	0.0
-0.7807764064044151	0.0
-0.5000000000000002	0.0
-1.9142135623730951	0.0
-0.6861406616345075	0.0
0.0857864376269049	0.0
-2.302775637731995	0.0
-0.2807764064044151	0.0
0.0	0.0
-2.2143197433775352	0.3333333333333333
-3.5901841662315293	0.1333333333333333
-2.0877721936752494	0.0
0.0	0.0
0.0	0.0
-0.5	0.0
-5.438131217322933	0.0
-1.7149196025465452	0.1666666666666666
-2.569704979752818	0.0
-1.632510164817761	0.1
-3.8905736723917927	0.0
-4.2586069736143495	0.0
-5.435878928577072	0.0222222222222222
-1.118033988749895	0.0
-0.7807764064044151	0.0
-4.249765830943176	0.0
-1.0	0.0
-1.0	0.0
-2.6919236050239714	0.0476190476190476
-2.5436603701036185	0.3333333333333333
1.0	0.0
-0.913454179951564	0.1666666666666666
-1.21302356969847	0.1666666666666666
-0.913454179951564	0.1666666666666666
0.5	0.0
0.5	0.0
0.2192235935955848	0.0
-0.6180339887498948	0.0
1.5	0.0
1.0	0.0
-1.0	0.0
-1.5590265685081433	0.0
-2.0	0.0
-0.5	0.0
1.0	0.0
-1.302775637731995	0.0
-0.6180339887498948	0.0
-0.2807764064044151	0.0
-1.0	0.0
-1.0	0.0
-0.7807764064044151	0.0
-0.7807764064044151	0.0
-0.5	1.0
-3.5260178310469	0.0666666666666666
-4.443528291588631	0.0277777777777777
1.0	0.0
-0.5000000000000003	0.0
-0.2807764064044151	0.0
0.2192235935955848	0.0
1.5	0.0
1.5	0.0
0.2192235935955848	0.0
-2.302775637731995	0.0
-1.0000000000000004	0.0
-1.3149066358459396	0.0
-3.0	0.0
-4.824177335530189	0.0357142857142857
-1.3027756377319946	0.3333333333333333
0.0	0.0
-0.1180339887498948	0.0
-0.1180339887498948	0.0
-3.8577542072911353	0.0
1.5	0.0
1.0	0.0
1.5	0.0
0.2192235935955848	0.0
-0.8149066358459393	0.0
-3.8771371898193454	0.0
-0.2807764064044151	0.0
1.0	0.0
-3.825602585845385	0.0
-1.6751308705666454	0.0
-3.721732170180005	0.0
1.0	0.0
-1.0000000000000009	0.0
-3.821157369468972	0.0
-4.176174977679906	0.0
-4.004341593312177	0.0
0.5	0.0
1.0	0.0
-1.4999999999999998	0.0
-2.5	0.1666666666666666
1.5	0.0
-1.350781059358212	0.0
-1.0	0.0
1.5	0.0
-0.5	0.0
-2.1084952830141503	0.2
-0.8149066358459393	0.0
-0.1180339887498948	0.0
-1.3860009363293833	0.0
-0.1180339887498948	0.0
1.5	0.0
-3.23606797749979	0.0
-6.36041037291935	0.0
-0.6180339887498948	0.0
-3.302775637731995	0.0
-1.0	0.0
-3.302775637731995	0.0
-3.23606797749979	0.0
-0.6180339887498948	0.0
-3.23606797749979	0.0
0.0	0.0
-1.850781059358212	0.0
-1.0	0.0
-2.0	0.0
-1.2320508075688774	0.0
-3.23606797749979	0.0
0.0	0.0
1.0	0.0
-2.4763821923886784	0.0
-1.850781059358212	0.0
-1.0	0.0
-3.251678042961174	0.0
1.0	0.0
0.5	0.0
-0.2807764064044151	0.0
0.0	0.0
-0.8507810593582124	0.0
-3.712214450449026	0.0
-0.6180339887498948	0.0
-2.5426651561766187	0.0
-0.6180339887498948	0.0
-5.176174977679906	0.0
-7.395298920962938	0.0109890109890109
-0.5210127632816015	0.3333333333333333
-0.2807764064044151	0.0
-0.2807764064044151	0.0
-0.2807764064044151	0.0
-0.2807764064044151	0.0
-1.0	0.0
-0.2807764064044151	0.0
-0.8149066358459393	0.0
-7.011610007336284	0.0
-2.1457513110645903	0.0
-3.5615528128088303	0.0
-7.150367627183861	0.0
-4.164394124198759	0.0555555555555555
-5.212214450449026	0.0
-4.5	0.0
-4.5	0.0
-4.5	0.0
-4.5	0.0
-4.5	0.0
-4.5	0.0
-4.5	0.0
-3.567726247731276	0.3333333333333333
-4.5	0.0
-4.5	0.0
-7.724865176169377	0.0
1.0	0.0
-1.2807764064044151	0.0
-1.637458608817688	0.3333333333333333
-0.5	0.0
-0.4256384958657878	0.3333333333333333
2.0	1.0
-0.7912878474779205	0.3333333333333333
1.5	0.0
0.2192235935955848	0.0
0.0	0.0
0.6576707807867543	1.0
-2.0	0.0
1.0	0.0
1.5	0.0
1.5	0.0
0.0	0.0
1.0	0.0
1.0	0.0
-2.1457513110645903	0.0
0.5	0.0
0.5	0.0
0.5	0.0
0.823142619252225	0.3333333333333333
-1.0	0.0
-1.6942705281424335	0.1666666666666666
0.0	0.3333333333333333
-2.9422981523219134	0.2
-3.812836793639127	0.0
-0.5	0.0
-2.1751308705666457	0.0
-2.733414335326493	0.0
-3.79737254079445	0.0
-0.5	0.0
0.5	0.0
-1.5000000000000004	0.0
-0.5	0.0
-1.4142135623730951	0.0
0.0	0.0
0.0	0.0
-1.3507810593582124	0.0
0.0	0.0
-3.2015621187164256	0.0
-0.5	0.0
-1.5	0.0
0.5	0.0
-3.0	0.1
1.2192235935955849	1.0
-1.792933590558237	0.1666666666666666
-0.5	0.0
-2.835716952925176	0.0
-1.194776551648528	0.0
1.0	0.0
-1.7898179963182683	0.0
1.0	0.0
-2.449489742783178	0.0
0.0	0.0
-2.1597103042593804	0.1
-3.5861301976514923	0.0
1.0	0.0
-4.429533980836283	0.0
-5.03375814672218	0.0
-3.73606797749979	0.0
0.0	0.0
0.0	0.0
-1.2807764064044151	0.0
1.0	0.0
-4.857269272413849	0.0
1.0	0.0
-4.819410630461816	0.0
-0.6180339887498948	0.0
1.0	0.0
1.5	0.0
-0.2655644370746374	1.0
-0.2655644370746374	1.0
-4.199089459123341	0.0
-0.5	0.0
1.5	0.0
-0.1180339887498948	0.0
1.0	0.0
1.0	0.0
1.0	0.0
-1.675130870566647	0.0
0.719223593595585	1.0
-2.28947513049484	0.2
-3.8905736723917927	0.0
-4.855192711999001	0.0
0.5	0.0
-1.5204375207239826	0.1
1.5	0.0
-0.1180339887498948	0.0
-2.4177360552303733	0.1666666666666666
0.0	0.0
0.0	0.0
-4.143010844915833	0.3333333333333333
1.381966011250105	1.0
-0.7807764064044151	0.0
-1.5	0.0
-3.801002233704225	0.0666666666666666
-3.680680502585723	0.1
1.381966011250105	1.0
-0.6434952208181803	0.3333333333333333
-3.626552153866695	0.0
-1.2807764064044151	0.0
0.0	0.0
-2.37750365925112	0.1
-2.9482253934597544	0.1666666666666666
0.8819660112501052	1.0
-3.0	0.0
-3.0	0.0
-3.0	0.0
-1.2807764064044151	0.0
-1.04999539091685	0.3333333333333333
1.0	0.0
1.0	0.0
-1.3027756377319948	0.0
-1.118033988749895	0.0
-5.980125784337586	0.0714285714285714
-1.4575480734028232	0.3333333333333333
-1.942916003343976	0.3333333333333333
-1.942916003343976	0.3333333333333333
1.0	0.0
-2.958996755345824	0.0
0.793393378211029	1.0
0.5	0.0
-2.033546227907764	0.0
0.0	0.0
1.3445576184501693	0.6666666666666666
2.0	1.0
1.3445576184501689	0.6666666666666666
-0.5	0.0
1.5	0.0
1.5	0.0
0.0	0.0
0.0	0.0
1.0	0.0
-1.0000000000000002	0.0
-1.0000000000000004	0.0
-1.118033988749895	0.0
-1.5	0.0
0.0	0.0
-1.350781059358212	0.0
-0.7320508075688773	0.0
-2.1351484980526694	0.3333333333333333
-0.7320508075688773	0.0
-1.601223043730702	0.1666666666666666
-2.850781059358212	0.0
-1.4371176953512723	0.0
-2.702853733434652	0.0
-1.0	0.0
1.0	0.0
-1.6751308705666468	0.0
1.0	0.0
-0.8149066358459396	0.0
1.0	0.0
-0.8149066358459393	0.0
-2.929533980836282	0.0
1.0	0.0
-1.0000000000000002	0.0
1.0	0.0
-1.0000000000000009	0.0
-0.8149066358459393	0.0
1.0	0.0
-1.5	0.0
-1.555046035511408	0.3333333333333333
-4.1797345135116375	0.0357142857142857
1.0	0.0
-3.776749918525392	0.0952380952380952
-2.5	0.0
-3.1309194427390734	0.0
-2.5000000000000004	0.0
-1.0	0.0
-2.299873168349867	0.3333333333333333
-1.6947765516485271	0.0
-2.596860353977101	0.0
0.0	0.0
-1.0	0.0
-1.0	0.0
-1.0	0.0
-1.0	0.0
-1.1374586088176877	0.0
1.0	0.0
1.0	0.0
-0.5	0.0
-0.5	0.0
-0.5	0.0
-0.5	0.0
-0.5	0.0
1.5	0.0
0.2192235935955848	0.0
-0.1861406616345076	0.0
-0.5	0.0
1.5	0.0
0.5	1.0
1.0	0.0
-3.445725928047754	0.0
-2.514136929335292	0.0
1.0	0.0
-1.0	0.0
-1.6732556633696007	0.3333333333333333
0.5380789084993353	0.5
1.0	0.0
-3.931397428800416	0.2444444444444444
-0.6180339887498948	0.0
-0.7807764064044151	0.0
-1.0	0.0
-1.0	0.0
0.0	0.0
-1.8619428373721485	0.0
-1.6457513110645912	0.3333333333333333
-2.098437007675974	0.1
1.7192235935955846	1.0
-2.608819021675937	0.1666666666666666
-2.033546227907764	0.0
-2.9666554980459177	0.0666666666666666
1.0	0.0
1.0	0.0
-1.7969269785875028	0.0
-3.929136707388505	0.1
-1.0	0.0
-1.4142135623730951	0.0
0.0	0.0
0.0	0.0
0.0	0.0
1.0	0.0
1.0	0.0
-1.5	0.0
-1.0	0.0
-2.350781059358212	0.0
-2.7638345700435605	0.0
-2.76383457004356	0.0
0.0	0.0
0.0	0.0
-1.0	0.0
-0.2807764064044151	0.0
1.0	0.0
-1.999999999999999	0.0
-0.8507810593582119	0.0
0.4586187348508903	1.0
-0.4142135623730952	0.3333333333333333
1.0	0.0
-0.9199540991947984	0.1666666666666666
-4.00434159331218	0.0
0.5	0.0
-0.6180339887498948	0.0
-1.81490663584594	0.0
-0.2807764064044151	0.0
-2.302775637731995	0.0
1.5	0.0
1.7344355629253627	1.0
0.9302950202471832	0.6666666666666666
0.719223593595585	1.0
0.0	0.0
-1.5	0.0
-2.6954620549803727	0.1333333333333333
-1.1861406616345074	0.3333333333333333
-0.7807764064044151	0.0
-1.5	0.0
-2.445341495402088	0.0
-1.9142135623730951	0.0
-3.0	0.0
1.5	0.0
-0.5	0.0
-5.227743790612844	0.0
-0.5	0.0
1.0	0.0
-0.8149066358459393	0.0
-0.4999999999999999	0.0
-0.5	0.0
-1.0	0.0
-0.2807764064044151	0.0
1.0	0.0
-3.2655644370746373	0.0
-5.8516097100659925	0.0666666666666666
-1.8027756377319943	0.0
1.0	0.0
1.0	0.0
1.0	0.0
-2.618033988749895	0.0
-1.3681509066830442	0.0
-1.3149066358459396	0.0
-1.2807764064044151	0.0
0.5	0.0
1.0	0.0
-2.6292466415811706	0.0
-0.5000000000000004	0.0
1.0	0.0
-0.2807764064044151	0.0
-0.7807764064044151	0.0
-8.29639154372284	0.0
-0.5000000000000004	0.3333333333333333
1.5	0.0
-1.8027756377319948	0.0
0.5	0.0
-3.349139055530707	0.0
-1.4142135623730951	0.0
-1.0	0.0
1.5	0.0
0.2192235935955848	0.0
1.5	0.0
-1.5000000000000002	0.0
-0.2807764064044151	0.0
-0.5	0.0
-1.8027756377319948	0.0
1.5	0.0
0.0	0.0
0.0	0.0
1.5	0.0
-0.9142135623730948	0.0
-2.5	0.0
-5.733663775493489	0.1
-1.8027756377319943	0.0
0.5	0.0
-0.6180339887498948	0.0
-0.5	0.0
-2.5	0.0
-5.824534277651937	0.1777777777777777
-1.6947765516485276	0.0
1.5	0.0
-0.5	0.0
1.0	0.0
-0.3027756377319948	0.3333333333333333
-2.118033988749895	0.0
0.0	0.0
-1.9142135623730951	0.0
-0.9621719960101246	0.3333333333333333
-1.8322650590218752	0.0
-1.0312481223319585	0.1666666666666666
1.5	1.0
-0.6180339887498948	0.0
-0.7807764064044151	0.0
1.0	0.0
1.0	0.0
-0.2807764064044151	0.0
-1.0	0.0
-1.0	0.0
-1.6751308705666463	0.0
-1.2807764064044151	0.0
-1.3149066358459396	0.0
-0.7320508075688773	0.0
-2.246462669565888	0.0
-0.2807764064044151	0.0
0.0	0.0
-1.118033988749895	0.0
1.0	0.0
-1.886000936329384	0.0
-0.7807764064044151	0.0
-2.232050807568877	0.0
1.5	0.0
-1.5	0.0
0.0	0.0
0.2192235935955848	0.0
1.5	0.0
-0.6861406616345073	0.0
1.5	0.0
0.2192235935955848	0.0
-1.4142135623730951	0.0
0.0	0.0
-1.3414182921069906	0.0
0.5	0.0
0.5	0.0
-0.6180339887498948	0.0
-0.6180339887498948	0.0
-2.658617831909561	0.0
1.5	0.0
0.0	0.0
-2.999999999999999	0.3333333333333333
-1.8423292192132448	1.0
-3.0	0.0
-5.5	0.0
-3.0	0.0
-2.802775637731995	0.0
-2.5615528128088294	0.0
-2.5615528128088294	0.0
-0.0413812651491101	1.0
-3.0851168065305754	0.2
-0.4142135623730951	1.0
-0.7603986446980739	1.0
-1.2603986446980744	1.0
-3.890763145594745	0.0
-2.5	1.0
-7.617727689905028	0.141025641025641
-3.8880636512384537	0.0
-0.2807764064044151	0.0
-0.5000000000000003	0.0
-1.0	0.0
1.0	0.0
-0.1180339887498948	0.0
-0.2807764064044151	0.0
-0.2807764064044151	0.0
-1.5877721936752498	0.0
1.2192235935955849	1.0
-0.1180339887498948	0.0
1.5	0.0
-0.5	0.3333333333333333
0.5	0.0
0.0	0.0
-1.814906635845939	0.0
-3.514136929335291	0.0
0.0857864376269049	1.0
-1.5	0.0
-3.289720626139013	0.0
1.0	0.0
-1.5	0.0
-3.033546227907763	0.0
0.5	0.0
-1.2807764064044151	0.0
-1.8414182921069908	0.0
-0.7807764064044151	0.0
-2.0	0.0
-1.9690017499285184	0.0
-0.2807764064044151	0.0
-1.100736169109621	0.0
-1.850781059358212	0.0
-3.23606797749979	0.0
-2.5	0.0
-2.5000000000000004	0.0
0.429331942172318	0.3333333333333333
-1.618033988749895	0.0
-3.595741251714363	0.0666666666666666
-1.0	0.0
-1.6947765516485267	0.0
-0.7655644370746374	0.1666666666666666
-0.5941542653123192	0.3333333333333333
0.5	0.0
0.5	0.0
-0.5	0.0
0.0	0.0
-3.4075364531836625	0.0
-1.118033988749895	0.0
-0.5	0.0
-4.000000000000001	0.0277777777777777
-1.5	0.0
-1.359815523385005	0.1666666666666666
-1.6861406616345078	0.0
1.7192235935955846	1.0
-7.847894448113871	0.0
-2.0	0.0
-5.16227766016838	0.0
-3.5697049797528155	0.0
-2.5000000000000004	0.0666666666666666
-0.5	0.0
-3.3533672719491125	0.0
1.0	0.0
-1.5615528128088303	0.0
0.0	0.0
1.5	0.0
0.0	0.0
0.0	0.0
-0.2807764064044151	0.0
-0.2807764064044151	0.0
-0.5000000000000002	0.0
0.0	0.0
0.0	0.0
-0.5000000000000002	0.0
0.6492189406417879	1.0
0.6492189406417879	1.0
1.0	0.0
-1.749777511374101	0.1666666666666666
-0.5	0.0
-1.8322650590218752	0.0
-0.2807764064044151	0.0
-0.2807764064044151	0.0
-1.0	0.0
-1.7469796037174672	0.0
-2.266010400269646	0.0
-1.5	0.0
-2.785667011198002	0.0
0.0	0.0
-1.7122144504490262	0.0
0.5	0.0
0.5	0.0
0.5	0.0
-1.7320508075688767	0.0
-1.802775637731995	0.0
-1.5	0.0
0.5	0.0
-0.1650738575077039	1.0
0.9784268829131464	0.6666666666666666
-2.718367490273048	0.3
0.5	0.0
-1.2469796037174672	0.0
-1.0	0.0
1.5	0.0
-1.5877721936752498	0.0
0.8052234483514719	0.6666666666666666
0.391504716985849	1.0
-2.655798701625277	0.1
-0.5	0.0
1.0	0.0
-0.7320508075688773	0.0
0.0	0.0
1.881966011250105	1.0
1.881966011250105	1.0
-1.3860009363293817	0.3333333333333333
-0.5	0.0
-1.7807764064044151	0.0
-2.6457513110645903	0.0
0.5	0.0
-1.3467141114668515	0.3333333333333333
1.0	0.0
-2.514136929335292	0.0
-1.4142135623730951	0.0
-0.2807764064044151	0.0
-0.4999999999999999	0.0
0.0	0.0
-0.2807764064044151	0.0
0.0	0.0
1.0	0.0
0.5	0.0
-2.709823707550285	0.0
1.5	0.0
1.0	0.0
0.0	0.0
0.0	0.0
1.0	0.0
1.5	0.0
-0.5	0.0
0.0	0.0
0.0	0.0
0.0	0.0
-2.0	0.0
-3.407536453183662	0.0
-2.7655644370746373	0.0
-3.118033988749895	0.0
1.0	0.0
-1.6045248848607865	0.0
0.3819660112501051	1.0
-0.8149066358459393	0.0
-1.3027756377319948	0.0
-0.1180339887498948	0.0
1.0	0.0
-2.533546227907764	0.0
-0.2807764064044151	0.0
-0.2807764064044151	0.0
-0.6180339887498948	0.0
-0.841484762724399	0.3333333333333333
-1.0	0.0
-0.841484762724399	0.3333333333333333
-2.0261167313552284	0.2
1.4999999999999996	0.6666666666666666
-3.2655644370746373	0.0
1.5	0.0
-0.9142135623730948	0.0
0.5	0.0
-2.938882074447508	0.1666666666666666
-2.2460638942197813	0.3333333333333333
-1.5992975648068148	0.1666666666666666
1.0	0.0
-4.819410630461816	0.0
-0.5210127632816011	0.3333333333333333
1.7192235935955846	1.0
-0.7807764064044151	0.0
-2.231686654932056	0.1666666666666666
1.5	0.0
-0.5	0.0
-4.377137189819346	0.0
-1.5000000000000004	0.0
-0.1180339887498948	0.0
-2.212214450449027	0.0
-1.3149066358459396	0.0
-1.118033988749895	0.0
-1.0000000000000009	0.0
-1.7320508075688776	0.0
-1.5877721936752502	0.0
-1.0	0.0
1.0	0.0
-2.100303439136745	0.0
-0.9297616943076096	0.0
-0.5	0.0
-2.8601190452842142	0.0
-8.308353496279118	0.0
-0.5	0.0
-2.0	0.0
-1.2056285251969885	0.3333333333333333
-0.8877008261076531	0.0
-1.1861406616345074	0.0
-0.8130990342636468	0.0
-1.3860009363293826	0.0
-0.8877008261076533	0.0
-0.8130990342636472	0.0
0.0	0.0
-1.0	0.0
0.0	0.0
0.0	0.0
-1.4142135623730951	0.0
1.0	0.0
-0.8149066358459393	0.0
1.0	0.0
-2.1749128194216856	0.0
-2.5	0.0
-0.1180339887498948	0.0
-0.1180339887498948	0.0
-2.675130870566645	0.0
1.0	0.0
-0.8149066358459398	0.0
-0.1180339887498948	0.0
1.5	0.0
-2.5	0.0
-1.3149066358459396	0.0
-1.1861406616345076	0.0
-0.2807764064044151	0.0
1.5	0.0
-0.1180339887498948	0.0
-0.914213562373095	0.0
-2.5	0.0
-1.6093671009602586	0.0
-1.0	0.0
-2.414213562373095	0.0
-2.302775637731995	0.0
-2.350781059358212	0.0
-0.8414847627243991	0.3333333333333333
-1.4199540991947983	0.1666666666666666
0.5	0.0
0.5	0.0
-1.5000000000000004	0.0
-0.8507810593582119	0.0
-1.118033988749895	0.0
-0.5	0.0
-2.194776551648528	0.0
-0.5	0.0
0.5	0.0
-0.9142135623730948	0.0
-3.290634405411905	0.0
1.5	0.0
-2.3619428373721494	0.0
-0.7807764064044151	0.0
-2.233414335326491	0.0
-1.0	0.0
-1.0	0.0
-3.350781059358212	0.0
1.0	0.0
-1.5	0.0
0.0	0.0
-0.6007361691096206	0.0
0.4679111137620432	0.3333333333333333
1.0	1.0
0.391504716985849	1.0
0.9507226384659642	0.6666666666666666
0.5	0.0
1.0	0.0
1.0	0.0
-0.2807764064044151	0.0
1.0	0.0
-1.118033988749895	0.0
-2.0	0.1
-0.3507810593582122	0.0
1.0	0.0
1.0	0.0
-1.1947765516485274	0.0
1.0	0.0
0.0	0.0
0.0	0.0
0.0	0.0
-3.366198262509021	0.3333333333333333
-2.6751308705666466	0.0
0.0	0.0
-1.850781059358212	0.0
-1.5000000000000004	0.0
-1.5	0.0
-3.1554423815498307	0.0
0.5	0.0
-2.1457513110645903	0.0
-0.1180339887498948	0.0
1.5	0.0
0.0	0.0
1.0	0.0
0.0	0.0
0.0	0.0
1.5	0.0
-0.1180339887498948	0.0
1.0	0.0
-2.9295339808362835	0.0
1.0	0.0
-1.2807764064044151	0.0
-2.6720590386686145	0.0
-1.0	0.0
-0.5	0.0
-1.5	0.0
-0.2807764064044151	0.0
-4.2491405381295495	0.0
1.0	0.0
-0.5000000000000003	0.0
-0.5	0.0
1.0	0.0
1.0	0.0
-0.1180339887498948	0.0
-1.5	0.0
-1.5	0.0
-1.5	0.0
-0.5	0.0
-1.5	0.0
-1.350781059358212	0.0
-1.6947765516485267	0.0
-0.8507810593582119	0.0
-2.0	0.0
-1.118033988749895	0.0
-1.0	0.0
-0.1180339887498948	0.0
-1.3149066358459396	0.0
1.5	0.0
1.0	0.0
-0.3507810593582125	0.0
1.7192235935955846	1.0
-0.9999999999999998	0.1666666666666666
-1.6457513110645912	0.3333333333333333
0.3819660112501051	1.0
-3.530489448272337	0.1428571428571428
0.0	0.0
-1.5	0.0
-1.0	0.0
-0.7469796037174672	0.0
-0.1180339887498948	0.0
0.0	0.0
0.0	0.0
-2.850781059358212	0.0
-1.0	0.0
-2.7655644370746373	0.0
-0.7320508075688775	0.0
1.0	0.0
-1.0	0.0
1.0	0.0
-0.2807764064044151	0.0
-1.0	0.0
-1.118033988749895	0.0
1.0	0.0
-1.0	0.0
-0.7807764064044151	0.0
1.5	1.0
-3.078020633303434	0.1666666666666666
-0.8027756377319952	0.3333333333333333
-1.3027756377319957	0.0
-1.618033988749895	0.0
1.0	0.0
1.381966011250105	1.0
1.0	0.0
1.0	0.0
-2.3027756377319943	0.0
-2.4642079164317408	0.3
1.313859338365493	1.0
1.0	0.0
-3.5	0.0
-6.639226970416481	0.0
-3.5	0.0
-4.935292561659056	0.0
-5.207581824316835	0.3
-3.5	0.0
-3.5	0.0
-3.0	0.0
-1.0	0.0
-1.60043198581038	0.5
-2.0615528128088303	0.0
-1.850781059358212	0.0
-0.5	0.0
-0.5	0.0
-1.9142135623730951	0.0
-0.2807764064044151	0.0
-0.2807764064044151	0.0
-1.0	0.0
-0.5	0.0
0.0	0.0
-0.2807764064044151	0.0
0.0	0.0
0.5	0.0
0.0	1.0
1.0	0.0
0.0	0.0
-0.2807764064044151	0.0
-1.6374586088176883	0.0
-0.2807764064044151	0.0
-1.0	0.0
1.5	0.0
1.0	0.0
-1.0550460355114082	0.3333333333333333
1.0	0.0
-2.908202606300817	0.1428571428571428
-1.8322650590218752	0.0
0.5	0.0
-0.5	0.0
0.5	0.0
-1.832265059021876	0.0
-0.6180339887498948	0.0
0.0	0.0
1.5	0.0
-0.1180339887498948	0.0
-0.7807764064044151	0.0
-0.6180339887498948	0.0
-1.0	0.0
1.0	0.0
1.5	0.0
-0.5	0.0
-0.6180339887498948	0.0
0.0	0.0
-0.2807764064044151	0.0
-0.2807764064044151	0.0
-0.5000000000000002	0.0
-0.2807764064044151	0.0
0.0	0.0
-0.5	0.0
-1.1374586088176872	0.1666666666666666
-0.6861406616345074	0.3333333333333333
-1.814526021227144	0.1666666666666666
0.5	0.0
-1.0	0.0
-1.0	0.0
-2.732050807568877	0.0
-1.6861406616345072	0.3333333333333333
0.0	0.0
0.0	0.0
0.5	0.0
-2.08777219367525	0.0
-0.8507810593582121	1.0
-3.307563041164117	0.2
0.719223593595585	1.0
0.5	0.0
-3.084225443216521	0.0
-1.60073616910962	0.0
-3.129246641581171	0.0
-2.543169602189948	0.0
-2.739220302904987	0.0
-0.2807764064044151	0.0
0.0	0.0
1.0	0.0
1.0	0.0
0.0	0.0
-0.6180339887498948	0.0
-1.0	0.0
-1.0	0.0
-2.350781059358212	0.0
-2.46848326908073	0.0
-1.5	0.0
-2.2655644370746373	0.0
-1.2168323148916438	0.0
1.0	0.0
-1.4142135623730951	0.0
-1.0000000000000004	0.0
-0.5	0.0
0.0	0.0
-0.2807764064044151	0.0
-1.604524884860787	0.0
-0.6180339887498948	0.0
0.5	0.0
1.0	0.0
-2.694776551648528	0.0
-1.5	0.0
-1.6374586088176883	0.0
1.5	0.0
0.2192235935955848	0.0
-3.2655644370746373	0.0
-1.0000000000000004	0.0
-1.850781059358212	0.0
0.0	0.0
-1.0	0.0
0.0	0.0
-2.302775637731995	0.0
-3.5643056494362773	0.0
-1.5000000000000002	0.1666666666666666
-1.302775637731995	0.0
-1.0	0.0
-1.0	0.0
-3.719693482550952	0.0
1.0	0.0
-0.5706680578276819	0.0
-0.2807764064044151	0.0
-0.6180339887498948	0.0
0.0	0.0
-1.5615528128088298	0.3333333333333333
-0.8661982625090231	0.3333333333333333
-2.111444485033919	0.3333333333333333
-1.3677447491079335	0.3333333333333333
-1.9131403458556169	0.1666666666666666
0.0	0.0
1.0	0.0
1.0	0.0
1.0	0.0
1.5	0.0
1.0	0.0
-0.7320508075688773	0.0
1.0	0.0
1.0	0.0
1.5	0.0
-1.3149066358459396	0.0
1.0	0.0
-1.6045248848607865	0.0
-0.5	0.0
-3.017799682679737	0.2
-1.350781059358212	0.3333333333333333
0.0	0.0
-2.301305268312279	0.0
-0.9142135623730948	0.0
1.5	0.0
0.0	0.0
-1.118033988749895	0.0
-6.5	0.0
1.9451921256915967	0.6666666666666666
-1.6467754610627503	0.2666666666666666
-2.402243657119982	0.3
-7.14005494464026	0.0
-7.735951579561596	0.0
-7.123105625617661	0.0
-6.500000000000002	0.0952380952380952
-1.9142135623730951	0.3333333333333333
-2.7655644370746373	0.0
-2.0	0.0
-4.628849603625545	0.0
0.0	1.0
-6.42344821704786	0.0222222222222222
-3.688665365625808	0.0
-0.5000000000000002	0.0
-1.118033988749895	0.0
-0.5	0.0
-0.5000000000000002	0.0
-0.2807764064044151	0.0
0.0	0.0
0.0	0.0
-0.6180339887498948	0.0
-1.0	0.0
0.0	0.0
0.5	0.0
-0.6374586088176872	0.1666666666666666
0.5	0.0
1.7192235935955846	1.0
-3.958996755345825	0.0
-0.9142135623730948	0.0
0.2192235935955848	1.0
-0.5	0.0
-1.0000000000000004	0.0
-1.1861406616345074	0.0
1.7192235935955846	1.0
-1.6457513110645912	0.3333333333333333
-0.6180339887498948	0.0
-1.0	0.0
-1.5	0.0
-1.5	0.0
-1.5	0.0
-1.8264907260438537	0.1666666666666666
-1.0000000000000002	0.0
-1.0	0.0
1.0	0.0
-1.3507810593582124	0.0
1.0	0.0
-2.7871171248185767	0.0
-4.354417912182095	0.0
-0.5	0.0
-3.8905736723917927	0.0
-1.6045248848607867	0.0
-2.5	0.0
-3.857754207291138	0.0
-1.4999999999999998	0.0
-2.0837826316139365	0.0
1.0	0.0
0.5	0.0
-2.5257844885010634	0.1
0.5	0.0
-1.8220111407735304	0.0
-3.2540289112716114	0.1
-2.0837826316139365	0.0
-0.7807764064044151	0.0
-0.7807764064044151	0.0
-1.5	0.0
-3.143776873873186	0.0
-0.7807764064044151	0.0
0.5	0.0
0.0	0.0
0.0	0.0
-1.5	0.0
-1.0	0.0
-2.0	0.0
0.0	0.0
-2.514136929335291	0.0
1.0	0.0
-0.7807764064044151	0.0
-0.1180339887498948	0.0
1.5	0.0
1.5	0.0
0.2192235935955848	0.0
1.0	0.0
0.0	0.0
0.0	0.0
0.5	0.0
-1.7122144504490262	0.0
-1.5	0.0
1.0	0.0
-5.345963295709884	0.0
-1.896674102817708	0.0
-0.2807764064044151	0.0
0.0	0.0
-0.9142135623730948	0.0
-1.5	0.0
1.5	0.0
-1.0	0.0
1.0	0.0
1.5	0.0
1.0	0.0
-0.6374586088176872	0.3333333333333333
0.5	0.0
-1.2320508075688774	0.0
-0.2807764064044151	0.0
-0.5	0.0
-0.7807764064044151	0.0
-1.6108387087582563	0.0
-0.7807764064044151	0.0
0.0	0.0
-1.850781059358212	0.0
-3.2655644370746373	0.0
-0.2807764064044151	0.0
-0.8507810593582124	0.0
-0.8149066358459393	0.0
-0.5	0.0
-2.06155281280883	0.0
0.5	0.0
-2.1457513110645903	0.0
-1.3027756377319957	0.0
1.5	0.0
1.0	0.0
-3.1230539082535542	0.0
0.5	0.0
0.5	0.0
-1.5	0.0
0.0	0.0
-2.476382192388677	0.0
1.0	0.0
-0.1180339887498948	0.0
-2.514136929335292	0.0
-0.7807764064044151	0.0
-2.533546227907764	0.0
-0.2807764064044151	0.0
-1.2320508075688774	0.0
1.0	0.0
-2.5697049797528173	0.0
-1.850781059358212	0.0
-5.16227766016838	0.0
-1.0	0.0
0.0	0.0
-0.2807764064044151	0.0
0.2192235935955848	0.0
-1.6374586088176877	0.0
-0.2807764064044151	0.0
-0.5941542653123192	0.3333333333333333
-0.2807764064044151	0.0
-2.0	0.0
-2.0	0.0
-1.2807764064044151	0.0
1.0	0.0
1.5	0.0
-2.3682838227545777	0.2
1.2192235935955849	1.0
0.5	0.0
1.881966011250105	1.0
1.881966011250105	1.0
-1.8322650590218748	0.0
-5.554889516225074	0.1333333333333333
0.0	0.0
1.0	0.0
0.5857864376269051	1.0
-0.8007191035584218	0.3333333333333333
1.0	0.0
1.5	0.0
-1.4142135623730951	0.0
1.5	0.0
0.5	0.0
1.5	0.0
-1.0	0.0
-0.2807764064044151	0.0
-0.6180339887498948	0.0
0.0	0.0
1.0	0.0
0.5	0.0
-1.118033988749895	0.0
-0.6180339887498948	0.0
-0.2807764064044151	0.0
1.5	0.0
-0.1180339887498948	0.0
0.0	0.0
-0.2807764064044151	0.0
-0.5	0.0
1.3565047791818197	1.0
1.3565047791818197	1.0
-3.9378234620816657	0.25
-0.2807764064044151	0.0
-0.2807764064044151	0.0
0.0	0.0
0.5	0.0
1.5	0.0
1.5	0.0
-1.0	0.0
-0.6180339887498948	0.0
-0.2807764064044151	0.0
-1.850781059358212	0.0
-1.850781059358212	0.0
-1.0	0.0
0.2192235935955848	0.0
1.5	0.0
-0.2807764064044151	0.0
1.5	0.0
0.5	0.0
0.5	0.0
-0.8507810593582124	0.0
-2.0	0.0
-2.5	0.0
2.2149454317793884	0.8
-2.233414335326493	0.0
-1.0	0.0
-0.2807764064044151	0.0
-0.2807764064044151	0.0
-0.5	0.0
-3.587465489909475	0.0666666666666666
1.0	0.0
1.0	0.0
-1.0	0.0
-1.0	0.0
1.0	0.0
1.0	0.0
-1.118033988749895	0.0
-1.7320508075688767	0.0
1.0	0.0
-1.3382560432416657	0.6666666666666666
1.3772683731421478	1.0
1.3772683731421478	1.0
1.0	0.0
-2.5141369293352898	0.0
1.0	0.0
1.0	0.0
1.0	0.0
-0.1180339887498948	0.0
-2.137458608817687	0.0
1.5	0.0
-1.0000000000000004	0.3333333333333333
-4.954124182069914	0.1666666666666666
-1.426506346454971	0.3333333333333333
-2.1751308705666466	0.0
-3.802775637731995	0.0
1.0	0.0
-0.2807764064044151	0.0
0.0	0.0
-3.914213562373095	0.0
-2.271606207869585	0.0
-0.6180339887498948	0.0
1.0	0.0
-0.2807764064044151	0.0
-0.7807764064044151	0.0
1.5	0.0
-2.414213562373095	0.0
-1.950899808061384	0.0
-2.5479661401362463	0.0
-3.2774421375596323	0.0
-0.7807764064044151	0.0
-3.2989202251958742	0.3333333333333333
-0.4752523603340831	0.3333333333333333
-1.2910808314937867	0.3333333333333333
0.0	0.0
-2.0	0.3333333333333333
0.5	0.0
-2.270183737635896	0.1666666666666666
-1.0	0.0
1.2396013553019265	1.0
-1.2498755385468865	0.6666666666666666
-2.7577941758846234	0.4
-2.932729965664059	0.0476190476190476
-4.245141197316901	0.0
-2.5	0.0
-2.0	0.0
-4.232115843011856	0.0
-2.0	0.0
-2.1751308705666466	0.0
-2.0	0.0
0.0	0.0
0.0	0.0
-5.58257569495584	0.0
-1.4142135623730951	0.0
-0.2807764064044151	0.0
-1.4142135623730951	0.0
-0.6180339887498948	0.0
-1.618033988749895	0.0
-2.8284271247461903	0.0
-4.52558107364216	0.0
-2.694776551648528	0.0
-6.347910059111496	0.0
-2.5	0.0
-5.033492725669913	0.0
-1.0	0.0
0.0	0.0
-1.8027756377319943	0.0
0.5	0.0
-1.3027756377319957	0.0
1.0	0.0
-1.8258098399240008	0.1
-1.118033988749895	0.0
-1.1861406616345072	0.3333333333333333
0.0	0.0
-1.0877721936752498	0.0
1.0	0.0
-0.5	0.0
-2.954504022112492	0.0
-1.5	0.0
1.0	0.0
0.0	0.0
-1.9142135623730951	0.0
-1.0	0.0
-1.5	0.0
-1.5	0.0
-1.5	0.0
-0.4763821923886772	0.6666666666666666
-1.7015621187164245	1.0
-1.441627042670527	0.3333333333333333
-2.3860009363293826	1.0
-2.3860009363293826	1.0
-2.5	0.0
-2.5	0.0
-5.032456191749184	0.3
-1.0000000000000004	0.0
-0.2807764064044151	0.0
-0.8507810593582119	0.0
-1.3507810593582124	0.0
-2.802775637731996	0.0
-2.533546227907763	0.0
-0.5	0.0
-1.3507810593582124	0.0
-0.5	0.0
-0.2807764064044151	0.0
1.5	0.0
1.0	0.0
-0.2807764064044151	0.0
-1.6374586088176877	0.0
0.2192235935955848	0.0
0.2192235935955848	0.0
1.5	0.0
-1.4142135623730951	0.0
0.5	0.0
-0.6180339887498948	0.0
-0.2807764064044151	0.0
-1.6374586088176883	0.0
-2.25755984501429	0.4
0.5916368945668512	0.6666666666666666
-1.291418426501834	0.5
0.5	0.0
-1.7997506393424705	0.4
-2.5	0.0
1.0	0.0
1.0	0.0
-0.8149066358459396	0.0
1.0	0.0
1.0	0.0
-0.8149066358459393	0.0
1.5	0.0
-0.9297616943076096	0.0
-1.4547579830779755	0.0
0.0	0.0
0.0	0.0
-0.7807764064044151	0.0
-1.0	0.0
-2.104524884860787	0.0
-2.350781059358212	0.0
-0.2807764064044151	0.0
0.0	0.0
-1.0	0.0
-1.0	0.0
1.5	0.0
0.0	0.0
2.0	0.0
1.0	0.0
1.0	0.0
-4.943680279679553	0.0
-4.0	0.0
-4.676174977679906	0.0
-4.676174977679906	0.0
-3.5	0.0
-3.5	0.0
-4.802775637731995	0.0
-1.0	0.0
-1.118033988749895	0.0
-0.5210127632816015	0.3333333333333333
-1.8304633695876456	0.1666666666666666
0.0	0.0
-1.891543653450664	0.1
1.2192235935955849	1.0
0.0	0.0
-2.958996755345825	0.0
-0.5	0.0
-2.0974277404075266	0.0
-0.5	0.0
0.0	0.0
0.0	0.0
-1.0615528128088307	0.3333333333333333
1.0	0.0
-2.533546227907764	0.0
-0.1180339887498948	0.0
0.0	0.0
-1.850781059358212	0.0
-2.8038344586433834	0.3333333333333333
-0.7807764064044151	0.0
0.0	0.0
-1.0	0.0
1.5	0.0
-0.9142135623730948	0.0
0.0	0.0
0.3819660112501051	1.0
1.0	0.0
-1.118033988749895	0.0
-2.0	0.0
-0.704401550329432	0.3333333333333333
-0.6180339887498948	0.0
-1.2320508075688774	0.0
-0.5	0.0
0.0	0.0
-2.882323962598609	0.0
-2.1632514840229864	0.3333333333333333
-0.3027756377319946	1.0
-3.234912778409412	0.0
-2.0	0.0
-3.5519931296246456	0.0
1.0	0.0
-2.3541019662496843	0.0
-0.5	0.0
-0.5	0.0
-0.5	0.0
-0.5	0.0
-0.5	0.0
-0.2807764064044151	0.0
-0.914213562373095	0.0
-1.442916003343976	0.1666666666666666
0.0	0.0
2.0	0.0
-1.0	0.0
1.0	0.0
1.0	0.0
-0.2807764064044151	0.0
-0.2807764064044151	0.0
-0.8677447491079345	0.3333333333333333
0.0	0.0
1.2192235935955849	1.0
-1.0670997772247566	0.1666666666666666
0.5	0.0
0.5	0.0
1.5	0.0
-0.9142135623730948	0.0
0.0	0.0
-0.2807764064044151	0.0
-0.6180339887498948	0.0
-0.5	0.0
1.5	0.0
-0.6180339887498948	0.0
-2.7349127784094125	0.0
0.5	0.0
-0.8507810593582119	0.0
0.2192235935955848	0.0
-0.2807764064044151	0.0
-1.2320508075688774	0.0
-0.2807764064044151	0.0
-1.0	0.0
-2.302775637731995	0.0
-0.2807764064044151	0.0
0.0	0.0
1.0	0.0
1.0	0.0
-0.2807764064044151	0.0
-0.5000000000000002	0.0
0.5	0.0
0.0	0.0
-0.2807764064044151	0.0
-0.2807764064044151	0.0
1.5	0.0
0.0	0.0
1.5	0.0
0.2192235935955848	0.0
1.0	0.0
-1.675130870566646	0.0
1.0	0.0
1.0	0.0
-1.0	0.0
0.5	0.0
-0.2807764064044151	0.0
-0.2807764064044151	0.0
-0.6180339887498948	0.0
-1.850781059358212	0.0
-0.2807764064044151	0.0
-1.850781059358212	0.0
-2.54138126514911	0.3333333333333333
1.0	0.0
-1.6045248848607865	0.0
-3.817554892306506	0.1
1.0	0.0
-1.84141829210699	0.0
-1.9333303093335343	0.0
-3.302775637731995	0.0
-3.519249766217907	0.0
0.5	0.0
-0.5000000000000004	0.3333333333333333
0.0	0.0
-0.5	0.0
1.0	0.0
0.5	0.0
0.5	0.0
-1.7807764064044151	0.0
-1.8507810593582124	0.0
-1.4142135623730951	0.0
-1.618033988749895	0.0
-2.3277679965062723	0.0
0.5	0.0
-2.163288256656376	0.0
-3.2511767183157407	0.0
-0.5	0.0
-0.5	0.0
-2.791287847477921	0.0
1.0	0.0
-0.8019377358048387	0.0
-1.6565972630107495	0.0
0.5	0.0
0.5	0.0
-2.5	0.0
-2.1137146822178576	0.3333333333333333
-1.851807923807736	0.1
1.381966011250105	1.0
1.0	0.0
-0.7360679774997897	1.0
-0.7360679774997897	1.0
-0.9508998080613836	0.3333333333333333
-0.2807764064044151	0.0
0.0	0.0
0.0	0.0
0.4384471871911697	1.0
-1.0	0.0
0.0	0.0
1.0	0.0
1.0	0.0
-2.5	0.0
1.0	0.0
-3.7739059924671503	0.0
-0.1180339887498948	0.0
-1.4142135623730951	0.0
1.0	0.0
-1.5615528128088303	0.0
1.0	0.0
0.5	0.0
-2.850781059358212	0.0
-0.7807764064044151	0.0
1.0	0.0
-1.5	0.0
-1.5	0.0
-2.7655644370746373	0.0
-2.7655644370746373	0.0
-1.9690017499285184	0.0
-0.5	0.0
-0.6180339887498948	0.0
-0.7807764064044151	0.0
-2.5269479976318525	0.0
-1.0	0.0
1.43844718719117	1.0
1.3248691294333532	0.6666666666666666
0.0	0.0
-1.0	0.0
0.5	0.0
-1.6374586088176872	0.0
0.0	0.0
0.5	0.0
0.0	0.0
0.0	0.0
0.0	0.0
0.3819660112501051	1.0
0.5	0.0
-1.5000000000000002	0.0
-0.2807764064044151	0.0
-0.8149066358459393	0.0
0.0	0.0
1.5	0.0
1.5	0.0
-1.5000000000000004	0.0
0.5	0.0
0.5	0.0
-1.822011140773529	0.0
0.5	0.0
-0.2807764064044151	0.0
-2.302775637731995	0.0
-0.5000000000000002	0.0
-0.2807764064044151	0.0
0.0	0.0
-4.458029821971758	0.0
0.1492189406417878	1.0
-1.086130197651494	0.3333333333333333
1.0	0.0
1.5	0.0
-0.5	0.0
1.0	0.0
-2.7655644370746373	0.0
0.0	0.0
-2.0	0.0
-2.0	0.0
-1.0	0.0
-1.8414182921069908	0.0
-0.6180339887498948	0.0
1.0	0.0
1.0	0.0
0.0	0.0
-2.7655644370746373	0.0
-0.7807764064044151	0.0
-1.6374586088176872	0.0
-2.76383457004356	0.0
-1.118033988749895	0.0
0.0876530883070877	0.6666666666666666
1.0	0.0
0.5	0.0
-4.04733934142657	0.0
-0.6180339887498948	0.0
-0.2807764064044151	0.0
-1.3149066358459396	0.0
-0.6180339887498948	0.0
1.0	0.0
-3.0	0.0
-3.9309562602180814	0.0476190476190476
-1.5	0.3333333333333333
1.0	0.0
0.0	0.0
-0.6180339887498948	0.0
0.0	0.0
1.0	0.0
-1.5000000000000002	0.3333333333333333
1.0	0.0
-0.9142135623730948	0.0
0.0	0.0
-1.0	0.0
-1.5	0.0
-1.5	0.0
-1.618033988749895	0.0
0.0	0.0
0.0	0.0
1.5	0.0
1.7192235935955846	1.0
0.0	0.0
0.0	0.0
-1.0	0.0
-1.118033988749895	0.0
0.5	0.0
1.5	0.0
-1.350781059358212	0.0
-0.7807764064044151	0.0
2.585786437626905	1.0
2.585786437626905	1.0
2.585786437626905	1.0
0.5	0.0
0.5	0.0
-1.0	0.0
1.0	0.0
1.5	0.0
0.2192235935955848	0.0
-0.2807764064044151	0.0
-2.0	0.0
-1.0	0.0
-1.968814633073058	0.0
-1.2320508075688774	0.0
0.0	0.0
-0.7594083466361496	0.0
1.0	0.0
0.0	0.0
0.0	0.0
0.0	0.0
1.5	0.0
-1.143495220818181	0.3333333333333333
-0.2807764064044151	0.0
1.0	0.0
-0.5	0.0
-0.6180339887498948	0.0
-0.2807764064044151	0.0
1.0	0.0
-1.5	0.0
1.0	0.0
1.0	0.0
-0.5	0.0
0.0	0.0
-0.6180339887498948	0.0
0.0	0.0
-0.5	0.0
1.0	0.0
1.0	0.0
-1.675130870566646	0.0
1.0	0.0
1.5	0.0
0.0	0.0
-0.5	0.0
-0.5	0.0
-1.7745986103819371	0.0
-2.086710217777032	0.0
-1.8860009363293828	0.0
-1.0	0.0
-0.1180339887498948	0.0
0.8819660112501052	1.0
-0.7807764064044151	0.0
-0.7807764064044151	0.0
0.0	0.0
-3.2644370355163	0.0
-1.0	0.0
0.5	0.0
-3.280776406404416	0.0
1.5	0.0
-0.1180339887498948	0.0
-0.5550460355114082	0.3333333333333333
1.0	0.0
-0.4999999999999999	0.0
-0.5	0.0
-0.6180339887498948	0.0
-1.5	0.0
-1.5	0.0
-4.14033787247789	0.0
1.5	0.0
0.2192235935955848	0.0
1.5	0.0
0.0	0.0
1.0	0.0
0.5	0.0
1.0	0.0
-0.5	0.0
0.0	0.0
1.5	0.0
0.2192235935955848	0.0
-0.6180339887498948	0.0
-1.5	0.0
0.0	0.0
0.0	0.0
-1.2320508075688774	0.0
1.0	0.0
-3.302775637731995	0.0
-3.0	0.3333333333333333
-0.2807764064044151	0.0
-1.0	0.0
-2.1070863349261604	0.4
1.1302830091391498	1.0
1.5	0.0
-1.350781059358212	0.0
-1.5	0.0
-1.5	0.0
-1.5	0.0
1.881966011250105	1.0
1.881966011250105	1.0
-0.5	0.0
0.0	0.0
-0.5	0.0
-1.4641976926248328	0.1666666666666666
1.2192235935955849	1.0
-0.5	0.0
-4.5	0.0
0.0	0.0
-1.2807764064044151	0.0
-1.8823239625986088	0.0
0.0	0.0
-2.7331134600404736	0.1
-0.6180339887498948	0.0
-1.5	0.0
0.5	0.0
1.0	0.0
-4.5	0.0
-0.2807764064044151	0.0
-1.4142135623730951	0.0
1.5	0.0
-0.9142135623730948	0.0
-1.0	0.0
-1.0	0.0
-1.0	0.0
-0.5	0.0
1.5	0.0
1.0	0.0
0.0	0.0
0.0	0.0
-2.204401550329432	0.3333333333333333
-0.5	0.0
1.0	0.0
-1.850781059358212	0.0
-1.2320508075688772	0.0
-0.2807764064044151	0.0
-0.5	0.0
1.0	0.0
0.5	0.0
0.0	0.0
0.5	0.0
-0.7807764064044151	0.0
-2.0000000000000004	0.0
-0.7807764064044151	0.0
-2.5	0.0
-3.3909474579635406	0.0
-1.850781059358212	0.0
-4.0	0.0
-1.796926978587502	0.0
1.0	0.0
0.0	0.0
-0.5	0.0
-0.5	0.0
-0.2807764064044151	0.0
0.5	0.0
-1.4999999999999998	0.0
0.0	0.0
0.5	0.0
-0.7807764064044151	0.0
-3.2655644370746373	0.0
0.0	0.0
0.0	0.0
-1.801937735804839	0.0
-2.565502204175738	0.0
0.0	0.0
0.0	0.0
-2.0	0.0
-2.2434898795136307	0.0
1.0	0.0
1.0	0.0
-0.7320508075688773	0.0
0.5	0.0
1.0	0.0
-0.5	0.0
-0.5	0.0
1.700763893248776	0.6666666666666666
0.5	0.0
1.0	0.0
1.5	0.0
1.5	0.0
0.4212680200959384	1.0
-1.856056360387487	0.2857142857142857
0.0	0.0
-1.5000000000000004	0.0
-1.4999999999999996	0.0
0.5	0.0
-1.1947765516485276	0.0
-2.302775637731995	0.0
1.0	0.0
-2.9075364531836634	0.3333333333333333
2.2192235935955846	1.0
2.2192235935955846	1.0
0.5	0.0
-0.2807764064044151	0.0
-1.5	0.0
-2.7740336601032607	0.0
-1.5	0.0
0.0	0.0
-3.712214450449026	0.0
-0.6180339887498948	0.0
-1.7320508075688767	0.0
-0.9621719960101248	0.3333333333333333
-2.928162674440649	0.1
-3.420933489834052	0.0476190476190476
-1.5	0.0
0.0	0.0
-1.0	0.0
0.0	0.0
-0.5	0.0
0.0	0.0
0.0	0.0
-0.5	0.0
1.5	0.0
-0.5	0.0
0.0	0.0
0.0	0.0
-0.6180339887498948	0.0
-0.6180339887498948	0.0
1.2192235935955849	1.0
-2.3206923962476926	0.1
-1.2807764064044151	0.0
0.0	0.0
-1.60073616910962	0.0
-1.2320508075688772	0.0
0.5	0.0
1.0	0.0
-2.499999999999999	0.0
-1.0	0.0
-1.802775637731996	0.0
0.5	0.0
-3.2655644370746373	0.0
1.0	0.0
-3.649885121743456	0.0
-0.2807764064044151	0.0
1.0	0.0
-2.0	0.0
1.5	0.0
1.5	0.0
0.5	0.0
0.5	0.0
-1.0	0.0
-2.499999999999999	0.0
-0.5	0.0
0.0	0.0
0.0	0.0
-0.2807764064044151	0.0
-0.2807764064044151	0.0
-1.1947765516485276	0.0
1.0	0.0
-0.2807764064044151	0.0
-0.2807764064044151	0.0
-0.5	0.0
-2.73606797749979	0.0
-2.0	0.0
-1.0	0.0
1.0	0.0
-2.1374586088176875	0.0
-0.5	0.0
-0.5	0.0
-1.850781059358212	0.0
-1.0	0.0
-0.5	0.0
-0.5	0.0
1.0	0.0
-4.0	0.0
-1.0	0.0
-2.802775637731995	0.0
0.5	0.0
-0.5	0.0
-2.0	0.0
-2.0	0.0
-2.9057280826019385	0.2666666666666666
0.2856802566224641	1.0
1.085786437626905	1.0
1.085786437626905	1.0
-0.5	0.0
-1.5	0.0
-1.5	0.0
1.5	0.0
1.0	0.0
-0.5	0.0
-0.5	0.0
-0.5	0.0
1.381966011250105	1.0
-0.2807764064044151	0.0
-1.0	0.0
-1.0	0.0
-0.5	0.0
-1.0	0.0
0.3819660112501051	1.0
-2.0	0.0
1.5	0.0
1.5	0.0
0.0	0.0
-2.0	0.0
-2.0	0.0
-2.0	0.0
-2.850781059358212	0.0
-0.5	0.0
-0.7807764064044151	0.0
-1.0	0.0
-1.0	0.0
-1.0	0.0
-1.0	0.0
-1.5	0.0
-1.5	0.0
1.381966011250105	1.0
-5.16227766016838	0.0
0.5	0.0
-2.5894541729001364	0.0
1.0	0.0
0.5	0.0
0.5	0.0
0.0	0.0
0.0	0.0
0.0	0.0
-3.2655644370746373	0.0
1.0	0.0
1.0	0.0
1.0	0.0
-0.6180339887498948	0.0
-0.7807764064044151	0.0
1.5	0.0
1.5	0.0
0.0	0.0
-0.1180339887498948	0.0
1.0	0.0
0.0	0.0
1.0	0.0
1.0	0.0
0.5	0.0
-0.5	0.0
-0.2807764064044151	0.0
-3.407536453183662	0.0
-0.2807764064044151	0.0
1.5	0.0
0.2192235935955848	0.0
0.5	0.0
1.5	0.0
1.5	0.0
1.0	0.0
0.5	0.0
-1.2469796037174672	0.0
1.0	0.0
1.5	0.0
-0.7807764064044151	0.0
-0.6861406616345075	0.0
1.5	0.0
-1.5727575499240491	0.3
0.7344355629253627	1.0
0.7344355629253627	1.0
1.2192235935955849	1.0
0.0	0.0
-0.7807764064044151	0.0
0.0	0.0
0.0	0.0
-1.0	0.0
-4.5	0.0
1.0	0.0
0.0	0.0
1.0	0.0
-1.5	1.0
-2.0	1.0
-0.2807764064044151	0.0
-1.0	0.0
0.5	0.0
-1.788171438865367	0.0
0.0	0.0
-2.193789663952992	0.0
0.0	0.0
-1.7009465816435756	0.3333333333333333
-0.3027756377319946	1.0
1.0	0.0
-0.2807764064044151	0.0
-2.0837826316139365	0.0
1.0	0.0
-0.2807764064044151	0.0
-1.118033988749895	0.0
-1.5	0.0
-1.0178344238091	1.0
-1.0178344238091	1.0
-2.1516509614966823	0.3333333333333333
1.0	0.0
-1.0178344238091	1.0
-0.5	0.0
0.5	0.0
1.0	0.0
-1.0	0.0
-1.0	0.0
-1.8027756377319948	0.0
-1.6045248848607867	0.0
1.0	0.0
1.5	0.0
-1.0	0.0
-1.0	0.0
-1.3860009363293833	0.1666666666666666
-0.6180339887498948	0.0
-2.539935850902712	0.0666666666666666
-1.618033988749895	0.0
-0.5	0.0
-0.5	0.0
-0.1180339887498948	1.0
1.5	0.0
-0.9142135623730948	0.0
0.0	0.0
0.5	0.0
0.5	0.0
0.5	0.0
-0.914213562373095	0.0
0.0	0.0
1.0	0.0
-2.5	0.0
1.0	0.0
1.0	0.0
0.0	0.0
0.0	0.0
0.5	0.0
-0.5	0.0
-0.5	0.0
1.0	0.0
-2.0	0.0
1.0	0.0
1.0	0.0
-0.2807764064044151	0.0
-0.5000000000000002	0.0
-0.7807764064044151	0.0
-0.2807764064044151	0.0
0.5	0.0
