-19.20414767774799	16
-18.075885324481376	20
-16.39669907197342	6
-16.222622889432937	25
-14.704930939927523	18
-22.35078661565572	40
-15.166312989549752	12
-27.53083621545673	35
-17.744056144437927	24
-14.66735855019027	24
-5.5	1
-11.779138918756518	10
-20.73434370712213	38
-16.567313667588603	17
-17.626532884780183	24
-14.642654760192036	18
-16.61118847527684	21
-8.109772228646445	2
-9.07624203382637	7
-11.518220669365917	11
-16.93564094704285	5
-17.759790639975698	32
-13.661983217845789	6
-15.586159758281516	22
-11.917395433491874	23
-13.632466930726606	14
-12.570041843405896	13
-16.766000721682346	12
-10.877830803910204	15
-15.556443879398463	13
-19.12149338021092	24
-10.15383081770188	11
0.9331458850384916	9
-5.882903139537609	5
-10.629180170031123	3
-2.2948941898964983	10
-8.032977179724382	5
-9.18614895308362	3
-1.4078696592893791	7
-3.434642747508488	4
-22.595058031180088	33
-20.684194050113707	11
-13.551548706576089	17
-7.121339715568911	6
-15.13740824193567	24
-14.56575925175641	22
-10.721621854277242	7
-19.74228754896529	22
-19.601491623925824	38
-19.39913228055768	40
-16.800233441243805	29
-3.546183278567665	5
-24.29052300661637	40
-9.74625847905633	12
-21.05549349596092	30
-12.299386128914543	16
-9.789846983629008	9
-24.781667209466924	9
-6.0	1
-20.921290948073445	33
-27.023592592183064	37
-11.536249606949273	13
-14.898601210648753	26
-3.0882075917400744	7
-20.914962095821988	26
-16.055631112191953	26
-15.520518995200913	15
-15.94076160105985	18
-31.230300144631272	35
-8.7617672507559	3
-6.761591111801905	6
-14.197039611652224	11
-9.61146894751644	3
-3.9206318007146095	5
-8.941323358439645	11
-11.896711487082396	9
-4.97975458969454	10
-7.194609284094144	11
-18.77149903984526	26
-7.105704909111085	9
-25.794650547769244	43
-13.783775010544824	17
-19.540076592436577	19
-3.4292119096034432	14
-16.907693918773226	28
-15.232101119319738	3
-13.659973177833011	11
-14.6322548883817	8
-13.39019521902798	10
-15.907499384421646	18
-13.897232541975024	14
-14.90379299404665	24
-14.817495984587136	15
-6.5	2
-4.784409627617335	5
-12.3687603637239	19
-8.72286280855771	5
-10.627768565020263	12
-15.773664701501673	19
-16.179920154321337	12
-14.367884690041812	24
-8.09410200493301	4
-16.73033608297346	15
-17.84232634686743	17
-22.818121819601256	6
-7.670782441744818	3
-20.82978423916777	9
-26.37480496819053	45
-2.3679038474974905	5
-21.923184727727687	11
-16.64749305622141	5
-3.1029750991634364	4
-8.165800128231218	5
-18.66725058349605	21
-14.816653826391969	2
-10.093894726504969	7
-19.323065819125866	7
-9.735149265392792	11
-13.953890643821648	5
-14.103091835694263	15
-16.05848377646435	9
-12.43861711528614	21
-12.514714581030526	8
-19.22127790870128	34
-1.5	1
-16.719557379032096	31
-18.70019518521198	29
-8.206084134644527	12
-26.78960718428728	30
-16.631363858534048	9
-4.454745555494557	10
-11.705076991630024	15
-13.349003408983725	14
-19.43811620723313	10
-4.376499648714682	13
-18.816523212283464	16
-4.32842712474619	2
-14.778351021962276	5
-9.454518945203535	7
-14.437667011051946	20
-20.964553076163213	32
-14.408440754609469	11
-11.952161639579304	9
-7.325744103733806	6
-11.157754965960116	15
-26.73673849239295	30
-15.639057645800827	21
-19.225387120531344	24
-15.228338896979276	22
-6.173579690746341	5
-16.459426047064007	12
-6.192570472521337	8
-17.22138696044689	20
-18.759381460326857	10
-20.503940727831388	14
-6.932378424818198	12
-4.5	1
-4.0	2
-17.662857914560743	14
-15.539855207010635	6
-5.70837602985489	6
-11.1404537777995	11
-16.27809628881005	22
-18.60091122721733	3
-2.2969269785875017	4
1.0	1
-16.319705149024927	2
-24.07381638741192	37
-16.450671499554364	5
-14.416775364171617	7
-6.67326073186164	9
-15.933819056955866	15
-13.763397030544253	6
-5.036614052005109	4
-11.56706152575907	12
-19.65097772343067	6
-14.552830892988176	14
-19.34073322925566	9
-10.909318910703654	8
-17.59987314277808	32
-18.13492930880836	25
-12.662367915985756	5
-17.655442350423925	7
-4.281672892230642	4
-1.0	2
-1.0	2
-6.571309189230729	6
-8.364391566240384	3
-17.385836409738822	23
-10.0	2
-9.25378510216071	3
-14.38917076938264	27
-13.6610136026999	5
-19.99589100302984	22
-5.323609664156432	9
-14.42740718504095	24
-21.359461992919872	29
-9.0	1
-5.62397906745123	18
-6.288745371912759	26
-12.79799466554707	31
-24.74321226102113	39
-6.151295526437228	12
-4.920452425202259	12
-12.408466643205722	21
-13.189246873899595	13
-12.925696064195076	12
-16.772771039389188	26
-8.769121033686444	15
-8.444648430627005	7
-14.52452957444742	9
-3.691385469894173	6
-9.44423135413743	14
-15.769016055387125	29
-13.55506156723978	18
-18.8489212602359	30
-11.019978539227305	10
-7.5	1
-14.454129196616895	20
-5.066084380618437	2
-15.942271772827734	7
-8.176174977679906	2
-5.961394884541776	9
-4.914213562373095	2
-13.878054835447267	13
-17.26682313149326	9
-10.510577211297598	4
-8.020699255079208	3
-16.425080890912454	23
-1.0	2
-0.531128874149275	2
-5.524281711247389	7
-13.1483270006889	9
1.0	1
-12.188027399097964	3
-4.0	1
-14.600440707692265	13
-10.448987550050148	6
-15.43724060296677	11
-5.548579543734789	8
-15.65147904550742	11
-4.444170183163372	8
-4.226028152084436	11
-12.0	1
-11.578847718117936	7
-3.118033988749895	2
-17.263068332199985	20
-13.673578700826292	15
-12.331243458185137	14
-21.29532633902297	33
0.8738558827326757	11
1.86574258967788	12
-7.394236462920534	12
1.865742589677876	12
-27.705879951330523	52
-28.89876772979704	39
-22.662448888750905	36
-17.64936822973583	14
-13.587027329091228	8
-19.58226516586464	29
-17.36708557554553	16
-16.007554226479694	19
-18.220392130134734	29
-13.858681515763193	16
-12.70816266391505	20
-3.749247146721188	13
-17.487135086707067	28
-12.523206832843869	13
-16.026124026737993	23
-10.600617958052243	21
-19.27615187234365	35
-8.900448042075581	13
-15.24982800011856	12
-12.80511737202039	6
-22.28215110778933	42
-14.64335720587434	7
-16.98119231647623	29
-11.760094371306336	7
-14.261581764842726	11
-5.208292640019401	4
-7.615487707947246	16
-8.0	2
-12.258661520696464	13
-5.424069744364751	10
-28.95551629692487	32
-16.11286977573725	21
-12.613667689971068	13
-5.920044113436506	6
-7.217386630049751	12
-18.5	1
-13.622982376720891	4
-16.396987696452324	19
-4.832367666104778	5
-14.81882960450232	2
-13.231461865641467	13
-18.94048165735032	28
-14.873640498906283	22
-21.78975904886698	23
-19.37133062268826	35
-15.111462540477447	27
-21.847580500899703	10
-11.151387690116772	18
-11.721412777821945	13
-18.561758281609883	36
-9.653343843004672	8
-16.371160694530246	11
-15.879410043463714	6
0.0707848169025651	3
-3.3086881034289872	4
-5.920731316156895	13
-6.030237258516872	7
-8.899701102381343	5
-14.592010735187214	14
-19.33281343459824	9
-23.41830313134318	40
-14.7467965738941	13
-15.156529902643596	15
-13.620562970818922	12
-8.321157369468972	3
-35.70085854628386	71
-8.029409230714538	22
-13.163029358274985	14
-7.4113403075218915	10
-9.985970211490784	15
-14.561659180872777	18
-20.726086623943736	21
-20.982086678390825	23
-17.554603794970706	27
-15.364671367760128	13
-9.505272821964166	10
-15.454211156003794	22
-7.803718970087869	5
-9.162944966408745	6
-11.0	2
-5.740662631355516	12
-11.555559952857916	8
-7.24883389187141	10
-1.5	1
-2.5	2
-5.0	1
-11.378270073660133	11
-11.077667526087916	10
-13.30151762263228	16
-11.324309256720754	11
-5.5	1
-4.165085682192974	13
-2.2244369957146906	14
-27.110015404318805	51
-18.15417226103916	23
-11.994596018078951	20
-7.903742305575392	20
-17.935377207404617	11
-18.99365925996144	21
-10.10881902421888	12
-7.668204146373137	12
-12.552805049887205	6
-15.29167088036407	27
-10.31529949299941	9
-11.723075961069334	19
-26.946081832210226	22
-15.720719756247409	22
-6.39776569522548	16
-14.874518941598044	28
-9.528763152742034	9
-14.991874602311745	8
-5.931747345987255	3
-11.38206716482685	11
-16.707146407020243	7
-14.76496026460769	24
-13.431235012077028	6
-12.351831165163988	6
-26.232776788721463	7
-5.568376903314309	9
-5.0046643535880495	3
-18.759871698427	18
-16.107217702213507	25
-12.3749521572747	9
-25.947813346446967	47
-6.81907001859946	10
-16.20668486501942	25
-17.236375646236	26
-24.30194018392064	49
-5.22537009543779	10
-11.259217125328362	17
-15.317821063276352	2
-13.352006856400532	13
-17.505089071338187	21
-14.161887152685836	26
-11.569392227861794	11
-14.648208849811438	20
-10.442331888049122	14
-4.5	1
-13.1563126582363	6
-20.569908420919653	12
-20.40819136596061	12
-27.45211728955293	51
-19.07196288427117	3
-21.0	1
-16.877310434187233	8
-16.406950455583956	13
-12.838830138157784	16
-10.839609835752643	4
-10.83590073169166	11
-13.56715887708639	3
-13.189031276795658	13
-1.7185846408362235	7
-15.905083755916902	19
-20.45526428946038	31
-12.38596212520194	26
-14.225286223433688	10
-13.559424361730033	14
-11.10195852119238	19
-12.64446880503124	16
-7.08334662645623	8
-11.298889171854746	5
-7.565414959755916	6
-8.178902000283724	9
-7.169863607895458	8
-12.720889213823597	12
-6.946895320311783	10
-5.5	2
-20.841799818142512	33
-17.163636368466943	14
-15.14655711206686	3
-11.679763866994003	8
-17.40986655326157	15
-5.5	1
-5.5	1
-5.5	1
-11.308521493834537	8
-13.534853837012118	21
-15.357731859228966	18
-7.100303439136746	3
-12.2951752163828	3
-17.09617741323761	2
-14.898677321204255	22
-15.444195479643334	19
-16.215854122197797	16
-19.63857345645014	19
-12.155823058234366	12
-27.335068637460253	51
-17.63689081976909	9
-13.124823938301116	16
-11.439440694425542	7
-10.587849286326843	7
-12.522918864325142	8
-13.105741690550769	14
-17.57049709671517	3
-12.674133441051168	8
-20.90894550270953	5
-3.763471996898218	5
-18.141269820304714	17
0.0	1
-10.5	1
-10.63588060221348	8
-12.758076118068812	11
-13.567178424013017	18
-10.586369173260415	12
-9.438069399204954	3
-11.75201897401246	21
-19.16729578049797	12
-20.98481912475544	23
-16.1097674829928	10
-3.5	3
-16.586308764964375	2
-16.598612966639877	7
-1.0	1
-23.489201330983043	11
-10.323875587061332	10
-26.13171150197764	11
-3.951040261783417	4
-5.688044769845621	11
-9.072640808729671	8
-5.2647812568587895	13
-15.694498784650415	16
-11.936930954500458	8
-8.650367627183861	2
-13.26667996344463	21
-12.951681036922375	8
-13.156523643464496	5
0.4590916659973026	6
-17.047966140136246	3
-8.754462863060951	2
-3.550473804906482	7
-12.5	1
-10.665833798719184	7
-7.660662289990584	8
0.6837516532484039	4
-16.89084024359454	11
-9.257749124073111	5
-10.54377709975416	5
-7.7099624617022675	16
-14.375295755086892	15
-14.140710795987967	13
-7.212214450449026	2
-9.289005803208298	4
-21.35730228128618	11
-12.813929617294454	25
-7.664397349160979	10
-2.4932979878404065	5
-9.929842541672736	7
-14.499954611375522	6
-18.5	2
-15.863128167160593	7
-13.576473218982953	2
-17.21146332676922	5
-6.5	1
-0.7027303963491213	3
-17.677407245264185	11
-2.235268992982191	4
-17.65814486397874	4
-7.176174977679906	2
-3.5	4
-3.280776406404416	2
-9.812210528114278	12
-6.093992539435909	3
-8.440306508910549	2
-9.068577830431517	17
-20.991095190042927	29
-9.15036762718386	2
-11.259078615080474	3
-21.5512688426572	39
-3.562348685263481	8
-6.766010400269646	4
-13.121475955024383	10
-12.419551920060329	10
-14.402536872050485	17
-12.822050158062384	3
-10.176890561840285	3
-7.650623844071697	6
-13.549760467015895	9
-7.712103792271511	7
-19.177925358318017	4
-6.160933969434131	5
-12.110629341227916	16
-24.130349862609847	6
-13.282633183987306	12
-6.985775780847482	8
-6.755240926542539	11
-8.80124862054355	4
-17.38738017314579	17
-10.867694687602034	8
-8.077332446404977	6
-15.325815211889472	14
-20.763672153164222	30
-14.630282624657848	10
-16.62786520860029	9
-18.95601117837033	29
-15.663914989002311	3
-14.632116565297862	10
-18.24617960664456	21
-15.695086086311704	23
-14.580299955139347	12
-18.333987709482503	32
-15.182840277439585	2
-10.70673342634062	3
-9.467634705150816	8
-23.30216845936809	6
-13.677194257202869	6
-22.016934582637333	43
-5.23606797749979	2
-5.707205377203538	8
-8.718748202943786	12
-14.171700819332772	17
-8.284589286804264	3
-16.760494153455095	26
-8.083464276768444	7
-11.803257056921868	3
-4.0	1
-6.577075589604717	8
-11.85456843826401	12
-16.913857449152633	31
-11.272318935609963	3
-9.544558291765888	11
-12.745352277476725	11
-17.35699194014849	12
-10.978651601236502	17
-14.980067719205444	9
-10.49417274059646	10
-11.5178344238091	2
-9.312643155232308	3
-11.586308764964375	2
-13.576473218982953	2
-18.81490036879719	8
-15.137042502943308	20
-17.23815204443059	25
-11.791614685240695	9
-12.245405082255765	18
-13.4964026543706	28
-5.5	1
-16.134711607592287	4
-20.962290703589503	36
-14.07685814178481	16
-14.85571094155903	7
-9.0	3
-10.115694609083146	19
-15.090656166645852	22
-11.383717608175326	14
-33.546411440844594	2
-14.214500759356728	23
-29.093719024817645	3
-14.293590275711685	12
-16.094746571613847	16
-19.944263120272566	16
-20.92848216535901	4
-17.719216667355163	9
-17.095870282732665	16
-15.16430232305306	7
-10.632303739364584	15
-12.463697513479431	7
-18.39420205327203	4
-33.0	1
-2.975995529483771	5
-4.362833386607792	5
-10.469879950868464	11
-18.98325266922684	36
-8.498103713766533	10
-19.370428553705807	38
-8.654624733954558	11
-9.617145229744004	18
-5.538875876740186	15
-13.117230792237256	23
-14.065479134874506	28
-14.652193355200104	14
-3.5	1
-13.334510643540964	12
-14.74353355226761	11
-4.927273602926718	6
-2.760398644698074	2
-9.134899638433575	10
-13.419860794720648	4
-17.929424623384737	8
-10.135538146134587	8
-6.668008924106117	6
-15.167638589408892	12
-13.793709276644302	13
-13.702924984642054	12
-17.545257268423278	30
-14.819900819372087	23
-10.5	1
-17.11673186395123	14
-9.78632546237702	6
-6.172340413315944	6
-6.399842840459747	6
-9.571261763878988	9
-9.0	1
-9.0	1
-9.0	1
-11.969171260768768	7
-12.317742063817182	12
-13.544424015979414	21
-14.337341559968596	12
-7.5	1
-12.120862191180471	3
-12.547930583971771	3
-12.169270643339356	6
-11.156603957913983	2
-11.311080946112977	6
-4.009899064718836	4
-9.168451841470697	9
-14.9109348317223	5
-8.14760596208405	9
-14.044221013947247	21
-8.847475236146392	5
-1.886000936329383	2
-10.174369131777429	13
-3.711875726143066	6
-12.80813878918566	19
-2.885641782078344	8
-14.422126278998466	18
-11.83426469118398	14
-5.593784669573872	15
-15.866323827029255	17
-10.181805294894176	8
-4.957856760259658	5
-11.707251488654276	3
-20.98844605867195	4
-23.57367203197809	2
-10.664742639828567	3
-14.35689299605102	4
-9.633292677067384	3
-10.15036762718386	2
-24.007473535002468	37
-7.728807279336307	4
-9.414210133974963	4
-16.574317641062347	14
-17.11642906373492	24
-6.5	2
-16.074269506626166	13
-5.128446154740908	9
-11.875012661545808	18
-8.299828894754256	6
-9.265564437074636	2
-6.047045051498687	5
-5.717015382944407	5
-3.442401617370867	13
-4.686140661634507	3
-15.806970824017444	6
-12.21040472354509	6
-8.469329297063094	4
-14.650769230951576	3
-14.616326650239152	5
-19.13293302212596	24
-19.55248355383448	12
-24.59390709267781	3
-10.810290539665203	13
-13.533882648894384	26
-10.378594903310644	4
-8.048604894259539	7
0.5	1
-6.0	1
-12.51789030313896	17
-6.574336177240757	3
-8.062477583919586	4
-13.132884000819049	14
-7.922775897129171	5
-18.02733764654104	6
-2.302775637731995	2
-6.14005494464026	2
-7.0	1
-14.329575647642477	8
-3.452676237033713	8
-5.273780203617222	6
-3.1751308705666457	3
-11.020217104373238	9
-4.728623874802625	5
-12.96875668756289	9
-1.5	2
-6.5	1
-10.66626646007794	10
-16.107629171334814	6
-1.0	3
-13.221332586116166	13
-2.24099816498252	5
-4.19006112786114	9
-9.306819845290033	10
-17.881221116744737	8
-8.346130967233869	15
-13.935612419243364	7
-9.281336980950252	5
-14.81616259856722	5
-9.77554077447715	8
-10.467623563897344	5
-7.117460735883372	3
0.0	1
-9.08594074519337	4
-9.379250739487391	4
-15.66774655860357	12
0.0	1
-7.772899030637722	5
-4.785142481829786	3
-3.5	1
-12.448554596132478	11
-7.299412391342217	3
-13.384155528353874	6
-9.186558192652946	4
-4.867755102691495	17
-11.404766537488706	16
-21.283105434817315	8
-4.322445721205953	9
-5.6524105386957535	6
-6.735769142462742	6
-7.0	1
-11.377849045442783	5
-10.11365488640585	4
-9.875714666286065	5
-10.235104824720402	8
-5.378825336065631	2
-4.0	1
-4.0	1
-8.413640571834339	5
-7.427915276024837	4
-10.354101966249685	2
-22.66440044022908	4
-20.812202374203345	2
-19.5	2
-8.840595027415864	4
-6.5	1
-5.795408549611484	8
0.1072222856959074	6
-3.650648513243876	6
-4.8102349923892085	10
-11.0	1
-14.646155767059106	27
-9.828400814844777	6
-8.051206351001406	5
-12.597596146486516	4
-12.653754289561336	12
-8.973209410288932	8
-11.495010505125036	11
-15.03645323725957	17
-9.6263107410003	7
-11.205183299644672	15
-7.028136107219069	9
-4.6574789700022805	6
-11.023160780661824	4
-6.688671807906345	4
-8.0	1
-5.475586101753545	8
-9.0	2
-7.6617658427901105	8
-13.230243862752737	5
-13.743076630632086	3
-12.383449244408242	11
-14.15297215982866	9
-10.1762355856051	5
-8.563180849881872	8
-11.079063834463565	15
-9.312241653749249	6
-12.0	2
-7.064508771540578	4
-19.94598967928883	28
-8.876932835634904	2
-18.24321581183354	9
-18.8107376124144	13
-17.29644800777591	3
-1.2807764064044145	3
1.5	1
-7.116062299143245	2
0.0	1
-9.5	1
1.0	1
-14.663769143002916	3
-2.0	1
-8.0	1
-3.850645982507971	6
-12.394160761483798	8
-11.82084777747523	5
-7.221058222275824	3
-16.032187887596788	9
-13.94994995685923	22
-13.307675002479602	20
-19.10654911212198	18
-17.369752895115177	7
-15.833288217332935	20
-6.443524770629705	3
-7.6200873915544545	6
-9.401224130499337	13
-11.5	3
-8.658910531638176	2
-12.10505432129166	3
-8.026987657639735	2
-6.465157868347035	5
-12.676174977679906	2
-11.666158728661651	11
-14.5	1
-6.5	1
-6.5	1
-3.328261436685141	4
-5.375173101182573	4
-7.498809398532819	5
-16.69185472234001	5
-10.26827166353832	5
-18.35602371005858	8
-8.830951894845299	2
-0.7807764064044151	2
-13.741264729640395	7
-7.930004681646914	2
-1.0	1
-1.0	1
-5.150367627183861	2
1.5	1
-11.094398098903842	6
-22.775219136525685	29
-13.5	1
-1.5	2
-12.5	3
-10.729478206223716	6
-12.465492388213562	6
-8.342329219213244	3
-4.438251586994969	3
-10.001133081410645	6
-17.06225774829855	2
-14.37222194285599	5
0.0	1
-1.0	2
-6.618033988749895	2
-17.27636883056187	16
-15.907132301223816	8
-7.676553358719129	10
-9.362157449754273	7
-16.62310562561766	2
-11.276383633200588	5
-11.51640798126216	11
-19.248843263630068	8
-14.256059212923056	7
-20.350189391222045	2
-18.118905918325947	13
-16.0	3
-14.0	1
-4.716990566028302	2
-6.601196205514955	4
-9.792680376775804	5
-19.563263611957023	3
-20.73463246406018	6
-7.989633557594796	4
-10.441430731604802	5
-3.751986570959562	4
-12.691322909470312	3
-9.642869107787904	9
-14.0	1
-18.367797065280243	13
-7.818192960151408	10
-9.862521780251717	5
-10.507696845224784	9
-8.897275007822245	12
-6.400849202351484	3
-10.62782347731222	3
-17.70492722432401	4
-19.0	1
-19.0	1
-19.58012784032872	2
-17.566372975210776	2
-16.867627787321023	10
-18.121006181934654	4
-7.902117842683131	3
-4.0	1
-2.640360268043636	4
-10.719802228364186	5
-17.84707241599182	7
-11.705044200535998	7
-7.536296462624036	5
-7.027713340937631	3
1.0	1
-12.174791133738903	3
-14.332866710352668	4
-0.5	1
0.5	1
-11.823200840737409	4
-3.0	1
-21.10258919310328	5
-13.170876444860667	4
-14.07418608868086	3
-16.568640584152224	2
-19.844525853973483	10
-11.586985940408493	10
-22.0	1
-2.5	1
-2.5	1
-12.0	1
-12.0	1
-11.811888121211432	4
-8.071067811865476	2
-2.819022872640805	6
-4.289720626139013	3
-5.726528963872352	5
-10.762155512567682	7
-9.3248519254699	4
-7.1027798506685365	9
-6.374106698676005	6
-5.564222789549373	3
-10.727140905668744	9
-5.230420433889226	9
-6.575868185590647	11
-5.837900469197	9
-8.023868515135321	5
-9.39313065959216	3
-12.118804388789888	9
0.1672141338528693	5
-18.95448929407241	12
-10.34290810419522	6
-1.7603986446980742	2
-14.15036762718386	2
-10.259208389508425	3
-9.14005494464026	2
-10.5	1
-10.0	2
-7.914213562373095	2
-11.09512613924716	3
-10.25023695298734	3
-4.777621318168586	6
-17.0	1
-12.947686546191772	4
-8.5	2
-6.676174977679906	2
-7.14005494464026	2
0.5	1
-11.152960520685914	3
-13.167773065721487	3
1.5	1
-1.8027756377319948	2
0.5	1
-1.1457513110645905	4
0.5	1
1.0	1
-8.409175982101202	3
-9.8446630323169	12
-14.721585935221992	9
-15.760768378579987	13
-13.742998525998548	13
-1.5	1
-10.676174977679906	2
-9.692582403567252	2
-11.0	1
-12.395208207507377	4
-4.5	1
-1.0	1
-10.65036762718386	2
-7.384477936200311	5
-7.289596610046464	6
-3.606672832476857	4
-8.832849361634887	14
-4.5	1
-7.0	3
-4.0	2
-9.769624785458271	3
-13.0	1
-4.6815548211567295	5
-1.0	2
-6.5	2
-8.751738162410513	6
-4.008006854566988	6
-5.668618544319156	6
-15.5	1
-11.530247580839598	2
-17.39309007459737	7
-6.0	1
-8.341984324529465	3
-15.802775637731994	2
-12.0	1
-15.055565022805862	3
-10.321015604884144	3
-11.12395162119284	10
-5.921539930574067	4
-7.556306530764287	4
0.5	1
-11.862283370211973	4
-0.2655644370746374	2
-0.2655644370746374	2
-3.5	1
-1.4142135623730951	2
-3.11690302604542	6
-2.0	1
-1.5	2
1.5	1
-6.623105625617661	2
1.0	2
-13.5	1
-16.359943920437466	3
-11.468389431967948	10
-1.8499667176465864	3
-4.0	1
-8.5	2
-6.832085373046894	10
-8.259701190660374	10
-9.616062299143245	2
-0.5	1
-9.692582403567252	2
0.5	1
-8.211301428139446	4
-7.417985456901141	3
-5.0	1
-7.5	2
-15.780776406404415	2
-12.071067811865476	2
-3.5	1
-10.0	1
-10.0	1
-8.579952359056051	13
-5.433654051083336	6
-3.0	1
-0.2807764064044151	2
-0.5	1
-4.5	1
1.0	1
-3.73606797749979	2
-6.039495428010229	5
-6.0	1
-4.0	1
-9.160765112359355	2
-3.302775637731995	2
-10.288842101463027	3
-8.5	1
-12.396896734622946	7
-4.755206074732158	2
-4.0	1
0.0	1
-7.945345094725672	5
-7.5	1
-1.0	1
-3.5	1
-3.5	1
-1.5	1
-5.618033988749895	2
-6.599019513592785	2
-9.126918604442253	4
-12.0	1
-12.0	1
-5.990555038290879	5
-17.5	1
-16.0	1
-2.5	1
-5.618033988749895	2
-3.5	1
-12.5	1
-4.5	1
-9.5895093116105	3
-8.440306508910549	2
-12.0	1
-4.318725909232359	5
-10.599019513592786	2
-13.5	1
-2.0	1
-2.5	1
0.0	1
-3.0	1
0.5	1
-5.672951503238533	2
-6.0	1
-8.5	1
0.0	1
-8.5	1
-3.0	1
-3.0	1
1.0	1
-14.65524264563816	3
1.0	1
-17.5	1
-17.5	1
-4.5	1
-12.5	1
-10.615471518177692	3
-16.5	1
-2.0	1
-2.0	2
-7.0	1
-2.5	1
-14.0	1
-13.116062299143245	2
1.0	1
-13.0	1
-2.58276253029822	3
-3.5	1
