-19.20414767774799	0.125
-18.075885324481376	0.0947368421052631
-16.39669907197342	0.0666666666666666
-16.222622889432937	0.0766666666666666
-14.704930939927523	0.1568627450980392
-22.35078661565572	0.1448717948717948
-15.166312989549752	0.1363636363636363
-27.53083621545673	0.1193277310924369
-17.744056144437927	0.1557971014492753
-14.66735855019027	0.1123188405797101
-5.5	0.0
-11.779138918756518	0.2666666666666666
-20.73434370712213	0.1450924608819345
-16.567313667588603	0.1985294117647058
-17.626532884780183	0.0471014492753623
-14.642654760192036	0.0915032679738562
-16.61118847527684	0.0952380952380952
-8.109772228646445	1.0
-9.07624203382637	0.0952380952380952
-11.518220669365917	0.0909090909090909
-16.93564094704285	0.1
-17.759790639975698	0.1310483870967742
-13.661983217845789	0.2
-15.586159758281516	0.0779220779220779
-11.917395433491874	0.1067193675889328
-13.632466930726606	0.0989010989010989
-12.570041843405896	0.0512820512820512
-16.766000721682346	0.1515151515151515
-10.877830803910204	0.1428571428571428
-15.556443879398463	0.2307692307692307
-19.12149338021092	0.2101449275362318
-10.15383081770188	0.3818181818181818
0.9331458850384916	0.5833333333333334
-5.882903139537609	0.8
-10.629180170031123	0.6666666666666666
-2.2948941898964983	0.5333333333333333
-8.032977179724382	0.2
-9.18614895308362	0.3333333333333333
-1.4078696592893791	0.4761904761904761
-3.434642747508488	0.5
-22.595058031180088	0.1003787878787878
-20.684194050113707	0.4
-13.551548706576089	0.125
-7.121339715568911	0.0
-15.13740824193567	0.1521739130434782
-14.56575925175641	0.1298701298701298
-10.721621854277242	0.238095238095238
-19.74228754896529	0.0735930735930736
-19.601491623925824	0.0682788051209103
-19.39913228055768	0.1243589743589743
-16.800233441243805	0.0960591133004926
-3.546183278567665	0.5
-24.29052300661637	0.032051282051282
-9.74625847905633	0.2424242424242424
-21.05549349596092	0.0459770114942528
-12.299386128914543	0.1
-9.789846983629008	0.3055555555555556
-24.781667209466924	0.1388888888888889
-6.0	0.0
-20.921290948073445	0.1117424242424242
-27.023592592183064	0.024024024024024
-11.536249606949273	0.1666666666666666
-14.898601210648753	0.2246153846153846
-3.0882075917400744	0.6190476190476191
-20.914962095821988	0.1938461538461538
-16.055631112191953	0.1969230769230769
-15.520518995200913	0.6
-15.94076160105985	0.1830065359477124
-31.230300144631272	0.0756302521008403
-8.7617672507559	0.6666666666666666
-6.761591111801905	0.3333333333333333
-14.197039611652224	0.1818181818181818
-9.61146894751644	0.3333333333333333
-3.9206318007146095	0.5
-8.941323358439645	0.2363636363636363
-11.896711487082396	0.4166666666666667
-4.97975458969454	0.3777777777777777
-7.194609284094144	0.3454545454545454
-18.77149903984526	0.2123076923076923
-7.105704909111085	0.5833333333333334
-25.794650547769244	0.0786267995570321
-13.783775010544824	0.3676470588235294
-19.540076592436577	0.2163742690058479
-3.4292119096034432	0.5164835164835165
-16.907693918773226	0.2857142857142857
-15.232101119319738	0.3333333333333333
-13.659973177833011	0.1272727272727272
-14.6322548883817	0.3214285714285714
-13.39019521902798	0.2888888888888888
-15.907499384421646	0.1503267973856209
-13.897232541975024	0.3186813186813186
-14.90379299404665	0.2391304347826087
-14.817495984587136	0.1904761904761904
-6.5	0.0
-4.784409627617335	0.1
-12.3687603637239	0.2163742690058479
-8.72286280855771	0.1
-10.627768565020263	0.3181818181818182
-15.773664701501673	0.1929824561403508
-16.179920154321337	0.2575757575757575
-14.367884690041812	0.2282608695652173
-8.09410200493301	0.5
-16.73033608297346	0.1523809523809524
-17.84232634686743	0.0808823529411764
-22.818121819601256	0.2
-7.670782441744818	0.0
-20.82978423916777	0.3333333333333333
-26.37480496819053	0.0494949494949494
-2.3679038474974905	0.6
-21.923184727727687	0.1818181818181818
-16.64749305622141	0.1
-3.1029750991634364	0.3333333333333333
-8.165800128231218	0.1
-18.66725058349605	0.1333333333333333
-14.816653826391969	1.0
-10.093894726504969	0.0952380952380952
-19.323065819125866	0.1428571428571428
-9.735149265392792	0.1454545454545454
-13.953890643821648	0.4
-14.103091835694263	0.2571428571428571
-16.05848377646435	0.1944444444444444
-12.43861711528614	0.1333333333333333
-12.514714581030526	0.1428571428571428
-19.22127790870128	0.1729055258467023
-1.5	0.0
-16.719557379032096	0.0881720430107526
-18.70019518521198	0.083743842364532
-8.206084134644527	0.2121212121212121
-26.78960718428728	0.128735632183908
-16.631363858534048	0.0277777777777777
-4.454745555494557	0.2444444444444444
-11.705076991630024	0.2
-13.349003408983725	0.1318681318681318
-19.43811620723313	0.0444444444444444
-4.376499648714682	0.2179487179487179
-18.816523212283464	0.0583333333333333
-4.32842712474619	0.0
-14.778351021962276	0.2
-9.454518945203535	0.0952380952380952
-14.437667011051946	0.0578947368421052
-20.964553076163213	0.0262096774193548
-14.408440754609469	0.1272727272727272
-11.952161639579304	0.2222222222222222
-7.325744103733806	0.4666666666666667
-11.157754965960116	0.2571428571428571
-26.73673849239295	0.1954022988505747
-15.639057645800827	0.1380952380952381
-19.225387120531344	0.213768115942029
-15.228338896979276	0.238095238095238
-6.173579690746341	0.2
-16.459426047064007	0.2272727272727272
-6.192570472521337	0.5
-17.22138696044689	0.0578947368421052
-18.759381460326857	0.0444444444444444
-20.503940727831388	0.0329670329670329
-6.932378424818198	0.1969696969696969
-4.5	0.0
-4.0	0.0
-17.662857914560743	0.0989010989010989
-15.539855207010635	0.0666666666666666
-5.70837602985489	0.1333333333333333
-11.1404537777995	0.1636363636363636
-16.27809628881005	0.0692640692640692
-18.60091122721733	0.0
-2.2969269785875017	0.1666666666666666
1.0	0.0
-16.319705149024927	0.0
-24.07381638741192	0.0555555555555555
-16.450671499554364	0.3
-14.416775364171617	0.1904761904761904
-6.67326073186164	0.2222222222222222
-15.933819056955866	0.0476190476190476
-13.763397030544253	0.2
-5.036614052005109	0.1666666666666666
-11.56706152575907	0.0454545454545454
-19.65097772343067	0.2666666666666666
-14.552830892988176	0.0329670329670329
-19.34073322925566	0.1111111111111111
-10.909318910703654	0.0714285714285714
-17.59987314277808	0.0745967741935483
-18.13492930880836	0.0766666666666666
-12.662367915985756	0.3
-17.655442350423925	0.1428571428571428
-4.281672892230642	0.6666666666666666
-1.0	0.0
-1.0	0.0
-6.571309189230729	0.0666666666666666
-8.364391566240384	0.3333333333333333
-17.385836409738822	0.1264822134387351
-10.0	0.0
-9.25378510216071	0.6666666666666666
-14.38917076938264	0.1396011396011396
-13.6610136026999	0.2
-19.99589100302984	0.1255411255411255
-5.323609664156432	0.2222222222222222
-14.42740718504095	0.0797101449275362
-21.359461992919872	0.083743842364532
-9.0	0.0
-5.62397906745123	0.3464052287581699
-6.288745371912759	0.3169230769230769
-12.79799466554707	0.2602150537634408
-24.74321226102113	0.1565452091767881
-6.151295526437228	0.2727272727272727
-4.920452425202259	0.3484848484848485
-12.408466643205722	0.2857142857142857
-13.189246873899595	0.2948717948717949
-12.925696064195076	0.3181818181818182
-16.772771039389188	0.2492307692307692
-8.769121033686444	0.2476190476190476
-8.444648430627005	0.3333333333333333
-14.52452957444742	0.3611111111111111
-3.691385469894173	0.6666666666666666
-9.44423135413743	0.4175824175824176
-15.769016055387125	0.2216748768472906
-13.55506156723978	0.2810457516339869
-18.8489212602359	0.1402298850574712
-11.019978539227305	0.2666666666666666
-7.5	0.0
-14.454129196616895	0.1684210526315789
-5.066084380618437	1.0
-15.942271772827734	0.0952380952380952
-8.176174977679906	0.0
-5.961394884541776	0.3055555555555556
-4.914213562373095	0.0
-13.878054835447267	0.0897435897435897
-17.26682313149326	0.1666666666666666
-10.510577211297598	0.1666666666666666
-8.020699255079208	0.6666666666666666
-16.425080890912454	0.1185770750988142
-1.0	0.0
-0.531128874149275	1.0
-5.524281711247389	0.238095238095238
-13.1483270006889	0.3888888888888889
1.0	0.0
-12.188027399097964	0.0
-4.0	0.0
-14.600440707692265	0.0384615384615384
-10.448987550050148	0.5333333333333333
-15.43724060296677	0.4363636363636363
-5.548579543734789	0.25
-15.65147904550742	0.4181818181818181
-4.444170183163372	0.5357142857142857
-4.226028152084436	0.4181818181818181
-12.0	0.0
-11.578847718117936	0.0952380952380952
-3.118033988749895	0.0
-17.263068332199985	0.0947368421052631
-13.673578700826292	0.1523809523809524
-12.331243458185137	0.2197802197802197
-21.29532633902297	0.2651515151515151
0.8738558827326757	1.0
1.86574258967788	0.9393939393939394
-7.394236462920534	0.8333333333333334
1.865742589677876	0.9393939393939394
-27.705879951330523	0.0708898944193061
-28.89876772979704	0.126855600539811
-22.662448888750905	0.1269841269841269
-17.64936822973583	0.0989010989010989
-13.587027329091228	0.1071428571428571
-19.58226516586464	0.1773399014778325
-17.36708557554553	0.4333333333333333
-16.007554226479694	0.2222222222222222
-18.220392130134734	0.1748768472906404
-13.858681515763193	0.175
-12.70816266391505	0.4105263157894737
-3.749247146721188	0.5384615384615384
-17.487135086707067	0.2962962962962963
-12.523206832843869	0.7564102564102564
-16.026124026737993	0.3675889328063241
-10.600617958052243	0.219047619047619
-19.27615187234365	0.1848739495798319
-8.900448042075581	0.4102564102564102
-15.24982800011856	0.1969696969696969
-12.80511737202039	0.2
-22.28215110778933	0.1022067363530778
-14.64335720587434	0.238095238095238
-16.98119231647623	0.0935960591133004
-11.760094371306336	0.5714285714285714
-14.261581764842726	0.1818181818181818
-5.208292640019401	0.1666666666666666
-7.615487707947246	0.2416666666666666
-8.0	0.0
-12.258661520696464	0.2179487179487179
-5.424069744364751	0.2666666666666666
-28.95551629692487	0.1088709677419354
-16.11286977573725	0.0809523809523809
-12.613667689971068	0.3461538461538461
-5.920044113436506	0.5333333333333333
-7.217386630049751	0.3484848484848485
-18.5	0.0
-13.622982376720891	0.5
-16.396987696452324	0.1228070175438596
-4.832367666104778	0.3
-14.81882960450232	1.0
-13.231461865641467	0.1923076923076923
-18.94048165735032	0.1904761904761904
-14.873640498906283	0.2077922077922078
-21.78975904886698	0.1818181818181818
-19.37133062268826	0.1697478991596638
-15.111462540477447	0.1253561253561253
-21.847580500899703	0.0
-11.151387690116772	0.1176470588235294
-11.721412777821945	0.1666666666666666
-18.561758281609883	0.1380952380952381
-9.653343843004672	0.1071428571428571
-16.371160694530246	0.2363636363636363
-15.879410043463714	0.2666666666666666
0.0707848169025651	0.6666666666666666
-3.3086881034289872	0.5
-5.920731316156895	0.2307692307692307
-6.030237258516872	0.3333333333333333
-8.899701102381343	0.6
-14.592010735187214	0.0769230769230769
-19.33281343459824	0.1111111111111111
-23.41830313134318	0.0666666666666666
-14.7467965738941	0.1923076923076923
-15.156529902643596	0.1428571428571428
-13.620562970818922	0.1212121212121212
-8.321157369468972	0.0
-35.70085854628386	0.1050301810865191
-8.029409230714538	0.1948051948051948
-13.163029358274985	0.3406593406593406
-7.4113403075218915	0.5555555555555556
-9.985970211490784	0.3428571428571428
-14.561659180872777	0.1045751633986928
-20.726086623943736	0.2428571428571428
-20.982086678390825	0.2924901185770751
-17.554603794970706	0.0883190883190883
-15.364671367760128	0.4358974358974359
-9.505272821964166	0.1333333333333333
-15.454211156003794	0.1948051948051948
-7.803718970087869	0.7
-9.162944966408745	0.2666666666666666
-11.0	1.0
-5.740662631355516	0.303030303030303
-11.555559952857916	0.1071428571428571
-7.24883389187141	0.3555555555555555
-1.5	0.0
-2.5	0.0
-5.0	0.0
-11.378270073660133	0.4
-11.077667526087916	0.1777777777777777
-13.30151762263228	0.2416666666666666
-11.324309256720754	0.2545454545454545
-5.5	0.0
-4.165085682192974	0.3076923076923077
-2.2244369957146906	0.4065934065934066
-27.110015404318805	0.1458823529411764
-18.15417226103916	0.1976284584980237
-11.994596018078951	0.2578947368421053
-7.903742305575392	0.3052631578947368
-17.935377207404617	0.0545454545454545
-18.99365925996144	0.019047619047619
-10.10881902421888	0.2575757575757575
-7.668204146373137	0.3939393939393939
-12.552805049887205	0.2666666666666666
-15.29167088036407	0.245014245014245
-10.31529949299941	0.1666666666666666
-11.723075961069334	0.2514619883040935
-26.946081832210226	0.2510822510822511
-15.720719756247409	0.1038961038961039
-6.39776569522548	0.375
-14.874518941598044	0.1984126984126984
-9.528763152742034	0.4166666666666667
-14.991874602311745	0.2142857142857142
-5.931747345987255	1.0
-11.38206716482685	0.2363636363636363
-16.707146407020243	0.0476190476190476
-14.76496026460769	0.1268115942028985
-13.431235012077028	0.1333333333333333
-12.351831165163988	0.3333333333333333
-26.232776788721463	0.2857142857142857
-5.568376903314309	0.1944444444444444
-5.0046643535880495	0.3333333333333333
-18.759871698427	0.1503267973856209
-16.107217702213507	0.2466666666666666
-12.3749521572747	0.0555555555555555
-25.947813346446967	0.1350601295097132
-6.81907001859946	0.2888888888888888
-16.20668486501942	0.2166666666666666
-17.236375646236	0.0892307692307692
-24.30194018392064	0.0765306122448979
-5.22537009543779	0.4666666666666667
-11.259217125328362	0.2573529411764705
-15.317821063276352	1.0
-13.352006856400532	0.2692307692307692
-17.505089071338187	0.0666666666666666
-14.161887152685836	0.1476923076923077
-11.569392227861794	0.1454545454545454
-14.648208849811438	0.2526315789473684
-10.442331888049122	0.3186813186813186
-4.5	0.0
-13.1563126582363	0.6
-20.569908420919653	0.1969696969696969
-20.40819136596061	0.1363636363636363
-27.45211728955293	0.0603921568627451
-19.07196288427117	0.0
-21.0	0.0
-16.877310434187233	0.1428571428571428
-16.406950455583956	0.0769230769230769
-12.838830138157784	0.1
-10.839609835752643	0.5
-10.83590073169166	0.3272727272727272
-13.56715887708639	1.0
-13.189031276795658	0.2948717948717949
-1.7185846408362235	0.6190476190476191
-15.905083755916902	0.175438596491228
-20.45526428946038	0.1010752688172043
-12.38596212520194	0.1969230769230769
-14.225286223433688	0.1333333333333333
-13.559424361730033	0.1868131868131868
-11.10195852119238	0.1520467836257309
-12.64446880503124	0.2583333333333333
-7.08334662645623	0.5357142857142857
-11.298889171854746	0.6
-7.565414959755916	0.6
-8.178902000283724	0.2777777777777778
-7.169863607895458	0.3571428571428571
-12.720889213823597	0.0606060606060606
-6.946895320311783	0.1555555555555555
-5.5	0.0
-20.841799818142512	0.1325757575757575
-17.163636368466943	0.1758241758241758
-15.14655711206686	0.3333333333333333
-11.679763866994003	0.1785714285714285
-17.40986655326157	0.2095238095238095
-5.5	0.0
-5.5	0.0
-5.5	0.0
-11.308521493834537	0.0714285714285714
-13.534853837012118	0.0523809523809523
-15.357731859228966	0.065359477124183
-7.100303439136746	0.0
-12.2951752163828	0.3333333333333333
-17.09617741323761	0.0
-14.898677321204255	0.1298701298701298
-15.444195479643334	0.1111111111111111
-16.215854122197797	0.0666666666666666
-19.63857345645014	0.1695906432748538
-12.155823058234366	0.0151515151515151
-27.335068637460253	0.1027450980392157
-17.63689081976909	0.0833333333333333
-13.124823938301116	0.1
-11.439440694425542	0.1428571428571428
-10.587849286326843	0.3333333333333333
-12.522918864325142	0.2142857142857142
-13.105741690550769	0.1098901098901098
-17.57049709671517	0.3333333333333333
-12.674133441051168	0.1785714285714285
-20.90894550270953	0.1
-3.763471996898218	0.3
-18.141269820304714	0.0661764705882353
0.0	0.0
-10.5	0.0
-10.63588060221348	0.4642857142857143
-12.758076118068812	0.109090909090909
-13.567178424013017	0.0196078431372549
-10.586369173260415	0.0606060606060606
-9.438069399204954	0.0
-11.75201897401246	0.1571428571428571
-19.16729578049797	0.0909090909090909
-20.98481912475544	0.067193675889328
-16.1097674829928	0.1555555555555555
-3.5	0.0
-16.586308764964375	0.0
-16.598612966639877	0.1904761904761904
-1.0	0.0
-23.489201330983043	0.2363636363636363
-10.323875587061332	0.3111111111111111
-26.13171150197764	0.109090909090909
-3.951040261783417	0.3333333333333333
-5.688044769845621	0.2727272727272727
-9.072640808729671	0.3571428571428571
-5.2647812568587895	0.3333333333333333
-15.694498784650415	0.35
-11.936930954500458	0.2142857142857142
-8.650367627183861	0.0
-13.26667996344463	0.2095238095238095
-12.951681036922375	0.3214285714285714
-13.156523643464496	0.8
0.4590916659973026	0.7333333333333333
-17.047966140136246	0.0
-8.754462863060951	1.0
-3.550473804906482	0.2857142857142857
-12.5	0.0
-10.665833798719184	0.4761904761904761
-7.660662289990584	0.3214285714285714
0.6837516532484039	0.6666666666666666
-16.89084024359454	0.2363636363636363
-9.257749124073111	0.4
-10.54377709975416	0.0
-7.7099624617022675	0.3333333333333333
-14.375295755086892	0.0761904761904762
-14.140710795987967	0.1666666666666666
-7.212214450449026	0.0
-9.289005803208298	0.5
-21.35730228128618	0.2
-12.813929617294454	0.1166666666666666
-7.664397349160979	0.2666666666666666
-2.4932979878404065	0.4
-9.929842541672736	0.238095238095238
-14.499954611375522	0.0666666666666666
-18.5	0.0
-15.863128167160593	0.2857142857142857
-13.576473218982953	0.0
-17.21146332676922	0.1
-6.5	0.0
-0.7027303963491213	0.6666666666666666
-17.677407245264185	0.0727272727272727
-2.235268992982191	0.3333333333333333
-17.65814486397874	0.1666666666666666
-7.176174977679906	0.0
-3.5	0.1666666666666666
-3.280776406404416	0.0
-9.812210528114278	0.2727272727272727
-6.093992539435909	0.6666666666666666
-8.440306508910549	1.0
-9.068577830431517	0.1691176470588235
-20.991095190042927	0.1133004926108374
-9.15036762718386	0.0
-11.259078615080474	0.6666666666666666
-21.5512688426572	0.0742240215924426
-3.562348685263481	0.5714285714285714
-6.766010400269646	0.0
-13.121475955024383	0.1555555555555555
-12.419551920060329	0.3777777777777777
-14.402536872050485	0.1323529411764706
-12.822050158062384	0.3333333333333333
-10.176890561840285	1.0
-7.650623844071697	0.2666666666666666
-13.549760467015895	0.0833333333333333
-7.712103792271511	0.1428571428571428
-19.177925358318017	0.1666666666666666
-6.160933969434131	0.2
-12.110629341227916	0.15
-24.130349862609847	0.2
-13.282633183987306	0.1818181818181818
-6.985775780847482	0.3571428571428571
-6.755240926542539	0.2545454545454545
-8.80124862054355	0.3333333333333333
-17.38738017314579	0.1102941176470588
-10.867694687602034	0.3928571428571428
-8.077332446404977	0.0666666666666666
-15.325815211889472	0.0549450549450549
-20.763672153164222	0.0413793103448275
-14.630282624657848	0.4444444444444444
-16.62786520860029	0.1944444444444444
-18.95601117837033	0.1650246305418719
-15.663914989002311	0.0
-14.632116565297862	0.1555555555555555
-18.24617960664456	0.2952380952380952
-15.695086086311704	0.0909090909090909
-14.580299955139347	0.106060606060606
-18.333987709482503	0.1129032258064516
-15.182840277439585	1.0
-10.70673342634062	0.0
-9.467634705150816	0.4642857142857143
-23.30216845936809	0.1333333333333333
-13.677194257202869	0.3333333333333333
-22.016934582637333	0.0952380952380952
-5.23606797749979	0.0
-5.707205377203538	0.25
-8.718748202943786	0.303030303030303
-14.171700819332772	0.3382352941176471
-8.284589286804264	0.3333333333333333
-16.760494153455095	0.1384615384615384
-8.083464276768444	0.2857142857142857
-11.803257056921868	0.0
-4.0	0.0
-6.577075589604717	0.0714285714285714
-11.85456843826401	0.1212121212121212
-16.913857449152633	0.0924731182795698
-11.272318935609963	0.3333333333333333
-9.544558291765888	0.2363636363636363
-12.745352277476725	0.1272727272727272
-17.35699194014849	0.106060606060606
-10.978651601236502	0.2205882352941176
-14.980067719205444	0.3888888888888889
-10.49417274059646	0.1777777777777777
-11.5178344238091	1.0
-9.312643155232308	1.0
-11.586308764964375	0.0
-13.576473218982953	0.0
-18.81490036879719	0.1785714285714285
-15.137042502943308	0.1736842105263158
-17.23815204443059	0.16
-11.791614685240695	0.1111111111111111
-12.245405082255765	0.1568627450980392
-13.4964026543706	0.1984126984126984
-5.5	0.0
-16.134711607592287	0.0
-20.962290703589503	0.0888888888888888
-14.07685814178481	0.1333333333333333
-14.85571094155903	0.3333333333333333
-9.0	0.3333333333333333
-10.115694609083146	0.239766081871345
-15.090656166645852	0.1428571428571428
-11.383717608175326	0.3076923076923077
-33.546411440844594	0.0
-14.214500759356728	0.1462450592885375
-29.093719024817645	0.3333333333333333
-14.293590275711685	0.1818181818181818
-16.094746571613847	0.0583333333333333
-19.944263120272566	0.2416666666666666
-20.92848216535901	0.5
-17.719216667355163	0.1944444444444444
-17.095870282732665	0.1333333333333333
-15.16430232305306	0.4285714285714285
-10.632303739364584	0.2571428571428571
-12.463697513479431	0.5714285714285714
-18.39420205327203	1.0
-33.0	0.0
-2.975995529483771	0.3
-4.362833386607792	0.3
-10.469879950868464	0.2363636363636363
-18.98325266922684	0.1714285714285714
-8.498103713766533	0.3333333333333333
-19.370428553705807	0.1963015647226173
-8.654624733954558	0.4
-9.617145229744004	0.3398692810457516
-5.538875876740186	0.4761904761904761
-13.117230792237256	0.2924901185770751
-14.065479134874506	0.1587301587301587
-14.652193355200104	0.3186813186813186
-3.5	0.0
-13.334510643540964	0.1212121212121212
-14.74353355226761	0.2181818181818181
-4.927273602926718	0.2666666666666666
-2.760398644698074	1.0
-9.134899638433575	0.1555555555555555
-13.419860794720648	0.0
-17.929424623384737	0.0357142857142857
-10.135538146134587	0.5
-6.668008924106117	0.1333333333333333
-15.167638589408892	0.0909090909090909
-13.793709276644302	0.1538461538461538
-13.702924984642054	0.106060606060606
-17.545257268423278	0.2275862068965517
-14.819900819372087	0.1383399209486166
-10.5	0.0
-17.11673186395123	0.3296703296703296
-9.78632546237702	0.2
-6.172340413315944	0.4666666666666667
-6.399842840459747	0.2
-9.571261763878988	0.1666666666666666
-9.0	0.0
-9.0	0.0
-9.0	0.0
-11.969171260768768	0.238095238095238
-12.317742063817182	0.2575757575757575
-13.544424015979414	0.219047619047619
-14.337341559968596	0.1212121212121212
-7.5	0.0
-12.120862191180471	0.3333333333333333
-12.547930583971771	0.3333333333333333
-12.169270643339356	0.1333333333333333
-11.156603957913983	1.0
-11.311080946112977	0.4
-4.009899064718836	0.5
-9.168451841470697	0.1666666666666666
-14.9109348317223	0.2
-8.14760596208405	0.1666666666666666
-14.044221013947247	0.1333333333333333
-8.847475236146392	0.1
-1.886000936329383	1.0
-10.174369131777429	0.3076923076923077
-3.711875726143066	0.4666666666666667
-12.80813878918566	0.3450292397660818
-2.885641782078344	0.7857142857142857
-14.422126278998466	0.2352941176470588
-11.83426469118398	0.1318681318681318
-5.593784669573872	0.3142857142857143
-15.866323827029255	0.1397058823529411
-10.181805294894176	0.1428571428571428
-4.957856760259658	0.4
-11.707251488654276	0.6666666666666666
-20.98844605867195	0.3333333333333333
-23.57367203197809	0.0
-10.664742639828567	0.0
-14.35689299605102	0.3333333333333333
-9.633292677067384	0.3333333333333333
-10.15036762718386	0.0
-24.007473535002468	0.1006006006006006
-7.728807279336307	0.1666666666666666
-9.414210133974963	0.0
-16.574317641062347	0.1208791208791208
-17.11642906373492	0.0833333333333333
-6.5	0.0
-16.074269506626166	0.1666666666666666
-5.128446154740908	0.2777777777777778
-11.875012661545808	0.0849673202614379
-8.299828894754256	0.4666666666666667
-9.265564437074636	0.0
-6.047045051498687	0.2
-5.717015382944407	0.5
-3.442401617370867	0.3974358974358974
-4.686140661634507	0.0
-15.806970824017444	0.0666666666666666
-12.21040472354509	0.0666666666666666
-8.469329297063094	0.5
-14.650769230951576	0.0
-14.616326650239152	0.2
-19.13293302212596	0.1159420289855072
-19.55248355383448	0.3939393939393939
-24.59390709267781	0.0
-10.810290539665203	0.1666666666666666
-13.533882648894384	0.2553846153846154
-10.378594903310644	0.6666666666666666
-8.048604894259539	0.7619047619047619
0.5	0.0
-6.0	0.0
-12.51789030313896	0.125
-6.574336177240757	0.3333333333333333
-8.062477583919586	0.1666666666666666
-13.132884000819049	0.1318681318681318
-7.922775897129171	0.2
-18.02733764654104	0.2
-2.302775637731995	0.0
-6.14005494464026	0.0
-7.0	0.0
-14.329575647642477	0.25
-3.452676237033713	0.4642857142857143
-5.273780203617222	0.4666666666666667
-3.1751308705666457	0.0
-11.020217104373238	0.2222222222222222
-4.728623874802625	0.6
-12.96875668756289	0.1111111111111111
-1.5	0.0
-6.5	0.0
-10.66626646007794	0.0888888888888888
-16.107629171334814	0.2666666666666666
-1.0	0.6666666666666666
-13.221332586116166	0.0641025641025641
-2.24099816498252	0.4
-4.19006112786114	0.3611111111111111
-9.306819845290033	0.3111111111111111
-17.881221116744737	0.4285714285714285
-8.346130967233869	0.2476190476190476
-13.935612419243364	0.5714285714285714
-9.281336980950252	0.6
-14.81616259856722	0.2
-9.77554077447715	0.3571428571428571
-10.467623563897344	0.1
-7.117460735883372	0.3333333333333333
0.0	0.0
-9.08594074519337	0.0
-9.379250739487391	0.1666666666666666
-15.66774655860357	0.0909090909090909
0.0	0.0
-7.772899030637722	0.0
-4.785142481829786	0.0
-3.5	0.0
-12.448554596132478	0.1636363636363636
-7.299412391342217	0.3333333333333333
-13.384155528353874	0.2
-9.186558192652946	0.1666666666666666
-4.867755102691495	0.4485294117647059
-11.404766537488706	0.1083333333333333
-21.283105434817315	0.2142857142857142
-4.322445721205953	0.8055555555555556
-5.6524105386957535	0.6666666666666666
-6.735769142462742	0.4
-7.0	0.0
-11.377849045442783	0.2
-10.11365488640585	0.1666666666666666
-9.875714666286065	0.6
-10.235104824720402	0.2857142857142857
-5.378825336065631	0.0
-4.0	0.0
-4.0	0.0
-8.413640571834339	0.2
-7.427915276024837	0.3333333333333333
-10.354101966249685	1.0
-22.66440044022908	0.3333333333333333
-20.812202374203345	0.0
-19.5	0.0
-8.840595027415864	0.0
-6.5	0.0
-5.795408549611484	0.4642857142857143
0.1072222856959074	0.7333333333333333
-3.650648513243876	0.2
-4.8102349923892085	0.3777777777777777
-11.0	0.0
-14.646155767059106	0.2222222222222222
-9.828400814844777	0.1333333333333333
-8.051206351001406	0.3
-12.597596146486516	0.3333333333333333
-12.653754289561336	0.106060606060606
-8.973209410288932	0.0
-11.495010505125036	0.2909090909090909
-15.03645323725957	0.2058823529411764
-9.6263107410003	0.0952380952380952
-11.205183299644672	0.219047619047619
-7.028136107219069	0.3333333333333333
-4.6574789700022805	0.3333333333333333
-11.023160780661824	0.5
-6.688671807906345	0.3333333333333333
-8.0	0.0
-5.475586101753545	0.0357142857142857
-9.0	0.0
-7.6617658427901105	0.25
-13.230243862752737	0.2
-13.743076630632086	0.0
-12.383449244408242	0.2545454545454545
-14.15297215982866	0.0555555555555555
-10.1762355856051	0.2
-8.563180849881872	0.3214285714285714
-11.079063834463565	0.238095238095238
-9.312241653749249	0.3333333333333333
-12.0	0.0
-7.064508771540578	0.5
-19.94598967928883	0.2037037037037037
-8.876932835634904	1.0
-18.24321581183354	0.0277777777777777
-18.8107376124144	0.2307692307692307
-17.29644800777591	0.0
-1.2807764064044145	0.3333333333333333
1.5	0.0
-7.116062299143245	0.0
0.0	0.0
-9.5	0.0
1.0	0.0
-14.663769143002916	0.0
-2.0	0.0
-8.0	0.0
-3.850645982507971	0.3333333333333333
-12.394160761483798	0.1785714285714285
-11.82084777747523	0.4
-7.221058222275824	1.0
-16.032187887596788	0.1666666666666666
-13.94994995685923	0.264069264069264
-13.307675002479602	0.2157894736842105
-19.10654911212198	0.2875816993464052
-17.369752895115177	0.1428571428571428
-15.833288217332935	0.2894736842105263
-6.443524770629705	1.0
-7.6200873915544545	0.2666666666666666
-9.401224130499337	0.3846153846153846
-11.5	0.0
-8.658910531638176	1.0
-12.10505432129166	0.0
-8.026987657639735	1.0
-6.465157868347035	0.5
-12.676174977679906	0.0
-11.666158728661651	0.2
-14.5	0.0
-6.5	0.0
-6.5	0.0
-3.328261436685141	0.5
-5.375173101182573	0.5
-7.498809398532819	0.5
-16.69185472234001	0.3
-10.26827166353832	0.2
-18.35602371005858	0.1071428571428571
-8.830951894845299	1.0
-0.7807764064044151	1.0
-13.741264729640395	0.0476190476190476
-7.930004681646914	1.0
-1.0	0.0
-1.0	0.0
-5.150367627183861	0.0
1.5	0.0
-11.094398098903842	0.0
-22.775219136525685	0.0763546798029556
-13.5	0.0
-1.5	0.0
-12.5	0.0
-10.729478206223716	0.0666666666666666
-12.465492388213562	0.0
-8.342329219213244	0.0
-4.438251586994969	0.0
-10.001133081410645	0.1333333333333333
-17.06225774829855	0.0
-14.37222194285599	0.1
0.0	0.0
-1.0	1.0
-6.618033988749895	0.0
-17.27636883056187	0.2083333333333333
-15.907132301223816	0.2142857142857142
-7.676553358719129	0.3111111111111111
-9.362157449754273	0.0952380952380952
-16.62310562561766	0.0
-11.276383633200588	0.0
-11.51640798126216	0.1272727272727272
-19.248843263630068	0.2142857142857142
-14.256059212923056	0.238095238095238
-20.350189391222045	0.0
-18.118905918325947	0.2051282051282051
-16.0	0.3333333333333333
-14.0	0.0
-4.716990566028302	0.0
-6.601196205514955	0.3333333333333333
-9.792680376775804	0.4
-19.563263611957023	0.3333333333333333
-20.73463246406018	0.0
-7.989633557594796	0.5
-10.441430731604802	0.2
-3.751986570959562	1.0
-12.691322909470312	0.0
-9.642869107787904	0.3333333333333333
-14.0	0.0
-18.367797065280243	0.141025641025641
-7.818192960151408	0.4444444444444444
-9.862521780251717	0.6
-10.507696845224784	0.4722222222222222
-8.897275007822245	0.1818181818181818
-6.400849202351484	0.0
-10.62782347731222	0.0
-17.70492722432401	0.0
-19.0	0.0
-19.0	0.0
-19.58012784032872	1.0
-17.566372975210776	0.0
-16.867627787321023	0.0666666666666666
-18.121006181934654	0.3333333333333333
-7.902117842683131	0.0
-4.0	0.0
-2.640360268043636	0.6666666666666666
-10.719802228364186	0.1
-17.84707241599182	0.0476190476190476
-11.705044200535998	0.1904761904761904
-7.536296462624036	0.4
-7.027713340937631	0.0
1.0	0.0
-12.174791133738903	0.0
-14.332866710352668	0.1666666666666666
-0.5	0.0
0.5	0.0
-11.823200840737409	0.0
-3.0	0.0
-21.10258919310328	0.3
-13.170876444860667	0.3333333333333333
-14.07418608868086	0.0
-16.568640584152224	0.0
-19.844525853973483	0.1333333333333333
-11.586985940408493	0.3111111111111111
-22.0	0.0
-2.5	0.0
-2.5	0.0
-12.0	0.0
-12.0	0.0
-11.811888121211432	0.1666666666666666
-8.071067811865476	1.0
-2.819022872640805	0.2666666666666666
-4.289720626139013	0.0
-5.726528963872352	0.1
-10.762155512567682	0.1428571428571428
-9.3248519254699	0.0
-7.1027798506685365	0.1388888888888889
-6.374106698676005	0.1333333333333333
-5.564222789549373	0.6666666666666666
-10.727140905668744	0.4444444444444444
-5.230420433889226	0.5555555555555556
-6.575868185590647	0.1818181818181818
-5.837900469197	0.4722222222222222
-8.023868515135321	0.1
-9.39313065959216	1.0
-12.118804388789888	0.3333333333333333
0.1672141338528693	0.6
-18.95448929407241	0.106060606060606
-10.34290810419522	0.3333333333333333
-1.7603986446980742	1.0
-14.15036762718386	0.0
-10.259208389508425	0.0
-9.14005494464026	0.0
-10.5	0.0
-10.0	0.0
-7.914213562373095	0.0
-11.09512613924716	0.0
-10.25023695298734	0.0
-4.777621318168586	0.7333333333333333
-17.0	0.0
-12.947686546191772	0.1666666666666666
-8.5	0.0
-6.676174977679906	0.0
-7.14005494464026	0.0
0.5	0.0
-11.152960520685914	0.3333333333333333
-13.167773065721487	0.0
1.5	0.0
-1.8027756377319948	0.0
0.5	0.0
-1.1457513110645905	0.5
0.5	0.0
1.0	0.0
-8.409175982101202	0.3333333333333333
-9.8446630323169	0.4393939393939394
-14.721585935221992	0.3611111111111111
-15.760768378579987	0.3205128205128205
-13.742998525998548	0.2692307692307692
-1.5	0.0
-10.676174977679906	0.0
-9.692582403567252	0.0
-11.0	0.0
-12.395208207507377	0.0
-4.5	0.0
-1.0	0.0
-10.65036762718386	0.0
-7.384477936200311	0.2
-7.289596610046464	0.2666666666666666
-3.606672832476857	0.0
-8.832849361634887	0.4945054945054945
-4.5	0.0
-7.0	0.0
-4.0	0.0
-9.769624785458271	0.0
-13.0	0.0
-4.6815548211567295	0.1
-1.0	0.0
-6.5	0.0
-8.751738162410513	0.4
-4.008006854566988	0.4666666666666667
-5.668618544319156	0.4
-15.5	0.0
-11.530247580839598	1.0
-17.39309007459737	0.4285714285714285
-6.0	0.0
-8.341984324529465	0.3333333333333333
-15.802775637731994	0.0
-12.0	0.0
-15.055565022805862	0.3333333333333333
-10.321015604884144	0.3333333333333333
-11.12395162119284	0.3777777777777777
-5.921539930574067	0.1666666666666666
-7.556306530764287	0.0
0.5	0.0
-11.862283370211973	0.3333333333333333
-0.2655644370746374	1.0
-0.2655644370746374	1.0
-3.5	0.0
-1.4142135623730951	0.0
-3.11690302604542	0.4
-2.0	0.0
-1.5	0.0
1.5	0.0
-6.623105625617661	0.0
1.0	1.0
-13.5	0.0
-16.359943920437466	0.6666666666666666
-11.468389431967948	0.0666666666666666
-1.8499667176465864	0.3333333333333333
-4.0	0.0
-8.5	0.0
-6.832085373046894	0.3333333333333333
-8.259701190660374	0.2222222222222222
-9.616062299143245	0.0
-0.5	0.0
-9.692582403567252	0.0
0.5	0.0
-8.211301428139446	0.6666666666666666
-7.417985456901141	0.3333333333333333
-5.0	0.0
-7.5	0.0
-15.780776406404415	0.0
-12.071067811865476	1.0
-3.5	0.0
-10.0	0.0
-10.0	0.0
-8.579952359056051	0.2435897435897435
-5.433654051083336	0.6
-3.0	0.0
-0.2807764064044151	1.0
-0.5	0.0
-4.5	0.0
1.0	0.0
-3.73606797749979	0.0
-6.039495428010229	0.2
-6.0	0.0
-4.0	0.0
-9.160765112359355	1.0
-3.302775637731995	0.0
-10.288842101463027	0.3333333333333333
-8.5	0.0
-12.396896734622946	0.1428571428571428
-4.755206074732158	1.0
-4.0	0.0
0.0	0.0
-7.945345094725672	0.1
-7.5	0.0
-1.0	0.0
-3.5	0.0
-3.5	0.0
-1.5	0.0
-5.618033988749895	0.0
-6.599019513592785	1.0
-9.126918604442253	0.0
-12.0	0.0
-12.0	0.0
-5.990555038290879	0.5
-17.5	0.0
-16.0	0.0
-2.5	0.0
-5.618033988749895	0.0
-3.5	0.0
-12.5	0.0
-4.5	0.0
-9.5895093116105	0.3333333333333333
-8.440306508910549	1.0
-12.0	0.0
-4.318725909232359	0.5
-10.599019513592786	0.0
-13.5	0.0
-2.0	0.0
-2.5	0.0
0.0	0.0
-3.0	0.0
0.5	0.0
-5.672951503238533	1.0
-6.0	0.0
-8.5	0.0
0.0	0.0
-8.5	0.0
-3.0	0.0
-3.0	0.0
1.0	0.0
-14.65524264563816	0.0
1.0	0.0
-17.5	0.0
-17.5	0.0
-4.5	0.0
-12.5	0.0
-10.615471518177692	0.6666666666666666
-16.5	0.0
-2.0	0.0
-2.0	1.0
-7.0	0.0
-2.5	0.0
-14.0	0.0
-13.116062299143245	0.0
1.0	0.0
-13.0	0.0
-2.58276253029822	0.3333333333333333
-3.5	0.0
