-19.20414767774799	-32.0
-18.075885324481376	-28.0
-16.39669907197342	-32.0
-16.222622889432937	-31.0
-14.704930939927523	-25.0
-22.35078661565572	-37.0
-15.166312989549752	-29.0
-27.53083621545673	-44.0
-17.744056144437927	-33.0
-14.66735855019027	-24.0
-5.5	-13.0
-11.779138918756518	-25.0
-20.73434370712213	-35.0
-16.567313667588603	-43.0
-17.626532884780183	-31.0
-14.642654760192036	-39.0
-16.61118847527684	-29.0
-8.109772228646445	-20.0
-9.07624203382637	-20.0
-11.518220669365917	-21.0
-16.93564094704285	-42.0
-17.759790639975698	-29.0
-13.661983217845789	-29.0
-15.586159758281516	-33.0
-11.917395433491874	-20.0
-13.632466930726606	-36.0
-12.570041843405896	-27.0
-16.766000721682346	-27.0
-10.877830803910204	-30.0
-15.556443879398463	-31.0
-19.12149338021092	-41.0
-10.15383081770188	-28.0
0.9331458850384916	-8.0
-5.882903139537609	-23.0
-10.629180170031123	-30.0
-2.2948941898964983	-16.0
-8.032977179724382	-15.0
-9.18614895308362	-30.0
-1.4078696592893791	-12.0
-3.434642747508488	-15.0
-22.595058031180088	-37.0
-20.684194050113707	-45.0
-13.551548706576089	-32.0
-7.121339715568911	-13.0
-15.13740824193567	-34.0
-14.56575925175641	-23.0
-10.721621854277242	-18.0
-19.74228754896529	-57.0
-19.601491623925824	-36.0
-19.39913228055768	-37.0
-16.800233441243805	-29.0
-3.546183278567665	-12.0
-24.29052300661637	-39.0
-9.74625847905633	-22.0
-21.05549349596092	-40.0
-12.299386128914543	-24.0
-9.789846983629008	-28.0
-24.781667209466924	-50.0
-6.0	-14.0
-20.921290948073445	-34.0
-27.023592592183064	-55.0
-11.536249606949273	-23.0
-14.898601210648753	-23.0
-3.0882075917400744	-18.0
-20.914962095821988	-34.0
-16.055631112191953	-30.0
-15.520518995200913	-37.0
-15.94076160105985	-36.0
-31.230300144631272	-59.0
-8.7617672507559	-27.0
-6.761591111801905	-23.0
-14.197039611652224	-39.0
-9.61146894751644	-27.0
-3.9206318007146095	-23.0
-8.941323358439645	-26.0
-11.896711487082396	-29.0
-4.97975458969454	-22.0
-7.194609284094144	-15.0
-18.77149903984526	-33.0
-7.105704909111085	-35.0
-25.794650547769244	-52.0
-13.783775010544824	-31.0
-19.540076592436577	-42.0
-3.4292119096034432	-29.0
-16.907693918773226	-31.0
-15.232101119319738	-30.0
-13.659973177833011	-26.0
-14.6322548883817	-32.0
-13.39019521902798	-29.0
-15.907499384421646	-27.0
-13.897232541975024	-39.0
-14.90379299404665	-34.0
-14.817495984587136	-30.0
-6.5	-15.0
-4.784409627617335	-14.0
-12.3687603637239	-26.0
-8.72286280855771	-17.0
-10.627768565020263	-34.0
-15.773664701501673	-22.0
-16.179920154321337	-51.0
-14.367884690041812	-34.0
-8.09410200493301	-14.0
-16.73033608297346	-38.0
-17.84232634686743	-38.0
-22.818121819601256	-42.0
-7.670782441744818	-16.0
-20.82978423916777	-38.0
-26.37480496819053	-42.0
-2.3679038474974905	-7.0
-21.923184727727687	-37.0
-16.64749305622141	-41.0
-3.1029750991634364	-5.0
-8.165800128231218	-15.0
-18.66725058349605	-36.0
-14.816653826391969	-40.0
-10.093894726504969	-20.0
-19.323065819125866	-34.0
-9.735149265392792	-24.0
-13.953890643821648	-36.0
-14.103091835694263	-48.0
-16.05848377646435	-32.0
-12.43861711528614	-27.0
-12.514714581030526	-27.0
-19.22127790870128	-31.0
-1.5	-5.0
-16.719557379032096	-28.0
-18.70019518521198	-32.0
-8.206084134644527	-17.0
-26.78960718428728	-48.0
-16.631363858534048	-38.0
-4.454745555494557	-6.0
-11.705076991630024	-26.0
-13.349003408983725	-21.0
-19.43811620723313	-38.0
-4.376499648714682	-16.0
-18.816523212283464	-43.0
-4.32842712474619	-13.0
-14.778351021962276	-28.0
-9.454518945203535	-21.0
-14.437667011051946	-26.0
-20.964553076163213	-34.0
-14.408440754609469	-24.0
-11.952161639579304	-28.0
-7.325744103733806	-20.0
-11.157754965960116	-15.0
-26.73673849239295	-48.0
-15.639057645800827	-22.0
-19.225387120531344	-34.0
-15.228338896979276	-23.0
-6.173579690746341	-25.0
-16.459426047064007	-31.0
-6.192570472521337	-28.0
-17.22138696044689	-31.0
-18.759381460326857	-42.0
-20.503940727831388	-38.0
-6.932378424818198	-9.0
-4.5	-11.0
-4.0	-10.0
-17.662857914560743	-36.0
-15.539855207010635	-33.0
-5.70837602985489	-10.0
-11.1404537777995	-26.0
-16.27809628881005	-31.0
-18.60091122721733	-38.0
-2.2969269785875017	-4.0
1.0	0.0
-16.319705149024927	-36.0
-24.07381638741192	-49.0
-16.450671499554364	-35.0
-14.416775364171617	-26.0
-6.67326073186164	-19.0
-15.933819056955866	-33.0
-13.763397030544253	-26.0
-5.036614052005109	-12.0
-11.56706152575907	-25.0
-19.65097772343067	-46.0
-14.552830892988176	-33.0
-19.34073322925566	-34.0
-10.909318910703654	-33.0
-17.59987314277808	-30.0
-18.13492930880836	-35.0
-12.662367915985756	-29.0
-17.655442350423925	-36.0
-4.281672892230642	-17.0
-1.0	-4.0
-1.0	-4.0
-6.571309189230729	-25.0
-8.364391566240384	-19.0
-17.385836409738822	-28.0
-10.0	-22.0
-9.25378510216071	-23.0
-14.38917076938264	-24.0
-13.6610136026999	-35.0
-19.99589100302984	-34.0
-5.323609664156432	-15.0
-14.42740718504095	-32.0
-21.359461992919872	-40.0
-9.0	-20.0
-5.62397906745123	-16.0
-6.288745371912759	-17.0
-12.79799466554707	-28.0
-24.74321226102113	-39.0
-6.151295526437228	-32.0
-4.920452425202259	-31.0
-12.408466643205722	-26.0
-13.189246873899595	-19.0
-12.925696064195076	-26.0
-16.772771039389188	-38.0
-8.769121033686444	-30.0
-8.444648430627005	-17.0
-14.52452957444742	-58.0
-3.691385469894173	-11.0
-9.44423135413743	-34.0
-15.769016055387125	-36.0
-13.55506156723978	-24.0
-18.8489212602359	-32.0
-11.019978539227305	-27.0
-7.5	-17.0
-14.454129196616895	-51.0
-5.066084380618437	-15.0
-15.942271772827734	-37.0
-8.176174977679906	-17.0
-5.961394884541776	-11.0
-4.914213562373095	-10.0
-13.878054835447267	-19.0
-17.26682313149326	-37.0
-10.510577211297598	-21.0
-8.020699255079208	-19.0
-16.425080890912454	-25.0
-1.0	-2.0
-0.531128874149275	-4.0
-5.524281711247389	-11.0
-13.1483270006889	-27.0
1.0	0.0
-12.188027399097964	-25.0
-4.0	-10.0
-14.600440707692265	-34.0
-10.448987550050148	-19.0
-15.43724060296677	-33.0
-5.548579543734789	-10.0
-15.65147904550742	-33.0
-4.444170183163372	-7.0
-4.226028152084436	-6.0
-12.0	-26.0
-11.578847718117936	-26.0
-3.118033988749895	-6.0
-17.263068332199985	-31.0
-13.673578700826292	-24.0
-12.331243458185137	-37.0
-21.29532633902297	-31.0
0.8738558827326757	-12.0
1.86574258967788	-10.0
-7.394236462920534	-12.0
1.865742589677876	-10.0
-27.705879951330523	-50.0
-28.89876772979704	-43.0
-22.662448888750905	-39.0
-17.64936822973583	-39.0
-13.587027329091228	-41.0
-19.58226516586464	-38.0
-17.36708557554553	-34.0
-16.007554226479694	-24.0
-18.220392130134734	-29.0
-13.858681515763193	-22.0
-12.70816266391505	-20.0
-3.749247146721188	-27.0
-17.487135086707067	-28.0
-12.523206832843869	-23.0
-16.026124026737993	-31.0
-10.600617958052243	-32.0
-19.27615187234365	-35.0
-8.900448042075581	-16.0
-15.24982800011856	-32.0
-12.80511737202039	-34.0
-22.28215110778933	-40.0
-14.64335720587434	-39.0
-16.98119231647623	-32.0
-11.760094371306336	-41.0
-14.261581764842726	-33.0
-5.208292640019401	-9.0
-7.615487707947246	-14.0
-8.0	-18.0
-12.258661520696464	-31.0
-5.424069744364751	-11.0
-28.95551629692487	-43.0
-16.11286977573725	-29.0
-12.613667689971068	-21.0
-5.920044113436506	-27.0
-7.217386630049751	-33.0
-18.5	-39.0
-13.622982376720891	-36.0
-16.396987696452324	-32.0
-4.832367666104778	-15.0
-14.81882960450232	-37.0
-13.231461865641467	-31.0
-18.94048165735032	-33.0
-14.873640498906283	-35.0
-21.78975904886698	-39.0
-19.37133062268826	-33.0
-15.111462540477447	-38.0
-21.847580500899703	-60.0
-11.151387690116772	-47.0
-11.721412777821945	-52.0
-18.561758281609883	-30.0
-9.653343843004672	-23.0
-16.371160694530246	-35.0
-15.879410043463714	-35.0
0.0707848169025651	-4.0
-3.3086881034289872	-12.0
-5.920731316156895	-23.0
-6.030237258516872	-29.0
-8.899701102381343	-31.0
-14.592010735187214	-28.0
-19.33281343459824	-36.0
-23.41830313134318	-38.0
-14.7467965738941	-52.0
-15.156529902643596	-54.0
-13.620562970818922	-40.0
-8.321157369468972	-17.0
-35.70085854628386	-68.0
-8.029409230714538	-15.0
-13.163029358274985	-23.0
-7.4113403075218915	-17.0
-9.985970211490784	-37.0
-14.561659180872777	-52.0
-20.726086623943736	-32.0
-20.982086678390825	-34.0
-17.554603794970706	-25.0
-15.364671367760128	-34.0
-9.505272821964166	-39.0
-15.454211156003794	-33.0
-7.803718970087869	-27.0
-9.162944966408745	-19.0
-11.0	-28.0
-5.740662631355516	-24.0
-11.555559952857916	-33.0
-7.24883389187141	-24.0
-1.5	-5.0
-2.5	-7.0
-5.0	-12.0
-11.378270073660133	-27.0
-11.077667526087916	-55.0
-13.30151762263228	-34.0
-11.324309256720754	-18.0
-5.5	-13.0
-4.165085682192974	-11.0
-2.2244369957146906	-26.0
-27.110015404318805	-49.0
-18.15417226103916	-42.0
-11.994596018078951	-30.0
-7.903742305575392	-43.0
-17.935377207404617	-59.0
-18.99365925996144	-29.0
-10.10881902421888	-23.0
-7.668204146373137	-35.0
-12.552805049887205	-33.0
-15.29167088036407	-26.0
-10.31529949299941	-20.0
-11.723075961069334	-25.0
-26.946081832210226	-44.0
-15.720719756247409	-26.0
-6.39776569522548	-27.0
-14.874518941598044	-26.0
-9.528763152742034	-53.0
-14.991874602311745	-60.0
-5.931747345987255	-17.0
-11.38206716482685	-32.0
-16.707146407020243	-62.0
-14.76496026460769	-34.0
-13.431235012077028	-26.0
-12.351831165163988	-40.0
-26.232776788721463	-49.0
-5.568376903314309	-16.0
-5.0046643535880495	-9.0
-18.759871698427	-41.0
-16.107217702213507	-34.0
-12.3749521572747	-31.0
-25.947813346446967	-44.0
-6.81907001859946	-31.0
-16.20668486501942	-35.0
-17.236375646236	-45.0
-24.30194018392064	-46.0
-5.22537009543779	-21.0
-11.259217125328362	-44.0
-15.317821063276352	-42.0
-13.352006856400532	-37.0
-17.505089071338187	-32.0
-14.161887152685836	-29.0
-11.569392227861794	-23.0
-14.648208849811438	-40.0
-10.442331888049122	-34.0
-4.5	-11.0
-13.1563126582363	-42.0
-20.569908420919653	-45.0
-20.40819136596061	-41.0
-27.45211728955293	-48.0
-19.07196288427117	-43.0
-21.0	-44.0
-16.877310434187233	-41.0
-16.406950455583956	-37.0
-12.838830138157784	-32.0
-10.839609835752643	-39.0
-10.83590073169166	-53.0
-13.56715887708639	-40.0
-13.189031276795658	-37.0
-1.7185846408362235	-17.0
-15.905083755916902	-38.0
-20.45526428946038	-35.0
-12.38596212520194	-25.0
-14.225286223433688	-32.0
-13.559424361730033	-26.0
-11.10195852119238	-19.0
-12.64446880503124	-31.0
-7.08334662645623	-27.0
-11.298889171854746	-34.0
-7.565414959755916	-31.0
-8.178902000283724	-25.0
-7.169863607895458	-28.0
-12.720889213823597	-41.0
-6.946895320311783	-14.0
-5.5	-13.0
-20.841799818142512	-34.0
-17.163636368466943	-54.0
-15.14655711206686	-36.0
-11.679763866994003	-33.0
-17.40986655326157	-33.0
-5.5	-13.0
-5.5	-13.0
-5.5	-13.0
-11.308521493834537	-25.0
-13.534853837012118	-22.0
-15.357731859228966	-27.0
-7.100303439136746	-14.0
-12.2951752163828	-24.0
-17.09617741323761	-41.0
-14.898677321204255	-33.0
-15.444195479643334	-34.0
-16.215854122197797	-34.0
-19.63857345645014	-45.0
-12.155823058234366	-25.0
-27.335068637460253	-47.0
-17.63689081976909	-35.0
-13.124823938301116	-34.0
-11.439440694425542	-28.0
-10.587849286326843	-23.0
-12.522918864325142	-22.0
-13.105741690550769	-37.0
-17.57049709671517	-45.0
-12.674133441051168	-39.0
-20.90894550270953	-48.0
-3.763471996898218	-10.0
-18.141269820304714	-31.0
0.0	-2.0
-10.5	-23.0
-10.63588060221348	-55.0
-12.758076118068812	-39.0
-13.567178424013017	-28.0
-10.586369173260415	-17.0
-9.438069399204954	-19.0
-11.75201897401246	-19.0
-19.16729578049797	-36.0
-20.98481912475544	-29.0
-16.1097674829928	-41.0
-3.5	-9.0
-16.586308764964375	-34.0
-16.598612966639877	-42.0
-1.0	-4.0
-23.489201330983043	-47.0
-10.323875587061332	-22.0
-26.13171150197764	-49.0
-3.951040261783417	-10.0
-5.688044769845621	-19.0
-9.072640808729671	-23.0
-5.2647812568587895	-16.0
-15.694498784650415	-21.0
-11.936930954500458	-25.0
-8.650367627183861	-19.0
-13.26667996344463	-27.0
-12.951681036922375	-25.0
-13.156523643464496	-31.0
0.4590916659973026	-4.0
-17.047966140136246	-36.0
-8.754462863060951	-25.0
-3.550473804906482	-17.0
-12.5	-27.0
-10.665833798719184	-26.0
-7.660662289990584	-15.0
0.6837516532484039	-3.0
-16.89084024359454	-47.0
-9.257749124073111	-24.0
-10.54377709975416	-26.0
-7.7099624617022675	-15.0
-14.375295755086892	-29.0
-14.140710795987967	-32.0
-7.212214450449026	-15.0
-9.289005803208298	-24.0
-21.35730228128618	-41.0
-12.813929617294454	-23.0
-7.664397349160979	-22.0
-2.4932979878404065	-7.0
-9.929842541672736	-22.0
-14.499954611375522	-30.0
-18.5	-39.0
-15.863128167160593	-29.0
-13.576473218982953	-28.0
-17.21146332676922	-35.0
-6.5	-15.0
-0.7027303963491213	-5.0
-17.677407245264185	-36.0
-2.235268992982191	-5.0
-17.65814486397874	-36.0
-7.176174977679906	-15.0
-3.5	-5.0
-3.280776406404416	-9.0
-9.812210528114278	-26.0
-6.093992539435909	-24.0
-8.440306508910549	-24.0
-9.068577830431517	-17.0
-20.991095190042927	-35.0
-9.15036762718386	-19.0
-11.259078615080474	-33.0
-21.5512688426572	-35.0
-3.562348685263481	-8.0
-6.766010400269646	-11.0
-13.121475955024383	-31.0
-12.419551920060329	-23.0
-14.402536872050485	-36.0
-12.822050158062384	-32.0
-10.176890561840285	-33.0
-7.650623844071697	-16.0
-13.549760467015895	-27.0
-7.712103792271511	-14.0
-19.177925358318017	-37.0
-6.160933969434131	-15.0
-12.110629341227916	-23.0
-24.130349862609847	-47.0
-13.282633183987306	-26.0
-6.985775780847482	-22.0
-6.755240926542539	-15.0
-8.80124862054355	-17.0
-17.38738017314579	-37.0
-10.867694687602034	-24.0
-8.077332446404977	-22.0
-15.325815211889472	-28.0
-20.763672153164222	-47.0
-14.630282624657848	-50.0
-16.62786520860029	-32.0
-18.95601117837033	-27.0
-15.663914989002311	-34.0
-14.632116565297862	-41.0
-18.24617960664456	-39.0
-15.695086086311704	-30.0
-14.580299955139347	-37.0
-18.333987709482503	-29.0
-15.182840277439585	-37.0
-10.70673342634062	-21.0
-9.467634705150816	-25.0
-23.30216845936809	-46.0
-13.677194257202869	-40.0
-22.016934582637333	-40.0
-5.23606797749979	-11.0
-5.707205377203538	-15.0
-8.718748202943786	-35.0
-14.171700819332772	-55.0
-8.284589286804264	-20.0
-16.760494153455095	-34.0
-8.083464276768444	-19.0
-11.803257056921868	-24.0
-4.0	-10.0
-6.577075589604717	-11.0
-11.85456843826401	-17.0
-16.913857449152633	-30.0
-11.272318935609963	-27.0
-9.544558291765888	-24.0
-12.745352277476725	-29.0
-17.35699194014849	-41.0
-10.978651601236502	-29.0
-14.980067719205444	-30.0
-10.49417274059646	-21.0
-11.5178344238091	-26.0
-9.312643155232308	-24.0
-11.586308764964375	-27.0
-13.576473218982953	-28.0
-18.81490036879719	-34.0
-15.137042502943308	-29.0
-17.23815204443059	-30.0
-11.791614685240695	-29.0
-12.245405082255765	-30.0
-13.4964026543706	-46.0
-5.5	-13.0
-16.134711607592287	-35.0
-20.962290703589503	-38.0
-14.07685814178481	-48.0
-14.85571094155903	-40.0
-9.0	-20.0
-10.115694609083146	-42.0
-15.090656166645852	-50.0
-11.383717608175326	-47.0
-33.546411440844594	-68.0
-14.214500759356728	-40.0
-29.093719024817645	-67.0
-14.293590275711685	-54.0
-16.094746571613847	-53.0
-19.944263120272566	-50.0
-20.92848216535901	-64.0
-17.719216667355163	-61.0
-17.095870282732665	-54.0
-15.16430232305306	-58.0
-10.632303739364584	-47.0
-12.463697513479431	-57.0
-18.39420205327203	-62.0
-33.0	-68.0
-2.975995529483771	-6.0
-4.362833386607792	-7.0
-10.469879950868464	-36.0
-18.98325266922684	-34.0
-8.498103713766533	-33.0
-19.370428553705807	-34.0
-8.654624733954558	-35.0
-9.617145229744004	-29.0
-5.538875876740186	-13.0
-13.117230792237256	-32.0
-14.065479134874506	-25.0
-14.652193355200104	-33.0
-3.5	-9.0
-13.334510643540964	-27.0
-14.74353355226761	-34.0
-4.927273602926718	-9.0
-2.760398644698074	-10.0
-9.134899638433575	-17.0
-13.419860794720648	-33.0
-17.929424623384737	-42.0
-10.135538146134587	-38.0
-6.668008924106117	-27.0
-15.167638589408892	-39.0
-13.793709276644302	-36.0
-13.702924984642054	-38.0
-17.545257268423278	-28.0
-14.819900819372087	-26.0
-10.5	-23.0
-17.11673186395123	-32.0
-9.78632546237702	-28.0
-6.172340413315944	-17.0
-6.399842840459747	-19.0
-9.571261763878988	-23.0
-9.0	-20.0
-9.0	-20.0
-9.0	-20.0
-11.969171260768768	-33.0
-12.317742063817182	-34.0
-13.544424015979414	-30.0
-14.337341559968596	-28.0
-7.5	-17.0
-12.120862191180471	-34.0
-12.547930583971771	-30.0
-12.169270643339356	-29.0
-11.156603957913983	-30.0
-11.311080946112977	-30.0
-4.009899064718836	-11.0
-9.168451841470697	-19.0
-14.9109348317223	-29.0
-8.14760596208405	-15.0
-14.044221013947247	-23.0
-8.847475236146392	-20.0
-1.886000936329383	-7.0
-10.174369131777429	-21.0
-3.711875726143066	-14.0
-12.80813878918566	-35.0
-2.885641782078344	-25.0
-14.422126278998466	-26.0
-11.83426469118398	-19.0
-5.593784669573872	-11.0
-15.866323827029255	-24.0
-10.181805294894176	-23.0
-4.957856760259658	-8.0
-11.707251488654276	-27.0
-20.98844605867195	-47.0
-23.57367203197809	-48.0
-10.664742639828567	-22.0
-14.35689299605102	-35.0
-9.633292677067384	-20.0
-10.15036762718386	-21.0
-24.007473535002468	-39.0
-7.728807279336307	-18.0
-9.414210133974963	-21.0
-16.574317641062347	-30.0
-17.11642906373492	-37.0
-6.5	-15.0
-16.074269506626166	-42.0
-5.128446154740908	-14.0
-11.875012661545808	-20.0
-8.299828894754256	-20.0
-9.265564437074636	-19.0
-6.047045051498687	-12.0
-5.717015382944407	-12.0
-3.442401617370867	-27.0
-4.686140661634507	-11.0
-15.806970824017444	-32.0
-12.21040472354509	-21.0
-8.469329297063094	-21.0
-14.650769230951576	-30.0
-14.616326650239152	-44.0
-19.13293302212596	-36.0
-19.55248355383448	-42.0
-24.59390709267781	-50.0
-10.810290539665203	-28.0
-13.533882648894384	-25.0
-10.378594903310644	-31.0
-8.048604894259539	-29.0
0.5	-1.0
-6.0	-14.0
-12.51789030313896	-26.0
-6.574336177240757	-19.0
-8.062477583919586	-15.0
-13.132884000819049	-36.0
-7.922775897129171	-15.0
-18.02733764654104	-39.0
-2.302775637731995	-5.0
-6.14005494464026	-13.0
-7.0	-16.0
-14.329575647642477	-27.0
-3.452676237033713	-13.0
-5.273780203617222	-17.0
-3.1751308705666457	-6.0
-11.020217104373238	-18.0
-4.728623874802625	-20.0
-12.96875668756289	-33.0
-1.5	-5.0
-6.5	-15.0
-10.66626646007794	-30.0
-16.107629171334814	-41.0
-1.0	-6.0
-13.221332586116166	-35.0
-2.24099816498252	-8.0
-4.19006112786114	-8.0
-9.306819845290033	-24.0
-17.881221116744737	-33.0
-8.346130967233869	-16.0
-13.935612419243364	-26.0
-9.281336980950252	-17.0
-14.81616259856722	-35.0
-9.77554077447715	-26.0
-10.467623563897344	-23.0
-7.117460735883372	-15.0
0.0	-2.0
-9.08594074519337	-16.0
-9.379250739487391	-22.0
-15.66774655860357	-35.0
0.0	-2.0
-7.772899030637722	-19.0
-4.785142481829786	-10.0
-3.5	-9.0
-12.448554596132478	-35.0
-7.299412391342217	-17.0
-13.384155528353874	-30.0
-9.186558192652946	-19.0
-4.867755102691495	-17.0
-11.404766537488706	-23.0
-21.283105434817315	-40.0
-4.322445721205953	-19.0
-5.6524105386957535	-19.0
-6.735769142462742	-20.0
-7.0	-16.0
-11.377849045442783	-29.0
-10.11365488640585	-26.0
-9.875714666286065	-23.0
-10.235104824720402	-18.0
-5.378825336065631	-15.0
-4.0	-10.0
-4.0	-10.0
-8.413640571834339	-24.0
-7.427915276024837	-21.0
-10.354101966249685	-25.0
-22.66440044022908	-47.0
-20.812202374203345	-47.0
-19.5	-41.0
-8.840595027415864	-17.0
-6.5	-15.0
-5.795408549611484	-16.0
0.1072222856959074	-6.0
-3.650648513243876	-6.0
-4.8102349923892085	-14.0
-11.0	-24.0
-14.646155767059106	-25.0
-9.828400814844777	-21.0
-8.051206351001406	-23.0
-12.597596146486516	-25.0
-12.653754289561336	-32.0
-8.973209410288932	-16.0
-11.495010505125036	-22.0
-15.03645323725957	-26.0
-9.6263107410003	-22.0
-11.205183299644672	-23.0
-7.028136107219069	-23.0
-4.6574789700022805	-16.0
-11.023160780661824	-32.0
-6.688671807906345	-20.0
-8.0	-18.0
-5.475586101753545	-14.0
-9.0	-20.0
-7.6617658427901105	-20.0
-13.230243862752737	-31.0
-13.743076630632086	-31.0
-12.383449244408242	-32.0
-14.15297215982866	-31.0
-10.1762355856051	-24.0
-8.563180849881872	-30.0
-11.079063834463565	-23.0
-9.312241653749249	-23.0
-12.0	-26.0
-7.064508771540578	-24.0
-19.94598967928883	-27.0
-8.876932835634904	-23.0
-18.24321581183354	-38.0
-18.8107376124144	-37.0
-17.29644800777591	-40.0
-1.2807764064044145	-4.0
1.5	1.0
-7.116062299143245	-16.0
0.0	-2.0
-9.5	-21.0
1.0	0.0
-14.663769143002916	-34.0
-2.0	-6.0
-8.0	-18.0
-3.850645982507971	-10.0
-12.394160761483798	-24.0
-11.82084777747523	-24.0
-7.221058222275824	-23.0
-16.032187887596788	-28.0
-13.94994995685923	-19.0
-13.307675002479602	-26.0
-19.10654911212198	-30.0
-17.369752895115177	-31.0
-15.833288217332935	-29.0
-6.443524770629705	-19.0
-7.6200873915544545	-19.0
-9.401224130499337	-13.0
-11.5	-26.0
-8.658910531638176	-22.0
-12.10505432129166	-26.0
-8.026987657639735	-22.0
-6.465157868347035	-21.0
-12.676174977679906	-26.0
-11.666158728661651	-21.0
-14.5	-31.0
-6.5	-15.0
-6.5	-15.0
-3.328261436685141	-12.0
-5.375173101182573	-11.0
-7.498809398532819	-22.0
-16.69185472234001	-34.0
-10.26827166353832	-23.0
-18.35602371005858	-40.0
-8.830951894845299	-24.0
-0.7807764064044151	-4.0
-13.741264729640395	-29.0
-7.930004681646914	-24.0
-1.0	-4.0
-1.0	-4.0
-5.150367627183861	-12.0
1.5	1.0
-11.094398098903842	-24.0
-22.775219136525685	-33.0
-13.5	-29.0
-1.5	-5.0
-12.5	-27.0
-10.729478206223716	-20.0
-12.465492388213562	-25.0
-8.342329219213244	-18.0
-4.438251586994969	-13.0
-10.001133081410645	-20.0
-17.06225774829855	-35.0
-14.37222194285599	-33.0
0.0	-2.0
-1.0	-4.0
-6.618033988749895	-13.0
-17.27636883056187	-34.0
-15.907132301223816	-33.0
-7.676553358719129	-13.0
-9.362157449754273	-20.0
-16.62310562561766	-34.0
-11.276383633200588	-23.0
-11.51640798126216	-25.0
-19.248843263630068	-36.0
-14.256059212923056	-42.0
-20.350189391222045	-47.0
-18.118905918325947	-32.0
-16.0	-34.0
-14.0	-30.0
-4.716990566028302	-15.0
-6.601196205514955	-16.0
-9.792680376775804	-33.0
-19.563263611957023	-47.0
-20.73463246406018	-40.0
-7.989633557594796	-25.0
-10.441430731604802	-29.0
-3.751986570959562	-16.0
-12.691322909470312	-29.0
-9.642869107787904	-22.0
-14.0	-30.0
-18.367797065280243	-33.0
-7.818192960151408	-26.0
-9.862521780251717	-32.0
-10.507696845224784	-32.0
-8.897275007822245	-25.0
-6.400849202351484	-17.0
-10.62782347731222	-21.0
-17.70492722432401	-35.0
-19.0	-40.0
-19.0	-40.0
-19.58012784032872	-44.0
-17.566372975210776	-39.0
-16.867627787321023	-41.0
-18.121006181934654	-45.0
-7.902117842683131	-15.0
-4.0	-10.0
-2.640360268043636	-11.0
-10.719802228364186	-26.0
-17.84707241599182	-44.0
-11.705044200535998	-30.0
-7.536296462624036	-19.0
-7.027713340937631	-17.0
1.0	0.0
-12.174791133738903	-24.0
-14.332866710352668	-28.0
-0.5	-3.0
0.5	-1.0
-11.823200840737409	-25.0
-3.0	-8.0
-21.10258919310328	-44.0
-13.170876444860667	-31.0
-14.07418608868086	-32.0
-16.568640584152224	-34.0
-19.844525853973483	-43.0
-11.586985940408493	-39.0
-22.0	-46.0
-2.5	-7.0
-2.5	-7.0
-12.0	-26.0
-12.0	-26.0
-11.811888121211432	-26.0
-8.071067811865476	-24.0
-2.819022872640805	-6.0
-4.289720626139013	-7.0
-5.726528963872352	-10.0
-10.762155512567682	-23.0
-9.3248519254699	-22.0
-7.1027798506685365	-13.0
-6.374106698676005	-15.0
-5.564222789549373	-19.0
-10.727140905668744	-21.0
-5.230420433889226	-19.0
-6.575868185590647	-12.0
-5.837900469197	-18.0
-8.023868515135321	-13.0
-9.39313065959216	-29.0
-12.118804388789888	-29.0
0.1672141338528693	-3.0
-18.95448929407241	-35.0
-10.34290810419522	-29.0
-1.7603986446980742	-6.0
-14.15036762718386	-32.0
-10.259208389508425	-20.0
-9.14005494464026	-22.0
-10.5	-23.0
-10.0	-22.0
-7.914213562373095	-19.0
-11.09512613924716	-21.0
-10.25023695298734	-23.0
-4.777621318168586	-18.0
-17.0	-36.0
-12.947686546191772	-34.0
-8.5	-19.0
-6.676174977679906	-15.0
-7.14005494464026	-15.0
0.5	-1.0
-11.152960520685914	-30.0
-13.167773065721487	-32.0
1.5	1.0
-1.8027756377319948	-5.0
0.5	-1.0
-1.1457513110645905	-3.0
0.5	-1.0
1.0	0.0
-8.409175982101202	-25.0
-9.8446630323169	-15.0
-14.721585935221992	-30.0
-15.760768378579987	-32.0
-13.742998525998548	-28.0
-1.5	-5.0
-10.676174977679906	-25.0
-9.692582403567252	-23.0
-11.0	-24.0
-12.395208207507377	-23.0
-4.5	-11.0
-1.0	-4.0
-10.65036762718386	-22.0
-7.384477936200311	-30.0
-7.289596610046464	-20.0
-3.606672832476857	-9.0
-8.832849361634887	-18.0
-4.5	-11.0
-7.0	-16.0
-4.0	-10.0
-9.769624785458271	-20.0
-13.0	-28.0
-4.6815548211567295	-9.0
-1.0	-3.0
-6.5	-15.0
-8.751738162410513	-29.0
-4.008006854566988	-22.0
-5.668618544319156	-22.0
-15.5	-33.0
-11.530247580839598	-31.0
-17.39309007459737	-38.0
-6.0	-14.0
-8.341984324529465	-22.0
-15.802775637731994	-32.0
-12.0	-26.0
-15.055565022805862	-32.0
-10.321015604884144	-29.0
-11.12395162119284	-31.0
-5.921539930574067	-10.0
-7.556306530764287	-14.0
0.5	-1.0
-11.862283370211973	-29.0
-0.2655644370746374	-4.0
-0.2655644370746374	-4.0
-3.5	-9.0
-1.4142135623730951	-4.0
-3.11690302604542	-17.0
-2.0	-6.0
-1.5	-4.0
1.5	1.0
-6.623105625617661	-15.0
1.0	-1.0
-13.5	-29.0
-16.359943920437466	-44.0
-11.468389431967948	-28.0
-1.8499667176465864	-7.0
-4.0	-10.0
-8.5	-19.0
-6.832085373046894	-15.0
-8.259701190660374	-16.0
-9.616062299143245	-21.0
-0.5	-3.0
-9.692582403567252	-20.0
0.5	-1.0
-8.211301428139446	-26.0
-7.417985456901141	-18.0
-5.0	-12.0
-7.5	-17.0
-15.780776406404415	-34.0
-12.071067811865476	-32.0
-3.5	-9.0
-10.0	-22.0
-10.0	-22.0
-8.579952359056051	-15.0
-5.433654051083336	-24.0
-3.0	-8.0
-0.2807764064044151	-3.0
-0.5	-3.0
-4.5	-11.0
1.0	0.0
-3.73606797749979	-8.0
-6.039495428010229	-17.0
-6.0	-14.0
-4.0	-10.0
-9.160765112359355	-25.0
-3.302775637731995	-7.0
-10.288842101463027	-24.0
-8.5	-19.0
-12.396896734622946	-22.0
-4.755206074732158	-12.0
-4.0	-10.0
0.0	-2.0
-7.945345094725672	-24.0
-7.5	-17.0
-1.0	-4.0
-3.5	-9.0
-3.5	-9.0
-1.5	-5.0
-5.618033988749895	-11.0
-6.599019513592785	-17.0
-9.126918604442253	-22.0
-12.0	-26.0
-12.0	-26.0
-5.990555038290879	-25.0
-17.5	-37.0
-16.0	-34.0
-2.5	-7.0
-5.618033988749895	-11.0
-3.5	-9.0
-12.5	-27.0
-4.5	-11.0
-9.5895093116105	-24.0
-8.440306508910549	-24.0
-12.0	-26.0
-4.318725909232359	-19.0
-10.599019513592786	-25.0
-13.5	-29.0
-2.0	-6.0
-2.5	-7.0
0.0	-2.0
-3.0	-8.0
0.5	-1.0
-5.672951503238533	-17.0
-6.0	-14.0
-8.5	-19.0
0.0	-2.0
-8.5	-19.0
-3.0	-8.0
-3.0	-8.0
1.0	0.0
-14.65524264563816	-30.0
1.0	0.0
-17.5	-37.0
-17.5	-37.0
-4.5	-11.0
-12.5	-27.0
-10.615471518177692	-31.0
-16.5	-35.0
-2.0	-6.0
-2.0	-8.0
-7.0	-16.0
-2.5	-7.0
-14.0	-30.0
-13.116062299143245	-31.0
1.0	0.0
-13.0	-28.0
-2.58276253029822	-9.0
-3.5	-9.0
