1200
145
126
48
46
47
44
45
460
1441
932
344
282
284
188
1604
419
380
727
111
169
420
283
295
285
293
1219
286
345
150
69
85
40
346
347
366
367
364
365
348
349
360
361
263
262
71
70
221
10
362
363
357
356
355
354
353
352
351
350
359
358
1087
459
988
1084
1083
1085
1086
749
579
552
234
498
136
494
236
237
233
928
973
1081
23
1080
158
8
776
1091
1092
25
441
1440
711
244
122
168
102
103
483
104
1020
1004
1046
121
57
1064
726
643
644
238
800
925
495
496
497
491
492
493
1771
1078
1079
931
127
128
1558
927
1082
191
176
1711
3
1010
444
245
387
458
179
178
177
731
730
508
554
507
242
488
1043
1042
1041
340
642
318
895
341
342
343
251
87
437
1089
137
1090
636
466
1088
298
1166
1167
668
1169
577
330
333
63
1050
857
850
1583
542
541
185
997
991
1172
1171
1170
1168
998
710
93
37
52
475
299
296
1305
607
199
229
211
982
763
706
707
621
702
1160
64
278
181
313
81
230
198
833
975
831
1688
378
1639
956
704
651
170
200
993
447
305
1552
123
124
386
703
881
1551
1553
844
1554
705
536
1473
438
439
1384
195
375
297
1270
294
606
468
1336
79
1146
1147
888
61
832
835
1038
509
912
467
567
371
261
472
728
292
153
1329
190
88
796
1071
421
287
1337
1151
712
1152
228
165
1641
1728
946
1727
417
1362
290
1263
788
535
1070
66
1013
291
203
990
140
1103
1192
331
1332
1587
1370
260
1665
277
373
204
270
24
26
27
30
29
1068
271
272
273
1106
1421
1420
1423
1422
1424
790
193
1253
523
1016
1173
143
1419
565
1134
383
385
59
58
789
1418
517
374
274
275
276
603
257
4
1564
1565
149
828
479
515
669
1376
453
700
701
1073
690
397
82
279
692
693
691
696
697
694
695
698
699
1254
1373
1372
1375
1374
1014
476
477
751
303
454
677
1238
778
1118
92
1371
1382
415
689
688
474
1361
685
684
687
686
1381
683
682
540
197
456
28
322
323
320
77
76
321
537
1100
539
538
1132
768
782
114
113
112
110
108
557
551
141
775
774
777
582
773
581
465
148
98
484
106
1570
109
152
889
890
1142
132
130
134
1465
930
936
934
1313
1311
1116
129
929
1389
418
377
1177
708
1324
316
243
105
903
906
1535
1534
1533
1532
1531
511
510
622
1342
1501
187
750
563
868
741
559
42
1117
675
618
1247
779
617
615
649
2
1040
941
117
119
118
580
562
100
1608
613
614
655
1479
101
490
107
485
1581
986
1212
1001
1023
54
53
1406
1210
156
247
246
249
248
1000
550
99
1775
5
324
911
737
462
1707
1388
807
133
131
135
139
138
125
115
120
116
91
667
666
663
1355
446
75
194
90
65
95
94
97
96
665
664
252
253
254
255
300
1791
578
575
574
258
259
573
735
736
572
216
217
214
215
212
213
210
196
218
219
67
68
231
182
201
202
205
207
206
209
208
74
73
227
226
225
224
223
222
220
147
760
522
280
787
1626
865
1623
1624
1622
1621
1741
1620
1627
1625
952
1629
1600
1628
1730
586
1136
1135
381
382
558
157
56
519
518
520
164
166
167
163
555
867
623
1301
1302
624
442
1312
1309
783
942
940
376
1719
1569
526
527
652
240
1024
926
1667
1590
556
560
561
1366
1278
1039
553
241
740
1021
999
1249
1248
549
1589
499
250
1546
795
794
793
792
791
1058
1461
327
502
503
500
501
587
1215
1591
1593
1592
1516
780
1594
1519
1451
1199
1198
1755
1191
406
405
404
403
402
401
1190
400
399
1193
976
1195
1348
1194
1197
1196
335
336
1759
1757
1758
1756
1754
1753
1752
1738
1751
1750
1208
1207
1096
1077
1095
1176
1830
1663
1175
1174
756
1107
443
1110
1108
1109
1401
1179
1231
1178
1180
1007
1011
1009
1008
1006
1005
1285
1286
1284
1287
1121
159
521
175
1281
1282
1280
1283
948
1149
1003
1289
980
979
1288
1002
1490
1019
1579
1578
753
1595
1507
1223
1222
471
1573
396
809
808
810
811
812
813
814
815
470
681
605
314
543
506
504
505
891
892
464
680
1227
1226
1349
512
1417
1240
1241
1225
1224
965
15
17
16
576
1047
1344
1345
1221
1243
846
1500
1242
268
1220
407
398
678
7
757
1188
1189
1186
1187
1557
1122
821
820
816
822
1268
1267
1251
1017
1379
1378
409
408
84
414
416
410
411
412
413
1343
987
455
1346
1347
1018
748
1245
1061
1246
379
876
9
1476
1012
674
639
534
533
1477
1474
1475
1385
761
1748
256
851
1779
1778
546
734
548
658
1159
1598
849
848
1681
1506
370
1760
1632
1143
1144
755
754
265
264
909
372
144
1360
1674
1673
1793
1795
1794
1412
1712
1651
843
436
1539
1022
1566
1045
1044
1307
1502
1413
528
1244
393
394
392
391
390
920
989
452
395
1075
819
1115
825
1365
1572
1571
1575
1574
1300
1323
626
625
1325
1213
62
627
797
239
1067
654
650
281
161
1326
841
1543
588
1216
1447
1218
593
1442
325
1015
958
611
933
845
1761
326
594
1395
1123
609
1236
1399
1397
89
154
1303
957
656
1402
1400
1392
1391
568
1359
996
896
897
1403
610
1398
564
1099
1396
1394
1393
1065
1066
827
725
769
709
1483
1482
160
770
983
1457
1650
631
632
633
634
635
1456
1367
1470
972
971
174
173
172
171
1214
6
910
155
423
616
1503
461
319
1504
1505
950
1364
1250
192
1112
1032
824
1158
1618
1619
1616
513
514
516
1617
451
1614
945
1615
1499
1612
1613
1610
80
1611
1098
1114
871
1363
1768
1827
1767
1769
1762
1781
1185
1763
1766
1764
1765
1140
1141
1145
1148
1547
1544
1545
1542
1540
1541
1720
1721
1548
762
1549
856
995
1322
1320
1321
1074
858
859
964
1633
963
1582
317
1203
547
545
481
1686
544
629
766
764
765
83
86
767
640
673
672
1156
1662
1659
1661
1660
608
1386
803
648
1387
1377
11
1165
1164
1161
1163
570
662
1162
428
288
1154
1157
427
426
1155
713
1150
1153
1383
151
368
369
448
486
1029
798
1469
1468
994
384
1467
860
720
970
1105
1182
1789
566
1429
388
389
1304
571
717
676
1306
922
1262
1261
1260
977
1256
1257
1255
1252
1258
1259
1264
724
525
72
1489
1335
432
339
338
337
1734
1052
1567
612
1803
1802
1472
1471
1576
1735
657
1293
1849
1848
804
1316
1550
55
1102
1133
907
1431
908
1596
162
883
884
1291
1609
806
1266
1460
1097
1339
1233
301
847
38
33
36
1699
434
435
854
852
853
186
469
1749
1744
1745
1746
1747
1202
35
34
1694
1692
1693
1691
489
1689
1094
653
1841
1840
679
1814
1815
1816
1817
1810
1811
1812
1813
1818
1819
670
1601
1603
1602
1630
1631
1599
1605
1607
1606
1129
1128
1130
1127
802
801
905
1521
742
743
739
738
805
604
1774
1777
1776
1770
1658
1773
1772
1235
51
1702
1843
863
879
1555
1036
1037
1556
1559
1072
1310
50
43
938
1308
1317
1315
1314
1319
1318
1201
1299
1228
1834
1076
1668
1797
1239
902
1825
1844
1703
878
877
532
919
531
1792
429
445
660
661
422
659
449
1656
1655
1528
328
425
424
433
430
431
530
1806
1452
1334
1453
1515
1514
786
1209
1443
1139
1138
1269
1204
1056
1530
591
592
590
1538
334
1560
1330
1049
1048
1480
1807
1805
1804
1801
1800
183
184
1809
1808
752
1526
1525
818
817
1358
1523
1524
1790
1492
1493
1494
1495
1496
1497
1498
1666
1700
1701
1704
1705
1706
1708
1709
329
1390
1120
1124
1125
1126
524
440
904
981
529
1271
834
1640
1234
1237
1230
1232
873
1796
1478
1577
1327
836
837
838
839
1647
1649
1648
1464
1025
1027
1026
1183
1181
1101
232
1350
1351
842
840
235
1858
1855
1137
1425
463
1466
864
955
1683
1682
885
1
146
1509
1510
1833
142
1481
1113
1522
893
894
898
899
900
1184
1723
1455
1743
1722
1851
1736
289
1832
1831
1836
1837
1835
961
1838
1839
939
1436
1437
937
935
829
1031
1034
1033
1035
823
830
826
1536
619
1487
1486
1485
1484
1488
1718
799
1272
1273
1274
1131
1275
1276
1710
1850
1448
1446
1051
1353
1352
1354
1069
1684
747
1057
1584
1742
1857
671
1842
620
628
1229
457
1597
1430
866
645
13
19
12
20
21
18
14
918
915
914
917
916
1671
1672
716
715
913
733
1030
758
482
759
1829
1828
1824
1826
1821
1820
1823
1822
921
923
924
1328
1093
784
781
785
1726
1724
1725
60
311
310
308
309
302
304
306
307
267
269
266
1409
772
1062
1279
1405
1669
312
1696
1695
1588
1580
1586
1585
729
630
332
637
638
1217
1729
1454
1458
1459
1732
1852
1853
1854
1856
966
1737
1518
1404
1739
1731
1678
1733
1211
1784
1785
1713
1028
39
473
601
602
1205
1206
1561
1517
1445
1444
1059
1119
1449
1357
1356
487
480
189
600
597
599
598
595
596
1111
1104
1450
901
1847
1846
1845
855
744
745
746
1296
1298
1297
1295
1675
1053
1054
1055
1060
1063
1697
1690
944
1698
714
1491
1537
732
22
719
718
974
180
967
968
969
31
722
723
721
1670
1333
985
1645
1644
978
1416
1664
1277
869
872
870
861
862
882
1410
880
1520
887
886
771
49
585
78
1680
1685
1687
1340
1652
1653
1654
1463
1462
1782
1717
1426
315
1290
1331
874
960
962
1341
875
951
1292
1338
646
1788
1780
1783
1786
1787
1677
1679
1676
1411
1414
1415
1529
647
1527
959
953
1715
1714
949
954
1799
1798
1265
1294
1408
1407
32
641
1646
1380
947
943
1657
584
583
589
1434
1435
1432
1433
1438
1439
1513
450
1508
1568
992
1642
1643
569
1427
1428
1740
1511
1512
1637
1638
984
1716
1634
1635
1636
41
1562
1563
478
1368
1369
