Fraction_of_nodes	Efficiency
0.0012755102040816326	0.2348991081799211
0.002551020408163265	0.23549736768261353
0.003826530612244898	0.23346930846906164
0.00510204081632653	0.23406542466209618
0.006377551020408163	0.23466383527293047
0.007653061224489796	0.23526455210234928
0.008928571428571428	0.235867587027131
0.01020408163265306	0.23647627757429782
0.011479591836734694	0.2370873273871513
0.012755102040816327	0.23770074867405208
0.01403061224489796	0.23831655372243044
0.015306122448979591	0.23893475489940172
0.016581632653061226	0.2395553646523872
0.017857142857142856	0.2401783955097406
0.01913265306122449	0.24080386008138055
0.02040816326530612	0.24143177105942848
0.021683673469387755	0.24206214121885258
0.02295918367346939	0.24269498341811754
0.02423469387755102	0.24333031059984037
0.025510204081632654	0.24396813579145202
0.026785714285714284	0.24460847210586525
0.02806122448979592	0.24525133274214875
0.029336734693877552	0.24589673098620704
0.030612244897959183	0.24654468021146714
0.03188775510204082	0.24719519387957126
0.03316326530612245	0.24784828554107607
0.03443877551020408	0.2485039688361583
0.03571428571428571	0.24916225749532692
0.036989795918367346	0.24982316534014212
0.03826530612244898	0.25048670628394065
0.039540816326530615	0.25115289433256816
0.04081632653061224	0.2518217435851183
0.042091836734693876	0.25249326823467855
0.04336734693877551	0.25316748256908356
0.044642857142857144	0.2538444009716747
0.04591836734693878	0.2545240379220674
0.047193877551020405	0.2552064079969255
0.04846938775510204	0.25589152587074276
0.04974489795918367	0.25657940631663184
0.05102040816326531	0.2572700642071208
0.05229591836734694	0.2579635145149567
0.05357142857142857	0.2586597723139174
0.0548469387755102	0.2593588527796307
0.05612244897959184	0.260060771190401
0.05739795918367347	0.2607655429280444
0.058673469387755105	0.26147318347873105
0.05994897959183673	0.2621837084338363
0.061224489795918366	0.26289713349079913
0.0625	0.2636134744539893
0.06377551020408163	0.26433274723558275
0.06505102040816327	0.265054967856445
0.0663265306122449	0.2657801524470235
0.06760204081632654	0.26650831724824825
0.06887755102040816	0.26723947861244096
0.07015306122448979	0.26797365300423337
0.07142857142857142	0.268710857001494
0.07270408163265306	0.2694511072962639
0.07397959183673469	0.27019442069570193
0.07525510204081633	0.2709408141230381
0.07653061224489796	0.2716903046185375
0.0778061224489796	0.27244290934047255
0.07908163265306123	0.2731986455661049
0.08035714285714286	0.2739575306926774
0.08163265306122448	0.274719582238415
0.08290816326530612	0.27548481784353596
0.08418367346938775	0.2762532552712725
0.08545918367346939	0.27702491240890176
0.08673469387755102	0.2777998072687868
0.08801020408163265	0.27857795798942764
0.08928571428571429	0.2793593828365228
0.09056122448979592	0.2801441002040411
0.09183673469387756	0.28093212861530426
0.09311224489795919	0.28172348672407976
0.09438775510204081	0.28251819331568506
0.09566326530612244	0.2833162673081022
0.09693877551020408	0.28411772775310395
0.09821428571428571	0.2849225938373904
0.09948979591836735	0.28573088488373755
0.10076530612244898	0.2865426203521573
0.10204081632653061	0.2873578198410681
0.10331632653061225	0.2881765030884786
0.10459183673469388	0.2889986899731818
0.10586734693877552	0.2898244005159623
0.10714285714285714	0.29065365488081485
0.10841836734693877	0.29148647337617534
0.1096938775510204	0.2923228764561644
0.11096938775510204	0.293162884721843
0.11224489795918367	0.2940065189224814
0.11352040816326531	0.29485379995684013
0.11479591836734694	0.2957047488744645
0.11607142857142858	0.29655938687699185
0.11734693877551021	0.2974177353194723
0.11862244897959184	0.29827981571170264
0.11989795918367346	0.2991456497195741
0.1211734693877551	0.3000152591664333
0.12244897959183673	0.30088866603445785
0.12372448979591837	0.3017658924660452
0.125	0.30264696076521613
0.12627551020408162	0.3035318933990325
0.12755102040816327	0.3044207129990297
0.1288265306122449	0.3053134423626632
0.13010204081632654	0.30621010445477087
0.13137755102040816	0.30711072240904963
0.1326530612244898	0.3080153195295476
0.13392857142857142	0.3089239192921716
0.13520408163265307	0.3098365453462105
0.1364795918367347	0.31075322151587387
0.1377551020408163	0.3116739718018468
0.13903061224489796	0.3125988203828612
0.14030612244897958	0.3135277916172828
0.14158163265306123	0.31446091004471516
0.14285714285714285	0.31539820038762045
0.1441326530612245	0.3163396875529566
0.14540816326530612	0.31728539663383243
0.14668367346938777	0.3182353529111792
0.14795918367346939	0.3191895818554406
0.14923469387755103	0.3201481091282798
0.15051020408163265	0.32111096058430466
0.15178571428571427	0.3220781622728116
0.15306122448979592	0.3230497404395471
0.15433673469387754	0.32402572152848835
0.1556122448979592	0.3250061321836426
0.1568877551020408	0.3259909992508658
0.15816326530612246	0.3269803497797
0.15943877551020408	0.32797421102523094
0.16071428571428573	0.3289726104499653
0.16198979591836735	0.3299755757257274
0.16326530612244897	0.33098313473557694
0.16454081632653061	0.3319953155757469
0.16581632653061223	0.3330121465576022
0.16709183673469388	0.3340336562096194
0.1683673469387755	0.3350598732793878
0.16964285714285715	0.33609082673563206
0.17091836734693877	0.33712654577025647
0.17219387755102042	0.3381670598004116
0.17346938775510204	0.3392123984705829
0.1747448979591837	0.34026259165470235
0.1760204081632653	0.3413176694582828
0.17729591836734693	0.34237766222057564
0.17857142857142858	0.3434426005167516
0.1798469387755102	0.34451251516010595
0.18112244897959184	0.34558743720428725
0.18239795918367346	0.3466673979455507
0.1836734693877551	0.34561464853896684
0.18494897959183673	0.3451054171302141
0.18622448979591838	0.34404979257145274
0.1875	0.3435642374990002
0.18877551020408162	0.34299237359423007
0.19005102040816327	0.34242893928418067
0.1913265306122449	0.34136711501752565
0.19260204081632654	0.3403039407808963
0.19387755102040816	0.3396871886422713
0.1951530612244898	0.34075549853603165
0.19642857142857142	0.34183393477434243
0.19770408163265307	0.3416491988420973
0.1989795918367347	0.34146662738600264
0.2002551020408163	0.34159664579118065
0.20153061224489796	0.3414135037264786
0.20280612244897958	0.34156675213583887
0.20408163265306123	0.34160733149403694
0.20535714285714285	0.34142318656474946
0.2066326530612245	0.3416039717418552
0.20790816326530612	0.3417966166249749
0.20918367346938777	0.3419636249924553
0.21045918367346939	0.34207781977647733
0.21173469387755103	0.3421970805589276
0.21301020408163265	0.34201186441763054
0.21428571428571427	0.3421381937834983
0.21556122448979592	0.34216863960066785
0.21683673469387754	0.3423394317464957
0.2181122448979592	0.34250507344396325
0.2193877551020408	0.34264028397216595
0.22066326530612246	0.3427119386823036
0.22193877551020408	0.3428400943936203
0.22321428571428573	0.3430032516626199
0.22448979591836735	0.34317312277709455
0.22576530612244897	0.3433138865770953
0.22704081632653061	0.3434350707787881
0.22831632653061223	0.3435679492081201
0.22959183673469388	0.34375867168838253
0.2308673469387755	0.34396933751224473
0.23214285714285715	0.34411022234898575
0.23341836734693877	0.34432288777863607
0.23469387755102042	0.3444602114625643
0.23596938775510204	0.34466744090294293
0.2372448979591837	0.34479457861489016
0.2385204081632653	0.3449660682223363
0.23979591836734693	0.3451675032419564
0.24107142857142858	0.3449781663497725
0.2423469387755102	0.345108287293974
0.24362244897959184	0.3453101499466551
0.24489795918367346	0.34544261901402756
0.2461734693877551	0.3466078751890672
0.24744897959183673	0.346741196895087
0.24872448979591838	0.3479148139155829
0.25	0.34812220174745717
0.2512755102040816	0.34830446554281336
0.25255102040816324	0.3484664974758148
0.2538265306122449	0.3486897513943117
0.25510204081632654	0.3485015899487271
0.25637755102040816	0.34869252729499906
0.2576530612244898	0.3485038829831656
0.25892857142857145	0.34831483569656374
0.2602040816326531	0.34847974113026675
0.2614795918367347	0.3487076513010172
0.2627551020408163	0.348861389799193
0.26403061224489793	0.34902462850544164
0.2653061224489796	0.35023862721328664
0.26658163265306123	0.3500500934193086
0.26785714285714285	0.350195093573098
0.26913265306122447	0.35035931200765724
0.27040816326530615	0.3501699263949764
0.27168367346938777	0.35040331418068194
0.2729591836734694	0.35162879371746847
0.274234693877551	0.35182966574994146
0.2755102040816326	0.35200306778859297
0.2767857142857143	0.35324689488325234
0.2780612244897959	0.35345528836546247
0.27933673469387754	0.3532682692097912
0.28061224489795916	0.353507258060274
0.28188775510204084	0.35367650002338297
0.28316326530612246	0.35348894005916537
0.2844387755102041	0.3547450343765399
0.2857142857142857	0.3560078584197987
0.2869897959183674	0.35582303695497614
0.288265306122449	0.3560606938081575
0.2895408163265306	0.35644500557459
0.29081632653061223	0.3562598569784412
0.29209183673469385	0.35607430535144763
0.29336734693877553	0.3562435941786079
0.29464285714285715	0.3564074088625566
0.29591836734693877	0.3562210123000597
0.2971938775510204	0.35750976186466854
0.29846938775510207	0.35772589280705025
0.2997448979591837	0.35788859638545334
0.3010204081632653	0.35805510704181165
0.3022959183673469	0.3581724491222865
0.30357142857142855	0.3584242363133448
0.3048469387755102	0.3582382173044801
0.30612244897959184	0.3584974090917648
0.30739795918367346	0.3598202777600001
0.3086734693877551	0.3600760970633251
0.30994897959183676	0.36034960407031874
0.3112244897959184	0.360522572664649
0.3125	0.36072192986613083
0.3137755102040816	0.3609081615927315
0.31505102040816324	0.3622478853397457
0.3163265306122449	0.3620647928573645
0.31760204081632654	0.3622272393145676
0.31887755102040816	0.36248837639552905
0.3201530612244898	0.36268849892008315
0.32142857142857145	0.36405455729642994
0.3227040816326531	0.3638726030147837
0.3239795918367347	0.36369024265478506
0.3252551020408163	0.3650678572102956
0.32653061224489793	0.36488701052194367
0.3278061224489796	0.36516559524508496
0.32908163265306123	0.36537497736663527
0.33035714285714285	0.36563395128970294
0.33163265306122447	0.3658292343538267
0.33290816326530615	0.3660770581347498
0.33418367346938777	0.366307547867493
0.3354591836734694	0.3664189920756725
0.336734693877551	0.36667185415670434
0.3380102040816326	0.3667652375737917
0.3392857142857143	0.36696738186031336
0.3405612244897959	0.3671933336325365
0.34183673469387754	0.3676400491701917
0.34311224489795916	0.3679493281949595
0.34438775510204084	0.36938382849981316
0.34566326530612246	0.3692035717179796
0.3469387755102041	0.3690229023966121
0.3482142857142857	0.36924855786999117
0.3494897959183674	0.3690673754760859
0.350765306122449	0.3692763846556211
0.3520408163265306	0.36949194220483533
0.35331632653061223	0.3693100285067468
0.35459183673469385	0.36960552576936473
0.35586734693877553	0.3697298182193251
0.35714285714285715	0.3699501404266983
0.35841836734693877	0.3701125253783585
0.3596938775510204	0.3703368826749865
0.36096938775510207	0.37060864936737403
0.3622448979591837	0.37088363393399
0.3635204081632653	0.3707004370180857
0.3647959183673469	0.37092690008809087
0.36607142857142855	0.3710379210743158
0.3673469387755102	0.37085356250629103
0.36862244897959184	0.37102386891812317
0.36989795918367346	0.370838705438435
0.3711734693877551	0.37101109297051493
0.37244897959183676	0.37252233978505883
0.3737244897959184	0.3727591892149448
0.375	0.37257543508155977
0.3762755102040816	0.37117430464716966
0.37755102040816324	0.3702556075443905
0.3788265306122449	0.36886370742139185
0.38010204081632654	0.3691414591372781
0.38137755102040816	0.3689230638149351
0.3826530612244898	0.36904405432040693
0.38392857142857145	0.3688464501198162
0.3852040816326531	0.36901639909909106
0.3864795918367347	0.36760409447882647
0.3877551020408163	0.36740286476430084
0.38903061224489793	0.36718290953642957
0.3903061224489796	0.3673993959221167
0.39158163265306123	0.36752050925171587
0.39285714285714285	0.3672936753646928
0.39413265306122447	0.3670883114958618
0.39540816326530615	0.36688388149954426
0.39668367346938777	0.36707083646858246
0.3979591836734694	0.3673205524966309
0.399234693877551	0.36711508635602375
0.4005102040816326	0.367217559618171
0.4017857142857143	0.3669819401161272
0.4030612244897959	0.36677449562875153
0.40433673469387754	0.3665419856447054
0.40561224489795916	0.36664559201304336
0.40688775510204084	0.3667721851438689
0.40816326530612246	0.3665667436259172
0.4094387755102041	0.3663483025253064
0.4107142857142857	0.36611748097638797
0.4119897959183674	0.3659055613190397
0.413265306122449	0.3660088093207471
0.4145408163265306	0.36632639146545126
0.41581632653061223	0.36608776942204624
0.41709183673469385	0.36642385504234565
0.41836734693877553	0.3665516354989375
0.41964285714285715	0.36631150054051487
0.42091836734693877	0.3665616399723242
0.4221938775510204	0.3667379710484149
0.42346938775510207	0.3665018412050152
0.4247448979591837	0.3662805288658612
0.4260204081632653	0.3660635156314187
0.4272959183673469	0.3658458943153946
0.42857142857142855	0.365627663257709
0.4298469387755102	0.3658836689038371
0.43112244897959184	0.3660610335735573
0.43239795918367346	0.365841515673056
0.4336734693877551	0.3656213775853666
0.43494897959183676	0.36539721288771054
0.4362244897959184	0.36566831860963783
0.4375	0.36544681508983823
0.4387755102040816	0.3655758611170517
0.44005102040816324	0.3653252341181607
0.4413265306122449	0.36510158162951933
0.44260204081632654	0.36541490843209307
0.44387755102040816	0.36554483461661896
0.4451530612244898	0.3656791496727858
0.44642857142857145	0.3658161364824903
0.4477040816326531	0.365589627349033
0.4489795918367347	0.3653624573920438
0.4502551020408163	0.365129228943386
0.45153061224489793	0.3649007065290601
0.4528061224489796	0.3651680354956004
0.45408163265306123	0.36551741119354486
0.45535714285714285	0.36561994920391927
0.45663265306122447	0.36576083954761573
0.45790816326530615	0.3655299667042199
0.45918367346938777	0.3652984076012843
0.4604591836734694	0.3656614716971522
0.461734693877551	0.36542573350953467
0.4630102040816326	0.3671432341747028
0.4642857142857143	0.3688843429183484
0.4655612244897959	0.3686538161421613
0.46683673469387754	0.370421939960589
0.46811224489795916	0.3705387612992428
0.46938775510204084	0.37031356194065657
0.47066326530612246	0.37061443843063135
0.4719387755102041	0.37082714359854096
0.4732142857142857	0.3705634829221327
0.4744897959183674	0.3706875644695849
0.475765306122449	0.3704593199222386
0.4770408163265306	0.36739101914302286
0.47831632653061223	0.36776231682622507
0.47959183673469385	0.36815391594858227
0.48086734693877553	0.3664594957703846
0.48214285714285715	0.3648073141565117
0.48341836734693877	0.3631404066337865
0.4846938775510204	0.3613961706349589
0.48596938775510207	0.3611397108754327
0.4872448979591837	0.3608565650555499
0.4885204081632653	0.3605733582715099
0.4897959183673469	0.36031203007569607
0.49107142857142855	0.360039336196938
0.4923469387755102	0.35976566290781126
0.49362244897959184	0.35947722396133674
0.49489795918367346	0.35981481481530214
0.4961734693877551	0.3595251558187671
0.49744897959183676	0.35921821383565544
0.4987244897959184	0.3589597289302095
0.5	0.35922129721499824
0.5012755102040817	0.358920147769704
0.5025510204081632	0.3590077560261953
0.5038265306122449	0.35873483864742206
0.5051020408163265	0.3588305939604904
0.5063775510204082	0.3585599335934985
0.5076530612244898	0.3582861180274686
0.5089285714285714	0.3585615079369206
0.5102040816326531	0.3582932169281662
0.5114795918367347	0.35800354508171084
0.5127551020408163	0.35770132791031506
0.514030612244898	0.3578134641068385
0.5153061224489796	0.3575433967508238
0.5165816326530612	0.3576435714522058
0.5178571428571429	0.3573351297492766
0.5191326530612245	0.35704775476452855
0.5204081632653061	0.35676643026037586
0.5216836734693877	0.3571265597151199
0.5229591836734694	0.35723621644644193
0.5242346938775511	0.35691549674760625
0.5255102040816326	0.35700398033052894
0.5267857142857143	0.35719506568594034
0.5280612244897959	0.35690568617427354
0.5293367346938775	0.3569945210324575
0.5306122448979592	0.35670511985179676
0.5318877551020408	0.35637249792813663
0.5331632653061225	0.3560882800611398
0.5344387755102041	0.3557717396760928
0.5357142857142857	0.35547533274829374
0.5369897959183674	0.35575493762356913
0.5382653061224489	0.35584089622157417
0.5395408163265306	0.35622576177306275
0.5408163265306123	0.3559444960282583
0.5420918367346939	0.35563898269056365
0.5433673469387755	0.3553401248769391
0.5446428571428571	0.35500739621707966
0.5459183673469388	0.35470353958976164
0.5471938775510204	0.35435877032455293
0.548469387755102	0.35405509941704355
0.5497448979591837	0.35375300454989567
0.5510204081632653	0.3534552253303712
0.5522959183673469	0.3531482838150907
0.5535714285714286	0.35284841042447607
0.5548469387755102	0.3525255519328545
0.5561224489795918	0.3488130334449647
0.5573979591836735	0.3484902244952312
0.5586734693877551	0.34857110943575353
0.5599489795918368	0.34862318840590056
0.5612244897959183	0.348895970348374
0.5625	0.34687228274778065
0.5637755102040817	0.34487889649188574
0.5650510204081632	0.34277471105751595
0.5663265306122449	0.340827115507036
0.5676020408163265	0.3388257608816389
0.5688775510204082	0.33677476749839186
0.5701530612244898	0.3346639348123378
0.5714285714285714	0.33425284292824786
0.5727040816326531	0.3338814907498598
0.5739795918367347	0.33388478298658125
0.5752551020408163	0.3334207701677427
0.576530612244898	0.3329981557650217
0.5778061224489796	0.3330266410326365
0.5790816326530612	0.33264867520180447
0.5803571428571429	0.3326599451404084
0.5816326530612245	0.33268379702136475
0.5829081632653061	0.3326891928230426
0.5841836734693877	0.33271669026258127
0.5854591836734694	0.33233143399796233
0.5867346938775511	0.3318824930880493
0.5880102040816326	0.331392740162259
0.5892857142857143	0.3309565733375364
0.5905612244897959	0.3305539330216075
0.5918367346938775	0.3301299634271697
0.5931122448979592	0.3297204313792815
0.5943877551020408	0.3293124086526826
0.5956632653061225	0.328797801115158
0.5969387755102041	0.3283956198510474
0.5982142857142857	0.3283607993796439
0.5994897959183674	0.32794407928180824
0.6007653061224489	0.3275323584825804
0.6020408163265306	0.32712232390663615
0.6033163265306123	0.32670711890166254
0.6045918367346939	0.3262275115702053
0.6058673469387755	0.3258118634329801
0.6071428571428571	0.3258157423464488
0.6084183673469388	0.3253514579915776
0.6096938775510204	0.32481695774826314
0.610969387755102	0.3243708656885886
0.6122448979591837	0.3238195530077135
0.6135204081632653	0.3233467386471597
0.6147959183673469	0.3229045198856769
0.6160714285714286	0.32286452565502294
0.6173469387755102	0.3224024526196499
0.6186224489795918	0.3219306712155666
0.6198979591836735	0.3214678477540106
0.6211734693877551	0.32100282100263194
0.6224489795918368	0.3205355779506464
0.6237244897959183	0.3204946385332
0.625	0.3200219792124433
0.6262755102040817	0.3195470413139008
0.6275510204081632	0.31909727125782095
0.6288265306122449	0.31849350238954377
0.6301020408163265	0.31802688621072556
0.6313775510204082	0.3156650486990809
0.6326530612244898	0.3130980610400072
0.6339285714285714	0.3125971589385029
0.6352040816326531	0.31197726250346736
0.6364795918367347	0.3114953463469826
0.6377551020408163	0.3028803563429094
0.639030612244898	0.30233649934414986
0.6403061224489796	0.30181090835658947
0.6415816326530612	0.30125741399753975
0.6428571428571429	0.30070105820097237
0.6441326530612245	0.30019339367207576
0.6454081632653061	0.29319966409537146
0.6466836734693877	0.292553497619357
0.6479591836734694	0.29197804128232857
0.6492346938775511	0.2914129617340706
0.6505102040816326	0.2908317959412273
0.6517857142857143	0.2902611685699356
0.6530612244897959	0.2897013602488407
0.6543367346938775	0.2890979909798576
0.6556122448979592	0.2885052090503886
0.6568877551020408	0.28216861787711395
0.6581632653061225	0.28143598486961857
0.6594387755102041	0.27870143523599195
0.6607142857142857	0.2780739584810732
0.6619897959183674	0.2773098913664639
0.6632653061224489	0.27653819564463605
0.6645408163265306	0.27589421337279035
0.6658163265306123	0.27526639564017047
0.6670918367346939	0.27443167305236127
0.6683673469387755	0.27376398376399086
0.6696428571428571	0.273032833497965
0.6709183673469388	0.272405212198014
0.6721938775510204	0.27170881971468774
0.673469387755102	0.27102379493467915
0.6747448979591837	0.2703710565591519
0.6760204081632653	0.26960360192135513
0.6772959183673469	0.2689226634879446
0.6785714285714286	0.2658772318135612
0.6798469387755102	0.25913784860567046
0.6811224489795918	0.2583839357430607
0.6823979591836735	0.25760137323496274
0.6836734693877551	0.25664533542300805
0.6849489795918368	0.25578047683318816
0.6862244897959183	0.24860461257680597
0.6875	0.24553752648606567
0.6887755102040817	0.2446518923295473
0.6900510204081632	0.23932761963070304
0.6913265306122449	0.234186641976204
0.6926020408163265	0.2313623789765342
0.6938775510204082	0.23021269177131645
0.6951530612244898	0.22912344854264416
0.6964285714285714	0.21767187887817507
0.6977040816326531	0.21674831342825207
0.6989795918367347	0.215738069479546
0.7002551020408163	0.21252045826517754
0.701530612244898	0.201157330985687
0.7028061224489796	0.19993155246414093
0.7040816326530612	0.19878899835799294
0.7053571428571429	0.19765669113497997
0.7066326530612245	0.19656667299540728
0.7079081632653061	0.19126829081439548
0.7091836734693877	0.1879556637555913
0.7104591836734694	0.18653268878407905
0.7117346938775511	0.18328416912488504
0.7130102040816326	0.18198412698413163
0.7142857142857143	0.17081398142215024
0.7155612244897959	0.1693498431166418
0.7168367346938775	0.16796094737268968
0.7181122448979592	0.16649184149181695
0.7193877551020408	0.16514113740138706
0.7206632653061225	0.15980687863932982
0.7219387755102041	0.15831325131411567
0.7232142857142857	0.15491480343628675
0.7244897959183674	0.15348478323282294
0.7257653061224489	0.15198507570815695
0.7270408163265306	0.1468013689614118
0.7283163265306123	0.13571470753239093
0.7295918367346939	0.13423648991026518
0.7308673469387755	0.12175581132926218
0.7321428571428571	0.12014885699095396
0.7334183673469388	0.11517758557231515
0.7346938775510204	0.08743651678434469
0.735969387755102	0.08608883260635246
0.7372448979591837	0.06676927934327942
0.7385204081632653	0.05956480153036824
0.7397959183673469	0.05846131556070704
0.7410714285714286	0.0002438667512071404
0.7423469387755102	0.00024629328604502243
0.7436224489795918	0.0002487562189054726
0.7448979591836735	0.0002512562814070352
0.7461734693877551	0.00025379422364346985
0.7474489795918368	0.00025637081474644925
0.7487244897959183	0.0002589868434683518
0.75	0.00026164311878597594
0.7512755102040817	0.0002643404705260375
0.7525510204081632	0.000267079750013354
0.7538265306122449	0.00026986183074265976
0.7551020408163265	0.00027268760907504363
0.7563775510204082	0.0002755580049600441
0.7576530612244898	0.000278473962684489
0.7589285714285714	0.0002814364516492176
0.7602040816326531	0.00028444646717487766
0.7614795918367347	0.00028750503133804844
0.7627551020408163	0.0002906131938390003
0.764030612244898	0.0002937720329024677
0.7653061224489796	0.00029698265621287717
0.7665816326530612	0.00030024620188554615
0.7678571428571429	0.0003035638394754417
0.7691326530612245	0.0003069367710251688
0.7704081632653061	0.00031036623215394165
0.7716836734693877	0.0003138534931893792
0.7729591836734694	0.00031739986034406146
0.7742346938775511	0.0003210066769388803
0.7755102040816326	0.0003246753246753247
0.7767857142857143	0.0003284072249589491
0.7780612244897959	0.0003322038402763936
0.7793367346938775	0.0003360666756284447
0.7806122448979592	0.0003399972800217598
0.7818877551020408	0.0003439972480220158
0.7831632653061225	0.0003480682213713888
0.7844387755102041	0.0003522118906734291
0.7857142857142857	0.00035642999714856
0.7869897959183674	0.0003607243344636029
0.7882653061224489	0.0003650967506389193
0.7895408163265306	0.0003695491500369549
0.7908163265306123	0.0003740834954361814
0.7920918367346939	0.00037870181019465275
0.7933673469387755	0.00038340618050762977
0.7946428571428571	0.00038819875776397513
0.7959183673469388	0.00039308176100628933
0.7971938775510204	0.0003980574795000398
0.798469387755102	0.0004031282754172378
0.7997448979591837	0.0004082965866405357
0.8010204081632653	0.00041356492969396195
0.8022959183673469	0.00041893590280687055
0.8035714285714286	0.0003395297512944572
0.8048469387755102	0.0003439972480220158
0.8061224489795918	0.0003485535029627048
0.8073979591836735	0.0003532008830022075
0.8086734693877551	0.0003579418344519016
0.8099489795918368	0.00036277888626881915
0.8112244897959183	0.00036771465342893915
0.8125	0.0003727518404622123
0.8137755102040817	0.0003778932451582428
0.8150510204081632	0.0003831417624521073
0.8163265306122449	0.0002913752913752914
0.8176020408163265	0.00029547916871860535
0.8188775510204082	0.00029967036260113877
0.8201530612244898	0.00020263424518743666
0.8214285714285714	0.00020554984583761563
0.8227040816326531	0.00020852882911062454
0.8239795918367347	0.0002115730455939913
0.8252551020408163	0.00021468441391155003
0.826530612244898	0.00021786492374727668
0.8278061224489796	0.0002211166390270868
0.8290816326530612	0.00011222085063404781
0.8303571428571429	0.0001139211665527455
0.8316326530612245	0.00011566042100393245
0.8329081632653061	0.00011743981209630065
0.8341836734693877	0.00011926058437686345
0.8354591836734694	0.00012112403100775194
0.8367346938775511	0.00012303149606299212
0.8380102040816326	0.00012498437695288088
0.8392857142857143	0.00012698412698412698
0.8405612244897959	0.00012903225806451613
0.8418367346938775	0.00013113034356150013
0.8431122448979592	0.0001332800213248034
0.8443877551020408	0.00013548299688389108
0.8456632653061225	0.0001377410468319559
0.8469387755102041	0.00014005602240896358
0.8482142857142857	0.0001424298532972511
0.8494897959183674	0.00014486455164421265
0.8507653061224489	0.00014736221632773356
0.8520408163265306	0.00014992503748125936
0.8533163265306123	0.00015255530129672007
0.8545918367346939	0.0001552553951249806
0.8558673469387755	0.00015802781289506955
0.8571428571428571	0.00016087516087516087
0.8584183673469388	0.0001638001638001638
0.8596938775510204	0.00016680567139282736
0.860969387755102	0.00016989466530750936
0.8622448979591837	0.00017307026652821047
0.8635204081632653	0.00017633574325515782
0.8647959183673469	0.00017969451931716083
0.8660714285714286	0.00018315018315018315
0.8673469387755102	0.00018670649738610905
0.8686224489795918	0.00019036740909956216
0.8698979591836735	0.00019413706076490002
0.8711734693877551	0.00019801980198019803
0.8724489795918368	0.00020202020202020202
0.8737244897959183	0.00020614306328592042
0.875	0.00021039343572480537
0.8762755102040817	0.0002147766323024055
0.8775510204081632	0.0002192982456140351
0.8788265306122449	0.00022396416573348266
0.8801020408163265	0.00022878059940517045
0.8813775510204082	0.0002337540906965872
0.8826530612244898	0.00023889154323936931
0.8839285714285714	0.0002442002442002442
0.8852040816326531	0.00024968789013732833
0.8864795918367347	0.0002553626149131767
0.8877551020408163	0.00026123301985370953
0.889030612244898	0.0002673082063619353
0.8903061224489796	0.00027359781121751026
0.8915816326530612	0.00028011204481792715
0.8928571428571429	0.00028686173264486515
0.8941326530612245	0.0002938583602703497
0.8954081632653061	0.00030111412225233364
0.8966836734693877	0.00030864197530864197
0.8979591836734694	0.00031645569620253165
0.8992346938775511	0.0003245699448231094
0.9005102040816326	0.000333000333000333
0.9017857142857143	0.0003417634996582365
0.9030612244897959	0.0003508771929824561
0.9043367346938775	0.00036036036036036037
0.9056122448979592	0.00037023324694557573
0.9068877551020408	0.000380517503805175
0.9081632653061225	0.0003912363067292645
0.9094387755102041	0.00040241448692152917
0.9107142857142857	0.00041407867494824016
0.9119897959183674	0.00042625745950554135
0.9132653061224489	0.0004389815627743635
0.9145408163265306	0.0004522840343735866
0.9158163265306123	0.0004662004662004662
0.9170918367346939	0.0004807692307692308
0.9183673469387755	0.000496031746031746
0.9196428571428571	0.0005120327700972862
0.9209183673469388	0.0005288207297726071
0.9221938775510204	0.000546448087431694
0.923469387755102	0.0005649717514124294
0.9247448979591837	0.0005844535359438924
0.9260204081632653	0.0
0.9272959183673469	0.0
0.9285714285714286	0.0
0.9298469387755102	0.0
0.9311224489795918	0.0
0.9323979591836735	0.0
0.9336734693877551	0.0
0.9349489795918368	0.0
0.9362244897959183	0.0
0.9375	0.0
0.9387755102040817	0.0
0.9400510204081632	0.0
0.9413265306122449	0.0
0.9426020408163265	0.0
0.9438775510204082	0.0
0.9451530612244898	0.0
0.9464285714285714	0.0
0.9477040816326531	0.0
0.9489795918367347	0.0
0.9502551020408163	0.0
0.951530612244898	0.0
0.9528061224489796	0.0
0.9540816326530612	0.0
0.9553571428571429	0.0
0.9566326530612245	0.0
0.9579081632653061	0.0
0.9591836734693877	0.0
0.9604591836734694	0.0
0.9617346938775511	0.0
0.9630102040816326	0.0
0.9642857142857143	0.0
0.9655612244897959	0.0
0.9668367346938775	0.0
0.9681122448979592	0.0
0.9693877551020408	0.0
0.9706632653061225	0.0
0.9719387755102041	0.0
0.9732142857142857	0.0
0.9744897959183674	0.0
0.9757653061224489	0.0
0.9770408163265306	0.0
0.9783163265306123	0.0
0.9795918367346939	0.0
0.9808673469387755	0.0
0.9821428571428571	0.0
0.9834183673469388	0.0
0.9846938775510204	0.0
0.985969387755102	0.0
0.9872448979591837	0.0
0.9885204081632653	0.0
0.9897959183673469	0.0
0.9910714285714286	0.0
0.9923469387755102	0.0
0.9936224489795918	0.0
0.9948979591836735	0.0
0.9961734693877551	0.0
0.9974489795918368	0.0
0.9987244897959183	0.0
1.0	0.0
