Fraction_of_nodes	Efficiency
0.0012755102040816326	0.2348991081799211
0.002551020408163265	0.14257601721296995
0.003826530612244898	0.12472243718722456
0.00510204081632653	0.10950037695870914
0.006377551020408163	0.09001952259793705
0.007653061224489796	0.08242878521977151
0.008928571428571428	0.07002470990868637
0.01020408163265306	0.06254086496587583
0.011479591836734694	0.059794688090036824
0.012755102040816327	0.04894134039766811
0.01403061224489796	0.03699318136048803
0.015306122448979591	0.033838981906569796
0.016581632653061226	0.028040622093637967
0.017857142857142856	0.018016755441730075
0.01913265306122449	0.016364596023903576
0.02040816326530612	0.015703769242566168
0.021683673469387755	0.013546032181247765
0.02295918367346939	0.01241724399406151
0.02423469387755102	0.011429108918585458
0.025510204081632654	0.010625979814495064
0.026785714285714284	0.010296288076186535
0.02806122448979592	0.007216225928394925
0.029336734693877552	0.006960127816255505
0.030612244897959183	0.005938066510148925
0.03188775510204082	0.005305078845287696
0.03316326530612245	0.0048985114099456255
0.03443877551020408	0.003379976189311227
0.03571428571428571	0.0031422497868413544
0.036989795918367346	0.003084125283257464
0.03826530612244898	0.0029722548062979144
0.039540816326530615	0.0027434587889576256
0.04081632653061224	0.0026338994815423263
0.042091836734693876	0.0025222666074863026
0.04336734693877551	0.0022605548138258315
0.044642857142857144	0.0022047221607419463
0.04591836734693878	0.0021700587256930242
0.047193877551020405	0.002118452959888407
0.04846938775510204	0.002050368557736716
0.04974489795918367	0.001978121767578365
0.05102040816326531	0.0019436484850239109
0.05229591836734694	0.0018721000678389248
0.05357142857142857	0.0017277106651486078
0.0548469387755102	0.001653961653961662
0.05612244897959184	0.0016352753294566632
0.05739795918367347	0.0015914227703395733
0.058673469387755105	0.0015791944441380257
0.05994897959183673	0.0014539456865868326
0.061224489795918366	0.0014160011830819318
0.0625	0.0013914375922939597
0.06377551020408163	0.0013741693338438481
0.06505102040816327	0.0013741964181433715
0.0663265306122449	0.0013374647101183873
0.06760204081632654	0.001341128996995424
0.06887755102040816	0.0013410501656738788
0.07015306122448979	0.0013409658471386894
0.07142857142857142	0.001340875996997045
0.07270408163265306	0.0013407805704917148
0.07397959183673469	0.0013318134321269146
0.07525510204081633	0.0013316822251857525
0.07653061224489796	0.0013226300278408234
0.0778061224489796	0.001322462449346051
0.07908163265306123	0.0012793865091958328
0.08035714285714286	0.001218729131350492
0.08163265306122448	0.00122211919847525
0.08290816326530612	0.0012255234302258773
0.08418367346938775	0.0012289419056239971
0.08545918367346939	0.0012193886694249019
0.08673469387755102	0.0012130327772785885
0.08801020408163265	0.0012164306281953353
0.08928571428571429	0.001215914135640232
0.09056122448979592	0.0012153899490993912
0.09183673469387756	0.0012148580097662742
0.09311224489795919	0.0012182801450050524
0.09438775510204081	0.00113331611672858
0.09566326530612244	0.0011365175746854404
0.09693877551020408	0.001115759275685437
0.09821428571428571	0.0011129097531363812
0.09948979591836735	0.0010819118799349039
0.10076530612244898	0.0010450247152374804
0.10204081632653061	0.001037894952368636
0.10331632653061225	0.0010367992824133166
0.10459183673469388	0.00102756474606213
0.10586734693877552	0.0010141974050675896
0.10714285714285714	0.0010130117855439735
0.10841836734693877	0.001002250451935019
0.1096938775510204	0.0009948489843907365
0.11096938775510204	0.0009874008476393073
0.11224489795918367	0.0009840403539237569
0.11352040816326531	0.0009827296664109628
0.11479591836734694	0.0009814073214649576
0.11607142857142858	0.0009800732344084938
0.11734693877551021	0.0009787273198765291
0.11862244897959184	0.000952201178715996
0.11989795918367346	0.0009549651879430381
0.1211734693877551	0.0009577412495358958
0.12244897959183673	0.0009605294336684602
0.12372448979591837	0.0009505985800433706
0.125	0.0009533740503500666
0.12627551020408162	0.0009561616937721428
0.12755102040816327	0.0009482588853784041
0.1288265306122449	0.0009403056207949228
0.13010204081632654	0.0009323015575680059
0.13137755102040816	0.0009307247127926056
0.1326530612244898	0.0009291345404141034
0.13392857142857142	0.0009275309430404765
0.13520408163265307	0.0009302710639948057
0.1364795918367347	0.0009155428141906948
0.1377551020408163	0.0009182555336401487
0.13903061224489796	0.000920980327508517
0.14030612244897958	0.0009237172675605483
0.14158163265306123	0.0009264664260949547
0.14285714285714285	0.000929227875949187
0.1441326530612245	0.0009320016905042592
0.14540816326530612	0.0009347879436896233
0.14668367346938777	0.0009375867099880951
0.14795918367346939	0.0009291761304976252
0.14923469387755103	0.0009274641958300127
0.15051020408163265	0.0009212219738535525
0.15178571428571427	0.000919467343056436
0.15306122448979592	0.0009176979410856092
0.15433673469387754	0.0009159136580497872
0.1556122448979592	0.0009072585252592654
0.1568877551020408	0.0009100077935176268
0.15816326530612246	0.0008713845587897178
0.15943877551020408	0.000874033144074793
0.16071428571428573	0.0008766938233566036
0.16198979591836735	0.0008747262130155546
0.16326530612244897	0.0008479178303233411
0.16454081632653061	0.0008318354070857744
0.16581632653061223	0.0008343831418701107
0.16709183673469388	0.0008251987836538608
0.1683673469387755	0.0008159540615507364
0.16964285714285715	0.000818464689432431
0.17091836734693877	0.0008091343684564021
0.17219387755102042	0.0008116316967541069
0.17346938775510204	0.0007926740066530551
0.1747448979591837	0.0007704049650446689
0.1760204081632653	0.0007727938176494586
0.17729591836734693	0.0007751937984496122
0.17857142857142858	0.0007655303652328465
0.1798469387755102	0.0007340009592883823
0.18112244897959184	0.0007362911338883461
0.18239795918367346	0.0007385920436817472
0.1836734693877551	0.0007409037558685444
0.18494897959183673	0.0007432263381753424
0.18622448979591838	0.0007455598588603513
0.1875	0.0007479043867184027
0.18877551020408162	0.0007502599910860198
0.19005102040816327	0.0007302714920887255
0.1913265306122449	0.000727595297541625
0.19260204081632654	0.0007173995640610318
0.19387755102040816	0.0007196734137094027
0.1951530612244898	0.000721958091213242
0.19642857142857142	0.0007242536654301363
0.19770408163265307	0.0007265602057659011
0.1989795918367347	0.0007288777821798274
0.2002551020408163	0.0007312064651899866
0.20153061224489796	0.0007045793397231099
0.20280612244897958	0.0006944444444444447
0.20408163265306123	0.0006915291325403687
0.20535714285714285	0.0006885914884758776
0.2066326530612245	0.0006908091744291011
0.20790816326530612	0.0006930375911208079
0.20918367346938777	0.0006952768078934114
0.21045918367346939	0.000697526894650348
0.21173469387755103	0.0006788073970337037
0.21301020408163265	0.0006599626737390111
0.21428571428571427	0.0006621088938162112
0.21556122448979592	0.0006642656003107265
0.21683673469387754	0.0006664328616494238
0.2181122448979592	0.0006686107468182128
0.2193877551020408	0.0006707993253675359
0.22066326530612246	0.0006488512069258497
0.22193877551020408	0.0006384200561701977
0.22321428571428573	0.0006351186875234064
0.22448979591836735	0.0006317921038180297
0.22576530612244897	0.0006338772262728747
0.22704081632653061	0.000635972688177909
0.22831632653061223	0.0006243956725594296
0.22959183673469388	0.0006264666366475206
0.2308673469387755	0.0006147740441388483
0.23214285714285715	0.0006168198812241689
0.23341836734693877	0.0006133296357921984
0.23469387755102042	0.0006098126507141534
0.23596938775510204	0.0006118521579071773
0.2372448979591837	0.0006139019138800657
0.2385204081632653	0.000615961987416576
0.23979591836734693	0.0006180324478784804
0.24107142857142858	0.0006201133652114047
0.2423469387755102	0.0006222048099507349
0.24362244897959184	0.000618609756468104
0.24489795918367346	0.000614986814225393
0.2461734693877551	0.000568317607808273
0.24744897959183673	0.0005644921489069861
0.24872448979591838	0.00056063738455201
0.25	0.0005567530816983241
0.2512755102040816	0.0005586532628645299
0.25255102040816324	0.0005605631885495369
0.2538265306122449	0.0005624829254966243
0.25510204081632654	0.0005644125410214842
0.25637755102040816	0.0005663521030181215
0.2576530612244898	0.0005683016799648276
0.25892857142857145	0.0005702613409302236
0.2602040816326531	0.000572231155579378
0.2614795918367347	0.0005742111941799987
0.2627551020408163	0.000576201527608699
0.26403061224489793	0.0005782022273573402
0.2653061224489796	0.0005802133655394528
0.26658163265306123	0.000582235014896733
0.26785714285714285	0.0005842672488056221
0.26913265306122447	0.0005863101412839635
0.27040816326530615	0.0005883637669977427
0.27168367346938777	0.0005904282012679103
0.2729591836734694	0.0005925035200772877
0.274234693877551	0.0005945898000775599
0.2755102040816326	0.000596687118596352
0.2767857142857143	0.0005987955536443957
0.2780612244897959	0.0005946610796668649
0.27933673469387754	0.0005967698068997262
0.28061224489795916	0.0005988897706897785
0.28188775510204084	0.0006010210510125179
0.28316326530612246	0.0006031637285562345
0.2844387755102041	0.0006053178847296496
0.2857142857142857	0.0006074836016696484
0.2869897959183674	0.0006096609622491095
0.288265306122449	0.0006118500500848335
0.2895408163265306	0.0006140509495455702
0.29081632653061223	0.0006162637457601489
0.29209183673469385	0.000618488524625709
0.29336734693877553	0.0006141971480362014
0.29464285714285715	0.0006098706222536715
0.29591836734693877	0.0005446837984516514
0.2971938775510204	0.0005400648957817741
0.29846938775510207	0.0005420323453110338
0.2997448979591837	0.0005440105655493952
0.3010204081632653	0.0005293194020025175
0.3022959183673469	0.000514516967899052
0.30357142857142855	0.0005164051035610669
0.3048469387755102	0.0005115578341428315
0.30612244897959184	0.0005134420250604846
0.30739795918367346	0.0005085409970121801
0.3086734693877551	0.0005104210006979923
0.30994897959183676	0.0004986193834006528
0.3112244897959184	0.0004935981126457318
0.3125	0.000488536070054923
0.3137755102040816	0.0004903555712469339
0.31505102040816324	0.0004852367584794835
0.3163265306122449	0.000487050727670061
0.31760204081632654	0.0004818742926482085
0.31887755102040816	0.00048368245134482467
0.3201530612244898	0.0004713942454635652
0.32142857142857145	0.0004660898951710728
0.3227040816326531	0.00046074216205332295
0.3239795918367347	0.00046248409839378925
0.3252551020408163	0.00045707548070497033
0.32653061224489793	0.00045881011251030227
0.3278061224489796	0.000460554637652927
0.32908163265306123	0.00046230913151065246
0.33035714285714285	0.0004640736701805404
0.33163265306122447	0.0004658483304871582
0.33290816326530615	0.00046030734367254444
0.33418367346938777	0.00046207435842752543
0.3354591836734694	0.00046385156749840053
0.336734693877551	0.00046563904945407837
0.3380102040816326	0.00045999756982415945
0.3392857142857143	0.00046177705752173837
0.3405612244897959	0.0004635668910780242
0.34183673469387754	0.00045784099746619503
0.34311224489795916	0.00045962247994660825
0.34438775510204084	0.0004614143804532227
0.34566326530612246	0.0004632167803768681
0.3469387755102041	0.00046502976190476193
0.3482142857142857	0.00046685340802987864
0.3494897959183674	0.0004686878025604479
0.350765306122449	0.00047053303012958354
0.3520408163265306	0.0004723891762050454
0.35331632653061223	0.0004547663410539665
0.35459183673469385	0.00045656739587002183
0.35586734693877553	0.0004583791712504584
0.35714285714285715	0.0004602017524482733
0.35841836734693877	0.00046203522556559714
0.3596938775510204	0.000463879677563863
0.36096938775510207	0.00046573519627411843
0.3622448979591837	0.00046760187040748166
0.3635204081632653	0.0004694797895657446
0.3647959183673469	0.0004713690442521259
0.36607142857142855	0.0004732697258821748
0.3673469387755102	0.00047518192679483004
0.36862244897959184	0.000449842555105713
0.36989795918367346	0.00045166747419336296
0.3711734693877551	0.0004452580022757631
0.37244897959183676	0.0004470716804927723
0.3737244897959184	0.00043227066794131094
0.375	0.00042569174909227493
0.3762755102040816	0.00042743638740822687
0.37755102040816324	0.0004291917729827987
0.3788265306122449	0.0004309579942707937
0.38010204081632654	0.0004327351406389207
0.38137755102040816	0.00043452330237709805
0.3826530612244898	0.00043632257070992246
0.38392857142857145	0.0004381330378083039
0.3852040816326531	0.0004399547968012698
0.3864795918367347	0.0004417879417879418
0.3877551020408163	0.0004349338900487126
0.38903061224489793	0.00041054847529284333
0.3903061224489796	0.0003947264545669851
0.39158163265306123	0.00038757641421348414
0.39285714285714285	0.0003892083149049093
0.39413265306122447	0.0003908505440817233
0.39540816326530615	0.0003925031890884113
0.39668367346938777	0.00039416633819471815
0.3979591836734694	0.0003958400806074346
0.399234693877551	0.00039752450648235986
0.4005102040816326	0.0003992197069364424
0.4017857142857143	0.0004009257740601024
0.4030612244897959	0.00040264280092973886
0.40433673469387754	0.00040437088162042443
0.40561224489795916	0.0004061101112187918
0.40688775510204084	0.0004078605858361142
0.40816326530612246	0.0004096224026215834
0.4094387755102041	0.00041139565977578934
0.4107142857142857	0.0004037899916424862
0.4119897959183674	0.00040554560030180137
0.413265306122449	0.0004073126835275173
0.4145408163265306	0.0004090913415341877
0.41581632653061223	0.00041088167563280555
0.41709183673469385	0.00041268378824523016
0.41836734693877553	0.00041449778291883556
0.41964285714285715	0.0004163237643413855
0.42091836734693877	0.0004181618383561377
0.4221938775510204	0.0004200121119771826
0.42346938775510207	0.00041206365402350723
0.4247448979591837	0.0004138950480413895
0.4260204081632653	0.0004157386785449146
0.4272959183673469	0.0004175946547884187
0.42857142857142855	0.00041946308724832214
0.4298469387755102	0.0004213440876395702
0.43112244897959184	0.00042323776893233233
0.43239795918367346	0.0004251442453689645
0.4336734693877551	0.0004270636324812397
0.43494897959183676	0.00042899604710785165
0.4362244897959184	0.00043094160741219563
0.4375	0.0004329004329004329
0.4387755102040816	0.00043487264443984263
0.44005102040816324	0.0004368583642774675
0.4413265306122449	0.00042840872281955635
0.44260204081632654	0.000430373900447169
0.44387755102040816	0.0004218074449014025
0.4451530612244898	0.00042375125801154723
0.44642857142857145	0.00042570853864901397
0.4477040816326531	0.00042767941151312976
0.4489795918367347	0.0004296640027498496
0.4502551020408163	0.00042087087897264337
0.45153061224489793	0.00042283298097251583
0.4528061224489796	0.0004139163017667691
0.45408163265306123	0.00041585501980783123
0.45535714285714285	0.0004068124594561907
0.45663265306122447	0.0003976801988400994
0.45790816326530615	0.0003995560488346282
0.45918367346938777	0.0004014452027298274
0.4604591836734694	0.0004033477866290209
0.461734693877551	0.00040526392813319676
0.4630102040816326	0.0004071937563624024
0.4642857142857143	0.00040913740197749747
0.4655612244897959	0.00041109499720227017
0.46683673469387754	0.0004130666758459261
0.46811224489795916	0.00041505257332595465
0.46938775510204084	0.0004170528266913809
0.47066326530612246	0.00041906757464641174
0.4719387755102041	0.00042109695757448155
0.4732142857142857	0.00042314111756270716
0.4744897959183674	0.00042520019842675927
0.475765306122449	0.0004272743457361581
0.4770408163265306	0.00042936370684000237
0.47831632653061223	0.00043146843089313965
0.47959183673469385	0.00042154453919159804
0.48086734693877553	0.0004236211132762857
0.48214285714285715	0.0004257130693912303
0.48341836734693877	0.00042782055983376114
0.4846938775510204	0.0004176596319681596
0.48596938775510207	0.0004073923188030073
0.4872448979591837	0.0004094242006922991
0.4885204081632653	0.0004114713216957606
0.4897959183673469	0.0004135338345864662
0.49107142857142855	0.00041561189405674994
0.4923469387755102	0.00041770565674721215
0.49362244897959184	0.00041981528127623844
0.49489795918367346	0.0004091548395345864
0.4961734693877551	0.0004112317676540513
0.49744897959183676	0.00041332455018664187
0.4987244897959184	0.0004154333489120839
0.5	0.00041755832767889764
0.5012755102040817	0.0004196996524362253
0.5025510204081632	0.00040867444466416187
0.5038265306122449	0.00041078101396655446
0.5051020408163265	0.00041290391326353923
0.5063775510204082	0.0004150433117778581
0.5076530612244898	0.0004171993809299509
0.5089285714285714	0.0004193722943722944
0.5102040816326531	0.000421562228024369
0.5114795918367347	0.00042376936010826623
0.5127551020408163	0.00041225213340479036
0.514030612244898	0.0004144218814753419
0.5153061224489796	0.00041660880433273156
0.5165816326530612	0.00041881308372073545
0.5178571428571429	0.0004210349037935245
0.5191326530612245	0.00042327445115412834
0.5204081632653061	0.000425531914893617
0.5216836734693877	0.000427807486631016
0.5229591836734694	0.00043010136055397053
0.5242346938775511	0.0004324137334601747
0.5255102040816326	0.00043474480479958265
0.5267857142857143	0.0004370947767174182
0.5280612244897959	0.00043946385409800046
0.5293367346938775	0.0004418522446094026
0.5306122448979592	0.0004442601587489634
0.5318877551020408	0.0004466878098896681
0.5331632653061225	0.00044913541432741973
0.5344387755102041	0.0004516031913292187
0.5357142857142857	0.0004540913631822723
0.5369897959183674	0.0004566001552440528
0.5382653061224489	0.00044382546946021643
0.5395408163265306	0.00044629116651277316
0.5408163265306123	0.0004487774682760755
0.5420918367346939	0.00045128460497035526
0.5433673469387755	0.0004538128100402172
0.5446428571428571	0.00045636232020898246
0.5459183673469388	0.0004589333755341035
0.5471938775510204	0.0004615262194636747
0.548469387755102	0.0004641410988940638
0.5497448979591837	0.00046677826422868916
0.5510204081632653	0.0004694379694379694
0.5522959183673469	0.00047212047212047214
0.5535714285714286	0.0004748260335652886
0.5548469387755102	0.0004775549188156638
0.5561224489795918	0.0004803073967339097
0.5573979591836735	0.0004830837400676317
0.5586734693877551	0.00048588422551729913
0.5599489795918368	0.0004887091338051904
0.5612244897959183	0.0004915587497457454
0.5625	0.000494433362317358
0.5637755102040817	0.0004973332647356417
0.5650510204081632	0.0005002587545282042
0.5663265306122449	0.0005032101336109665
0.5676020408163265	0.000506187708366061
0.5688775510204082	0.0005091917897213492
0.5701530612244898	0.0005122226932315953
0.5714285714285714	0.0005152807391613362
0.5727040816326531	0.0005183662525694879
0.5739795918367347	0.000521479563395731
0.5752551020408163	0.0005246210065487174
0.576530612244898	0.0005277909219961416
0.5778061224489796	0.0005309896548567243
0.5790816326530612	0.0005342175554941512
0.5803571428571429	0.000537474979613018
0.5816326530612245	0.0005407622883568285
0.5829081632653061	0.0005440798484080974
0.5841836734693877	0.0005474280320906088
0.5854591836734694	0.0005508072174738841
0.5867346938775511	0.0005542177884799144
0.5880102040816326	0.000557660134992212
0.5892857142857143	0.0005611346529672414
0.5905612244897959	0.0005646417445482866
0.5918367346938775	0.0005681818181818182
0.5931122448979592	0.0005717552887364208
0.5943877551020408	0.0005753625776243477
0.5956632653061225	0.0005790041129257676
0.5969387755102041	0.0005826803295157725
0.5982142857142857	0.000586391669194217
0.5994897959183674	0.0005901385808184612
0.6007653061224489	0.0005939215204390923
0.6020408163265306	0.0005977409514387006
0.6033163265306123	0.000601597344673789
0.6045918367346939	0.0006054911786198977
0.6058673469387755	0.0006094229395200269
0.6071428571428571	0.000613393121536444
0.6084183673469388	0.0006174022269059633
0.6096938775510204	0.0006214507660987893
0.610969387755102	0.0006255392579810181
0.6122448979591837	0.0006296682299808928
0.6135204081632653	0.000633838218258912
0.6147959183673469	0.0006160480517480363
0.6160714285714286	0.00062015503875969
0.6173469387755102	0.0006243032329988851
0.6186224489795918	0.0006284931875827703
0.6198979591836735	0.0006327254649402301
0.6211734693877551	0.000637000637000637
0.6224489795918368	0.000641319285387082
0.6237244897959183	0.000645682001614205
0.625	0.0006500893872907525
0.6262755102040817	0.0006545420543269905
0.6275510204081632	0.0006590406251471073
0.6288265306122449	0.0006398862424457874
0.6301020408163265	0.000644314520940222
0.6313775510204082	0.0006487889273356401
0.6326530612244898	0.0006533101045296168
0.6339285714285714	0.0006578787066591945
0.6352040816326531	0.0006624953993375046
0.6364795918367347	0.0006671608598962194
0.6377551020408163	0.0006718757776340018
0.639030612244898	0.0006766408540711225
0.6403061224489796	0.0006814568032104187
0.6415816326530612	0.0006863243518047789
0.6428571428571429	0.0006912442396313364
0.6441326530612245	0.000696217219772569
0.6454081632653061	0.0007012440589045009
0.6466836734693877	0.0007063255375922147
0.6479591836734694	0.0007114624505928853
0.6492346938775511	0.000716655607166556
0.6505102040816326	0.0007219058313948825
0.6517857142857143	0.0007272139625080802
0.6530612244897959	0.0007325808552203169
0.6543367346938775	0.0007380073800738007
0.6556122448979592	0.0007434944237918215
0.6568877551020408	0.0007490428896410143
0.6581632653061225	0.0007546536978031192
0.6594387755102041	0.0007603277857565261
0.6607142857142857	0.0007660661086678961
0.6619897959183674	0.0007718696397941681
0.6632653061224489	0.0007777393708952644
0.6645408163265306	0.0007836763126578238
0.6658163265306123	0.0007896814951302974
0.6670918367346939	0.0007957559681697613
0.6683673469387755	0.0008019008019008019
0.6696428571428571	0.0008081170871868546
0.6709183673469388	0.0008144059361143788
0.6721938775510204	0.0008207684824902724
0.673469387755102	0.0008272058823529412
0.6747448979591837	0.0008337193144974525
0.6760204081632653	0.000840309981015219
0.6772959183673469	0.0008469791078486731
0.6785714285714286	0.0008537279453614115
0.6798469387755102	0.0008605577689243028
0.6811224489795918	0.0008674698795180722
0.6823979591836735	0.0008744656043528955
0.6836734693877551	0.0008815462975055504
0.6849489795918368	0.0008887133405747013
0.6862244897959183	0.0008296001327360213
0.6875	0.0008364001338240214
0.6887755102040817	0.0008432840855427376
0.6900510204081632	0.0008502533755059007
0.6913265306122449	0.0008573094201159082
0.6926020408163265	0.0008298755186721991
0.6938775510204082	0.0008368200836820083
0.6951530612244898	0.0008438521852255547
0.6964285714285714	0.0008509733007126901
0.6977040816326531	0.0008581849388543231
0.6989795918367347	0.0008654886404615939
0.7002551020408163	0.000872885979268958
0.701530612244898	0.0008803785627819963
0.7028061224489796	0.0008879680331508066
0.7040816326530612	0.0008956560680698612
0.7053571428571429	0.0009034443817052513
0.7066326530612245	0.0008733624454148472
0.7079081632653061	0.0008427181490845017
0.7091836734693877	0.0008501429785918541
0.7104591836734694	0.0008186815328837082
0.7117346938775511	0.0008259587020648968
0.7130102040816326	0.0007936507936507937
0.7142857142857143	0.0007607303010890454
0.7155612244897959	0.0007271845836868258
0.7168367346938775	0.0007337654396477926
0.7181122448979592	0.0006993006993006993
0.7193877551020408	0.00070568700705687
0.7206632653061225	0.0007121611997821625
0.7219387755102041	0.0007187248974760073
0.7232142857142857	0.0007253797576378221
0.7244897959183674	0.0006459948320413437
0.7257653061224489	0.000608563355792219
0.7270408163265306	0.0005704005967267781
0.7283163265306123	0.0005757817344317478
0.7295918367346939	0.0005365286595725655
0.7308673469387755	0.0004965019183028661
0.7321428571428571	0.0005012531328320802
0.7334183673469388	0.0005060728744939271
0.7346938775510204	0.0004180602006688963
0.735969387755102	0.00037521692228319496
0.7372448979591837	0.0003788775751835188
0.7385204081632653	0.00028694404591104734
0.7397959183673469	0.00024147590070510962
0.7410714285714286	0.0002438667512071404
0.7423469387755102	0.00024629328604502243
0.7436224489795918	0.0002487562189054726
0.7448979591836735	0.0002512562814070352
0.7461734693877551	0.00025379422364346985
0.7474489795918368	0.00025637081474644925
0.7487244897959183	0.0002589868434683518
0.75	0.00026164311878597594
0.7512755102040817	0.0002643404705260375
0.7525510204081632	0.000267079750013354
0.7538265306122449	0.00026986183074265976
0.7551020408163265	0.00027268760907504363
0.7563775510204082	0.0002755580049600441
0.7576530612244898	0.000278473962684489
0.7589285714285714	0.0002814364516492176
0.7602040816326531	0.00028444646717487766
0.7614795918367347	0.00028750503133804844
0.7627551020408163	0.0002906131938390003
0.764030612244898	0.00023501762632197415
0.7653061224489796	0.0001781895937277263
0.7665816326530612	0.0001801477211313277
0.7678571428571429	0.00018213830368526501
0.7691326530612245	0.00018416206261510129
0.7704081632653061	0.00018621973929236498
0.7716836734693877	0.0001883120959136275
0.7729591836734694	0.00019043991620643687
0.7742346938775511	0.0001926040061633282
0.7755102040816326	0.0001948051948051948
0.7767857142857143	0.00019704433497536947
0.7780612244897959	0.00019932230416583617
0.7793367346938775	0.00020164000537706682
0.7806122448979592	0.0002039983680130559
0.7818877551020408	0.0002063983488132095
0.7831632653061225	0.00020884093282283329
0.7844387755102041	0.00021132713440405747
0.7857142857142857	0.000213857998289136
0.7869897959183674	0.00021643460067816175
0.7882653061224489	0.0002190580503833516
0.7895408163265306	0.00022172949002217295
0.7908163265306123	0.0002244500972617088
0.7920918367346939	0.00022722108611679165
0.7933673469387755	0.00023004370830457787
0.7946428571428571	0.0002329192546583851
0.7959183673469388	0.0002358490566037736
0.7971938775510204	0.0002388344877000239
0.798469387755102	0.00024187696525034265
0.7997448979591837	0.0002449779519843214
0.8010204081632653	0.00024813895781637717
0.8022959183673469	0.00025136154168412233
0.8035714285714286	0.00025464731347084286
0.8048469387755102	0.00025799793601651185
0.8061224489795918	0.00026141512722202857
0.8073979591836735	0.00026490066225165563
0.8086734693877551	0.00026845637583892615
0.8099489795918368	0.00027208416470161435
0.8112244897959183	0.0002757859900717044
0.8125	0.0002795638803466592
0.8137755102040817	0.0002834199338686821
0.8150510204081632	0.00028735632183908046
0.8163265306122449	0.0002913752913752914
0.8176020408163265	0.00029547916871860535
0.8188775510204082	0.00029967036260113877
0.8201530612244898	0.00030395136778115504
0.8214285714285714	0.00030832476875642344
0.8227040816326531	0.00031279324366593683
0.8239795918367347	0.00031735956839098697
0.8252551020408163	0.00021468441391155003
0.826530612244898	0.00021786492374727668
0.8278061224489796	0.0002211166390270868
0.8290816326530612	0.00022444170126809562
0.8303571428571429	0.000227842333105491
0.8316326530612245	0.0002313208420078649
0.8329081632653061	0.0002348796241926013
0.8341836734693877	0.0002385211687537269
0.8354591836734694	0.00024224806201550387
0.8367346938775511	0.00024606299212598425
0.8380102040816326	0.00024996875390576176
0.8392857142857143	0.00025396825396825396
0.8405612244897959	0.00025806451612903227
0.8418367346938775	0.00026226068712300026
0.8431122448979592	0.0002665600426496068
0.8443877551020408	0.00027096599376778217
0.8456632653061225	0.0002754820936639118
0.8469387755102041	0.00014005602240896358
0.8482142857142857	0.0001424298532972511
0.8494897959183674	0.00014486455164421265
0.8507653061224489	0.00014736221632773356
0.8520408163265306	0.00014992503748125936
0.8533163265306123	0.00015255530129672007
0.8545918367346939	0.0001552553951249806
0.8558673469387755	0.00015802781289506955
0.8571428571428571	0.00016087516087516087
0.8584183673469388	0.0001638001638001638
0.8596938775510204	0.00016680567139282736
0.860969387755102	0.00016989466530750936
0.8622448979591837	0.00017307026652821047
0.8635204081632653	0.00017633574325515782
0.8647959183673469	0.00017969451931716083
0.8660714285714286	0.00018315018315018315
0.8673469387755102	0.00018670649738610905
0.8686224489795918	0.00019036740909956216
0.8698979591836735	0.00019413706076490002
0.8711734693877551	0.00019801980198019803
0.8724489795918368	0.00020202020202020202
0.8737244897959183	0.00020614306328592042
0.875	0.00021039343572480537
0.8762755102040817	0.0002147766323024055
0.8775510204081632	0.0002192982456140351
0.8788265306122449	0.00022396416573348266
0.8801020408163265	0.00022878059940517045
0.8813775510204082	0.0002337540906965872
0.8826530612244898	0.00023889154323936931
0.8839285714285714	0.0002442002442002442
0.8852040816326531	0.00024968789013732833
0.8864795918367347	0.0002553626149131767
0.8877551020408163	0.00026123301985370953
0.889030612244898	0.0002673082063619353
0.8903061224489796	0.00027359781121751026
0.8915816326530612	0.00028011204481792715
0.8928571428571429	0.00028686173264486515
0.8941326530612245	0.0002938583602703497
0.8954081632653061	0.00030111412225233364
0.8966836734693877	0.00030864197530864197
0.8979591836734694	0.00031645569620253165
0.8992346938775511	0.0003245699448231094
0.9005102040816326	0.000333000333000333
0.9017857142857143	0.0003417634996582365
0.9030612244897959	0.0003508771929824561
0.9043367346938775	0.00036036036036036037
0.9056122448979592	0.00037023324694557573
0.9068877551020408	0.000380517503805175
0.9081632653061225	0.0003912363067292645
0.9094387755102041	0.00040241448692152917
0.9107142857142857	0.00041407867494824016
0.9119897959183674	0.00042625745950554135
0.9132653061224489	0.0004389815627743635
0.9145408163265306	0.0004522840343735866
0.9158163265306123	0.0004662004662004662
0.9170918367346939	0.0004807692307692308
0.9183673469387755	0.000496031746031746
0.9196428571428571	0.0005120327700972862
0.9209183673469388	0.0005288207297726071
0.9221938775510204	0.000546448087431694
0.923469387755102	0.0005649717514124294
0.9247448979591837	0.0005844535359438924
0.9260204081632653	0.0006049606775559589
0.9272959183673469	0.0006265664160401002
0.9285714285714286	0.0006493506493506494
0.9298469387755102	0.0006734006734006734
0.9311224489795918	0.0006988120195667365
0.9323979591836735	0.000725689404934688
0.9336734693877551	0.0007541478129713424
0.9349489795918368	0.000784313725490196
0.9362244897959183	0.0008163265306122449
0.9375	0.0008503401360544217
0.9387755102040817	0.0008865248226950354
0.9400510204081632	0.0009250693802035153
0.9413265306122449	0.000966183574879227
0.9426020408163265	0.00101010101010101
0.9438775510204082	0.0010570824524312897
0.9451530612244898	0.0011074197120708748
0.9464285714285714	0.0
0.9477040816326531	0.0
0.9489795918367347	0.0
0.9502551020408163	0.0
0.951530612244898	0.0
0.9528061224489796	0.0
0.9540816326530612	0.0
0.9553571428571429	0.0
0.9566326530612245	0.0
0.9579081632653061	0.0
0.9591836734693877	0.0
0.9604591836734694	0.0
0.9617346938775511	0.0
0.9630102040816326	0.0
0.9642857142857143	0.0
0.9655612244897959	0.0
0.9668367346938775	0.0
0.9681122448979592	0.0
0.9693877551020408	0.0
0.9706632653061225	0.0
0.9719387755102041	0.0
0.9732142857142857	0.0
0.9744897959183674	0.0
0.9757653061224489	0.0
0.9770408163265306	0.0
0.9783163265306123	0.0
0.9795918367346939	0.0
0.9808673469387755	0.0
0.9821428571428571	0.0
0.9834183673469388	0.0
0.9846938775510204	0.0
0.985969387755102	0.0
0.9872448979591837	0.0
0.9885204081632653	0.0
0.9897959183673469	0.0
0.9910714285714286	0.0
0.9923469387755102	0.0
0.9936224489795918	0.0
0.9948979591836735	0.0
0.9961734693877551	0.0
0.9974489795918368	0.0
0.9987244897959183	0.0
1.0	0.0
