Fraction_of_nodes	Efficiency
0.001	0.2993671694418488
0.002	0.2992758502640929
0.003	0.2992238764498462
0.004	0.2991471076949877
0.005	0.29908196246278235
0.006	0.2990126391121879
0.007	0.2989930183338893
0.008	0.29896491135398273
0.009	0.29892497120677863
0.01	0.29883363462865725
0.011	0.2988051085570902
0.012	0.29874143214140503
0.013	0.2987275761381646
0.014	0.298727841216587
0.015	0.2987113270892341
0.016	0.298656978941439
0.017	0.2986078680418321
0.018	0.29857070490160725
0.019	0.29852392741128914
0.02	0.29855325787247194
0.021	0.2985250241450983
0.022	0.29850435266901054
0.023	0.2985221221999752
0.024	0.29858074120922595
0.025	0.2985394268078114
0.026	0.2984606272168979
0.027	0.29838739238032563
0.028	0.2984154330184939
0.029	0.298382933244206
0.03	0.29835289152886163
0.031	0.2983785576011275
0.032	0.298440264259195
0.033	0.29836520283368784
0.034	0.2984597560598285
0.035	0.2984474591348126
0.036	0.298488076824621
0.037	0.2984401727407763
0.038	0.298507704856802
0.039	0.2985332841962558
0.04	0.29851527198626504
0.041	0.2985220411268092
0.042	0.2984621973839361
0.043	0.2985323586479217
0.044	0.2984802514857467
0.045	0.29846528441077946
0.046	0.29853938755483395
0.047	0.29860550201353997
0.048	0.29864358466997803
0.049	0.298743557106794
0.05	0.2986146821231658
0.051	0.2985230955986003
0.052	0.29841775865023734
0.053	0.2983468063922183
0.054	0.29828092665467365
0.055	0.2981614130288927
0.056	0.29809879966136893
0.057	0.29801401018884904
0.058	0.29792585623418244
0.059	0.2978750537019081
0.06	0.29786331467928523
0.061	0.29782973161140375
0.062	0.29780917034148097
0.063	0.2978071115627947
0.064	0.29773892774060107
0.065	0.29768450343123265
0.066	0.29773293918994986
0.067	0.297766484659733
0.068	0.2977565003881222
0.069	0.2976927341411496
0.07	0.2975954797829637
0.071	0.2975651268838411
0.072	0.29748063367347094
0.073	0.2974364380962877
0.074	0.2973349288829886
0.075	0.2973510393526562
0.076	0.29732016809643064
0.077	0.29720801028590865
0.078	0.29715794316595934
0.079	0.29723610914572113
0.08	0.29721735976566843
0.081	0.2972459092063624
0.082	0.297117031716731
0.083	0.29710899093619736
0.084	0.29687474646398465
0.085	0.296734424636779
0.086	0.2967127311729282
0.087	0.2965401878662691
0.088	0.2964429631998986
0.089	0.29634162032781247
0.09	0.2963079421510779
0.091	0.2962048627785758
0.092	0.2962001774434378
0.093	0.2961965758935671
0.094	0.29612027856190076
0.095	0.29608325592160456
0.096	0.29604248539109784
0.097	0.29600367175675274
0.098	0.2960883571114993
0.099	0.29598881900919916
0.1	0.2959948502466351
0.101	0.2958844810672434
0.102	0.2957897272040277
0.103	0.29566482355354523
0.104	0.2955002161494006
0.105	0.29540370523271803
0.106	0.2953458125312816
0.107	0.29510764675407697
0.108	0.2948315156227249
0.109	0.29469257704111007
0.11	0.2944676297499954
0.111	0.2940186530752436
0.112	0.29384959931893734
0.113	0.2937205585586029
0.114	0.2935957965096058
0.115	0.2934874436534099
0.116	0.29345223759132627
0.117	0.29333466871227526
0.118	0.29323133970595305
0.119	0.2931521514822011
0.12	0.29309606302071467
0.121	0.2931214113519145
0.122	0.29315360313352806
0.123	0.293075362425909
0.124	0.29288693194315074
0.125	0.29260743162395986
0.126	0.2923020859598783
0.127	0.2921514732308697
0.128	0.2920644596870518
0.129	0.29193712503682895
0.13	0.2918975374510987
0.131	0.29179804183589464
0.132	0.29160890162655956
0.133	0.29136767690053
0.134	0.2911533041056011
0.135	0.2911388022360363
0.136	0.29116006542877193
0.137	0.29111818147155355
0.138	0.2908505756078307
0.139	0.2906041675522846
0.14	0.2903226020638042
0.141	0.2900231640058843
0.142	0.28950448618027497
0.143	0.28866991201677794
0.144	0.28832363879716816
0.145	0.2878518570704825
0.146	0.28758886138716205
0.147	0.2872824153478928
0.148	0.2869228361433742
0.149	0.286751681167308
0.15	0.2865877667923482
0.151	0.2863485806474008
0.152	0.2862471902854692
0.153	0.2861328053106455
0.154	0.2860595099887542
0.155	0.2860169876314399
0.156	0.28548713729262
0.157	0.2848656366614519
0.158	0.28465862958093907
0.159	0.28426925348145526
0.16	0.2834275903460461
0.161	0.28281595142919913
0.162	0.2817481431525704
0.163	0.28108948786768745
0.164	0.2808670833327935
0.165	0.28063758745044565
0.166	0.28020625859227855
0.167	0.2799781244926885
0.168	0.27966687907571747
0.169	0.2794022712832419
0.17	0.27730295990201204
0.171	0.27527908408853696
0.172	0.27494777423774663
0.173	0.27398237675266107
0.174	0.27334236170170306
0.175	0.2728403592102721
0.176	0.27253942647593676
0.177	0.2719628925272933
0.178	0.2710150230370246
0.179	0.2704737890828024
0.18	0.26977373897323037
0.181	0.2682719300087399
0.182	0.26711521369036084
0.183	0.26625796636563476
0.184	0.2645867846123401
0.185	0.258876023661922
0.186	0.2552138878712646
0.187	0.2541522725225393
0.188	0.25391240704844414
0.189	0.25262982317692284
0.19	0.2482100909161019
0.191	0.24801910991944193
0.192	0.2474876719618723
0.193	0.2469173416292175
0.194	0.2465975715998331
0.195	0.2461392166646251
0.196	0.24536748397433025
0.197	0.24524793937413167
0.198	0.2424360521324586
0.199	0.24134433396756286
0.2	0.23832010126750475
0.201	0.23528290748923894
0.202	0.23452443220934746
0.203	0.23393727214868096
0.204	0.23245356386595342
0.205	0.2292812194079435
0.206	0.22426993157026534
0.207	0.22303452720084785
0.208	0.22229470041010643
0.209	0.2217906262609452
0.21	0.2202151990406462
0.211	0.21905759768814145
0.212	0.21798900559602524
0.213	0.21014836273331594
0.214	0.2074589090945494
0.215	0.2056608423274775
0.216	0.20337594561173722
0.217	0.20006241456185636
0.218	0.19870770020612313
0.219	0.19610947382355842
0.22	0.19451068294099344
0.221	0.19337777999264205
0.222	0.18988117026091683
0.223	0.18732588897317928
0.224	0.18333913257198076
0.225	0.18147583119890062
0.226	0.17935765346727622
0.227	0.1770205371930999
0.228	0.17467967329452028
0.229	0.16961679110348524
0.23	0.17005792710115358
0.231	0.1700593183838045
0.232	0.1701057647378628
0.233	0.16884729989175778
0.234	0.1662290467776043
0.235	0.16509969977760622
0.236	0.16218751916911417
0.237	0.1620171384531326
0.238	0.15968463058697518
0.239	0.15959796735583837
0.24	0.15911426264100548
0.241	0.1585334926148679
0.242	0.15895233935889663
0.243	0.15899206232325533
0.244	0.15756770742248838
0.245	0.15721894627855537
0.246	0.15241768660596844
0.247	0.14909914905792326
0.248	0.14867689428665973
0.249	0.1486647025766564
0.25	0.14725868201525869
0.251	0.14715334341325298
0.252	0.14473185013242928
0.253	0.1443134070946601
0.254	0.14351029377390265
0.255	0.1438924658488883
0.256	0.14390643767010636
0.257	0.144294325642263
0.258	0.14425728667366197
0.259	0.14248062630759806
0.26	0.1424961716075171
0.261	0.14186734120034172
0.262	0.14111871302163698
0.263	0.1396038394258072
0.264	0.13804879015362542
0.265	0.13759812585116318
0.266	0.13760059463307717
0.267	0.13494412050239157
0.268	0.13113387449585692
0.269	0.1311068015349066
0.27	0.13111919226421906
0.271	0.13095842221280804
0.272	0.13131869297542925
0.273	0.12957346918699605
0.274	0.1291264568448271
0.275	0.1269083727469398
0.276	0.1255808796220053
0.277	0.12592491772105674
0.278	0.12569443520086682
0.279	0.12538642857406476
0.28	0.12410833956260194
0.281	0.12313559388813641
0.282	0.12305913173386378
0.283	0.12262856499113703
0.284	0.12095531365061944
0.285	0.11896550033931078
0.286	0.11524743744538571
0.287	0.11471550606561179
0.288	0.11226007476847383
0.289	0.11201167503355954
0.29	0.1120179652896414
0.291	0.111549332420765
0.292	0.11008695992809524
0.293	0.10816864520650818
0.294	0.1072343592802737
0.295	0.10753900234641084
0.296	0.10735444508694304
0.297	0.10617968843393036
0.298	0.10523272762916674
0.299	0.10553339256525007
0.3	0.10519709066905666
0.301	0.10525280499155441
0.302	0.10433721004274692
0.303	0.10436062037368458
0.304	0.10331213930434927
0.305	0.10360986881243096
0.306	0.10356142335496121
0.307	0.10131198614989124
0.308	0.10073388246633676
0.309	0.0972814494099451
0.31	0.09699308455602142
0.311	0.09648837262955272
0.312	0.09555488857350598
0.313	0.09542035185627418
0.314	0.0953984666500238
0.315	0.09534266349814716
0.316	0.09562185138540381
0.317	0.09555535635195661
0.318	0.0953619476597387
0.319	0.09523277458931059
0.32	0.09457570441622166
0.321	0.09485468879503058
0.322	0.09478506789716043
0.323	0.09412503164214239
0.324	0.09409472744988365
0.325	0.09317077333000993
0.326	0.09316928063956627
0.327	0.09224818947276725
0.328	0.0913578910922245
0.329	0.0900332288107614
0.33	0.08943847336717257
0.331	0.08938427678265647
0.332	0.08965229560359397
0.333	0.08876316536443662
0.334	0.08844427374526491
0.335	0.08871067216016028
0.336	0.08761566579421987
0.337	0.0869600284057216
0.338	0.08721857440992009
0.339	0.08721875303694768
0.34	0.086253599941195
0.341	0.08579274517394989
0.342	0.08546945548200284
0.343	0.08521231252543184
0.344	0.0847381914628176
0.345	0.08464143172535331
0.346	0.08379090800064593
0.347	0.0840432377995187
0.348	0.08024245209563076
0.349	0.07972798422212679
0.35	0.0796805709089652
0.351	0.07692815572881868
0.352	0.07716595528284903
0.353	0.07679552536078478
0.354	0.07598323655759191
0.355	0.07579355127188304
0.356	0.07550560871139644
0.357	0.07535482403302052
0.358	0.07557090545934783
0.359	0.07536096306509113
0.36	0.0728749305763928
0.361	0.07193760097668991
0.362	0.0701768577098636
0.363	0.06852239904189934
0.364	0.06810621949346249
0.365	0.06831609777845893
0.366	0.06853194642862784
0.367	0.0681679761628029
0.368	0.06805831010212389
0.369	0.06714359894776631
0.37	0.06735709210817256
0.371	0.062046074089505854
0.372	0.060788088924945936
0.373	0.06096531502021507
0.374	0.060668544934393095
0.375	0.05838107286604116
0.376	0.05776121512646373
0.377	0.05609141163873266
0.378	0.056266882474793715
0.379	0.05580623393628883
0.38	0.0549724304045971
0.381	0.05492101557028473
0.382	0.05509904155268436
0.383	0.05473407239738981
0.384	0.05426391438332257
0.385	0.05442742863000981
0.386	0.054605005884920114
0.387	0.05478345361657018
0.388	0.05454152414541985
0.389	0.054048153967138295
0.39	0.05422565200972332
0.391	0.054196534452067534
0.392	0.05437510622950433
0.393	0.05405623842896418
0.394	0.05422948164685659
0.395	0.05002393669356568
0.396	0.050184362257593915
0.397	0.05035108771359921
0.398	0.04910651429849365
0.399	0.04927020267948863
0.4	0.04921392361326055
0.401	0.048957640927330966
0.402	0.049113249904628696
0.403	0.04902759332205512
0.404	0.04809870922013961
0.405	0.04794611577428608
0.406	0.04810782274148434
0.407	0.04782931577898193
0.408	0.047985458339353436
0.409	0.04814812090999531
0.41	0.04570417346272608
0.411	0.04536647544076517
0.412	0.04552104605555483
0.413	0.04567640798748505
0.414	0.045817981308453874
0.415	0.04543274534886303
0.416	0.045405273122209676
0.417	0.04508881975709255
0.418	0.04425891057039487
0.419	0.04441152750339623
0.42	0.044564935197708475
0.421	0.043535235621407986
0.422	0.04368613765129155
0.423	0.042774871443672695
0.424	0.042917614957872836
0.425	0.042490158586932975
0.426	0.04098920355918525
0.427	0.03911199364368413
0.428	0.038677812333692316
0.429	0.03850557901575525
0.43	0.038640923757462656
0.431	0.03877698334815794
0.432	0.0389137628308675
0.433	0.03681832867099865
0.434	0.03660253236693663
0.435	0.03673232858100378
0.436	0.03686281642676223
0.437	0.03654208252981773
0.438	0.03646231016710497
0.439	0.0352109060930051
0.44	0.035127393214833
0.441	0.03322449148824817
0.442	0.030809534436835734
0.443	0.030753156451191473
0.444	0.029999546675442516
0.445	0.028154224519560317
0.446	0.028256048116376088
0.447	0.028196779343747366
0.448	0.027367147286366217
0.449	0.025109202085310693
0.45	0.023290989950680026
0.451	0.023375993563638713
0.452	0.02346146337557158
0.453	0.023540706268650957
0.454	0.023627094181563436
0.455	0.02369821825735688
0.456	0.023009163749464205
0.457	0.022887920929662315
0.458	0.02296571354511325
0.459	0.02118920862667301
0.46	0.0210762107888675
0.461	0.02109593668644184
0.462	0.02089221892912615
0.463	0.020394096363988246
0.464	0.020470335976563902
0.465	0.02054700390156976
0.466	0.02059248246670835
0.467	0.02065285238649905
0.468	0.020730640907728803
0.469	0.02069307953215981
0.47	0.020771314237385364
0.471	0.01969408082807381
0.472	0.0190378423020667
0.473	0.019078724230959868
0.474	0.01914416264447052
0.475	0.018552258134079295
0.476	0.01862320367187692
0.477	0.018694556942650396
0.478	0.01876632107678725
0.479	0.018838499234774892
0.48	0.016350227619552765
0.481	0.016293207072654223
0.482	0.016337566655812406
0.483	0.01597899423172784
0.484	0.01594684622508152
0.485	0.016001340772366594
0.486	0.015731569991600382
0.487	0.015658776605713607
0.488	0.015490705073830555
0.489	0.014727254962010388
0.49	0.011287564141001944
0.491	0.010930097214338746
0.492	0.010965448667109282
0.493	0.011000994367027613
0.494	0.01103673579190701
0.495	0.011060887540884795
0.496	0.011043388015637465
0.497	0.009984001252054519
0.498	0.009795733166247352
0.499	0.009755075779551089
0.5	0.008758226767570498
0.501	0.007752657694235669
0.502	0.007746684695857687
0.503	0.00775899053866054
0.504	0.007619542969664407
0.505	0.007650391321768312
0.506	0.0076814273920391765
0.507	0.007712652706640962
0.508	0.007685425145485978
0.509	0.007658049752325562
0.51	0.007689371019206239
0.511	0.0076272958219294725
0.512	0.007658619418734111
0.513	0.007669010979198565
0.514	0.007607396975755943
0.515	0.007638832500449149
0.516	0.007576782254313758
0.517	0.0075867440751331
0.518	0.007618289788543216
0.519	0.007650032662662147
0.52	0.007652978751255956
0.521	0.007147336002560422
0.522	0.00699641264827568
0.523	0.007025809340075157
0.524	0.007046546051670697
0.525	0.007054070896214722
0.526	0.007044944866457094
0.527	0.006877265242364888
0.528	0.006833447567455129
0.529	0.005110866205865536
0.53	0.00511905118174683
0.531	0.005131815519437854
0.532	0.005153793316094976
0.533	0.005175912600713409
0.534	0.005198174590393897
0.535	0.005220580515352491
0.536	0.005221409218951493
0.537	0.005229987870026029
0.538	0.005238591924790772
0.539	0.0052244291803850585
0.54	0.005247193577685211
0.541	0.0052701070867580725
0.542	0.005250968049932259
0.543	0.005236409196733981
0.544	0.005177490771764936
0.545	0.005190617153148033
0.546	0.005189222050382614
0.547	0.005075058287418391
0.548	0.00508775304975492
0.549	0.004869836385727026
0.55	0.004695802533961434
0.551	0.004097273249208122
0.552	0.004115605567996525
0.553	0.004054063943611618
0.554	0.004072284455717737
0.555	0.004090628079392141
0.556	0.004098927744525955
0.557	0.004117474928890326
0.558	0.00396112100870929
0.559	0.0039688189510391275
0.56	0.003986900130770513
0.561	0.0039704338554465085
0.562	0.003988605177439399
0.563	0.00400690153146435
0.564	0.003948771037508793
0.565	0.003966968139064133
0.566	0.003985291317535561
0.567	0.0038942788766371155
0.568	0.003912349776296684
0.569	0.00393054675200039
0.57	0.003938029107975455
0.571	0.00392053761931549
0.572	0.003938900793176453
0.573	0.003957393285163197
0.574	0.00395944630410249
0.575	0.003967024158478112
0.576	0.003974629518253244
0.577	0.003993466624974823
0.578	0.004012437962860689
0.579	0.00402023387262615
0.58	0.004039423533116012
0.581	0.004058750918441926
0.582	0.003811929639784108
0.583	0.0038302562245907624
0.584	0.0037987075675328715
0.585	0.0038170588118204697
0.586	0.003823846220414283
0.587	0.003830654660775259
0.588	0.0038492953160588366
0.589	0.003840378658787064
0.59	0.003859158016531744
0.591	0.0038381246771509994
0.592	0.0038318933038184394
0.593	0.0038386661651328043
0.594	0.0038576225412569167
0.595	0.003775061368570721
0.596	0.0037937961644445213
0.597	0.003770579444628554
0.598	0.0037893853271454047
0.599	0.0038083322537811317
0.6	0.003778340602588722
0.601	0.0037973272387826352
0.602	0.003803799603642647
0.603	0.0038102890375617637
0.604	0.003786961344498743
0.605	0.003793333505792542
0.606	0.0037803470215218944
0.607	0.0037996345063255775
0.608	0.0038190699769461685
0.609	0.0037949362373914763
0.61	0.003814447477686548
0.611	0.003834109578086994
0.612	0.0037490173278952915
0.613	0.0037238139750490583
0.614	0.0036962796080621182
0.615	0.0036952388565619013
0.616	0.0037145351430191435
0.617	0.0037339829709930657
0.618	0.0037535839314707196
0.619	0.0037733396363731973
0.62	0.0037793647587426146
0.621	0.0037528266105976787
0.622	0.003772735505083608
0.623	0.00377869409876012
0.624	0.003763386141045706
0.625	0.003735977035442266
0.626	0.0036568344130242765
0.627	0.0036764948130942996
0.628	0.0036963141921406303
0.629	0.003701724442964323
0.63	0.003631418875321303
0.631	0.0035966597373012954
0.632	0.003616260062845172
0.633	0.0036211314531321565
0.634	0.0036409732693137025
0.635	0.0036609786169472945
0.636	0.003666012919259661
0.637	0.003514426028238173
0.638	0.0035185922060166313
0.639	0.0035150559146403925
0.64	0.0035346383988445174
0.641	0.00353882344397586
0.642	0.0033437397305290757
0.643	0.0033625247851949694
0.644	0.003344542912908154
0.645	0.0033634386355799514
0.646	0.0033824949451299793
0.647	0.003401713666409127
0.648	0.00342109665026331
0.649	0.0033836657169990444
0.65	0.003362123072724786
0.651	0.003316948259394652
0.652	0.003336066116797503
0.653	0.003355349735969743
0.654	0.003358046410320845
0.655	0.003282075047747438
0.656	0.0033012125115827002
0.657	0.003320517847907745
0.658	0.003150900222207518
0.659	0.003152184627516691
0.66	0.003170781586971067
0.661	0.0031895436081957476
0.662	0.0032084726503808854
0.663	0.003227570701871248
0.664	0.003229071479337999
0.665	0.0032484072366993043
0.666	0.0032679171900728736
0.667	0.0032876034382058428
0.668	0.0033074681115484762
0.669	0.0033275133728305883
0.67	0.003347741417650227
0.671	0.003368154475074924
0.672	0.0033701078327952297
0.673	0.0033907833409718875
0.674	0.003411649699993253
0.675	0.003274883552661326
0.676	0.0032408317453037063
0.677	0.0032609611350260894
0.678	0.0030929438008441886
0.679	0.003066843754635809
0.68	0.0030860716151664405
0.681	0.003105480870607739
0.682	0.0031250738098544755
0.683	0.0030783005611300924
0.684	0.0030978453265975855
0.685	0.0031175768254931113
0.686	0.003137497444186358
0.687	0.0031576096072901167
0.688	0.0031779157783980915
0.689	0.00319841846083937
0.69	0.0032191201984499806
0.691	0.0032400235763619936
0.692	0.003239979734861073
0.693	0.003207931743091734
0.694	0.003228967361079221
0.695	0.003207069928920661
0.696	0.0031006507605647773
0.697	0.003121184871561895
0.698	0.003119921925338748
0.699	0.0031407214048410057
0.7	0.0031617295747730528
0.701	0.003182949236348711
0.702	0.0032043832379402845
0.703	0.0031502010668677345
0.704	0.0030952108282616764
0.705	0.0031162666842362457
0.706	0.0031375381291798374
0.707	0.0028203749590911226
0.708	0.0028397589794285187
0.709	0.002859343524114233
0.71	0.002879131368571771
0.711	0.002824234268870948
0.712	0.002843915343915345
0.713	0.0028638028638028647
0.714	0.002823784402731772
0.715	0.002843670208384813
0.716	0.002745566449343885
0.717	0.002739977779448497
0.718	0.002759479400654536
0.719	0.0027410608371462473
0.72	0.0027351083802696716
0.721	0.002728999596022108
0.722	0.002722731562042785
0.723	0.0027032211932541557
0.724	0.0026833552920509447
0.725	0.002702941827029419
0.726	0.002722743598656008
0.727	0.0027427637721755375
0.728	0.0027358729469647643
0.729	0.002756138672497837
0.73	0.0027766304098398283
0.731	0.0027973515323013193
0.732	0.0027903553394078304
0.733	0.0027597082594125774
0.734	0.002752163427436517
0.735	0.002773013150371642
0.736	0.0027220877981334267
0.737	0.002616124382008341
0.738	0.002636171312138673
0.739	0.002626977109735731
0.74	0.002647262647262648
0.741	0.002667784063132901
0.742	0.002643300254376176
0.743	0.0026639510376134895
0.744	0.002684844771241831
0.745	0.002705985281251609
0.746	0.00267031838411503
0.747	0.002691511387163562
0.748	0.002712957693037375
0.749	0.0027027888446215145
0.75	0.002692369477911647
0.751	0.0026547048408688523
0.752	0.0026435505637542995
0.753	0.002665042844760432
0.754	0.0026370222885902335
0.755	0.0026586372253819567
0.756	0.002596190604690909
0.757	0.0026176467253908337
0.758	0.0026050775579255403
0.759	0.00262678653757492
0.76	0.0025325430032543004
0.761	0.002349307924006422
0.762	0.0023691333073313707
0.763	0.0023892107082409586
0.764	0.002409544416396201
0.765	0.002430138813117536
0.766	0.002450998373745154
0.767	0.0024721276700705435
0.768	0.002493531372841717
0.769	0.002477570738440303
0.77	0.0024612366305930005
0.771	0.00244452105518527
0.772	0.0024274158229641647
0.773	0.0024488973789196
0.774	0.002339560799737791
0.775	0.0022698412698412694
0.776	0.0022901985906470207
0.777	0.0022704318668444225
0.778	0.0022909787615669965
0.779	0.0023118058412176057
0.78	0.002291407222914072
0.781	0.0023124293075279623
0.782	0.002333742020039741
0.783	0.002355350742447516
0.784	0.002377260981912144
0.785	0.0023994783742664633
0.786	0.002250157225805508
0.787	0.0022270942215135677
0.788	0.0022482041193478196
0.789	0.002269615587151132
0.79	0.0022913343965975546
0.791	0.002198349895718317
0.792	0.0021731388579214663
0.793	0.0021942372934352673
0.794	0.002168284789644013
0.795	0.0021895424836601307
0.796	0.002211114330789787
0.797	0.0022330065518867156
0.798	0.002255225522552255
0.799	0.002203150912106136
0.8	0.002225293132328308
0.801	0.0022477708407356647
0.802	0.002270590849271052
0.803	0.002293760143651369
0.804	0.00231728588871446
0.805	0.002341175433958939
0.806	0.002365436319284938
0.807	0.0023900762809441565
0.808	0.0020724258289703318
0.809	0.0020942408376963353
0.81	0.0021164021164021165
0.811	0.0020826297422042103
0.812	0.002104903857094095
0.813	0.0021275372319015584
0.814	0.002092414995640802
0.815	0.0021151586368977674
0.816	0.00207887859349014
0.817	0.002101723413198823
0.818	0.0021249468763280916
0.819	0.002148557397176182
0.82	0.0021725636250775914
0.821	0.0020400477057309647
0.822	0.0020630990922363996
0.823	0.002086543400102722
0.824	0.001893939393939394
0.825	0.0017952928297755883
0.826	0.0018160476601776182
0.827	0.0018371644934354976
0.828	0.001858651797452287
0.829	0.0018805182891870197
0.83	0.0019027729434969254
0.831	0.0019254250023480791
0.832	0.001770268985837848
0.833	0.0017915975278358944
0.834	0.0018133138615066325
0.835	0.0018354274451835427
0.836	0.001857948027333034
0.837	0.001805145295261178
0.838	0.0018275694604197022
0.839	0.0018504140786749484
0.84	0.0018736897274633125
0.841	0.0018974073189501899
0.842	0.001921578112822167
0.843	0.0018645544123251131
0.844	0.0018886131789357598
0.845	0.0019131406228180424
0.846	0.0019381489969725267
0.847	0.0018776516454535033
0.848	0.0019025212036714305
0.849	0.0018395879323031643
0.85	0.001864280387770321
0.851	0.0018894733659834332
0.852	0.0016853588282159714
0.853	0.0016152579753362535
0.854	0.001401354117461817
0.855	0.0013250319284802043
0.856	0.0013435638435638437
0.857	0.0013624872779802357
0.858	0.0013818133386608066
0.859	0.0014015535292131037
0.86	0.001421719767043508
0.861	0.0014423244013484864
0.862	0.0014633802320251068
0.863	0.0014849005295548877
0.864	0.001506899055918664
0.865	0.001529390086604017
0.866	0.0015523884337709946
0.867	0.0015759094706463128
0.868	0.0015999691572210657
0.869	0.001624584067332159
0.87	0.0016497714172132778
0.871	0.0016755490956072352
0.872	0.0017019356955380578
0.873	0.0017289505478481858
0.874	0.0017566137566137566
0.875	0.0017849462365591398
0.876	0.0018139697526007518
0.877	0.0018437069616597805
0.878	0.0017386984600099354
0.879	0.0017676767676767678
0.88	0.0015873015873015873
0.881	0.0016142050040355127
0.882	0.0016417982519677436
0.883	0.0016701051183809804
0.884	0.0016991504247876063
0.885	0.0017289600813628274
0.886	0.00175956114474978
0.887	0.0017909818794774547
0.888	0.0015283140283140282
0.889	0.0015561015561015561
0.89	0.00158465387823186
0.891	0.0016139993204213388
0.892	0.0016441675320179993
0.893	0.0016751895609239992
0.894	0.0017070979335130278
0.895	0.0015567765567765569
0.896	0.0015870052277819268
0.897	0.0016181229773462784
0.898	0.0016501650165016502
0.899	0.0016831683168316831
0.9	0.0017171717171717172
0.901	0.0017522160379303236
0.902	0.0015779507679360403
0.903	0.0016108247422680412
0.904	0.001644736842105263
0.905	0.0016797312430011197
0.906	0.0017158544955387784
0.907	0.0017531556802244039
0.908	0.00179168657429527
0.909	0.0018315018315018315
0.91	0.0018726591760299626
0.911	0.0019152196118488254
0.912	0.001959247648902821
0.913	0.002004811547714515
0.914	0.002051983584131327
0.915	0.0021008403361344537
0.916	0.0021514629948364886
0.917	0.0022039377020276227
0.918	0.002258355916892502
0.919	0.002006172839506173
0.92	0.002056962025316456
0.921	0.002109704641350211
0.922	0.0021645021645021645
0.923	0.0018796992481203006
0.924	0.0019298245614035089
0.925	0.001981981981981982
0.926	0.0020362828582006663
0.927	0.0020928462709284626
0.928	0.0021517996870109544
0.929	0.0022132796780684103
0.93	0.002277432712215321
0.931	0.0023444160272804776
0.932	0.002414398595258999
0.933	0.0024875621890547263
0.934	0.002564102564102564
0.935	0.0026442307692307694
0.936	0.001984126984126984
0.937	0.002048131080389145
0.938	0.0021152829190904283
0.939	0.002185792349726776
0.94	0.0022598870056497176
0.941	0.0023378141437755697
0.942	0.0024198427102238356
0.943	0.002506265664160401
0.944	0.0025974025974025974
0.945	0.0026936026936026937
0.946	0.0020964360587002098
0.947	0.0021770682148040637
0.948	0.0022624434389140274
0.949	0.002352941176470588
0.95	0.0024489795918367346
0.951	0.002551020408163265
0.952	0.0026595744680851063
0.953	0.0027752081406105457
0.954	0.002898550724637681
0.955	0.0030303030303030303
0.956	0.003171247357293869
0.957	0.0033222591362126247
0.958	0.003484320557491289
0.959	0.003658536585365854
0.96	0.0038461538461538464
0.961	0.004048582995951417
0.962	0.002844950213371266
0.963	0.003003003003003003
0.964	0.0015873015873015873
0.965	0.0016806722689075631
0.966	0.0017825311942959
0.967	0.001893939393939394
0.968	0.0020161290322580645
0.969	0.002150537634408602
0.97	0.0022988505747126436
0.971	0.0024630541871921183
0.972	0.0026455026455026454
0.973	0.0
0.974	0.0
0.975	0.0
0.976	0.0
0.977	0.0
0.978	0.0
0.979	0.0
0.98	0.0
0.981	0.0
0.982	0.0
0.983	0.0
0.984	0.0
0.985	0.0
0.986	0.0
0.987	0.0
0.988	0.0
0.989	0.0
0.99	0.0
0.991	0.0
0.992	0.0
0.993	0.0
0.994	0.0
0.995	0.0
0.996	0.0
0.997	0.0
0.998	0.0
0.999	0.0
1.0	0.0
