Fraction_of_nodes	Efficiency
0.001	0.29148223039480786
0.002	0.2873264080834851
0.003	0.2831063471555339
0.004	0.27931232948242196
0.005	0.27581379158120967
0.006	0.27251983101991445
0.007	0.2686994493347382
0.008	0.2661345833721926
0.009	0.2640033461345444
0.01	0.2617067346410227
0.011	0.25978759900652815
0.012	0.2574677087095261
0.013	0.25555632377874904
0.014	0.25379947743341236
0.015	0.2523523438118088
0.016	0.25071268425598814
0.017	0.24928166622506
0.018	0.24792543389068694
0.019	0.24641506158493698
0.02	0.24496674495653906
0.021	0.2437773451543411
0.022	0.24231787984264164
0.023	0.2413354006597541
0.024	0.24079502942585232
0.025	0.24034542467361197
0.026	0.23967684504033232
0.027	0.2389109162841569
0.028	0.2377773378209095
0.029	0.2373315049897289
0.03	0.2367648739139993
0.031	0.2365799884320923
0.032	0.23623641141010804
0.033	0.2360657837679855
0.034	0.2357895718188198
0.035	0.23564948304413078
0.036	0.23545511290615664
0.037	0.23516219139419595
0.038	0.23501705013297675
0.039	0.2348443100372875
0.04	0.2311236515604456
0.041	0.23114744747514665
0.042	0.23102771236040393
0.043	0.23089402815577245
0.044	0.23075494273715993
0.045	0.23065287702128123
0.046	0.23064916609356867
0.047	0.2302493942674748
0.048	0.2298009643757175
0.049	0.22985438183729853
0.05	0.2298434081351364
0.051	0.22970751247917848
0.052	0.2294282854609763
0.053	0.22954385991324547
0.054	0.22945536150522444
0.055	0.22938042338830672
0.056	0.22935672197527093
0.057	0.22930572258582393
0.058	0.22923969299477887
0.059	0.22927907017332008
0.06	0.22930351671587315
0.061	0.22933826877541896
0.062	0.22932332923079615
0.063	0.22930053175844306
0.064	0.2292723852047958
0.065	0.2292969307647724
0.066	0.22918721463684524
0.067	0.2291929243666455
0.068	0.2292267997380772
0.069	0.22890214344387166
0.07	0.2289481538812635
0.071	0.22905063471393747
0.072	0.2290319125759892
0.073	0.2289557048113446
0.074	0.22901723599660165
0.075	0.2291060030355296
0.076	0.22911255783583825
0.077	0.2296095481999073
0.078	0.23010815742509713
0.079	0.23010309910931417
0.08	0.23012095223919934
0.081	0.2301898433720102
0.082	0.23024767818820505
0.083	0.23031040755115856
0.084	0.23036658648246577
0.085	0.23049882296717225
0.086	0.23049206307449185
0.087	0.23051016628309423
0.088	0.23053087098704758
0.089	0.23050493484092563
0.09	0.2305326591450446
0.091	0.23057362052284933
0.092	0.23055971579625575
0.093	0.23106867764128058
0.094	0.2294499549814946
0.095	0.228449389192746
0.096	0.22732276287372583
0.097	0.22613901058185298
0.098	0.2254380009970309
0.099	0.2247701016122474
0.1	0.2237357234087937
0.101	0.22304356273888262
0.102	0.2219077437636743
0.103	0.22102941261334588
0.104	0.22061834632651656
0.105	0.21988376987999064
0.106	0.21944550219269182
0.107	0.21879920538123074
0.108	0.21806970456742464
0.109	0.21732915225260988
0.11	0.21663799147942558
0.111	0.21486620809634424
0.112	0.21424291711108723
0.113	0.2130464324435577
0.114	0.2121030314737524
0.115	0.2119447803224308
0.116	0.21071510069020602
0.117	0.20971996301061627
0.118	0.20969211215204994
0.119	0.20724557448927358
0.12	0.2062510698643293
0.121	0.2058026449796424
0.122	0.20342873529987807
0.123	0.20111070955116148
0.124	0.1996766581103479
0.125	0.19933051431516888
0.126	0.19864171405609002
0.127	0.19807981970131114
0.128	0.19633038656381227
0.129	0.19595248793588774
0.13	0.19582766425326648
0.131	0.19548548112943717
0.132	0.19536445986616552
0.133	0.19529522789941095
0.134	0.19478885761112416
0.135	0.19434959696148044
0.136	0.19307995353411414
0.137	0.19279269179430855
0.138	0.1928191763313599
0.139	0.19287088981284156
0.14	0.19248196042329388
0.141	0.19247826994967007
0.142	0.1923625796105735
0.143	0.19190470216873703
0.144	0.19165221173358213
0.145	0.19138764846619993
0.146	0.19131967042446654
0.147	0.1913881733833519
0.148	0.1912195560999096
0.149	0.18967809874944608
0.15	0.1896375506751077
0.151	0.18958409595466152
0.152	0.18810232243916988
0.153	0.18804087848433385
0.154	0.1878674705548654
0.155	0.18777782065658985
0.156	0.18775549574374795
0.157	0.18775026108723317
0.158	0.18780490587589596
0.159	0.18727315907042413
0.16	0.1877195789966945
0.161	0.18787619609921644
0.162	0.18707671891249167
0.163	0.18752427087161244
0.164	0.1875665901200247
0.165	0.18751526718513375
0.166	0.18796548391306925
0.167	0.18798087998130908
0.168	0.18768305416031716
0.169	0.18773868420715528
0.17	0.1877949022228685
0.171	0.18789342847889587
0.172	0.18797970972965045
0.173	0.1880204519118659
0.174	0.18794112681617617
0.175	0.18794958705734527
0.176	0.18840632967473858
0.177	0.1884708007763133
0.178	0.18849149855830116
0.179	0.18856287861776577
0.18	0.18857146927175958
0.181	0.18875721034236806
0.182	0.18878173749700278
0.183	0.18884851697540028
0.184	0.1889038136749646
0.185	0.18888064412567482
0.186	0.18894448330003796
0.187	0.18901337972429835
0.188	0.18856502525801494
0.189	0.18903061791297301
0.19	0.18905004745099763
0.191	0.18688495665466523
0.192	0.18595505168491952
0.193	0.18087533439134124
0.194	0.18024541327627117
0.195	0.18069378495108776
0.196	0.1811438317380145
0.197	0.18159556199172525
0.198	0.18050463684913212
0.199	0.18055524710895632
0.2	0.18100720016805258
0.201	0.18099982677872403
0.202	0.1809654360824766
0.203	0.18142012310780944
0.204	0.1814503019074138
0.205	0.1814465180815318
0.206	0.18154431671012397
0.207	0.1815675779684876
0.208	0.18140204381523725
0.209	0.18151496141361143
0.21	0.18165900360549478
0.211	0.18069355658441072
0.212	0.18028212777803324
0.213	0.17876168020461541
0.214	0.17873857819462044
0.215	0.17814103516361213
0.216	0.17760515328603663
0.217	0.17662683148800443
0.218	0.17608632567080965
0.219	0.17466795347532554
0.22	0.174246449982729
0.221	0.17408492558415736
0.222	0.17345871886782874
0.223	0.1730851471735143
0.224	0.17241194786036806
0.225	0.16772033992477037
0.226	0.16755358246365643
0.227	0.16751470283814432
0.228	0.16729521509831027
0.229	0.1670355528656889
0.23	0.165998980631204
0.231	0.166023160131659
0.232	0.16572270524802804
0.233	0.16548637689102116
0.234	0.16536118198011773
0.235	0.16548013226550795
0.236	0.16542521352650288
0.237	0.16549833669768796
0.238	0.1651562144117642
0.239	0.16511731032472046
0.24	0.16470233321545877
0.241	0.1642273195732157
0.242	0.16432861564563297
0.243	0.16433730364636337
0.244	0.16476737828652827
0.245	0.16466546319535325
0.246	0.16479905942706577
0.247	0.1636264185920774
0.248	0.16370470458501077
0.249	0.1631178632085615
0.25	0.16260124574986531
0.251	0.1626960498454707
0.252	0.16256000125745923
0.253	0.1629922299790994
0.254	0.16294821686303076
0.255	0.16294810359071382
0.256	0.16255341356217876
0.257	0.1622858273395139
0.258	0.16215512727363465
0.259	0.1621112327080107
0.26	0.16254996405498773
0.261	0.1625239295100735
0.262	0.16246802072346708
0.263	0.16251315830283497
0.264	0.16253211362893283
0.265	0.16259493547865245
0.266	0.1630385778674073
0.267	0.16308902207538117
0.268	0.16353523007011547
0.269	0.16366719901666435
0.27	0.16366238073791278
0.271	0.16362547447219697
0.272	0.16362244035305074
0.273	0.16339996982669322
0.274	0.16334518931941802
0.275	0.16265672371870907
0.276	0.16256121449794675
0.277	0.16301152257134827
0.278	0.1634637043260538
0.279	0.16342574856952488
0.28	0.1634259387370115
0.281	0.16388116419310345
0.282	0.1643302006944544
0.283	0.1643383330129729
0.284	0.16433718881424933
0.285	0.16430467799468448
0.286	0.1647554116947757
0.287	0.16463013799416057
0.288	0.1645550978364541
0.289	0.1635664222089566
0.29	0.1634219593990082
0.291	0.16266904278533684
0.292	0.16267990164724638
0.293	0.16181144546297072
0.294	0.1616669053790401
0.295	0.16121984294542444
0.296	0.16072788015030054
0.297	0.1605219853416226
0.298	0.15864462017229053
0.299	0.15861434299642738
0.3	0.15850297379530542
0.301	0.15846974491433502
0.302	0.15833882438248675
0.303	0.15554733651025965
0.304	0.1521240565617062
0.305	0.14979212918056864
0.306	0.14967882446190797
0.307	0.14842906167928774
0.308	0.14841587667866588
0.309	0.1482176043154121
0.31	0.14864013145469915
0.311	0.14827527918969846
0.312	0.14626101178937262
0.313	0.14383668581519493
0.314	0.14425664694166265
0.315	0.1446784500028956
0.316	0.14469759359867365
0.317	0.14459984278828408
0.318	0.14426240787791825
0.319	0.1441542118487027
0.32	0.14365425604501836
0.321	0.14407801491240782
0.322	0.1444992943471456
0.323	0.1444420497600934
0.324	0.14418745482433923
0.325	0.1442099536047444
0.326	0.14463851215929047
0.327	0.14506898392166928
0.328	0.14506233791063478
0.329	0.14509582347418912
0.33	0.14494360348367427
0.331	0.14483403314478144
0.332	0.14358255684300525
0.333	0.14401373569238363
0.334	0.1439989143994073
0.335	0.14254733173031328
0.336	0.14297733876419055
0.337	0.14284512268508648
0.338	0.1428068674634843
0.339	0.14323961554670697
0.34	0.1431228976869623
0.341	0.14297967341250606
0.342	0.14293132601275152
0.343	0.14072135335849253
0.344	0.13872329148642887
0.345	0.1380720917691745
0.346	0.13753231407254043
0.347	0.13613547096040973
0.348	0.1359810837068064
0.349	0.13532979934062886
0.35	0.13182353292334942
0.351	0.13037327925046924
0.352	0.1256140940284321
0.353	0.12344332044546828
0.354	0.12330908498089965
0.355	0.12249911280316814
0.356	0.11774931961347085
0.357	0.11811613992379318
0.358	0.11788303786627646
0.359	0.1170135222125608
0.36	0.1148053233463974
0.361	0.1142484109749836
0.362	0.11363574021874744
0.363	0.11357122286061955
0.364	0.10973595868407603
0.365	0.10957232960421662
0.366	0.10957191307445527
0.367	0.10915667717927822
0.368	0.10879616272660182
0.369	0.10880346574073126
0.37	0.10868196386371687
0.371	0.10769917331097946
0.372	0.10736077189681358
0.373	0.10657538471647884
0.374	0.10655095940843289
0.375	0.10576102938008156
0.376	0.1057017512828201
0.377	0.10526272964759696
0.378	0.1052402354713577
0.379	0.10557972010191047
0.38	0.10538202509393323
0.381	0.1054722826394032
0.382	0.1058141701033883
0.383	0.10153930732717897
0.384	0.10079618345868192
0.385	0.10080335283378708
0.386	0.10051250779515164
0.387	0.10004394449701365
0.388	0.09868382340333556
0.389	0.0985589976791179
0.39	0.09888267254834324
0.391	0.09920794449751542
0.392	0.09843770233125232
0.393	0.09745539866264459
0.394	0.09621513211409374
0.395	0.09653372526678942
0.396	0.09631301971322653
0.397	0.0963266464609986
0.398	0.0962042261911271
0.399	0.0953722421759633
0.4	0.09540353548106766
0.401	0.09541924273670219
0.402	0.095733303044689
0.403	0.09558987090099533
0.404	0.09588627209884241
0.405	0.09507362578904109
0.406	0.09338802821420396
0.407	0.09308194109434709
0.408	0.09307771960886278
0.409	0.09338750154863076
0.41	0.09331656557013573
0.411	0.09223591855432571
0.412	0.09146422684293691
0.413	0.09000419548919308
0.414	0.08945845757495487
0.415	0.08912118659548011
0.416	0.08910566300986116
0.417	0.08909642059199369
0.418	0.08857438161801755
0.419	0.08742891007435653
0.42	0.0860373917013308
0.421	0.08467337955359723
0.422	0.08387374245626436
0.423	0.0841383924823246
0.424	0.08443104776052399
0.425	0.08472523259592651
0.426	0.08453606179085553
0.427	0.08350092845691873
0.428	0.08346797068220052
0.429	0.08375469579517288
0.43	0.0834471911799143
0.431	0.08280900325238928
0.432	0.08269787950756378
0.433	0.08298075009718238
0.434	0.08082169427941341
0.435	0.08082812344281474
0.436	0.08054448000784696
0.437	0.08046915428349986
0.438	0.080749688311496
0.439	0.08103171387262893
0.44	0.08074375370179712
0.441	0.08060111605865404
0.442	0.08032572320096659
0.443	0.08010109597223765
0.444	0.07789440346679574
0.445	0.07653386878543829
0.446	0.07681066397091908
0.447	0.07646901123212718
0.448	0.07674000004167063
0.449	0.0770190545872767
0.45	0.07650804065581165
0.451	0.07678726708156279
0.452	0.07673294476350709
0.453	0.07589881178356397
0.454	0.0756691974697393
0.455	0.07594739304867217
0.456	0.07622712561975382
0.457	0.07650840652609978
0.458	0.07679124721566022
0.459	0.07679288894064391
0.46	0.07675297258045553
0.461	0.07613024961427013
0.462	0.07608172039983986
0.463	0.07636560741625717
0.464	0.07634694011148518
0.465	0.07636048603568442
0.466	0.0715802469170157
0.467	0.06872685054552494
0.468	0.06827932675579992
0.469	0.06686890477836516
0.47	0.06629023222299989
0.471	0.06620024382623975
0.472	0.06455641774080666
0.473	0.06433059356979888
0.474	0.06457566249768383
0.475	0.06426967015663058
0.476	0.06311600808973535
0.477	0.06176898114528956
0.478	0.06123458302431206
0.479	0.05996671726101275
0.48	0.0589193121489229
0.481	0.058886971129772654
0.482	0.058498079006975234
0.483	0.05569707642001691
0.484	0.05350425274510528
0.485	0.05242065303335482
0.486	0.052107567512574705
0.487	0.05230349817575346
0.488	0.05250820854043351
0.489	0.05235198780484978
0.49	0.051422595932313714
0.491	0.05119112648921037
0.492	0.05089108181337908
0.493	0.049540283239551564
0.494	0.04890383629700567
0.495	0.04874090336493126
0.496	0.04822365098559037
0.497	0.04840785648126776
0.498	0.04390010390424166
0.499	0.04262547269924283
0.5	0.042796316277195705
0.501	0.04296014080836502
0.502	0.04284303766262559
0.503	0.042798840384684504
0.504	0.041813972406157154
0.505	0.041726753120612727
0.506	0.04100263728030115
0.507	0.04093790484117759
0.508	0.04109637891252576
0.509	0.041012425095766566
0.51	0.04059989385123793
0.511	0.04057290891198619
0.512	0.04033810983982425
0.513	0.04049566013508959
0.514	0.03979944829321314
0.515	0.03995538875859787
0.516	0.04008233645258316
0.517	0.04022717609165258
0.518	0.04018366981616745
0.519	0.04033810801074093
0.52	0.03828769066485871
0.521	0.03743672659165577
0.522	0.0373408505274876
0.523	0.03458234554561811
0.524	0.034727955421599656
0.525	0.03467865309841239
0.526	0.034816365354044775
0.527	0.03475084114716345
0.528	0.03444439909316961
0.529	0.03459097100420438
0.53	0.03473848047543766
0.531	0.03487023027961865
0.532	0.034615799684024014
0.533	0.03476436534790395
0.534	0.03491388949993794
0.535	0.03504275143249384
0.536	0.03519412400887611
0.537	0.03490828264313264
0.538	0.03426174359091129
0.539	0.033676298374745714
0.54	0.033033534700705636
0.541	0.032921332604851056
0.542	0.03285850599473253
0.543	0.031850591282934326
0.544	0.03198095439865651
0.545	0.0321218396603246
0.546	0.03206021039202024
0.547	0.030557866346447825
0.548	0.030693377948871097
0.549	0.029229610261253213
0.55	0.02934496116070935
0.551	0.027646737045102947
0.552	0.027737145371074443
0.553	0.027551346970481085
0.554	0.0276751732490001
0.555	0.027799836191563163
0.556	0.02791517517097316
0.557	0.02391790902502294
0.558	0.02402638026776681
0.559	0.024135591087165748
0.56	0.022686046047574366
0.561	0.02276883251968187
0.562	0.022873037702838307
0.563	0.02297795989413573
0.564	0.023083605686752447
0.565	0.023189981749825037
0.566	0.020175477281639834
0.567	0.02013193423086484
0.568	0.020161799412194484
0.569	0.020244783662414702
0.57	0.0163647039193565
0.571	0.016441174498418913
0.572	0.01572984109833281
0.573	0.015595051745575987
0.574	0.015668440224378695
0.575	0.015742347961286145
0.576	0.015361621101394243
0.577	0.015434424992870044
0.578	0.015155619981429677
0.579	0.015216478662712123
0.58	0.012904072158659715
0.581	0.012944878737334676
0.582	0.013006964486674412
0.583	0.011256384785183225
0.584	0.010928521580964386
0.585	0.010981316371210591
0.586	0.011016948952156897
0.587	0.010158809917040814
0.588	0.010142299114032376
0.589	0.010152211304436913
0.59	0.01018992859986084
0.591	0.010221901378965101
0.592	0.010223152391827634
0.593	0.01022308166352378
0.594	0.01026140278686369
0.595	0.010205479498118158
0.596	0.01007596013898706
0.597	0.010126089293907395
0.598	0.010135237500044013
0.599	0.010173444859614059
0.6	0.010224439570689818
0.601	0.010275818664009867
0.602	0.010327586012443166
0.603	0.010379745537758537
0.604	0.010345821679164853
0.605	0.01039833854048041
0.606	0.010438339901673746
0.607	0.010491596737906774
0.608	0.010545262194366656
0.609	0.01050430951022163
0.61	0.010558316242921998
0.611	0.010612740553452524
0.612	0.010531299444240244
0.613	0.010498840552070126
0.614	0.010087443255544597
0.615	0.010065577260595794
0.616	0.010104540240198561
0.617	0.009141078256060229
0.618	0.0091890629188217
0.619	0.009223612345152284
0.62	0.00927228576122169
0.621	0.009321345474244026
0.622	0.009370795582860705
0.623	0.009420640240216348
0.624	0.00921269231897993
0.625	0.009023212093224335
0.626	0.009071593927504357
0.627	0.008224451052414351
0.628	0.007951450439238584
0.629	0.007586376100433209
0.63	0.007627494670083254
0.631	0.007668948445464141
0.632	0.007710741080044327
0.633	0.007752876277203039
0.634	0.007489820870367936
0.635	0.0072432738261978226
0.636	0.0072831816709702625
0.637	0.0073082002385632516
0.638	0.007348688882544212
0.639	0.007297036016621254
0.64	0.007337688027855912
0.641	0.007363119160300167
0.642	0.007380896051203369
0.643	0.007422361759356197
0.644	0.007464177881944119
0.645	0.0074904336812293935
0.646	0.0074928602352723065
0.647	0.007486072844665566
0.648	0.0075287285303901556
0.649	0.007571749836278099
0.65	0.007615140952818375
0.651	0.007658906130708135
0.652	0.007686487357868466
0.653	0.007610361035860341
0.654	0.007637724442384722
0.655	0.007682129817049749
0.656	0.0076387820079960025
0.657	0.007640829682091828
0.658	0.007685643932426678
0.659	0.00771360330073714
0.66	0.007652106831113402
0.661	0.007446617523885641
0.662	0.0069163043532260654
0.663	0.006368312137441029
0.664	0.006302979625207793
0.665	0.006322847319808643
0.666	0.006300882199085815
0.667	0.006146937723242963
0.668	0.006023922095610679
0.669	0.005956674115147078
0.67	0.005931480583318123
0.671	0.00592131409788391
0.672	0.005957530086250172
0.673	0.005720118619032344
0.674	0.00557895656857431
0.675	0.0056133945720840284
0.676	0.005629041474988037
0.677	0.005447945501884693
0.678	0.005188422113887935
0.679	0.005172173739638676
0.68	0.005042636688894508
0.681	0.005054635685439477
0.682	0.005066686042520797
0.683	0.004958994062236466
0.684	0.004990479738822095
0.685	0.00500204583158782
0.686	0.005034007785783269
0.687	0.0050457970140324335
0.688	0.005057634112481978
0.689	0.005090264009981861
0.69	0.0051023316964437975
0.691	0.00513546372044668
0.692	0.005147768023206898
0.693	0.004592051563054938
0.694	0.004538384874289717
0.695	0.004472973759535441
0.696	0.004363175195965703
0.697	0.004392070395938986
0.698	0.004421253587938581
0.699	0.004450728611858171
0.7	0.004480499371803711
0.701	0.004476900559480066
0.702	0.004507048037995084
0.703	0.004435125962903733
0.704	0.004465194613499691
0.705	0.004495570087060913
0.706	0.004503039094179297
0.707	0.004533881827701073
0.708	0.004529736779772078
0.709	0.0045609763437705056
0.71	0.004592540193900405
0.711	0.004568364655230276
0.712	0.004600199948994947
0.713	0.004632369179407499
0.714	0.004664877033298078
0.715	0.004697728280011445
0.716	0.004706043485095884
0.717	0.004739419680025642
0.718	0.004773152204438635
0.719	0.0047182781772258054
0.72	0.004713698502100952
0.721	0.004685294263309263
0.722	0.004719123102755539
0.723	0.004700999236786389
0.724	0.0047351883221448355
0.725	0.004769751740554652
0.726	0.004804694976749192
0.727	0.004840023616284112
0.728	0.004848610723502185
0.729	0.00488452635849109
0.73	0.004865768878573496
0.731	0.004786487548097704
0.732	0.004514889880896917
0.733	0.004132064153606772
0.734	0.004163249543445314
0.735	0.004194789312713839
0.736	0.004130671644930198
0.737	0.004162203489547985
0.738	0.004164850306378776
0.739	0.004123206508263977
0.74	0.004125345911060194
0.741	0.004157325336727327
0.742	0.004189678063083182
0.743	0.003997048418102649
0.744	0.004028397817460317
0.745	0.004060117485314336
0.746	0.004092213275712077
0.747	0.0041246911588526496
0.748	0.004078508340033667
0.749	0.0041111364067539366
0.75	0.0041441575827118
0.751	0.00417757820837883
0.752	0.004140663383023315
0.753	0.00414141200405642
0.754	0.004175219448987492
0.755	0.004209442559225095
0.756	0.004210356813574785
0.757	0.004160127813326466
0.758	0.004194651695594735
0.759	0.004143161759863005
0.76	0.004096475061433221
0.761	0.004130899221613331
0.762	0.004165759130656482
0.763	0.004201062174136622
0.764	0.004146660828052822
0.765	0.004182102373591736
0.766	0.004118957659730192
0.767	0.004154465915417521
0.768	0.004103357643998039
0.769	0.004082573740958835
0.77	0.004118229406818738
0.771	0.004154354226176797
0.772	0.004190956466055006
0.773	0.004130582489126016
0.774	0.004127967411153253
0.775	0.003986252834467121
0.776	0.003921907888716026
0.777	0.003896641676910737
0.778	0.003772243478125833
0.779	0.003765401265401267
0.78	0.0037997884915693153
0.781	0.003834648936446098
0.782	0.003869991322957122
0.783	0.003905824575947466
0.784	0.0038344920224765208
0.785	0.0038703283965183573
0.786	0.003862792539243772
0.787	0.0038992339782932413
0.788	0.003936193542068533
0.789	0.003973681099612043
0.79	0.00401170675606766
0.791	0.004050280859491388
0.792	0.004089414007892271
0.793	0.004058763883584484
0.794	0.003920311671910062
0.795	0.003958746100066043
0.796	0.003997748524697236
0.797	0.0040373301932585945
0.798	0.004077502632992511
0.799	0.004068526415541342
0.8	0.00403403924383824
0.801	0.004074787114988121
0.802	0.003987970104721374
0.803	0.00397686630852486
0.804	0.004017654680919987
0.805	0.004006205707236635
0.806	0.003914180917279042
0.807	0.0039549536351673655
0.808	0.0038872917186071627
0.809	0.003928210578803028
0.81	0.0036801660235244184
0.811	0.003719316725902338
0.812	0.0037590955144146624
0.813	0.003799515896290089
0.814	0.003840591743817549
0.815	0.003823582899669855
0.816	0.003805974159680502
0.817	0.003847798051545123
0.818	0.0038903151570870583
0.819	0.003933540881054692
0.82	0.003977491058496644
0.821	0.004022181969266269
0.822	0.004067630353099786
0.823	0.004049652089906326
0.824	0.0037272727272727258
0.825	0.003770114942528734
0.826	0.003813700086372997
0.827	0.0038580454362145433
0.828	0.003903168774649801
0.829	0.0035833046668959975
0.83	0.003625710639285299
0.831	0.0036688738611815527
0.832	0.0037128124702974995
0.833	0.003685400283769809
0.834	0.0037300718023609582
0.835	0.003775560482877555
0.836	0.0038218863783729853
0.837	0.0038690701608220346
0.838	0.0037254300539324684
0.839	0.0037719979296066243
0.84	0.0037408280922431856
0.841	0.0037881803465753777
0.842	0.003836437421054045
0.843	0.0038856225161957637
0.844	0.0037703336090432853
0.845	0.003819298980589302
0.846	0.0038692244574597507
0.847	0.003834135993578717
0.848	0.0038849192517718127
0.849	0.0035908756438557763
0.85	0.003639075316927666
0.851	0.003688252010399661
0.852	0.003738432309860881
0.853	0.003789643711365825
0.854	0.0038419146591088015
0.855	0.003895274584929757
0.856	0.003949753949753949
0.857	0.0040053842870744275
0.858	0.004062198248593214
0.859	0.0035629854778790955
0.86	0.0036142514559780754
0.861	0.003562367497306503
0.862	0.00350858633943369
0.863	0.0035601831973665382
0.864	0.003612926652142339
0.865	0.003666850930532523
0.866	0.0037219915460292526
0.867	0.0035695298853193587
0.868	0.0034119824196160073
0.869	0.003464474456840869
0.87	0.003518187239117472
0.871	0.003573158914728682
0.872	0.0034448818897637795
0.873	0.003499562554680665
0.874	0.0035555555555555557
0.875	0.0036129032258064514
0.876	0.0036716496197220037
0.877	0.0037318405970944955
0.878	0.00379352391274895
0.879	0.0035123966942148762
0.88	0.0035714285714285713
0.881	0.003275886625836775
0.882	0.0033318846878168914
0.883	0.0032419687592101384
0.884	0.0031484257871064467
0.885	0.003203661327231121
0.886	0.0032603632976245926
0.887	0.0031605562579013905
0.888	0.0032175032175032173
0.889	0.003276003276003276
0.89	0.003336113427856547
0.891	0.0033978933061501867
0.892	0.003461405330564209
0.893	0.0035267148651031564
0.894	0.0035938903863432167
0.895	0.0033882783882783884
0.896	0.003454070201643017
0.897	0.0035217970683419
0.898	0.0033003300330033004
0.899	0.0028712871287128712
0.9	0.0027272727272727275
0.901	0.0027829313543599257
0.902	0.002840311382284873
0.903	0.0028994845360824743
0.904	0.0029605263157894738
0.905	0.0030235162374020155
0.906	0.0030885380919698007
0.907	0.003155680224403927
0.908	0.0029861442904921165
0.909	0.0028083028083028083
0.91	0.0026217228464419477
0.911	0.0026813074565883556
0.912	0.00274294670846395
0.913	0.0028067361668003207
0.914	0.0025991792065663474
0.915	0.002661064425770308
0.916	0.0027251864601262193
0.917	0.002791654422568322
0.918	0.0028605841613971697
0.919	0.0021604938271604936
0.92	0.0022151898734177216
0.921	0.0022719896137617657
0.922	0.002331002331002331
0.923	0.0023923444976076554
0.924	0.002456140350877193
0.925	0.0025225225225225223
0.926	0.00259163272861903
0.927	0.002663622526636225
0.928	0.002347417840375587
0.929	0.002012072434607646
0.93	0.002070393374741201
0.931	0.002131287297527707
0.932	0.0021949078138718174
0.933	0.002261420171867933
0.934	0.002331002331002331
0.935	0.002403846153846154
0.936	0.00248015873015873
0.937	0.002560163850486431
0.938	0.0026441036488630354
0.939	0.00273224043715847
0.94	0.002824858757062147
0.941	0.0029222676797194622
0.942	0.0030248033877797943
0.943	0.003132832080200501
0.944	0.003246753246753247
0.945	0.003367003367003367
0.946	0.0034940600978336828
0.947	0.00362844702467344
0.948	0.003770739064856712
0.949	0.00392156862745098
0.95	0.0032653061224489797
0.951	0.003401360544217687
0.952	0.0026595744680851063
0.953	0.0027752081406105457
0.954	0.001932367149758454
0.955	0.00101010101010101
0.956	0.0010570824524312897
0.957	0.0011074197120708748
0.958	0.0011614401858304297
0.959	0.0012195121951219512
0.96	0.001282051282051282
0.961	0.001349527665317139
0.962	0.001422475106685633
0.963	0.0015015015015015015
0.964	0.0015873015873015873
0.965	0.0016806722689075631
0.966	0.0017825311942959
0.967	0.001893939393939394
0.968	0.0020161290322580645
0.969	0.002150537634408602
0.97	0.0022988505747126436
0.971	0.0024630541871921183
0.972	0.0026455026455026454
0.973	0.002849002849002849
0.974	0.003076923076923077
0.975	0.0033333333333333335
0.976	0.0036231884057971015
0.977	0.003952569169960474
0.978	0.004329004329004329
0.979	0.004761904761904762
0.98	0.005263157894736842
0.981	0.0
0.982	0.0
0.983	0.0
0.984	0.0
0.985	0.0
0.986	0.0
0.987	0.0
0.988	0.0
0.989	0.0
0.99	0.0
0.991	0.0
0.992	0.0
0.993	0.0
0.994	0.0
0.995	0.0
0.996	0.0
0.997	0.0
0.998	0.0
0.999	0.0
1.0	0.0
