Fraction_of_nodes	Efficiency
0.001	0.29148223039480786
0.002	0.2873264080834851
0.003	0.2831063471555339
0.004	0.27931232948242196
0.005	0.27581379158120967
0.006	0.27251983101991445
0.007	0.2686994493347382
0.008	0.2661345833721926
0.009	0.2640033461345444
0.01	0.26140577619042077
0.011	0.25894411010227375
0.012	0.2569368388257402
0.013	0.2545694629057595
0.014	0.25260957735293094
0.015	0.25070947586028036
0.016	0.2491247254447497
0.017	0.2474673809349804
0.018	0.24628326379054932
0.019	0.2442422301689262
0.02	0.24281154239193198
0.021	0.2412826927078411
0.022	0.23969205263602175
0.023	0.23783261934619973
0.024	0.23606265387775147
0.025	0.23461080565338652
0.026	0.2333912034783491
0.027	0.23184999661452105
0.028	0.23067820827920216
0.029	0.22921880922262297
0.03	0.22793188499978229
0.031	0.2264558124987412
0.032	0.2250958666030853
0.033	0.22408583879386873
0.034	0.22276907153545705
0.035	0.22150357606218168
0.036	0.22017624595811908
0.037	0.21894518358783427
0.038	0.21640629434681463
0.039	0.21507319952431617
0.04	0.21360722578852104
0.041	0.21236440403158044
0.042	0.21153174414532688
0.043	0.2106780857617566
0.044	0.20970919580705513
0.045	0.20867799871173912
0.046	0.20770841196471065
0.047	0.20584844990870171
0.048	0.20460926747199812
0.049	0.2036488206149917
0.05	0.20217228785846109
0.051	0.20121912571678008
0.052	0.19961289195394782
0.053	0.19840375533882268
0.054	0.1970098347404032
0.055	0.19555856658080406
0.056	0.19434090021793984
0.057	0.1925408555007722
0.058	0.19180899659571116
0.059	0.1912217355646046
0.06	0.19052797448179912
0.061	0.18953326603837997
0.062	0.18751714866469973
0.063	0.18647982708482488
0.064	0.18548791064276252
0.065	0.18429109989302528
0.066	0.18329269627497333
0.067	0.1816696312180463
0.068	0.1803941972798014
0.069	0.17967088085066418
0.07	0.17831605056211336
0.071	0.17711276701543144
0.072	0.1760719512277778
0.073	0.17470958834106207
0.074	0.17375087273367396
0.075	0.17232957434262153
0.076	0.17086877374991044
0.077	0.1697506196115066
0.078	0.16897571792644842
0.079	0.1681172652741633
0.08	0.16752734112933823
0.081	0.16552467847897606
0.082	0.16429362076532691
0.083	0.16271060709464155
0.084	0.16175272218639142
0.085	0.16052757164444256
0.086	0.15900036915567284
0.087	0.15827848600926978
0.088	0.15700718158048707
0.089	0.15585304928912186
0.09	0.15406811868886294
0.091	0.15266522678608574
0.092	0.1517745909099748
0.093	0.15061985731164976
0.094	0.14928681539224406
0.095	0.14812180581929954
0.096	0.14732364811920282
0.097	0.14648881637991593
0.098	0.14582464928934993
0.099	0.1446118764695278
0.1	0.14388341699881213
0.101	0.14239247973769065
0.102	0.1413446687326205
0.103	0.1404272646376907
0.104	0.1387705360998902
0.105	0.13737550343815227
0.106	0.13621958006439946
0.107	0.1356286582563309
0.108	0.13497066950819453
0.109	0.1340995371274573
0.11	0.1333276132239262
0.111	0.1321892696889676
0.112	0.13121339109894486
0.113	0.12997631256595574
0.114	0.12906361964161894
0.115	0.12770518316005622
0.116	0.12680042160956978
0.117	0.12527947738375084
0.118	0.12364960959332533
0.119	0.1219711629098485
0.12	0.12150161798179167
0.121	0.12091357506373718
0.122	0.1201455425080807
0.123	0.11975878905400565
0.124	0.11895915772098603
0.125	0.11797657640209516
0.126	0.11725968043574676
0.127	0.11628264237435236
0.128	0.11540890321093145
0.129	0.11437505509252618
0.13	0.11293573980461839
0.131	0.11146767149172555
0.132	0.11084379393895244
0.133	0.11021564228382072
0.134	0.10788650245216665
0.135	0.10709531161976078
0.136	0.10543133003410302
0.137	0.1043484318408541
0.138	0.10383762401999275
0.139	0.10302100556954731
0.14	0.10173383181687744
0.141	0.101178402279039
0.142	0.10014938359698831
0.143	0.09946100188724444
0.144	0.09902179504980145
0.145	0.09829420320552903
0.146	0.09756515672786138
0.147	0.09602946783747937
0.148	0.09544008203894604
0.149	0.09466634082928288
0.15	0.0924473546760487
0.151	0.09158206774286162
0.152	0.09029389478676661
0.153	0.08962057357529982
0.154	0.08882166410389694
0.155	0.08832249221353602
0.156	0.08720412787897674
0.157	0.08643529971648822
0.158	0.0856101891244887
0.159	0.08397441107140066
0.16	0.08252422116183114
0.161	0.08109731868231546
0.162	0.07976615108930656
0.163	0.07831729116632863
0.164	0.07734319452656835
0.165	0.07689096991696703
0.166	0.07654184088185864
0.167	0.07588992221707369
0.168	0.07493648807416699
0.169	0.07415670487890025
0.17	0.07323909559205995
0.171	0.07272056303423198
0.172	0.07256245036205451
0.173	0.07125459820893938
0.174	0.07079593916820379
0.175	0.07005506726275589
0.176	0.06969774275595038
0.177	0.06905908711083443
0.178	0.06814606637318282
0.179	0.06770710759876458
0.18	0.06731673208640707
0.181	0.06679741654901747
0.182	0.0659661534087304
0.183	0.06534142650098515
0.184	0.06451810537581311
0.185	0.06305130347550102
0.186	0.062264714673093954
0.187	0.06106773702347145
0.188	0.06016628874643421
0.189	0.059401846519021355
0.19	0.05869922607290468
0.191	0.05783749852180803
0.192	0.05690421631023237
0.193	0.0570315810946787
0.194	0.056190395050006815
0.195	0.05549951122723837
0.196	0.05457208912831344
0.197	0.05408354826784652
0.198	0.053350461056134814
0.199	0.05236955494715891
0.2	0.05055453309139473
0.201	0.050027379747772605
0.202	0.04963601451212908
0.203	0.04875254176294702
0.204	0.04812061209896145
0.205	0.04763030697079862
0.206	0.04664010021145582
0.207	0.04523016973884758
0.208	0.044534553727748415
0.209	0.0433033246886933
0.21	0.04280677657113501
0.211	0.039233147642913815
0.212	0.03732953401037576
0.213	0.03642937309768159
0.214	0.03606738116797522
0.215	0.03458503996388194
0.216	0.033021916927504925
0.217	0.03151429290217731
0.218	0.030196233635052822
0.219	0.029879988694909945
0.22	0.02936872895205267
0.221	0.029434601992061698
0.222	0.028960367784085318
0.223	0.02902671537317444
0.224	0.02880450483816603
0.225	0.028193825257520688
0.226	0.027855802805346042
0.227	0.027525936127904417
0.228	0.026707827102630075
0.229	0.026172193821435354
0.23	0.025657448353308958
0.231	0.025694971983102898
0.232	0.02574867510068887
0.233	0.025501321228583236
0.234	0.025225464796182283
0.235	0.024715947577406153
0.236	0.023074333054332055
0.237	0.02277655339028058
0.238	0.02195856771584756
0.239	0.020987246638861885
0.24	0.020808459138093257
0.241	0.020727686947974285
0.242	0.020202975341941414
0.243	0.019671689609212582
0.244	0.019709200141038816
0.245	0.019407391302066465
0.246	0.01884766132031029
0.247	0.018843683042572123
0.248	0.017437797227674773
0.249	0.01649291587663545
0.25	0.01592269163091319
0.251	0.01593200682966256
0.252	0.015634419633902788
0.253	0.015409384630840661
0.254	0.01507253677948218
0.255	0.01484515561442682
0.256	0.014860392674456017
0.257	0.014891378267782071
0.258	0.014857097914872405
0.259	0.01370815379601818
0.26	0.013137550606890773
0.261	0.012450146393953618
0.262	0.012467875712519954
0.263	0.012414719411341004
0.264	0.012269273062761234
0.265	0.01227644495609676
0.266	0.01209963974032065
0.267	0.011428575795862699
0.268	0.01141308759448067
0.269	0.007771338566517468
0.27	0.007578259321442805
0.271	0.007531626652581053
0.272	0.006843630615673647
0.273	0.006623971640300732
0.274	0.006418035089701389
0.275	0.005941442570510467
0.276	0.005926101862114599
0.277	0.005902379457276794
0.278	0.005519909974990485
0.279	0.0051890772170093205
0.28	0.005170672548473723
0.281	0.005046440710218765
0.282	0.004868979953473459
0.283	0.0048825804561367925
0.284	0.004892331316028941
0.285	0.004902117674341065
0.286	0.004908665848058251
0.287	0.0048873661078535245
0.288	0.004891237078747468
0.289	0.004696247079329418
0.29	0.004505737465429735
0.291	0.004505184584112281
0.292	0.004279781391115557
0.293	0.00426859875682252
0.294	0.004270662649785842
0.295	0.004272721068419382
0.296	0.004251224780916903
0.297	0.004234662527147291
0.298	0.004242680105186225
0.299	0.004241216014786396
0.3	0.0042287581547564915
0.301	0.004200564513839428
0.302	0.004087616887058054
0.303	0.0040890560143947525
0.304	0.00407849611604868
0.305	0.004086103168484375
0.306	0.004064142470239104
0.307	0.004071718022340948
0.308	0.004077229130776657
0.309	0.00408275510795473
0.31	0.004080583372783638
0.311	0.004081897722632796
0.312	0.004082849841297694
0.313	0.004014403928413449
0.314	0.004021868681642331
0.315	0.004025802803440222
0.316	0.004020086382737047
0.317	0.004017563382458286
0.318	0.003967997889156289
0.319	0.00396254864323157
0.32	0.003963391288459838
0.321	0.0039504644005681246
0.322	0.0037573056752478536
0.323	0.0037443862340223945
0.324	0.003714730826821487
0.325	0.003680534756690311
0.326	0.0036517290701508797
0.327	0.003618365795975314
0.328	0.0035774777371740214
0.329	0.003548415096109495
0.33	0.0034981507697011
0.331	0.0034853524330333155
0.332	0.003467406428262088
0.333	0.003452756516375617
0.334	0.003366551263945664
0.335	0.0033569131170295362
0.336	0.0033362981850983773
0.337	0.0033264796773999346
0.338	0.0033251182390703813
0.339	0.003242679884132219
0.34	0.003125992021701771
0.341	0.003013051733826971
0.342	0.0030041040040901254
0.343	0.0029629373320207504
0.344	0.0029187831939879974
0.345	0.002908255548846626
0.346	0.002905455014633542
0.347	0.002898709032386539
0.348	0.002800513942763243
0.349	0.0027794330080753334
0.35	0.002724716422476291
0.351	0.0027212369048812595
0.352	0.002689657288518131
0.353	0.0026860215908502626
0.354	0.00268235043596841
0.355	0.00267463115578095
0.356	0.002578756068077289
0.357	0.0025548132966629884
0.358	0.0025506346142910026
0.359	0.0025373169959266003
0.36	0.002540368066336386
0.361	0.0025291172803204344
0.362	0.0025114678205429932
0.363	0.002500030256169007
0.364	0.002495523839306349
0.365	0.002358609414298832
0.366	0.002353602753157233
0.367	0.002332221565903857
0.368	0.002322896557861158
0.369	0.0023048998813092144
0.37	0.002232467022382995
0.371	0.0022226996655621664
0.372	0.002175626672777198
0.373	0.002169838768123623
0.374	0.0021597428485607456
0.375	0.002146579631195021
0.376	0.00213632184400181
0.377	0.0021302880200548937
0.378	0.0021198894088280094
0.379	0.0021215332264108997
0.38	0.0020914744284904314
0.381	0.002075151807730195
0.382	0.002008675132622832
0.383	0.002002041402997015
0.384	0.001990954528173411
0.385	0.0019515838098502782
0.386	0.0019347477538889481
0.387	0.0018779221254991364
0.388	0.0017975448044284111
0.389	0.0017900231381221988
0.39	0.0017748154471888648
0.391	0.0017752522212756876
0.392	0.0017630373813446322
0.393	0.001745113908896187
0.394	0.001732699243950371
0.395	0.0016995251387183974
0.396	0.0016575576338846087
0.397	0.0016492905928617739
0.398	0.0015849237191297202
0.399	0.0015717190925177607
0.4	0.0015343032037522847
0.401	0.0015104007555194305
0.402	0.0014967869020742067
0.403	0.001472674440702499
0.404	0.0014635250073183614
0.405	0.0014363860022123304
0.406	0.0013807742025842061
0.407	0.0013484078513589456
0.408	0.0013050487035258596
0.409	0.001295133212882502
0.41	0.0012633689198392364
0.411	0.0012349421941951647
0.412	0.001198105590901891
0.413	0.0011386254707126146
0.414	0.0011167507754538473
0.415	0.0010927682160558874
0.416	0.0010877056948393213
0.417	0.0010855491306765378
0.418	0.0010833712858306077
0.419	0.0010811719785546127
0.42	0.0010729954539138032
0.421	0.0010677439725255134
0.422	0.0010654480978852954
0.423	0.0010691475704473973
0.424	0.0010728663446054752
0.425	0.0010705448669393527
0.426	0.0010742814982375704
0.427	0.001078037727252387
0.428	0.0010756902175466099
0.429	0.0010794645691871243
0.43	0.001083258820748415
0.431	0.0010870731123707683
0.432	0.0010815924352700567
0.433	0.0010854143166667708
0.434	0.0010830023869831244
0.435	0.0010805665390489342
0.436	0.001072857748720339
0.437	0.0010703547551774199
0.438	0.0010678271092757173
0.439	0.0010716407775231305
0.44	0.001069085952806883
0.441	0.0010729178021000978
0.442	0.0010703354075103657
0.443	0.0010677275056077222
0.444	0.0010618532201266014
0.445	0.0010559295757851714
0.446	0.001047780077163617
0.447	0.001045024504022853
0.448	0.0010422420368762988
0.449	0.0010460320079194853
0.45	0.0010432190760059613
0.451	0.0010403786579447703
0.452	0.0010375105085469515
0.453	0.0010413109133401639
0.454	0.0010384111301542495
0.455	0.0010422288181327576
0.456	0.0010460675983100423
0.457	0.001037468938225294
0.458	0.0010413043132279753
0.459	0.0010383149631455239
0.46	0.0010421677088343756
0.461	0.0010391449584227067
0.462	0.001043015144487596
0.463	0.0010469069920416541
0.464	0.0010438461896126845
0.465	0.0010477557259033685
0.466	0.0010446604033888223
0.467	0.0010344811371769012
0.468	0.0010277577182126693
0.469	0.0010245294863139443
0.47	0.0010212695129055655
0.471	0.0010143972809379237
0.472	0.0010182469859889216
0.473	0.001014903692373552
0.474	0.0010054921841994083
0.475	0.0010020598570216889
0.476	0.0009985939408092867
0.477	0.0009950941249154473
0.478	0.0009878831111209162
0.479	0.0009916826615483044
0.48	0.0009880934736426065
0.481	0.000973310221865135
0.482	0.0009658733062988381
0.483	0.000962119962614767
0.484	0.0009658563508190962
0.485	0.0009620591087101608
0.486	0.0009544324855950224
0.487	0.0009505462150747239
0.488	0.0009466222276581866
0.489	0.0009426601690904673
0.49	0.0009386596812922943
0.491	0.0009346204023121865
0.492	0.000930541966277884
0.493	0.0009264240033470803
0.494	0.0009183527048357011
0.495	0.0009102100686259102
0.496	0.0009019954347986158
0.497	0.0008976684382417317
0.498	0.0008893236104152917
0.499	0.0008782435129740519
0.5	0.0008697394789579159
0.501	0.0008651841836283008
0.502	0.0008686658101217748
0.503	0.0008599987018887518
0.504	0.000855327468230694
0.505	0.0008506113769271664
0.506	0.0008458499971257525
0.507	0.0008369201339072215
0.508	0.0008320500720282152
0.509	0.0008271332973107776
0.51	0.0008179959100204499
0.511	0.0008129672466391767
0.512	0.0008078903962029151
0.513	0.0007985398129135296
0.514	0.0007933477578380213
0.515	0.000788105989605521
0.516	0.0007828140239207433
0.517	0.0007703123344472794
0.518	0.0007605754493721299
0.519	0.0007550820050820051
0.52	0.0007495360705172814
0.521	0.0007439371307611453
0.522	0.0007338988155282463
0.523	0.0007237695916941199
0.524	0.0007179713990859501
0.525	0.0007121178473610186
0.526	0.0007017481259459474
0.527	0.0006957633090861312
0.528	0.0006897213525735602
0.529	0.0006836216891779976
0.53	0.0006774637451042658
0.531	0.0006712469399036562
0.532	0.0006649706863839626
0.533	0.0006586343905181154
0.534	0.0006522374513513928
0.535	0.0006457792609071807
0.536	0.0006346044040614681
0.537	0.0006373516092738554
0.538	0.0006307262272555114
0.539	0.0006146059291395516
0.54	0.0006078115626282719
0.541	0.0006104657615917141
0.542	0.0006131373841807368
0.543	0.0006014306371325834
0.544	0.0005944348049611207
0.545	0.0005825305384776749
0.546	0.0005753777233194917
0.547	0.000568155918914871
0.548	0.0005608644179764404
0.549	0.0005485751827215241
0.55	0.0005361709147900684
0.551	0.0005286218050694666
0.552	0.0005209997869393843
0.553	0.0005133041067672542
0.554	0.0005055340017802859
0.555	0.000497688699935891
0.556	0.00048468332892712124
0.557	0.0004766622745642796
0.558	0.00046856349377357776
0.559	0.00046038617467188895
0.56	0.00044350106992476005
0.561	0.0004351247993398584
0.562	0.0004214427273265554
0.563	0.0004128790264452515
0.564	0.0004042321346971774
0.565	0.0003955011741441107
0.566	0.00038668525593952093
0.567	0.00037778348016993124
0.568	0.00036879493569362087
0.569	0.00035971869997661825
0.57	0.0003505538389259319
0.571	0.0003412994067199675
0.572	0.00033195444563607576
0.573	0.0003225179858751782
0.574	0.00031298904538341156
0.575	0.00029781724010358857
0.576	0.00028807410381075576
0.577	0.00027823527873946347
0.578	0.00026829973019929225
0.579	0.00025826641028541263
0.58	0.00024813425768079706
0.581	0.0002379021974550175
0.582	0.0002275691408595612
0.583	0.00021713398511959665
0.584	0.00020659561322211928
0.585	0.0001959528937004055
0.586	0.00018520468041470254
0.587	0.00017434981232907843
0.588	0.00015748155497287381
0.589	0.0001364904159990505
0.59	0.00012523108116166737
0.591	0.00011385972481902297
0.592	0.00010237510237510238
0.593	9.077595284491836e-05
0.594	7.906099860122849e-05
0.595	6.111722283339445e-05
0.596	4.913642729037172e-05
0.597	3.7035665345727935e-05
0.598	2.48135879207454e-05
0.599	1.2468827930174564e-05
0.6	0.0
0.601	0.0
0.602	0.0
0.603	0.0
0.604	0.0
0.605	0.0
0.606	0.0
0.607	0.0
0.608	0.0
0.609	0.0
0.61	0.0
0.611	0.0
0.612	0.0
0.613	0.0
0.614	0.0
0.615	0.0
0.616	0.0
0.617	0.0
0.618	0.0
0.619	0.0
0.62	0.0
0.621	0.0
0.622	0.0
0.623	0.0
0.624	0.0
0.625	0.0
0.626	0.0
0.627	0.0
0.628	0.0
0.629	0.0
0.63	0.0
0.631	0.0
0.632	0.0
0.633	0.0
0.634	0.0
0.635	0.0
0.636	0.0
0.637	0.0
0.638	0.0
0.639	0.0
0.64	0.0
0.641	0.0
0.642	0.0
0.643	0.0
0.644	0.0
0.645	0.0
0.646	0.0
0.647	0.0
0.648	0.0
0.649	0.0
0.65	0.0
0.651	0.0
0.652	0.0
0.653	0.0
0.654	0.0
0.655	0.0
0.656	0.0
0.657	0.0
0.658	0.0
0.659	0.0
0.66	0.0
0.661	0.0
0.662	0.0
0.663	0.0
0.664	0.0
0.665	0.0
0.666	0.0
0.667	0.0
0.668	0.0
0.669	0.0
0.67	0.0
0.671	0.0
0.672	0.0
0.673	0.0
0.674	0.0
0.675	0.0
0.676	0.0
0.677	0.0
0.678	0.0
0.679	0.0
0.68	0.0
0.681	0.0
0.682	0.0
0.683	0.0
0.684	0.0
0.685	0.0
0.686	0.0
0.687	0.0
0.688	0.0
0.689	0.0
0.69	0.0
0.691	0.0
0.692	0.0
0.693	0.0
0.694	0.0
0.695	0.0
0.696	0.0
0.697	0.0
0.698	0.0
0.699	0.0
0.7	0.0
0.701	0.0
0.702	0.0
0.703	0.0
0.704	0.0
0.705	0.0
0.706	0.0
0.707	0.0
0.708	0.0
0.709	0.0
0.71	0.0
0.711	0.0
0.712	0.0
0.713	0.0
0.714	0.0
0.715	0.0
0.716	0.0
0.717	0.0
0.718	0.0
0.719	0.0
0.72	0.0
0.721	0.0
0.722	0.0
0.723	0.0
0.724	0.0
0.725	0.0
0.726	0.0
0.727	0.0
0.728	0.0
0.729	0.0
0.73	0.0
0.731	0.0
0.732	0.0
0.733	0.0
0.734	0.0
0.735	0.0
0.736	0.0
0.737	0.0
0.738	0.0
0.739	0.0
0.74	0.0
0.741	0.0
0.742	0.0
0.743	0.0
0.744	0.0
0.745	0.0
0.746	0.0
0.747	0.0
0.748	0.0
0.749	0.0
0.75	0.0
0.751	0.0
0.752	0.0
0.753	0.0
0.754	0.0
0.755	0.0
0.756	0.0
0.757	0.0
0.758	0.0
0.759	0.0
0.76	0.0
0.761	0.0
0.762	0.0
0.763	0.0
0.764	0.0
0.765	0.0
0.766	0.0
0.767	0.0
0.768	0.0
0.769	0.0
0.77	0.0
0.771	0.0
0.772	0.0
0.773	0.0
0.774	0.0
0.775	0.0
0.776	0.0
0.777	0.0
0.778	0.0
0.779	0.0
0.78	0.0
0.781	0.0
0.782	0.0
0.783	0.0
0.784	0.0
0.785	0.0
0.786	0.0
0.787	0.0
0.788	0.0
0.789	0.0
0.79	0.0
0.791	0.0
0.792	0.0
0.793	0.0
0.794	0.0
0.795	0.0
0.796	0.0
0.797	0.0
0.798	0.0
0.799	0.0
0.8	0.0
0.801	0.0
0.802	0.0
0.803	0.0
0.804	0.0
0.805	0.0
0.806	0.0
0.807	0.0
0.808	0.0
0.809	0.0
0.81	0.0
0.811	0.0
0.812	0.0
0.813	0.0
0.814	0.0
0.815	0.0
0.816	0.0
0.817	0.0
0.818	0.0
0.819	0.0
0.82	0.0
0.821	0.0
0.822	0.0
0.823	0.0
0.824	0.0
0.825	0.0
0.826	0.0
0.827	0.0
0.828	0.0
0.829	0.0
0.83	0.0
0.831	0.0
0.832	0.0
0.833	0.0
0.834	0.0
0.835	0.0
0.836	0.0
0.837	0.0
0.838	0.0
0.839	0.0
0.84	0.0
0.841	0.0
0.842	0.0
0.843	0.0
0.844	0.0
0.845	0.0
0.846	0.0
0.847	0.0
0.848	0.0
0.849	0.0
0.85	0.0
0.851	0.0
0.852	0.0
0.853	0.0
0.854	0.0
0.855	0.0
0.856	0.0
0.857	0.0
0.858	0.0
0.859	0.0
0.86	0.0
0.861	0.0
0.862	0.0
0.863	0.0
0.864	0.0
0.865	0.0
0.866	0.0
0.867	0.0
0.868	0.0
0.869	0.0
0.87	0.0
0.871	0.0
0.872	0.0
0.873	0.0
0.874	0.0
0.875	0.0
0.876	0.0
0.877	0.0
0.878	0.0
0.879	0.0
0.88	0.0
0.881	0.0
0.882	0.0
0.883	0.0
0.884	0.0
0.885	0.0
0.886	0.0
0.887	0.0
0.888	0.0
0.889	0.0
0.89	0.0
0.891	0.0
0.892	0.0
0.893	0.0
0.894	0.0
0.895	0.0
0.896	0.0
0.897	0.0
0.898	0.0
0.899	0.0
0.9	0.0
0.901	0.0
0.902	0.0
0.903	0.0
0.904	0.0
0.905	0.0
0.906	0.0
0.907	0.0
0.908	0.0
0.909	0.0
0.91	0.0
0.911	0.0
0.912	0.0
0.913	0.0
0.914	0.0
0.915	0.0
0.916	0.0
0.917	0.0
0.918	0.0
0.919	0.0
0.92	0.0
0.921	0.0
0.922	0.0
0.923	0.0
0.924	0.0
0.925	0.0
0.926	0.0
0.927	0.0
0.928	0.0
0.929	0.0
0.93	0.0
0.931	0.0
0.932	0.0
0.933	0.0
0.934	0.0
0.935	0.0
0.936	0.0
0.937	0.0
0.938	0.0
0.939	0.0
0.94	0.0
0.941	0.0
0.942	0.0
0.943	0.0
0.944	0.0
0.945	0.0
0.946	0.0
0.947	0.0
0.948	0.0
0.949	0.0
0.95	0.0
0.951	0.0
0.952	0.0
0.953	0.0
0.954	0.0
0.955	0.0
0.956	0.0
0.957	0.0
0.958	0.0
0.959	0.0
0.96	0.0
0.961	0.0
0.962	0.0
0.963	0.0
0.964	0.0
0.965	0.0
0.966	0.0
0.967	0.0
0.968	0.0
0.969	0.0
0.97	0.0
0.971	0.0
0.972	0.0
0.973	0.0
0.974	0.0
0.975	0.0
0.976	0.0
0.977	0.0
0.978	0.0
0.979	0.0
0.98	0.0
0.981	0.0
0.982	0.0
0.983	0.0
0.984	0.0
0.985	0.0
0.986	0.0
0.987	0.0
0.988	0.0
0.989	0.0
0.99	0.0
0.991	0.0
0.992	0.0
0.993	0.0
0.994	0.0
0.995	0.0
0.996	0.0
0.997	0.0
0.998	0.0
0.999	0.0
1.0	0.0
