Fraction_of_nodes	Efficiency
0.00088261253309797	0.2982569285167644
0.00176522506619594	0.296979555216431
0.00264783759929391	0.29575312313796936
0.00353045013239188	0.29491184333530135
0.00441306266548985	0.2934974844534662
0.00529567519858782	0.2928374235751049
0.00617828773168579	0.29175203135230965
0.00706090026478376	0.2907157619245929
0.00794351279788173	0.28972781527543884
0.0088261253309797	0.2881550532562212
0.009708737864077669	0.2860700032013704
0.01059135039717564	0.28526552332325406
0.01147396293027361	0.28325264094449665
0.01235657546337158	0.28178163508437437
0.01323918799646955	0.2806603140349961
0.01412180052956752	0.2799498169190587
0.01500441306266549	0.27941200677450245
0.01588702559576346	0.27734686164626154
0.01676963812886143	0.2761922319915527
0.0176522506619594	0.2755925743313513
0.018534863195057368	0.2747695626465258
0.019417475728155338	0.27363906725461873
0.02030008826125331	0.27309373201790244
0.02118270079435128	0.2726458869083587
0.02206531332744925	0.27152218300722597
0.02294792586054722	0.2700544014940478
0.02383053839364519	0.26917432666210805
0.02471315092674316	0.2685156390706177
0.02559576345984113	0.26755403407281714
0.0264783759929391	0.2670803398403295
0.02736098852603707	0.2657556018015847
0.02824360105913504	0.2647718078692381
0.02912621359223301	0.26425517163260076
0.03000882612533098	0.2634571421278938
0.03089143865842895	0.26201695503970085
0.03177405119152692	0.26103558466989507
0.03265666372462489	0.2605206575925092
0.03353927625772286	0.2596559693800382
0.03442188879082083	0.2588486831323762
0.0353045013239188	0.25837689397569436
0.03618711385701677	0.2577430708295585
0.037069726390114736	0.25546775669986777
0.03795233892321271	0.2536112157513107
0.038834951456310676	0.2525036273331647
0.03971756398940865	0.2517881328419908
0.04060017652250662	0.2510536858211063
0.04148278905560459	0.2502468123254061
0.04236540158870256	0.24858864186293728
0.04324801412180053	0.2470390487959244
0.0441306266548985	0.246736177606117
0.04501323918799647	0.24638865486208159
0.04589585172109444	0.24571906401797017
0.04677846425419241	0.24463995856112453
0.04766107678729038	0.24352585643675523
0.04854368932038835	0.2426670279044585
0.04942630185348632	0.2422885649743407
0.05030891438658429	0.24188017636587777
0.05119152691968226	0.24129964192948378
0.05207413945278023	0.24097239353658442
0.0529567519858782	0.23907986294154654
0.05383936451897617	0.23825629478080484
0.05472197705207414	0.2369817085732139
0.05560458958517211	0.2366669643318664
0.05648720211827008	0.23610700275788818
0.05736981465136805	0.23563581600084915
0.05825242718446602	0.2352000449768806
0.05913503971756399	0.23444183830144322
0.06001765225066196	0.2342368398658224
0.06090026478375993	0.2339553281431619
0.0617828773168579	0.23372553422383438
0.06266548984995587	0.23263275486790116
0.06354810238305383	0.2317982090688824
0.06443071491615181	0.23076012139301724
0.06531332744924978	0.23046202220512313
0.06619593998234775	0.2292490492793408
0.06707855251544571	0.22830124549475558
0.06796116504854369	0.22738109699610146
0.06884377758164166	0.22709397635782338
0.06972639011473963	0.22647140772952723
0.0706090026478376	0.22576845184727767
0.07149161518093557	0.22517435593277477
0.07237422771403354	0.22454732598336088
0.07325684024713151	0.22314503104638553
0.07413945278022947	0.22226244721853064
0.07502206531332745	0.22172738899404956
0.07590467784642542	0.2211682120362992
0.07678729037952339	0.2204087134240603
0.07766990291262135	0.2198543445879891
0.07855251544571933	0.21865989931121538
0.0794351279788173	0.21661277933259596
0.08031774051191527	0.21602396889585423
0.08120035304501325	0.21587624358100782
0.0820829655781112	0.2154839025279523
0.08296557811120918	0.21507632214983521
0.08384819064430715	0.2145093781968103
0.08473080317740513	0.21404252441014054
0.08561341571050309	0.2133332453219708
0.08649602824360106	0.21244960440375146
0.08737864077669903	0.21196064034746195
0.088261253309797	0.2112202115862915
0.08914386584289496	0.210337596442977
0.09002647837599294	0.21006565695398827
0.09090909090909091	0.20907373880841193
0.09179170344218888	0.20882267176724412
0.09267431597528684	0.2084813438471934
0.09355692850838482	0.20743897815761764
0.09443954104148279	0.2063024872145685
0.09532215357458076	0.2061369739158246
0.09620476610767872	0.20540648203505593
0.0970873786407767	0.20499194644283358
0.09796999117387467	0.20311603482050836
0.09885260370697264	0.20270933836872307
0.0997352162400706	0.2013809495912425
0.10061782877316858	0.20058713821686167
0.10150044130626655	0.1994272735662892
0.10238305383936452	0.19874696870788797
0.10326566637246248	0.19840654777443745
0.10414827890556046	0.19672475721621294
0.10503089143865843	0.19524308661936993
0.1059135039717564	0.19449674240194192
0.10679611650485436	0.19395190616669145
0.10767872903795234	0.19362582556187952
0.10856134157105031	0.19229896053523207
0.10944395410414828	0.19210999194116635
0.11032656663724624	0.19121911069765082
0.11120917917034422	0.19060239865442707
0.11209179170344219	0.19034908323444075
0.11297440423654016	0.18984400105048205
0.11385701676963812	0.18955072708435397
0.1147396293027361	0.18890869177638459
0.11562224183583407	0.18747935961807902
0.11650485436893204	0.18692631935216092
0.11738746690203	0.18660801241407465
0.11827007943512798	0.18588477664455455
0.11915269196822595	0.18533733141566502
0.12003530450132392	0.18458873355974514
0.1209179170344219	0.18387809673770814
0.12180052956751986	0.183619712284591
0.12268314210061783	0.18272090148222153
0.1235657546337158	0.18209790287921213
0.12444836716681378	0.181806099438119
0.12533097969991175	0.18087972617061326
0.1262135922330097	0.1799474320875641
0.12709620476610767	0.17791858921834527
0.12797881729920565	0.17725444939002946
0.12886142983230361	0.17712112089493234
0.1297440423654016	0.1769608548370414
0.13062665489849956	0.1764148914187876
0.13150926743159752	0.1761804458475839
0.1323918799646955	0.17484338017943118
0.13327449249779347	0.17449647821230402
0.13415710503089143	0.17342097605421444
0.13503971756398941	0.1729945820675446
0.13592233009708737	0.1713939231225316
0.13680494263018536	0.17120223677557642
0.13768755516328332	0.1700748191320369
0.13857016769638128	0.16800120495101198
0.13945278022947927	0.1675263443918507
0.14033539276257723	0.1661197843057847
0.1412180052956752	0.1654724455095759
0.14210061782877317	0.1651457192389994
0.14298323036187113	0.16451462285560303
0.14386584289496912	0.16431608868158745
0.14474845542806708	0.1642731897809333
0.14563106796116504	0.16382613035269872
0.14651368049426303	0.16330987335838446
0.147396293027361	0.16286708700570338
0.14827890556045895	0.16225700116334446
0.14916151809355693	0.1612666123506011
0.1500441306266549	0.16068480842034258
0.15092674315975288	0.16021220539359116
0.15180935569285084	0.15848864492910628
0.1526919682259488	0.15800710769776186
0.15357458075904679	0.15692636883186203
0.15445719329214475	0.15594878267392434
0.1553398058252427	0.15567736208714394
0.1562224183583407	0.15507747458934293
0.15710503089143865	0.1541528200128779
0.15798764342453664	0.15347500205210557
0.1588702559576346	0.15319895970450687
0.15975286849073256	0.1529368445945528
0.16063548102383055	0.15228234846788155
0.1615180935569285	0.1518221358746104
0.1624007060900265	0.1512819195848774
0.16328331862312445	0.15067879859947697
0.1641659311562224	0.15012846695272883
0.1650485436893204	0.1496464073315719
0.16593115622241836	0.14896357833973725
0.16681376875551632	0.14806895983823237
0.1676963812886143	0.14734277062725437
0.16857899382171226	0.14728073790184734
0.16946160635481025	0.146548246135143
0.1703442188879082	0.14626368317545363
0.17122683142100617	0.14606327489128443
0.17210944395410416	0.14596045946587458
0.17299205648720212	0.14408316104290741
0.17387466902030008	0.14330873783372655
0.17475728155339806	0.14260453734349937
0.17563989408649602	0.1409093061970084
0.176522506619594	0.14065518939464786
0.17740511915269197	0.1404335064781249
0.17828773168578993	0.13989978914108162
0.17917034421888792	0.13958456201304711
0.18005295675198588	0.13747215479727257
0.18093556928508384	0.13625745431393224
0.18181818181818182	0.13539919524731636
0.18270079435127978	0.13523051373135453
0.18358340688437777	0.13472888746890574
0.18446601941747573	0.1346347384350967
0.1853486319505737	0.1340884021167047
0.18623124448367168	0.13406153817570365
0.18711385701676964	0.13371287295689407
0.1879964695498676	0.1334187696713651
0.18887908208296558	0.1323242994222432
0.18976169461606354	0.13212515137316586
0.19064430714916153	0.13183891203734985
0.1915269196822595	0.13145114842366232
0.19240953221535745	0.1308410025055696
0.19329214474845544	0.13075347407974733
0.1941747572815534	0.13040383642048045
0.19505736981465135	0.13008846606029165
0.19593998234774934	0.12912452150047568
0.1968225948808473	0.12803385457333108
0.1977052074139453	0.12653362836836132
0.19858781994704325	0.12654546634693345
0.1994704324801412	0.12622705586803568
0.2003530450132392	0.12594612711871087
0.20123565754633715	0.12509863360861442
0.20211827007943514	0.12483916328486105
0.2030008826125331	0.12475496936634882
0.20388349514563106	0.12414761529521427
0.20476610767872905	0.12290273169344423
0.205648720211827	0.12031342987860733
0.20653133274492497	0.11786722033715508
0.20741394527802295	0.11698122230140236
0.2082965578111209	0.11630478394395627
0.2091791703442189	0.11565988869374846
0.21006178287731686	0.11503465802012358
0.21094439541041482	0.114911064036453
0.2118270079435128	0.11480514296601341
0.21270962047661077	0.1147863476006781
0.21359223300970873	0.11435456086934778
0.2144748455428067	0.1132976524777836
0.21535745807590467	0.1129829718023037
0.21624007060900266	0.11288493900149768
0.21712268314210062	0.11049445714826524
0.21800529567519858	0.11000865733879721
0.21888790820829657	0.10940299670562123
0.21977052074139453	0.1082875422748419
0.22065313327449249	0.1079202348937503
0.22153574580759047	0.10785096752449246
0.22241835834068843	0.10758693628945082
0.22330097087378642	0.10707961209853348
0.22418358340688438	0.10632766434903233
0.22506619593998234	0.10545658970101957
0.22594880847308033	0.10483074790557247
0.22683142100617829	0.1045463817396237
0.22771403353927624	0.10443057051846741
0.22859664607237423	0.1028204778927427
0.2294792586054722	0.1024978723973403
0.23036187113857018	0.102229447607387
0.23124448367166814	0.10129011283493133
0.2321270962047661	0.10083700018595461
0.23300970873786409	0.10032227141474911
0.23389232127096204	0.1000216065480455
0.23477493380406	0.0989498689630137
0.235657546337158	0.0987092659258338
0.23654015887025595	0.09839656668232945
0.23742277140335394	0.09804107044152541
0.2383053839364519	0.09641254090878955
0.23918799646954986	0.0962999296675891
0.24007060900264784	0.09565791406589913
0.2409532215357458	0.0953738519915085
0.2418358340688438	0.09501325208187132
0.24271844660194175	0.09489776014111166
0.2436010591350397	0.09366548403816569
0.2444836716681377	0.09161481152606812
0.24536628420123566	0.09140793773812181
0.24624889673433362	0.09119174945471996
0.2471315092674316	0.09082553362333418
0.24801412180052956	0.08944514803225855
0.24889673433362755	0.08932717838462394
0.2497793468667255	0.08863142769310833
0.2506619593998235	0.08780157018743281
0.25154457193292146	0.087670096204822
0.2524271844660194	0.08731757594196707
0.2533097969991174	0.08616519912864455
0.25419240953221534	0.08618816444882578
0.25507502206531335	0.08597404251998729
0.2559576345984113	0.08376829462524382
0.25684024713150927	0.08326561980547893
0.25772285966460723	0.08225077621326508
0.2586054721977052	0.08214050360424384
0.2594880847308032	0.08173871548995278
0.26037069726390116	0.081046467115614
0.2612533097969991	0.08080058917910808
0.2621359223300971	0.08076155931378773
0.26301853486319504	0.07972052504745877
0.263901147396293	0.07811552047419608
0.264783759929391	0.07802693623003279
0.265666372462489	0.07736427792833721
0.26654898499558694	0.07708656883810848
0.2674315975286849	0.07648781923069667
0.26831421006178285	0.07648234593901662
0.26919682259488087	0.0756273231756612
0.27007943512797883	0.07490074221082414
0.2709620476610768	0.07490196314315595
0.27184466019417475	0.07436506565943059
0.2727272727272727	0.07401495859048082
0.2736098852603707	0.07359331411780694
0.2744924977934687	0.07336459950031049
0.27537511032656664	0.07278917287532828
0.2762577228596646	0.07268428543701337
0.27714033539276256	0.07285901229328724
0.2780229479258605	0.07256109394180343
0.27890556045895853	0.07219556060749041
0.2797881729920565	0.0720629396851995
0.28067078552515445	0.07118428109573927
0.2815533980582524	0.0698802600142696
0.2824360105913504	0.06610115949010151
0.2833186231244484	0.06369407364953183
0.28420123565754635	0.062426860031616405
0.2850838481906443	0.06257305206860433
0.28596646072374227	0.062062063789723225
0.2868490732568402	0.06203352958524036
0.28773168578993824	0.06173900431157285
0.2886142983230362	0.06188931067063494
0.28949691085613416	0.06167100782948904
0.2903795233892321	0.061460194111297786
0.2912621359223301	0.061346329245299876
0.2921447484554281	0.06098316493418969
0.29302736098852605	0.060893531128586094
0.293909973521624	0.060824817707852676
0.294792586054722	0.060567615813591845
0.29567519858781993	0.06018034546037996
0.2965578111209179	0.059722141900564935
0.2974404236540159	0.059485919009367394
0.29832303618711387	0.058786940342911015
0.2992056487202118	0.05847810556565906
0.3000882612533098	0.05771911971809342
0.30097087378640774	0.057706382643359505
0.30185348631950576	0.05659500971647707
0.3027360988526037	0.05673526114089194
0.3036187113857017	0.05620300467159113
0.30450132391879964	0.05617274282478855
0.3053839364518976	0.05502239393619568
0.3062665489849956	0.054941427210567516
0.30714916151809357	0.05508158391263529
0.30803177405119153	0.054874528425592414
0.3089143865842895	0.05488031058294341
0.30979699911738745	0.05339198929360322
0.3106796116504854	0.0532620423158485
0.3115622241835834	0.05311092988059037
0.3124448367166814	0.05155788652809257
0.31332744924977934	0.0512315878763242
0.3142100617828773	0.05122438486133201
0.31509267431597526	0.05071985582620768
0.3159752868490733	0.050825352939148236
0.31685789938217124	0.05061616013822651
0.3177405119152692	0.05059033397619785
0.31862312444836716	0.05039683740959203
0.3195057369814651	0.050527738285980575
0.32038834951456313	0.05064789104009516
0.3212709620476611	0.049521773932568534
0.32215357458075905	0.04899560290415864
0.323036187113857	0.04854876026283647
0.32391879964695497	0.04837948507471903
0.324801412180053	0.048140704674554974
0.32568402471315094	0.04826689262914097
0.3265666372462489	0.0477763576015934
0.32744924977934686	0.046932598842020064
0.3283318623124448	0.0467213978821607
0.3292144748455428	0.04235176796493989
0.3300970873786408	0.0419473887169593
0.33097969991173876	0.04172827003789659
0.3318623124448367	0.04145999540727455
0.3327449249779347	0.04152888924963305
0.33362753751103263	0.04144054090418971
0.33451015004413065	0.04024052024182115
0.3353927625772286	0.03935771524613642
0.33627537511032657	0.03922206862945591
0.33715798764342453	0.0390505070055812
0.3380406001765225	0.03729979208547002
0.3389232127096205	0.0372507994758934
0.33980582524271846	0.035184227882186864
0.3406884377758164	0.03516293873725209
0.3415710503089144	0.03524534051843735
0.34245366284201234	0.03517644627257437
0.3433362753751103	0.03504291743284357
0.3442188879082083	0.03512588486285862
0.3451015004413063	0.03508602140076552
0.34598411297440423	0.02735364224058142
0.3468667255075022	0.026528418823411688
0.34774933804060015	0.026527592758765844
0.34863195057369817	0.026504723396409056
0.34951456310679613	0.02639327041510453
0.3503971756398941	0.024468706465575023
0.35127978817299205	0.02443351056139415
0.35216240070609	0.024384880308024364
0.353045013239188	0.0244477781873353
0.353927625772286	0.02420797923017644
0.35481023830538394	0.023458253938788854
0.3556928508384819	0.022933840337706724
0.35657546337157986	0.021365023496739886
0.3574580759046778	0.02136021803503598
0.35834068843777583	0.021285218197581432
0.3592233009708738	0.021298099258371166
0.36010591350397175	0.021245668511541443
0.3609885260370697	0.02128157832053646
0.36187113857016767	0.021188869311796272
0.3627537511032657	0.020186617123205863
0.36363636363636365	0.019955987779396025
0.3645189761694616	0.020001195801859703
0.36540158870255957	0.019833190580945424
0.3662842012356575	0.019827967508574233
0.36716681376875554	0.019766348451922284
0.3680494263018535	0.01971406029600406
0.36893203883495146	0.019769281753415836
0.3698146513680494	0.0197934352665226
0.3706972639011474	0.019849034803788114
0.3715798764342454	0.019645387304816325
0.37246248896734335	0.019609007971197093
0.3733451015004413	0.01936850565468068
0.37422771403353927	0.019318622197514512
0.37511032656663723	0.01904767319607665
0.3759929390997352	0.01865963823935249
0.3768755516328332	0.01870386719051203
0.37775816416593117	0.018315976804687186
0.3786407766990291	0.018252152740741805
0.3795233892321271	0.018011300919090006
0.38040600176522504	0.018006554051502668
0.38128861429832306	0.017324864917541174
0.382171226831421	0.017195114714962843
0.383053839364519	0.01701841436083449
0.38393645189761694	0.016978911283732516
0.3848190644307149	0.01701395872775134
0.3857016769638129	0.01668248833739074
0.38658428949691087	0.01660748158293284
0.38746690203000883	0.016186366818086256
0.3883495145631068	0.01339325714314656
0.38923212709620475	0.013432021997395899
0.3901147396293027	0.012638038454617783
0.3909973521624007	0.012588582431637602
0.3918799646954987	0.012574075514524396
0.39276257722859664	0.012555491626077575
0.3936451897616946	0.012486213530964857
0.39452780229479256	0.012475953489706143
0.3954104148278906	0.012391350916284807
0.39629302736098854	0.011489951525559466
0.3971756398940865	0.00883545576561561
0.39805825242718446	0.008792304423836536
0.3989408649602824	0.008765257517525027
0.39982347749338043	0.008791075654542773
0.4007060900264784	0.008795503215329434
0.40158870255957635	0.008804058010604413
0.4024713150926743	0.008787797647673795
0.40335392762577227	0.008588302205988033
0.4042365401588703	0.008530937978020167
0.40511915269196824	0.008228494043922637
0.4060017652250662	0.008215394279592518
0.40688437775816416	0.008203214866710265
0.4077669902912621	0.00802178380820201
0.4086496028243601	0.008045765224668981
0.4095322153574581	0.008002308460137268
0.41041482789055606	0.007560318504060721
0.411297440423654	0.007437009610922641
0.412180052956752	0.007411035243115425
0.41306266548984993	0.007414485156015167
0.41394527802294795	0.007315742137949503
0.4148278905560459	0.007251653847052379
0.41571050308914387	0.007269024739121746
0.4165931156222418	0.0072910520868160545
0.4174757281553398	0.007313179710751763
0.4183583406884378	0.007335408220510887
0.41924095322153576	0.007298553962028417
0.4201235657546337	0.007301470411922551
0.4210061782877317	0.007323764978065825
0.42188879082082964	0.007346161812861134
0.4227714033539276	0.0073686615427627
0.4236540158870256	0.007375606378086646
0.4245366284201236	0.007350753447838603
0.42541924095322153	0.00730505806507221
0.4263018534863195	0.0073109762243340195
0.42718446601941745	0.007190256379892813
0.42806707855251547	0.007205327296631857
0.4289496910856134	0.007227634811482111
0.4298323036187114	0.007250046082215389
0.43071491615180935	0.007272561753278169
0.4315975286849073	0.007295182474128179
0.4324801412180053	0.007173200348600075
0.4333627537511033	0.0071882916177123035
0.43424536628420124	0.00712836505863529
0.4351279788172992	0.007109759263304987
0.43601059135039716	0.007111606141521755
0.4368932038834951	0.007113429628633775
0.43777581641659313	0.007058540969868777
0.4386584289496911	0.0070733442782273
0.43954104148278905	0.007090689833838092
0.440423654015887	0.007108109747795728
0.44130626654898497	0.007090609365201063
0.442188879082083	0.007113083562872065
0.44307149161518095	0.00712308711343767
0.4439541041482789	0.006307988478856798
0.44483671668137686	0.006296433005874711
0.4457193292144748	0.006267840814742917
0.44660194174757284	0.006287865865269251
0.4474845542806708	0.00614089139326493
0.44836716681376876	0.005966759792913574
0.4492497793468667	0.005721674768779274
0.4501323918799647	0.005483458161094045
0.4510150044130627	0.005488173670132993
0.45189761694616065	0.005412184116796788
0.4527802294792586	0.00542445966087107
0.45366284201235657	0.0053260235479441935
0.45454545454545453	0.005338042674591188
0.4554280670785525	0.005265252307523163
0.4563106796116505	0.005282375079254945
0.45719329214474846	0.005149655684334237
0.4580759046778464	0.004828464292652211
0.4589585172109444	0.004802197394478945
0.45984112974404234	0.004786977627226596
0.46072374227714036	0.0047767364745711915
0.4616063548102383	0.004754288903525699
0.4624889673433363	0.004754623947001381
0.46337157987643424	0.004748703317213183
0.4642541924095322	0.004750782812831131
0.4651368049426302	0.004732575397823679
0.46601941747572817	0.004742773023107918
0.46690203000882613	0.004758503613565987
0.4677846425419241	0.004760538718655051
0.46866725507502205	0.004410173309737148
0.46954986760812	0.004413781264030838
0.470432480141218	0.004428518430187869
0.471315092674316	0.004347573502687085
0.47219770520741394	0.004362138238039471
0.4730803177405119	0.004322159428226666
0.47396293027360986	0.0043366876952123014
0.4748455428067079	0.004351289337283723
0.47572815533980584	0.004305380148550457
0.4766107678729038	0.004314228254995531
0.47749338040600176	0.004283954458446834
0.4783759929390997	0.004267885650919282
0.47925860547219773	0.004282377622569263
0.4801412180052957	0.004211998891237302
0.48102383053839365	0.004220555343091232
0.4819064430714916	0.00423495996883557
0.48278905560458957	0.00424943846445552
0.4836716681376876	0.004192998570852447
0.48455428067078554	0.0040305158068145875
0.4854368932038835	0.004044366376597455
0.48631950573698146	0.004049416451602511
0.4872021182700794	0.004057444886277453
0.4880847308031774	0.004065504668506271
0.4889673433362754	0.0040795721587087155
0.48984995586937335	0.004059973124397746
0.4907325684024713	0.0040740702533019054
0.4916151809355693	0.004046984031132577
0.49249779346866723	0.004061085020788092
0.49338040600176525	0.004075259837614577
0.4942630185348632	0.004078321813923903
0.49514563106796117	0.004057906969465636
0.4960282436010591	0.004072145239533937
0.4969108561341571	0.0040504943279894715
0.4977934686672551	0.00403690940802008
0.49867608120035306	0.0039394903617274955
0.499558693733451	0.003953410822369642
0.500441306266549	0.003870883521279099
0.501323918799647	0.0037515055604869286
0.502206531332745	0.003764832400843898
0.5030891438658429	0.00377190938826939
0.5039717563989409	0.0037645285656589924
0.5048543689320388	0.003771607127699574
0.5057369814651368	0.003760610236939149
0.5066195939982348	0.0037740891266772824
0.5075022065313327	0.0037876406136671467
0.5083848190644307	0.0037162345014985815
0.5092674315975286	0.0037166637346493572
0.5101500441306267	0.003665452456066186
0.5110326566637247	0.003575998328774471
0.5119152691968226	0.0035758510889221007
0.5127978817299206	0.0035888305847076615
0.5136804942630185	0.0035590936589121863
0.5145631067961165	0.0035720593917315385
0.5154457193292145	0.0035850961048400475
0.5163283318623124	0.003588196177335361
0.5172109443954104	0.0036013397530765164
0.5180935569285083	0.0036145556787758795
0.5189761694616064	0.003627844486418438
0.5198587819947044	0.0036265369407431666
0.5207413945278023	0.003633123347808082
0.5216240070609003	0.003646554487726042
0.5225066195939982	0.0036136213231099425
0.5233892321270962	0.003627029936553764
0.5242718446601942	0.003640513319217533
0.5251544571932921	0.0036044595820093933
0.5260370697263901	0.0036179090580616673
0.526919682259488	0.003631433951736664
0.527802294792586	0.003508989930810803
0.5286849073256841	0.003515130008689905
0.529567519858782	0.003514238222197161
0.53045013239188	0.0035274745243523294
0.531332744924978	0.0034113588819910264
0.5322153574580759	0.003424256269068497
0.5330979699911739	0.0034300664853595068
0.5339805825242718	0.003443083815474723
0.5348631950573698	0.0034561753889175927
0.5357458075904677	0.0034693417713515646
0.5366284201235657	0.0034644083248227355
0.5375110326566638	0.003477656540214027
0.5383936451897617	0.003490980894774234
0.5392762577228597	0.003487222713070458
0.5401588702559577	0.0034760275979086115
0.5410414827890556	0.003327428298526579
0.5419240953221536	0.0033328361982367083
0.5428067078552515	0.0033457291815954574
0.5436893203883495	0.0033205871775886762
0.5445719329214475	0.0033334826617734867
0.5454545454545454	0.0031114912815642026
0.5463371579876434	0.0029432277913403
0.5472197705207414	0.002935688468857338
0.5481023830538394	0.002939534118441907
0.5489849955869374	0.002943387400622359
0.5498676081200353	0.00292028271688506
0.5507502206531333	0.002931779892935789
0.5516328331862312	0.0029433450996140366
0.5525154457193292	0.002954978874711325
0.5533980582524272	0.0029666817613438453
0.5542806707855251	0.0029705963793658367
0.5551632833186231	0.0029495363420384804
0.556045895851721	0.002961287482843415
0.5569285083848191	0.0029731089897609532
0.5578111209179171	0.002985001425719997
0.558693733451015	0.0028727741196679143
0.559576345984113	0.002876263140164444
0.560458958517211	0.002861575650114118
0.5613415710503089	0.0028731142616065133
0.5622241835834069	0.0028847228040776505
0.5631067961165048	0.0028964018437702727
0.5639894086496028	0.0028999398167755238
0.5648720211827007	0.002775932352195158
0.5657546337157988	0.002787239612285566
0.5666372462488968	0.0027373777558739576
0.5675198587819947	0.002748573574916387
0.5684024713150927	0.0027598382207152244
0.5692850838481907	0.002758548971141967
0.5701676963812886	0.002769901024521152
0.5710503089143866	0.0027403124501253593
0.5719329214474845	0.0027516360552911666
0.5728155339805825	0.0027501969766227283
0.5736981465136805	0.0027616085823348557
0.5745807590467784	0.002773091362302984
0.5754633715798765	0.0024964318714318706
0.5763459841129744	0.0025068553865526715
0.5772285966460724	0.002508609247282039
0.5781112091791704	0.002519127525048421
0.5789938217122683	0.0025297120944813975
0.5798764342453663	0.0024909753375034222
0.5807590467784642	0.0023913369922697
0.5816416593115622	0.0023925278267344758
0.5825242718446602	0.0024026656565087744
0.5834068843777581	0.002412868058447241
0.5842894969108562	0.002406572060996775
0.5851721094439541	0.0024168346284210683
0.5860547219770521	0.002427162981533979
0.5869373345101501	0.002437557683810356
0.587819947043248	0.002426575394381953
0.588702559576346	0.0024277825025436775
0.589585172109444	0.00232701237706799
0.5904677846425419	0.0023370642663857783
0.5913503971756399	0.0023471814277121234
0.5922330097087378	0.00235736442739851
0.5931156222418358	0.0023440356053767305
0.5939982347749339	0.0023542492681452565
0.5948808473080318	0.002287944127998923
0.5957634598411298	0.0022884016247799377
0.5966460723742277	0.0022888411766103767
0.5975286849073257	0.002298902016947126
0.5984112974404237	0.0023090293386076855
0.5992939099735216	0.0023192237286236137
0.6001765225066196	0.0023294857805201785
0.6010591350397175	0.002339816094402751
0.6019417475728155	0.002350215277044541
0.6028243601059136	0.0023507854020103423
0.6037069726390115	0.0023612799796978883
0.6045895851721095	0.0023718449907927336
0.6054721977052074	0.0023824810669846293
0.6063548102383054	0.002373034667587996
0.6072374227714034	0.0023837240129374916
0.6081200353045013	0.0023944857466302117
0.6090026478375993	0.0024053205237642853
0.6098852603706972	0.0023760419918883264
0.6107678729037952	0.0022483582177459703
0.6116504854368932	0.002258601307576248
0.6125330979699912	0.0022689145555560486
0.6134157105030892	0.002268849610625728
0.6142983230361871	0.002279257177646947
0.6151809355692851	0.0022352530593593525
0.6160635481023831	0.0022455537647020226
0.616946160635481	0.0022559258375181982
0.617828773168579	0.0022663699386178196
0.6187113857016769	0.002276886736476835
0.6195939982347749	0.0022766853463448704
0.6204766107678729	0.002260194585775979
0.6213592233009708	0.0022707562427188572
0.6222418358340689	0.0022813921033404913
0.6231244483671668	0.002292102864389038
0.6240070609002648	0.0023028892308096923
0.6248896734333628	0.0023137519158606817
0.6257722859664607	0.002287520789126568
0.6266548984995587	0.002298362119880722
0.6275375110326566	0.002309280704773267
0.6284201235657546	0.002183325164322786
0.6293027360988526	0.002193746764152489
0.6301853486319505	0.0021928238546753778
0.6310679611650486	0.0021564885252882194
0.6319505736981466	0.0021457193219783116
0.6328331862312445	0.0021560601379878455
0.6337157987643425	0.002110212185295123
0.6345984112974404	0.002120431130502363
0.6354810238305384	0.002130724485504802
0.6363636363636364	0.0021410929744853607
0.6372462488967343	0.00215153733045846
0.6381288614298323	0.0021501315257651324
0.6390114739629302	0.0021426935348983355
0.6398940864960282	0.0021532227414580323
0.6407766990291263	0.0021517262896573208
0.6416593115622242	0.0020366122893034017
0.6425419240953222	0.002046694528359359
0.6434245366284201	0.0020445677144814776
0.6443071491615181	0.00205473969316049
0.6451897616946161	0.0020649877714306168
0.646072374227714	0.00207531271028777
0.646954986760812	0.0020857152802641497
0.6478375992939099	0.00209619626157201
0.6487202118270079	0.0021067564442499545
0.649602824360106	0.002117396628311823
0.6504854368932039	0.002128117623898212
0.6513680494263019	0.0021389202514306904
0.6522506619593998	0.00214980534176876
0.6531332744924978	0.0021477914442161183
0.6540158870255958	0.0021457288919708647
0.6548984995586937	0.0021567326298784074
0.6557811120917917	0.002167821229517885
0.6566637246248896	0.0021789955657525134
0.6575463371579876	0.0021902565247486506
0.6584289496910856	0.002201605004151493
0.6593115622241836	0.0022130419132639686
0.6601941747572816	0.0022110400347007467
0.6610767872903796	0.002208987154116068
0.6619593998234775	0.002200047562848813
0.6628420123565755	0.0022115963689530063
0.6637246248896734	0.0020833744466152242
0.6646072374227714	0.0020596511066584655
0.6654898499558694	0.00207054873156142
0.6663724624889673	0.002067498578171812
0.6672550750220653	0.002078495911034428
0.6681376875551632	0.002089581222559945
0.6690203000882613	0.002065104829810712
0.6699029126213593	0.002076177777959831
0.6707855251544572	0.0020224779640588683
0.6716681376875552	0.002018889316732982
0.6725507502206531	0.0019115438118133545
0.6734333627537511	0.0019219044828800937
0.6743159752868491	0.0019323496159392244
0.675198587819947	0.0017795087469889043
0.676081200353045	0.001774343244839516
0.6769638128861429	0.0017840656735783626
0.677846425419241	0.0017938682322243976
0.678729037952339	0.0017886154249790623
0.6796116504854369	0.0017629839327478712
0.6804942630185349	0.0017727511567520145
0.6813768755516328	0.0016851338873499547
0.6822594880847308	0.0016945218198700103
0.6831421006178288	0.0017039884222156527
0.6840247131509267	0.0017135345758415106
0.6849073256840247	0.0017231611745821933
0.6857899382171226	0.0017170438360500089
0.6866725507502206	0.0017267446486830596
0.6875551632833187	0.0017365279044829636
0.6884377758164166	0.0017463945403038896
0.6893203883495146	0.0017563455063455073
0.6902030008826125	0.0017663817663817673
0.6910856134157105	0.0017601309864920189
0.6919682259488085	0.0017290781543325767
0.6928508384819064	0.00173904402265726
0.6937334510150044	0.0017490963002448744
0.6946160635481023	0.0017592359889419462
0.6954986760812003	0.001769464105156725
0.6963812886142984	0.0017374059258254808
0.6972639011473963	0.0016253786393421196
0.6981465136804943	0.0016177622289676621
0.6990291262135923	0.0016272784773733542
0.6999117387466902	0.0016368789403667073
0.7007943512797882	0.0016291098660057137
0.7016769638128861	0.0016387781738158365
0.7025595763459841	0.001604375677075974
0.703442188879082	0.0016139540393271738
0.70432480141218	0.0016236184347722467
0.705207413945278	0.001633369896842951
0.706090026478376	0.0016251190949986133
0.706972639011474	0.0016349385457236805
0.707855251544572	0.0015990722939363425
0.7087378640776699	0.0015811611556292408
0.7096204766107679	0.0015722687622013
0.7105030891438658	0.0015818850849058951
0.7113857016769638	0.0015728285272946726
0.7122683142100618	0.0015353154003460753
0.7131509267431597	0.0015447926559037672
0.7140335392762577	0.0015543579355068865
0.7149161518093556	0.0015640123326218361
0.7157987643424537	0.0015737569577472057
0.7166813768755517	0.0015641225337487022
0.7175639894086496	0.0015347439916405436
0.7184466019417476	0.0015443964695753898
0.7193292144748455	0.001554140295881859
0.7202118270079435	0.001563976626868453
0.7210944395410415	0.0015739066371977767
0.7219770520741394	0.0015839315202372528
0.7228596646072374	0.0015940524884176827
0.7237422771403353	0.0014199503017394391
0.7246248896734334	0.0014290818149339049
0.7255075022065314	0.0014175569615876636
0.7263901147396293	0.0013745345721543653
0.7272727272727273	0.001383460121324199
0.7281553398058253	0.0013713214038946937
0.7290379523389232	0.0013802842888874696
0.7299205648720212	0.001367905996642737
0.7308031774051191	0.0013769053781995972
0.7316857899382171	0.001364281164958601
0.732568402471315	0.001373316139560976
0.733451015004413	0.0013824411637441052
0.7343336275375111	0.0013695090439276485
0.735216240070609	0.0013786696395392047
0.736098852603707	0.001387922455911951
0.736981465136805	0.0013972687350763413
0.7378640776699029	0.0014067097400430732
0.7387466902030009	0.001416246755229806
0.7396293027360988	0.0014028210154118142
0.7405119152691968	0.0013195266730127771
0.7413945278022948	0.0013285645269375222
0.7422771403353927	0.0012788526416545056
0.7431597528684908	0.0012876723150452264
0.7440423654015887	0.001296583542138965
0.7449249779346867	0.00130558759451493
0.7458075904677847	0.001314685765905278
0.7466902030008826	0.0013238793726598602
0.7475728155339806	0.0013331697542223857
0.7484554280670785	0.0013054937814018614
0.7493380406001765	0.0013147198858640653
0.7502206531332745	0.0012864529818142328
0.7511032656663724	0.001295609230795117
0.7519858781994704	0.0013048635824436535
0.7528684907325685	0.0013142174432497012
0.7537511032656664	0.0012334218646588104
0.7546337157987644	0.001242327437688838
0.7555163283318623	0.0012513298104257135
0.7563989408649603	0.0012604303908651734
0.7572815533980582	0.001269630612696306
0.7581641659311562	0.0012789319358662422
0.7590467784642542	0.0012883358471593765
0.7599293909973521	0.001297843860791549
0.7608120035304501	0.0013074575190196345
0.7616946160635482	0.0013171783927669923
0.7625772285966461	0.0012992657530192901
0.7634598411297441	0.0013089980807572622
0.764342453662842	0.0012343593065059651
0.76522506619594	0.0012436752258003498
0.766107678729038	0.0012530970078139887
0.7669902912621359	0.0012626262626262625
0.7678729037952339	0.0012722646310432569
0.7687555163283318	0.0012820137853041247
0.7696381288614298	0.0012918754298064641
0.7705207413945278	0.0013018513018513017
0.7714033539276258	0.0013119431724082885
0.7722859664607238	0.0013221528469017382
0.7731685789938217	0.001332482166018158
0.7740511915269197	0.0013429330065359475
0.7749338040600177	0.0013226287890484277
0.7758164165931156	0.0013330843525982176
0.7766990291262136	0.0013436643871426479
0.7775816416593115	0.0013543708762832267
0.7784642541924095	0.0013652058432934925
0.7793468667255075	0.001295850066934404
0.7802294792586054	0.001198341754113227
0.7811120917917035	0.001175395063340734
0.7819947043248014	0.0011849511207662684
0.7828773168578994	0.0011946241911398707
0.7837599293909974	0.0012044161927065907
0.7846425419240953	0.0012143290831815423
0.7855251544571933	0.001224364860728497
0.7864077669902912	0.0012345255649669079
0.7872903795233892	0.0012448132780082987
0.7881729920564872	0.0012552301255230125
0.7890556045895851	0.0012306177701206006
0.7899382171226832	0.0012055455093429777
0.7908208296557812	0.001215761996710291
0.7917034421888791	0.0012261089073205913
0.7925860547219771	0.0011456628477905073
0.793468667255075	0.0011188144235354535
0.794351279788173	0.0011284593754624834
0.795233892321271	0.0011382295865054485
0.7961165048543689	0.0011481272350837568
0.7969991173874669	0.0011581545471805582
0.7978817299205648	0.0011683137975944228
0.7987643424536628	0.0011786073112296158
0.7996469549867609	0.0010915753771782776
0.8005295675198588	0.0011012782694198623
0.8014121800529568	0.0011111111111111111
0.8022947925860547	0.0011210762331838565
0.8031774051191527	0.0010705773037611602
0.8040600176522507	0.0010802657861481392
0.8049426301853486	0.0010900863842040313
0.8058252427184466	0.0011000415110004151
0.8067078552515445	0.0011101336349545474
0.8075904677846425	0.0010569483786411872
0.8084730803177406	0.0010667349377026796
0.8093556928508385	0.0010766580534022395
0.8102383053839365	0.0010867202782003911
0.8111209179170344	0.0010969242244745733
0.8120035304501324	0.0011072725662148995
0.8128861429832304	0.0011177680407761781
0.8137687555163283	0.0011284134506883321
0.8146513680494263	0.001139211665527455
0.8155339805825242	0.0011501656238498343
0.8164165931156222	0.0011612783351913787
0.8172992056487202	0.0011725528821349843
0.8181818181818182	0.0011366327255505565
0.8190644307149162	0.0011477761836441894
0.8199470432480142	0.0011590843233845263
0.8208296557811121	0.001170560405794274
0.8217122683142101	0.0011329491158071031
0.822594880847308	0.0011442786069651742
0.823477493380406	0.0011557788944723617
0.824360105913504	0.0011674534287599615
0.8252427184466019	0.0011793057478336666
0.8261253309796999	0.0011913394799544182
0.8270079435127978	0.0012035583464154894
0.8278905560458959	0.0012159661644197727
0.8287731685789939	0.0012285668500614283
0.8296557811120918	0.0012413644214162348
0.8305383936451898	0.0012543630017452006
0.8314210061782877	0.001267566822816203
0.8323036187113857	0.0012809802283486494
0.8331862312444837	0.001294607677586401
0.8340688437775816	0.0013084537490044375
0.8349514563106796	0.0013225231441550227
0.8358340688437775	0.0013368206916594013
0.8367166813768756	0.0013513513513513514
0.8375992939099736	0.001366120218579235
0.8384819064430715	0.0013811325286735123
0.8393645189761695	0.0013963936615870318
0.8402471315092674	0.0014119091467157765
0.8411297440423654	0.0014276846679081316
0.8420123565754634	0.0014437260686711443
0.8428949691085613	0.0013965593855138703
0.8437775816416593	0.0014124293785310734
0.8446601941747572	0.0014285714285714286
0.8455428067078552	0.001444991789819376
0.8464254192409533	0.0014616968972161319
0.8473080317740512	0.0014786933727651565
0.8481906443071492	0.0014279885760913912
0.8490732568402471	0.0014447884416924665
0.8499558693733451	0.001461886529759833
0.8508384819064431	0.0014792899408284023
0.851721094439541	0.0014970059880239522
0.852603706972639	0.0014068249044080514
0.853486319505737	0.0014238773274917853
0.8543689320388349	0.0013673318551367332
0.855251544571933	0.001384108933113871
0.8561341571050309	0.001401196697720215
0.8570167696381289	0.0014186028678782301
0.8578993821712269	0.001436335403726708
0.8587819947043248	0.0014544025157232703
0.8596646072374228	0.0014728126741501474
0.8605472197705207	0.0014915746190437796
0.8614298323036187	0.0015106973705699821
0.8623124448367167	0.0015301902398676592
0.8631950573698146	0.001550062840385421
0.8640776699029126	0.001443001443001443
0.8649602824360106	0.0014619883040935672
0.8658428949691086	0.0014813523875914954
0.8667255075022066	0.001501103752759382
0.8676081200353045	0.0015212527964205817
0.8684907325684025	0.0015418102666424813
0.8693733451015004	0.0015627872770729914
0.8702559576345984	0.0015841953219644022
0.8711385701676964	0.0016060462919225318
0.8720211827007943	0.0016283524904214558
0.8729037952338923	0.0016511266511266512
0.8737864077669902	0.0016743819560720969
0.8746690203000883	0.0016981320547397863
0.8755516328331863	0.0017223910840932118
0.8764342453662842	0.0017471736896197327
0.8773168578993822	0.0017724950474403086
0.8781994704324801	0.0017983708875489264
0.8790820829655781	0.0018248175182481751
0.8799646954986761	0.001851851851851852
0.880847308031774	0.0017689331122166944
0.881729920564872	0.001795533610144765
0.8826125330979699	0.001822738664843928
0.883495145631068	0.0018505667360629193
0.884377758164166	0.0018790369935408103
0.8852603706972639	0.0017889087656529517
0.8861429832303619	0.001816860465116279
0.8870255957634599	0.0017224409448818897
0.8879082082965578	0.0017497812773403325
0.8887908208296558	0.0017777777777777779
0.8896734333627537	0.0018064516129032257
0.8905560458958517	0.0018358248098610018
0.8914386584289496	0.0018659202985472478
0.8923212709620476	0.001896761956374475
0.8932038834951457	0.001928374655647383
0.8940864960282436	0.00196078431372549
0.8949691085613416	0.0019940179461615153
0.8958517210944396	0.0020281037230189774
0.8967343336275375	0.00206307102858827
0.8976169461606355	0.002098950524737631
0.8984995586937334	0.0021357742181540807
0.8993821712268314	0.002173575531749728
0.9002647837599294	0.0022123893805309734
0.9011473962930273	0.0022522522522522522
0.9020300088261254	0.002293202293202293
0.9029126213592233	0.002335279399499583
0.9037952338923213	0.0022086306489976213
0.9046778464254193	0.002249913464866736
0.9055604589585172	0.0022923646623170518
0.9064430714916152	0.002336028751123091
0.9073256840247131	0.002380952380952381
0.9082082965578111	0.0024271844660194173
0.9090909090909091	0.002474776318294308
0.909973521624007	0.0025237817899437004
0.910856134157105	0.0025742574257425744
0.911738746690203	0.0026262626262626263
0.912621359223301	0.0026798598227169654
0.913503971756399	0.00273511466442247
0.9143865842894969	0.0027920962199312715
0.9152691968225949	0.0028508771929824563
0.9161518093556928	0.0029115341545352742
0.9170344218887908	0.002745367192862045
0.9179170344218888	0.002805049088359046
0.9187996469549867	0.002866698518872432
0.9196822594880847	0.0029304029304029304
0.9205648720211828	0.00299625468164794
0.9214474845542807	0.0030643513789581204
0.9223300970873787	0.003134796238244514
0.9232127096204766	0.0029403902699812884
0.9240953221535746	0.003009575923392613
0.9249779346866726	0.0030812324929971988
0.9258605472197705	0.003155479059093517
0.9267431597528685	0.0032324419629738465
0.9276257722859664	0.00331225534477567
0.9285083848190644	0.0033950617283950617
0.9293909973521624	0.003481012658227848
0.9302736098852604	0.0035702693930542034
0.9311562224183584	0.003663003663003663
0.9320388349514563	0.0037593984962406013
0.9329214474845543	0.0038596491228070177
0.9338040600176523	0.003963963963963964
0.9346866725507502	0.004072565716401333
0.9355692850838482	0.004185692541856925
0.9364518976169461	0.004303599374021909
0.9373345101500441	0.004426559356136821
0.9382171226831421	0.0033126293995859213
0.93909973521624	0.0034100596760443308
0.9399823477493381	0.0030728709394205445
0.940864960282436	0.003165988240615106
0.941747572815534	0.0032634032634032634
0.942630185348632	0.0033653846153846156
0.9435127978817299	0.003472222222222222
0.9443954104148279	0.0035842293906810036
0.9452780229479258	0.0037017451084082496
0.9461606354810238	0.003825136612021858
0.9470432480141218	0.0039548022598870055
0.9479258605472197	0.004091174751607247
0.9488084730803178	0.004234724742891712
0.9496910856134158	0.0043859649122807015
0.9505736981465137	0.004545454545454545
0.9514563106796117	0.0047138047138047135
0.9523389232127096	0.004891684136967156
0.9532215357458076	0.0050798258345428155
0.9541041482789056	0.005279034690799397
0.9549867608120035	0.005490196078431373
0.9558693733451015	0.005714285714285714
0.9567519858781994	0.005952380952380952
0.9576345984112974	0.0062056737588652485
0.9585172109443955	0.0064754856614246065
0.9593998234774934	0.00676328502415459
0.9602824360105914	0.007070707070707071
0.9611650485436893	0.007399577167019027
0.9620476610767873	0.006644518272425249
0.9629302736098853	0.006968641114982578
0.9638128861429832	0.006097560975609756
0.9646954986760812	0.00641025641025641
0.9655781112091791	0.006747638326585695
0.9664607237422771	0.007112375533428165
0.9673433362753752	0.0075075075075075074
0.9682259488084731	0.007936507936507936
0.9691085613415711	0.008403361344537815
0.969991173874669	0.008912655971479501
0.970873786407767	0.00946969696969697
0.971756398940865	0.010080645161290322
0.9726390114739629	0.010752688172043012
0.9735216240070609	0.009195402298850575
0.9744042365401588	0.009852216748768473
0.9752868490732568	0.010582010582010581
0.9761694616063548	0.011396011396011397
0.9770520741394528	0.012307692307692308
0.9779346866725508	0.013333333333333334
0.9788172992056487	0.014492753623188406
0.9796999117387467	0.015810276679841896
0.9805825242718447	0.017316017316017316
0.9814651368049426	0.01904761904761905
0.9823477493380406	0.015789473684210527
0.9832303618711385	0.017543859649122806
0.9841129744042365	0.0196078431372549
0.9849955869373345	0.022058823529411766
0.9858781994704324	0.025
0.9867608120035305	0.02857142857142857
0.9876434245366285	0.03296703296703297
0.9885260370697264	0.038461538461538464
0.9894086496028244	0.045454545454545456
0.9902912621359223	0.05454545454545454
0.9911738746690203	0.06666666666666667
0.9920564872021183	0.08333333333333333
0.9929390997352162	0.10714285714285714
0.9938217122683142	0.14285714285714285
0.9947043248014121	0.2
0.9955869373345102	0.3
0.9964695498676082	0.5
0.9973521624007061	1.0
0.9982347749338041	1.0
0.999117387466902	0.0
1.0	0.0
