Fraction_of_nodes	Efficiency
0.00088261253309797	0.2982569285167644
0.00176522506619594	0.2983152921746127
0.00264783759929391	0.29884375150530296
0.00353045013239188	0.29893149061569424
0.00441306266548985	0.29899033299562955
0.00529567519858782	0.2990206908757421
0.00617828773168579	0.2990932457457359
0.00706090026478376	0.2986668455447062
0.00794351279788173	0.29858774521430487
0.0088261253309797	0.29861752925958746
0.009708737864077669	0.29790468535228765
0.01059135039717564	0.2977578195647885
0.01147396293027361	0.2977200340599623
0.01235657546337158	0.29772442834587054
0.01323918799646955	0.2973737752404188
0.01412180052956752	0.2974124142819053
0.01500441306266549	0.29574819162206045
0.01588702559576346	0.29571495661655534
0.01676963812886143	0.29569217454805413
0.0176522506619594	0.2955470567721105
0.018534863195057368	0.29497385183110975
0.019417475728155338	0.29488489582641425
0.02030008826125331	0.2948075029824771
0.02118270079435128	0.2945322744219021
0.02206531332744925	0.29452560277662804
0.02294792586054722	0.29448070687785716
0.02383053839364519	0.29429129198029647
0.02471315092674316	0.29317488617629067
0.02559576345984113	0.29308348263864387
0.0264783759929391	0.2929920327920117
0.02736098852603707	0.2927669030867848
0.02824360105913504	0.2926970267104432
0.02912621359223301	0.2921001087186769
0.03000882612533098	0.29108888761148266
0.03089143865842895	0.2898452857152664
0.03177405119152692	0.2899041061852086
0.03265666372462489	0.28963045759040745
0.03353927625772286	0.28947503491268484
0.03442188879082083	0.2895466262005453
0.0353045013239188	0.28867893405181017
0.03618711385701677	0.2880518647342062
0.037069726390114736	0.28808371564777363
0.03795233892321271	0.2876743626757479
0.038834951456310676	0.28760306263368984
0.03971756398940865	0.2864144852987614
0.04060017652250662	0.2858770844304576
0.04148278905560459	0.28441041467526795
0.04236540158870256	0.28401239284101404
0.04324801412180053	0.2838341990973506
0.0441306266548985	0.28389275674987574
0.04501323918799647	0.28375548733377387
0.04589585172109444	0.282746844242403
0.04677846425419241	0.28276825658510113
0.04766107678729038	0.28266413121503714
0.04854368932038835	0.2827264089459777
0.04942630185348632	0.28142423544782375
0.05030891438658429	0.2813055737397895
0.05119152691968226	0.281198933414229
0.05207413945278023	0.28125193746632704
0.0529567519858782	0.28126242787698885
0.05383936451897617	0.2813199492086071
0.05472197705207414	0.2813309913806353
0.05560458958517211	0.2813442348884659
0.05648720211827008	0.2813432419369055
0.05736981465136805	0.27976791378745014
0.05825242718446602	0.27982459666071463
0.05913503971756399	0.2794568606850839
0.06001765225066196	0.2799821555359957
0.06090026478375993	0.27998611915449606
0.0617828773168579	0.27878152522002636
0.06266548984995587	0.27834624734147556
0.06354810238305383	0.27773435724956136
0.06443071491615181	0.27777085329062434
0.06531332744924978	0.2778109866388738
0.06619593998234775	0.2774907024216874
0.06707855251544571	0.27738801579750744
0.06796116504854369	0.2761220796621571
0.06884377758164166	0.27602889752124243
0.06972639011473963	0.2765531689315392
0.0706090026478376	0.2766264677123521
0.07149161518093557	0.2766543273286254
0.07237422771403354	0.2766863160972132
0.07325684024713151	0.2767110180178399
0.07413945278022947	0.2767360688803516
0.07502206531332745	0.27651422174133217
0.07590467784642542	0.27510209477646336
0.07678729037952339	0.27457150466603836
0.07766990291262135	0.27385465870838294
0.07855251544571933	0.2737822600409561
0.0794351279788173	0.2738047333067834
0.08031774051191527	0.2737782459561026
0.08120035304501325	0.2737804861797278
0.0820829655781112	0.27324491430855236
0.08296557811120918	0.27319404746717385
0.08384819064430715	0.2716921698207988
0.08473080317740513	0.27112353212045587
0.08561341571050309	0.2708864328707879
0.08649602824360106	0.2709564441699264
0.08737864077669903	0.27098828895638977
0.088261253309797	0.2705216065085722
0.08914386584289496	0.26955008060882113
0.09002647837599294	0.26934833910718237
0.09090909090909091	0.26920513237740895
0.09179170344218888	0.2691729368739087
0.09267431597528684	0.26912707990019735
0.09355692850838482	0.2689907093416446
0.09443954104148279	0.2689734030971156
0.09532215357458076	0.26889712029565527
0.09620476610767872	0.2688768838800588
0.0970873786407767	0.26868387932591764
0.09796999117387467	0.2684583770960252
0.09885260370697264	0.2684233942807404
0.0997352162400706	0.2682862180983846
0.10061782877316858	0.26881330300623996
0.10150044130626655	0.2687336201732527
0.10238305383936452	0.2685985194286585
0.10326566637246248	0.267612311240108
0.10414827890556046	0.2671337964119432
0.10503089143865843	0.26706287626442293
0.1059135039717564	0.26718103979658114
0.10679611650485436	0.26709526968393704
0.10767872903795234	0.2663364968704609
0.10856134157105031	0.26636948120884035
0.10944395410414828	0.26485132094910274
0.11032656663724624	0.2635653607245118
0.11120917917034422	0.2633950501702808
0.11209179170344219	0.26339430918428974
0.11297440423654016	0.2628104599704016
0.11385701676963812	0.2628381369222866
0.1147396293027361	0.2628233167954572
0.11562224183583407	0.2611812655885796
0.11650485436893204	0.2611367616528786
0.11738746690203	0.26078405866366056
0.11827007943512798	0.26074441970860845
0.11915269196822595	0.2607282849935712
0.12003530450132392	0.26067080888411887
0.1209179170344219	0.2602407652483139
0.12180052956751986	0.26076438851843126
0.12268314210061783	0.26128959373196287
0.1235657546337158	0.2605041872748071
0.12444836716681378	0.25809434972528966
0.12533097969991175	0.25798581655465547
0.1262135922330097	0.2578904700155581
0.12709620476610767	0.25719882511536635
0.12797881729920565	0.2563598940995504
0.12886142983230361	0.25576995125274277
0.1297440423654016	0.2556621252870528
0.13062665489849956	0.2561817637530834
0.13150926743159752	0.2560418060720081
0.1323918799646955	0.25598798854606303
0.13327449249779347	0.2560265012297057
0.13415710503089143	0.25529620284761234
0.13503971756398941	0.2551730873794894
0.13592233009708737	0.2552645522555662
0.13680494263018536	0.25508752048731775
0.13768755516328332	0.2548793894709875
0.13857016769638128	0.25393079742214564
0.13945278022947927	0.25349465676317856
0.14033539276257723	0.2535545992254368
0.1412180052956752	0.2534241398364219
0.14210061782877317	0.25302707329076884
0.14298323036187113	0.252511819194062
0.14386584289496912	0.25241941269336127
0.14474845542806708	0.2523646257126203
0.14563106796116504	0.2521993698397882
0.14651368049426303	0.2513943065063744
0.147396293027361	0.25127291646701805
0.14827890556045895	0.25067392833487534
0.14916151809355693	0.250263460241363
0.1500441306266549	0.24974518783074895
0.15092674315975288	0.247766690145828
0.15180935569285084	0.24738764442354333
0.1526919682259488	0.24629228425083538
0.15357458075904679	0.24629096568132589
0.15445719329214475	0.24612202841407388
0.1553398058252427	0.24602964326082322
0.1562224183583407	0.246013603804268
0.15710503089143865	0.24468764879939878
0.15798764342453664	0.24345286936784863
0.1588702559576346	0.24223694987039304
0.15975286849073256	0.24215259447752016
0.16063548102383055	0.24206469117185422
0.1615180935569285	0.2419747471958733
0.1624007060900265	0.24199717541698854
0.16328331862312445	0.24180495326139434
0.1641659311562224	0.24180855448626734
0.1650485436893204	0.24169979071538372
0.16593115622241836	0.241252314015303
0.16681376875551632	0.24054251913240443
0.1676963812886143	0.2403787042293139
0.16857899382171226	0.24020683312191252
0.16946160635481025	0.2401991053741792
0.1703442188879082	0.23943810807919136
0.17122683142100617	0.2387271440941554
0.17210944395410416	0.238735763823497
0.17299205648720212	0.2377977656470175
0.17387466902030008	0.23756355028519727
0.17475728155339806	0.23807225167767093
0.17563989408649602	0.23858258876594032
0.176522506619594	0.23909456857015907
0.17740511915269197	0.23815283113145228
0.17828773168578993	0.23686170385468486
0.17917034421888792	0.23666284433478157
0.18005295675198588	0.23620240591975117
0.18093556928508384	0.23620858486520435
0.18181818181818182	0.23545376749059507
0.18270079435127978	0.23596285671760175
0.18358340688437777	0.2359626036064243
0.18446601941747573	0.2356188124054749
0.1853486319505737	0.23562136114703633
0.18623124448367168	0.2348931484393744
0.18711385701676964	0.23540378571859044
0.1879964695498676	0.23486039206899048
0.18887908208296558	0.23537207048308414
0.18976169461606354	0.2340247125152471
0.19064430714916153	0.23318172491701708
0.1915269196822595	0.23253660126570494
0.19240953221535745	0.23241030278026423
0.19329214474845544	0.23229341057322175
0.1941747572815534	0.23055414679226252
0.19505736981465135	0.23034893345468246
0.19593998234774934	0.23023063462846735
0.1968225948808473	0.23073719268045517
0.1977052074139453	0.22965906032325714
0.19858781994704325	0.22960250407001484
0.1994704324801412	0.2295856860112519
0.2003530450132392	0.22915143549879968
0.20123565754633715	0.22911042079511715
0.20211827007943514	0.22847413072910436
0.2030008826125331	0.22830244091150068
0.20388349514563106	0.2282167367783577
0.20476610767872905	0.22778107315668286
0.205648720211827	0.2277215846341751
0.20653133274492497	0.22748098673862846
0.20741394527802295	0.2260708658773122
0.2082965578111209	0.22588524267300567
0.2091791703442189	0.22554513710802726
0.21006178287731686	0.22417836169137673
0.21094439541041482	0.22313319255002048
0.2118270079435128	0.22304809606199455
0.21270962047661077	0.22305996972008482
0.21359223300970873	0.22300787936085467
0.2144748455428067	0.22261533018693816
0.21535745807590467	0.2222060492523584
0.21624007060900266	0.22197039203849925
0.21712268314210062	0.22188771180727127
0.21800529567519858	0.2213070343835846
0.21888790820829657	0.22121449347565386
0.21977052074139453	0.2213119312833892
0.22065313327449249	0.2212460688198977
0.22153574580759047	0.22063297798125503
0.22241835834068843	0.22113441656757607
0.22330097087378642	0.22073762367744862
0.22418358340688438	0.2201617085014418
0.22506619593998234	0.21976727536566004
0.22594880847308033	0.21898058375226243
0.22683142100617829	0.21894493212844726
0.22771403353927624	0.218755556593679
0.22859664607237423	0.21867855055270713
0.2294792586054722	0.21638235269859604
0.23036187113857018	0.21613114423372184
0.23124448367166814	0.2160350608963464
0.2321270962047661	0.2152986097597733
0.23300970873786409	0.21429047855597996
0.23389232127096204	0.21245024997154122
0.23477493380406	0.2123183223992237
0.235657546337158	0.21225779448390683
0.23654015887025595	0.21197742508669531
0.23742277140335394	0.21145360846130629
0.2383053839364519	0.21070634927045837
0.23918799646954986	0.21043877677211792
0.24007060900264784	0.2101340554499447
0.2409532215357458	0.20961942707257916
0.2418358340688438	0.2096482625295696
0.24271844660194175	0.2075520917994613
0.2436010591350397	0.2069277587714671
0.2444836716681377	0.20631549343239775
0.24536628420123566	0.20602178422893083
0.24624889673433362	0.20650483647800216
0.2471315092674316	0.2064975203571996
0.24801412180052956	0.20561455953365043
0.24889673433362755	0.20555764021228634
0.2497793468667255	0.2048991695617105
0.2506619593998235	0.2039318582436786
0.25154457193292146	0.20374000820491867
0.2524271844660194	0.20353558280457373
0.2533097969991174	0.20401732382896326
0.25419240953221534	0.20355178816792327
0.25507502206531335	0.20357931385662995
0.2559576345984113	0.20281022348632038
0.25684024713150927	0.20278113115902419
0.25772285966460723	0.2027833512184736
0.2586054721977052	0.2028903715503466
0.2594880847308032	0.2028752849752467
0.26037069726390116	0.20336005268128074
0.2612533097969991	0.203846559984346
0.2621359223300971	0.20295288097738942
0.26301853486319504	0.20098023320694533
0.263901147396293	0.20023536307265233
0.264783759929391	0.20015998844562913
0.265666372462489	0.19961018599300182
0.26654898499558694	0.19758673223601572
0.2674315975286849	0.19754528943470015
0.26831421006178285	0.19748030568673855
0.26919682259488087	0.19716415380270452
0.27007943512797883	0.19640018086454633
0.2709620476610768	0.19636733529186826
0.27184466019417475	0.19615244212775035
0.2727272727272727	0.1949522624225449
0.2736098852603707	0.19369671940357452
0.2744924977934687	0.19312849874541685
0.27537511032656664	0.19309453665658807
0.2762577228596646	0.19303494200080862
0.27714033539276256	0.19292264485490215
0.2780229479258605	0.19258703680937417
0.27890556045895853	0.1925911033183535
0.2797881729920565	0.19259656896116342
0.28067078552515445	0.19254910714989923
0.2815533980582524	0.19233462268474014
0.2824360105913504	0.19232679683075218
0.2833186231244484	0.19221366374361995
0.28420123565754635	0.1919752156134138
0.2850838481906443	0.19196900221281502
0.28596646072374227	0.19012979105568492
0.2868490732568402	0.189632422482413
0.28773168578993824	0.1890342823064502
0.2886142983230362	0.18864692121213275
0.28949691085613416	0.1880770714865573
0.2903795233892321	0.18854550753011037
0.2912621359223301	0.18778695468810222
0.2921447484554281	0.1876808807567808
0.29302736098852605	0.18682782209428705
0.293909973521624	0.18672689718982052
0.294792586054722	0.18661958771502377
0.29567519858781993	0.18480524932526401
0.2965578111209179	0.18376521021863607
0.2974404236540159	0.18368519713345008
0.29832303618711387	0.1827530763533182
0.2992056487202118	0.1819979697293829
0.3000882612533098	0.18177126547683264
0.30097087378640774	0.18019400799555177
0.30185348631950576	0.17976496169207984
0.3027360988526037	0.1794476886565718
0.3036187113857017	0.17920486118301468
0.30450132391879964	0.1781029569785051
0.3053839364518976	0.1774930028602904
0.3062665489849956	0.17739863704726214
0.30714916151809357	0.17615384816452243
0.30803177405119153	0.17606287169233578
0.3089143865842895	0.17594605622299836
0.30979699911738745	0.1741501693465902
0.3106796116504854	0.17400376050151972
0.3115622241835834	0.17381066385206487
0.3124448367166814	0.17346789578542432
0.31332744924977934	0.17338022380223395
0.3142100617828773	0.17278059396031772
0.31509267431597526	0.1725294853131718
0.3159752868490733	0.17254838829925667
0.31685789938217124	0.17244736056591609
0.3177405119152692	0.17244657531568344
0.31862312444836716	0.17240518078825887
0.3195057369814651	0.17232571073081757
0.32038834951456313	0.17213473460870424
0.3212709620476611	0.17258300214674774
0.32215357458075905	0.17263865513965929
0.323036187113857	0.17260662918350922
0.32391879964695497	0.17153671982955318
0.324801412180053	0.1701505801605275
0.32568402471315094	0.16968826810080107
0.3265666372462489	0.1692375759164943
0.32744924977934686	0.16905063553401353
0.3283318623124448	0.1673301883503518
0.3292144748455428	0.16715526264226382
0.3300970873786408	0.16459148407948568
0.33097969991173876	0.16235902535048422
0.3318623124448367	0.1622488356958294
0.3327449249779347	0.16122624380662182
0.33362753751103263	0.16105335886077332
0.33451015004413065	0.1607723953166714
0.3353927625772286	0.15985082586227037
0.33627537511032657	0.15974889561628408
0.33715798764342453	0.15991520364992284
0.3380406001765225	0.15962872748050014
0.3389232127096205	0.15951747231650987
0.33980582524271846	0.15922288090531012
0.3406884377758164	0.15920107434339428
0.3415710503089144	0.15879109728551216
0.34245366284201234	0.1588292798183846
0.3433362753751103	0.15867057871870113
0.3442188879082083	0.15859463415319958
0.3451015004413063	0.15843774296007773
0.34598411297440423	0.15839756971306648
0.3468667255075022	0.15821917285690226
0.34774933804060015	0.15803302606413194
0.34863195057369817	0.15846188095168726
0.34951456310679613	0.15851392572233639
0.3503971756398941	0.15856254438662234
0.35127978817299205	0.15843308870833533
0.35216240070609	0.15838319477221535
0.353045013239188	0.15830533059693605
0.353927625772286	0.15814831167788182
0.35481023830538394	0.15858159472357464
0.3556928508384819	0.15857430904247818
0.35657546337157986	0.1580715637811519
0.3574580759046778	0.1580070478905771
0.35834068843777583	0.15700873916937316
0.3592233009708738	0.1556467242685455
0.36010591350397175	0.15508175431998175
0.3609885260370697	0.15390638474215534
0.36187113857016767	0.1538167766325986
0.3627537511032657	0.15358272020254043
0.36363636363636365	0.15279247645057878
0.3645189761694616	0.1505955391383502
0.36540158870255957	0.15042217397893975
0.3662842012356575	0.14902431072519773
0.36716681376875554	0.148657079706462
0.3680494263018535	0.14822938347663533
0.36893203883495146	0.1482059221933623
0.3698146513680494	0.1486216470803002
0.3706972639011474	0.1490391236170426
0.3715798764342454	0.14837959670631304
0.37246248896734335	0.14795281770288748
0.3733451015004413	0.14778409526235942
0.37422771403353927	0.1477415596692833
0.37511032656663723	0.14775861781348643
0.3759929390997352	0.14695549525434304
0.3768755516328332	0.14737239027634116
0.37775816416593117	0.14779106183962623
0.3786407766990291	0.1476375379407309
0.3795233892321271	0.14765325598625345
0.38040600176522504	0.1474924210179925
0.38128861429832306	0.14738355372374126
0.382171226831421	0.14780116454575892
0.383053839364519	0.14822466358457198
0.38393645189761694	0.147869884446875
0.3848190644307149	0.14660303776646544
0.3857016769638129	0.14514319250638646
0.38658428949691087	0.14502643582914848
0.38746690203000883	0.14340550692796825
0.3883495145631068	0.14324474450396785
0.38923212709620475	0.14308860092557063
0.3901147396293027	0.14278916964715008
0.3909973521624007	0.14320365199735952
0.3918799646954987	0.142436356729516
0.39276257722859664	0.14159901635678526
0.3936451897616946	0.14100447042530032
0.39452780229479256	0.13915723000920455
0.3954104148278906	0.1377716767275964
0.39629302736098854	0.13671533391092852
0.3971756398940865	0.13633649230059183
0.39805825242718446	0.13614243017196623
0.3989408649602824	0.13367886343748767
0.39982347749338043	0.13257326016904994
0.4007060900264784	0.1322088962071812
0.40158870255957635	0.1317200241066827
0.4024713150926743	0.1310733183854783
0.40335392762577227	0.13084379454001788
0.4042365401588703	0.13059684135052552
0.40511915269196824	0.13054241303850161
0.4060017652250662	0.13043609193608904
0.40688437775816416	0.13038515934911388
0.4077669902912621	0.13002172365985756
0.4086496028243601	0.12950421489474984
0.4095322153574581	0.1298919520650934
0.41041482789055606	0.12986656897041005
0.411297440423654	0.12991788688906986
0.412180052956752	0.13030861737595428
0.41306266548984993	0.13024107137105162
0.41394527802294795	0.13025823331424918
0.4148278905560459	0.13034383653686493
0.41571050308914387	0.13039185735630757
0.4165931156222418	0.13078239977464765
0.4174757281553398	0.13117931145833397
0.4183583406884378	0.1315780327697575
0.41924095322153576	0.13059034816369022
0.4201235657546337	0.1301649294880371
0.4210061782877317	0.13011661787673162
0.42188879082082964	0.12698648000636195
0.4227714033539276	0.12679473577031414
0.4236540158870256	0.12614873300649063
0.4245366284201236	0.1259630527184548
0.42541924095322153	0.12424260629126126
0.4263018534863195	0.12370223630135849
0.42718446601941745	0.12304030699186165
0.42806707855251547	0.12266846106337141
0.4289496910856134	0.12304823958059546
0.4298323036187114	0.12288951835547392
0.43071491615180935	0.12292360257669217
0.4315975286849073	0.1217636127446123
0.4324801412180053	0.12214293864101296
0.4333627537511033	0.12191547259175635
0.43424536628420124	0.12190791648147568
0.4351279788172992	0.12099699111671347
0.43601059135039716	0.12102605424069933
0.4368932038834951	0.12093152223616202
0.43777581641659313	0.1202452991130887
0.4386584289496911	0.1199740015508291
0.43954104148278905	0.11996712281684319
0.440423654015887	0.11959796442224868
0.44130626654898497	0.11997643899320518
0.442188879082083	0.11715722307191942
0.44307149161518095	0.11752915076421122
0.4439541041482789	0.11701028930704838
0.44483671668137686	0.11587060602126291
0.4457193292144748	0.11624020923026215
0.44660194174757284	0.1162548625102754
0.4474845542806708	0.11545028401474439
0.44836716681376876	0.11493791585893481
0.4492497793468667	0.11449164714215408
0.4501323918799647	0.1143637296273689
0.4510150044130627	0.11430897444445808
0.45189761694616065	0.11416790634364896
0.4527802294792586	0.11451593960193832
0.45366284201235657	0.11449890488102149
0.45454545454545453	0.11403191691846379
0.4554280670785525	0.11358118409126991
0.4563106796116505	0.11336485933957371
0.45719329214474846	0.11232979660355863
0.4580759046778464	0.11132714300750075
0.4589585172109444	0.11169095720033571
0.45984112974404234	0.10983476842435695
0.46072374227714036	0.1080518893517643
0.4616063548102383	0.10840135583810087
0.4624889673433363	0.10839953353842591
0.46337157987643424	0.10653438859384261
0.4642541924095322	0.10687058207116822
0.4651368049426302	0.10722387325156878
0.46601941747572817	0.10714475689048804
0.46690203000882613	0.10600915350508919
0.4677846425419241	0.10532471887695415
0.46866725507502205	0.10566968922407192
0.46954986760812	0.1060219215214855
0.470432480141218	0.10637591792055556
0.471315092674316	0.10516088637496766
0.47219770520741394	0.10380732622459381
0.4730803177405119	0.10354584735592608
0.47396293027360986	0.10291790558936889
0.4748455428067079	0.10098702722675658
0.47572815533980584	0.0993907183544232
0.4766107678729038	0.0991081598638908
0.47749338040600176	0.09826350767028319
0.4783759929390997	0.09768751497312156
0.47925860547219773	0.09750614482929883
0.4801412180052957	0.09783779838313997
0.48102383053839365	0.09735404625460846
0.4819064430714916	0.0971216616371692
0.48278905560458957	0.09541643355469306
0.4836716681376876	0.09416595106626989
0.48455428067078554	0.09406256658035096
0.4854368932038835	0.09371416922616822
0.48631950573698146	0.09279452527436369
0.4872021182700794	0.09275407439719133
0.4880847308031774	0.0926024371922393
0.4889673433362754	0.09180681115602363
0.48984995586937335	0.09146663788902797
0.4907325684024713	0.09178423038169821
0.4916151809355693	0.08668756003295044
0.49249779346866723	0.08523904447322848
0.49338040600176525	0.0831039274257645
0.4942630185348632	0.08293159046765566
0.49514563106796117	0.08280454754509774
0.4960282436010591	0.08273083287674723
0.4969108561341571	0.08092284125194975
0.4977934686672551	0.08088554964990506
0.49867608120035306	0.07972276876656262
0.499558693733451	0.07937106425270847
0.500441306266549	0.07928665688769856
0.501323918799647	0.07956781524545636
0.502206531332745	0.07984102391606869
0.5030891438658429	0.08012515567377712
0.5039717563989409	0.08041080685264977
0.5048543689320388	0.08069798830569495
0.5057369814651368	0.08072097117151177
0.5066195939982348	0.081010293648829
0.5075022065313327	0.08130117441597022
0.5083848190644307	0.08159362468365357
0.5092674315975286	0.08188765576359466
0.5101500441306267	0.08218327906960042
0.5110326566637247	0.0816807627862411
0.5119152691968226	0.08171022749585169
0.5127978817299206	0.08200681634338654
0.5136804942630185	0.08227752473565539
0.5145631067961165	0.08187049497211811
0.5154457193292145	0.08014669722348068
0.5163283318623124	0.08043306607066607
0.5172109443954104	0.07698873521771371
0.5180935569285083	0.07696675609346036
0.5189761694616064	0.07629162842055046
0.5198587819947044	0.0762815864048558
0.5207413945278023	0.07603500236655221
0.5216240070609003	0.07431039956424206
0.5225066195939982	0.07414108824436788
0.5233892321270962	0.0736696448397873
0.5242718446601942	0.07351844623703542
0.5251544571932921	0.07306761972996577
0.5260370697263901	0.07270121627535676
0.526919682259488	0.07245690410822114
0.527802294792586	0.07153263683009753
0.5286849073256841	0.07180105197767764
0.529567519858782	0.07057788417051654
0.53045013239188	0.0704444430021525
0.531332744924978	0.07071027108895307
0.5322153574580759	0.07095501750982873
0.5330979699911739	0.07072520805630092
0.5339805825242718	0.07096845822775298
0.5348631950573698	0.07005806172793992
0.5357458075904677	0.06968219323976438
0.5366284201235657	0.0699481558093818
0.5375110326566638	0.06985041318132543
0.5383936451897617	0.07011803928546843
0.5392762577228597	0.06990296157155121
0.5401588702559577	0.06868765105482155
0.5410414827890556	0.0681279767813739
0.5419240953221536	0.06758877872386473
0.5428067078552515	0.06718366625213071
0.5436893203883495	0.0628826154798528
0.5445719329214475	0.06245044706405943
0.5454545454545454	0.06205850000878355
0.5463371579876434	0.05852043420494844
0.5472197705207414	0.058429328042831186
0.5481023830538394	0.05819119880220165
0.5489849955869374	0.058419399581818125
0.5498676081200353	0.058422254664391715
0.5507502206531333	0.05815461184853957
0.5516328331862312	0.05809179692330875
0.5525154457193292	0.057893312534224195
0.5533980582524272	0.05767169190882078
0.5542806707855251	0.05747455119140376
0.5551632833186231	0.057100318812184116
0.556045895851721	0.05732781012219282
0.5569285083848191	0.05692191174393398
0.5578111209179171	0.05623683746886552
0.558693733451015	0.05613832773057448
0.559576345984113	0.056363782862022566
0.560458958517211	0.05658251827744916
0.5613415710503089	0.05681067359308403
0.5622241835834069	0.055906986259881074
0.5631067961165048	0.05544405417847678
0.5639894086496028	0.05533079687023285
0.5648720211827007	0.05555571880872973
0.5657546337157988	0.055194182054578336
0.5666372462488968	0.05481689952082375
0.5675198587819947	0.05471845671867879
0.5684024713150927	0.05494271268883731
0.5692850838481907	0.05468968389901621
0.5701676963812886	0.05459212355258295
0.5710503089143866	0.053954497525407936
0.5719329214474845	0.053391707545022406
0.5728155339805825	0.05319328062791325
0.5736981465136805	0.053148378580827355
0.5745807590467784	0.05336936975995761
0.5754633715798765	0.053583079625294926
0.5763459841129744	0.05178278089010841
0.5772285966460724	0.05199944524529715
0.5781112091791704	0.05062891312795978
0.5789938217122683	0.04997233189713388
0.5798764342453663	0.05018274171564813
0.5807590467784642	0.05034562692386415
0.5816416593115622	0.04985682864956891
0.5825242718446602	0.050006871171318704
0.5834068843777581	0.04987683518729891
0.5842894969108562	0.04907008333416389
0.5851721094439541	0.046145242607183154
0.5860547219770521	0.04631966462514068
0.5869373345101501	0.0465180357798522
0.587819947043248	0.04540015926056888
0.588702559576346	0.04217651675460265
0.589585172109444	0.041783209711810376
0.5904677846425419	0.041484677859372265
0.5913503971756399	0.04166426520941284
0.5922330097087378	0.0418356307757682
0.5931156222418358	0.03975942949179979
0.5939982347749339	0.03563784855532552
0.5948808473080318	0.035316742556668314
0.5957634598411298	0.033191837513254996
0.5966460723742277	0.03281481520038057
0.5975286849073257	0.03291085872969787
0.5984112974404237	0.03274838494398068
0.5992939099735216	0.0323586143479097
0.6001765225066196	0.03248225861034502
0.6010591350397175	0.03262630410307382
0.6019417475728155	0.03250133277101714
0.6028243601059136	0.03264610485462969
0.6037069726390115	0.03188234157041378
0.6045895851721095	0.03202499186826798
0.6054721977052074	0.03191709654312908
0.6063548102383054	0.03206054416804202
0.6072374227714034	0.03220496103366383
0.6081200353045013	0.03235035589160363
0.6090026478375993	0.032282055876737124
0.6098852603706972	0.03242845975826428
0.6107678729037952	0.03230598733654888
0.6116504854368932	0.0315600686209515
0.6125330979699912	0.02697811707269146
0.6134157105030892	0.027091137722805223
0.6142983230361871	0.02685005354591012
0.6151809355692851	0.024311956261934248
0.6160635481023831	0.022687626650741706
0.616946160635481	0.022377525635640758
0.617828773168579	0.022098166299663914
0.6187113857016769	0.02215863872785401
0.6195939982347749	0.02196297956107671
0.6204766107678729	0.021726715554196138
0.6213592233009708	0.021817349728136294
0.6222418358340689	0.02190859516668433
0.6231244483671668	0.021767954609905597
0.6240070609002648	0.021078928766845726
0.6248896734333628	0.021178357676123298
0.6257722859664607	0.02127849175497022
0.6266548984995587	0.02111615757253806
0.6275375110326566	0.02120521452895655
0.6284201235657546	0.021306191740999198
0.6293027360988526	0.021407891940240245
0.6301853486319505	0.02151032204521747
0.6310679611650486	0.021445099516119406
0.6319505736981466	0.02153667171795281
0.6328331862312445	0.02164046290695499
0.6337157987643425	0.021745006206022405
0.6345984112974404	0.02185030889951404
0.6354810238305384	0.021956378360191292
0.6363636363636364	0.017673918767271823
0.6372462488967343	0.017730461175595954
0.6381288614298323	0.017577945344596068
0.6390114739629302	0.017246903200146785
0.6398940864960282	0.017331654567223673
0.6407766990291263	0.01738677352498087
0.6416593115622242	0.017472634134980774
0.6425419240953222	0.01755913232376781
0.6434245366284201	0.016828090759066147
0.6443071491615181	0.016911812603638617
0.6451897616946161	0.01682660127871699
0.646072374227714	0.016113861477950995
0.646954986760812	0.01598673593880334
0.6478375992939099	0.016035585545729984
0.6487202118270079	0.015913801490614776
0.649602824360106	0.015994174225415863
0.6504854368932039	0.015967566508417807
0.6513680494263019	0.016048620145516376
0.6522506619593998	0.01613029251266913
0.6531332744924978	0.016057870837625984
0.6540158870255958	0.016140008284365757
0.6548984995586937	0.01584197795195211
0.6557811120917917	0.015848723779314743
0.6566637246248896	0.015930418231785436
0.6575463371579876	0.01598166718541499
0.6584289496910856	0.01603769676328592
0.6593115622241836	0.016087364362379227
0.6601941747572816	0.01500170017722747
0.6610767872903796	0.015080038037160773
0.6619593998234775	0.01493089725287966
0.6628420123565755	0.015009274666280603
0.6637246248896734	0.01502610756651341
0.6646072374227714	0.013442556841390276
0.6654898499558694	0.01338271375441033
0.6663724624889673	0.013453709583346194
0.6672550750220653	0.013525271868363994
0.6681376875551632	0.013597406651661934
0.6690203000882613	0.013670120056216276
0.6699029126213593	0.013695629247019146
0.6707855251544572	0.013769261662325701
0.6716681376875552	0.012967996259666515
0.6725507502206531	0.012919297420645095
0.6734333627537511	0.012962464588480811
0.6743159752868491	0.012888083418747927
0.675198587819947	0.012928700861854475
0.676081200353045	0.012999349500443843
0.6769638128861429	0.013021922476222908
0.677846425419241	0.013093471500817539
0.678729037952339	0.013150475460892277
0.6796116504854369	0.013155908331927655
0.6804942630185349	0.013228794250664096
0.6813768755516328	0.012320382073382999
0.6822594880847308	0.012389019299418559
0.6831421006178288	0.012458231697739333
0.6840247131509267	0.012243088646778616
0.6849073256840247	0.01231187004367063
0.6857899382171226	0.010300482956757704
0.6866725507502206	0.01013852446413918
0.6875551632833187	0.01019596652909181
0.6884377758164166	0.00969737302107574
0.6893203883495146	0.009752628707805517
0.6902030008826125	0.00959671780306705
0.6910856134157105	0.009651713320563136
0.6919682259488085	0.009517925335285329
0.6928508384819064	0.009241509729684298
0.6937334510150044	0.009294928861069756
0.6946160635481023	0.009348812506641175
0.6954986760812003	0.00931609719905985
0.6963812886142984	0.009046390701079224
0.6972639011473963	0.00902995923710984
0.6981465136804943	0.007879737902375184
0.6990291262135923	0.007926089301800922
0.6999117387466902	0.00795549881702932
0.7007943512797882	0.007692910296722456
0.7016769638128861	0.007684719982140707
0.7025595763459841	0.007576129693552374
0.703442188879082	0.007603592017238116
0.70432480141218	0.007027721387360359
0.705207413945278	0.007069929924221382
0.706090026478376	0.007094429483987757
0.706972639011474	0.00689827357191682
0.707855251544572	0.006880573829214346
0.7087378640776699	0.006807267931888021
0.7096204766107679	0.006848775663180022
0.7105030891438658	0.006872017223885681
0.7113857016769638	0.0068860347776315885
0.7122683142100618	0.006928410376263168
0.7131509267431597	0.00673439454920939
0.7140335392762577	0.006776093586665795
0.7149161518093556	0.0068181811244711725
0.7157987643424537	0.006825187973966084
0.7166813768755517	0.0068087851703506185
0.7175639894086496	0.006851473478628679
0.7184466019417476	0.006845275257767153
0.7193292144748455	0.006868623025399436
0.7202118270079435	0.006823913662151918
0.7210944395410415	0.006867240098102089
0.7219770520741394	0.006910980480892549
0.7228596646072374	0.006955140100578763
0.7237422771403353	0.006999724331992729
0.7246248896734334	0.00699664453683749
0.7255075022065314	0.007041784179010635
0.7263901147396293	0.007087362070136917
0.7272727272727273	0.007133383901761183
0.7281553398058253	0.007179855458124448
0.7290379523389232	0.007194848020038057
0.7299205648720212	0.007242027351316995
0.7308031774051191	0.007136882506813508
0.7316857899382171	0.007126090115277216
0.732568402471315	0.007173282765047263
0.733451015004413	0.0071411633599484485
0.7343336275375111	0.00701702438081178
0.735216240070609	0.006997071366636606
0.736098852603707	0.007044031577150946
0.736981465136805	0.007091466133226036
0.7378640776699029	0.007082506388061965
0.7387466902030009	0.006888447163870911
0.7396293027360988	0.005341096890733676
0.7405119152691968	0.005377554889987831
0.7413945278022948	0.005191921080929433
0.7422771403353927	0.005149147170048157
0.7431597528684908	0.005105660228305078
0.7440423654015887	0.005140993517082276
0.7449249779346867	0.0051766948609509025
0.7458075904677847	0.005067589366369842
0.7466902030008826	0.004973075704783012
0.7475728155339806	0.004860753281805904
0.7484554280670785	0.00489498393872003
0.7493380406001765	0.00482174554985981
0.7502206531332745	0.004855942326809171
0.7511032656663724	0.004890504193903898
0.7519858781994704	0.0049254363667174976
0.7528684907325685	0.004960744154292533
0.7537511032656664	0.004996432961157947
0.7546337157987644	0.005032508289397355
0.7555163283318623	0.005068975740769799
0.7563989408649603	0.005053140096618351
0.7572815533980582	0.005090024330900236
0.7581641659311562	0.0047877507731522275
0.7590467784642542	0.0047039969834087435
0.7599293909973521	0.004738712828304749
0.7608120035304501	0.0047054803881372105
0.7616946160635482	0.004524760200100968
0.7625772285966461	0.004408256117183598
0.7634598411297441	0.004441276762256134
0.764342453662842	0.0043080547811476235
0.76522506619594	0.004340568402137417
0.766107678729038	0.004373451496093004
0.7669902912621359	0.004169547182855167
0.7678729037952339	0.004128813165762053
0.7687555163283318	0.004160451580825363
0.7696381288614298	0.0041629826112584735
0.7705207413945278	0.004140679140679142
0.7714033539276258	0.004142847166102981
0.7722859664607238	0.00417508722187032
0.7731685789938217	0.004045577983138785
0.7740511915269197	0.0040773080065359514
0.7749338040600177	0.004063095054294687
0.7758164165931156	0.004064091790897682
0.7766990291262136	0.003941066984545249
0.7775816416593115	0.003940850355192988
0.7784642541924095	0.003863479415670654
0.7793468667255075	0.0038623828647925064
0.7802294792586054	0.0038179600120913787
0.7811120917917035	0.00384887466805973
0.7819947043248014	0.0038801663320276953
0.7828773168578994	0.0038786571539184806
0.7837599293909974	0.0035558157689305247
0.7846425419240953	0.0034614000764577584
0.7855251544571933	0.0034900066886598886
0.7864077669902912	0.003518969399769099
0.7872903795233892	0.0035482941447671753
0.7881729920564872	0.003543119479311949
0.7890556045895851	0.0033543124362715826
0.7899382171226832	0.003382618870332946
0.7908208296557812	0.00337552742616034
0.7917034421888791	0.0034042553191489383
0.7925860547219771	0.003396981269321697
0.793468667255075	0.0034261399068266046
0.794351279788173	0.0034556755956785578
0.795233892321271	0.003485594864905212
0.7961165048543689	0.0035159043854696053
0.7969991173874669	0.0035466109739889905
0.7978817299205648	0.0035777215965678414
0.7987643424536628	0.003609243372749056
0.7996469549867609	0.003641183579587543
0.8005295675198588	0.003673549655850543
0.8014121800529568	0.003517857142857144
0.8022947925860547	0.0035093689942344666
0.8031774051191527	0.0035409849311194615
0.8040600176522507	0.003532265296971181
0.8049426301853486	0.0034889620183737842
0.8058252427184466	0.003479313684793138
0.8067078552515445	0.003403013419351235
0.8075904677846425	0.0032969743091080758
0.8084730803177406	0.003327501849007225
0.8093556928508385	0.003358455354579385
0.8102383053839365	0.003389842787799753
0.8111209179170344	0.0033558568440758773
0.8120035304501324	0.003387515870906782
0.8128861429832304	0.003419625026081254
0.8137687555163283	0.0034521928834725037
0.8146513680494263	0.003485228222070327
0.8155339805825242	0.0033653846153846143
0.8164165931156222	0.003397900408769973
0.8172992056487202	0.0031064834357362845
0.8181818181818182	0.0031367905912068825
0.8190644307149162	0.0031675434401402833
0.8199470432480142	0.003110209601081811
0.8208296557811121	0.0031410037555479674
0.8217122683142101	0.0031722575242598876
0.822594880847308	0.0032039800995024865
0.823477493380406	0.0032361809045226117
0.824360105913504	0.0032688696005278906
0.8252427184466019	0.003302056093934265
0.8261253309796999	0.00333575054387237
0.8270079435127978	0.0033699633699633687
0.8278905560458959	0.0034047052603753624
0.8287731685789939	0.0034399871801719982
0.8296557811120918	0.0034758203799654564
0.8305383936451898	0.0035122164048865608
0.8314210061782877	0.003494075502893358
0.8323036187113857	0.0035310498468393197
0.8331862312444837	0.0035686142069120785
0.8340688437775816	0.0036067812037774484
0.8349514563106796	0.003645563797366453
0.8358340688437775	0.0034573282960379727
0.8367166813768756	0.003436153544849196
0.8375992939099736	0.003473707135503286
0.8384819064430715	0.0035118797413879375
0.8393645189761695	0.0034596158905551167
0.8402471315092674	0.0033445876816042557
0.8411297440423654	0.0031957376370784192
0.8420123565754634	0.0031061034042642235
0.8428949691085613	0.0030777206458029163
0.8437775816416593	0.0031126947440506766
0.8446601941747572	0.003148268398268399
0.8455428067078552	0.0031844553913519436
0.8464254192409533	0.003055167984408567
0.8473080317740512	0.0030234798584039078
0.8481906443071492	0.0029568430119225717
0.8490732568402471	0.0029916294002981314
0.8499558693733451	0.003027033298526512
0.8508384819064431	0.003063069409223256
0.851721094439541	0.0030997528752019776
0.852603706972639	0.002885794675708823
0.853486319505737	0.00238529877084094
0.8543689320388349	0.0023404779502340482
0.855251544571933	0.0023691954710958157
0.8561341571050309	0.002398444797899468
0.8570167696381289	0.002428239143214989
0.8578993821712269	0.0024585921325051764
0.8587819947043248	0.0024895178197064994
0.8596646072374228	0.0025210307035002525
0.8605472197705207	0.0024322072616840013
0.8614298323036187	0.0024633894060645655
0.8623124448367167	0.0024951750758202373
0.8631950573698146	0.0025275799469347856
0.8640776699029126	0.0025606202076790315
0.8649602824360106	0.0025943125788327028
0.8658428949691086	0.002628674334843732
0.8667255075022066	0.0026637233259749816
0.8676081200353045	0.0026994780014914246
0.8684907325684025	0.002735957433944011
0.8693733451015004	0.002773181344609916
0.8702559576345984	0.0028111701301525177
0.8711385701676964	0.0028499448905684147
0.8720211827007943	0.002889527458492976
0.8729037952338923	0.00292994042994043
0.8737864077669902	0.002872714140319774
0.8746690203000883	0.002813571737755136
0.8755516328331863	0.0028537656197230666
0.8764342453662842	0.00289482699554642
0.8773168578993822	0.002936781009974629
0.8781994704324801	0.002979653725448711
0.8790820829655781	0.002916129955631888
0.8799646954986761	0.0027959331880900505
0.880847308031774	0.0028376635341809467
0.881729920564872	0.0028803351662738935
0.8826125330979699	0.002810055441634389
0.883495145631068	0.0028529570514303337
0.884377758164166	0.002779408886279115
0.8852603706972639	0.0028225004969191013
0.8861429832303619	0.002866602067183462
0.8870255957634599	0.0029117454068241467
0.8879082082965578	0.0029579635878848472
0.8887908208296558	0.003005291005291005
0.8896734333627537	0.003053763440860215
0.8905560458958517	0.0031034181309555027
0.8914386584289496	0.003154293838020347
0.8923212709620476	0.0030709479293681975
0.8932038834951457	0.0031221303948576673
0.8940864960282436	0.003174603174603174
0.8949691085613416	0.003228410008071025
0.8958517210944396	0.003283596503935487
0.8967343336275375	0.003192848020434227
0.8976169461606355	0.0030234882558720635
0.8984995586937334	0.003076531909483854
0.8993821712268314	0.003130983801687108
0.9002647837599294	0.0031868942267172353
0.9011473962930273	0.003244315744315744
0.9020300088261254	0.003303303303303303
0.9029126213592233	0.0033639143730886845
0.9037952338923213	0.003426209083701438
0.9046778464254193	0.003490250374985577
0.9055604589585172	0.0033797684123905245
0.9064430714916152	0.0034441449535789156
0.9073256840247131	0.0031135531135531138
0.9082082965578111	0.0024271844660194173
0.9090909090909091	0.002474776318294308
0.909973521624007	0.0025237817899437004
0.910856134157105	0.0025742574257425744
0.911738746690203	0.0026262626262626263
0.912621359223301	0.0026798598227169654
0.913503971756399	0.00273511466442247
0.9143865842894969	0.0027920962199312715
0.9152691968225949	0.0028508771929824563
0.9161518093556928	0.002015677491601344
0.9170344218887908	0.002059025394646534
0.9179170344218888	0.0018700327255726976
0.9187996469549867	0.0019111323459149545
0.9196822594880847	0.0019536019536019536
0.9205648720211828	0.0019975031210986267
0.9214474845542807	0.0020429009193054137
0.9223300970873787	0.0020898641588296763
0.9232127096204766	0.0021384656508954825
0.9240953221535746	0.002188782489740082
0.9249779346866726	0.002240896358543417
0.9258605472197705	0.002294893861158921
0.9267431597528685	0.0023508668821627977
0.9276257722859664	0.0021077988557663355
0.9285083848190644	0.001851851851851852
0.9293909973521624	0.0018987341772151898
0.9302736098852604	0.0016228497241155468
0.9311562224183584	0.001665001665001665
0.9320388349514563	0.0017088174982911825
0.9329214474845543	0.0017543859649122807
0.9338040600176523	0.0018018018018018018
0.9346866725507502	0.0018511662347278786
0.9355692850838482	0.001902587519025875
0.9364518976169461	0.0019561815336463224
0.9373345101500441	0.002012072434607646
0.9382171226831421	0.002070393374741201
0.93909973521624	0.002131287297527707
0.9399823477493381	0.0021949078138718174
0.940864960282436	0.002261420171867933
0.941747572815534	0.002331002331002331
0.942630185348632	0.0019230769230769232
0.9435127978817299	0.001984126984126984
0.9443954104148279	0.002048131080389145
0.9452780229479258	0.0021152829190904283
0.9461606354810238	0.002185792349726776
0.9470432480141218	0.0022598870056497176
0.9479258605472197	0.0017533606078316774
0.9488084730803178	0.0018148820326678765
0.9496910856134158	0.0018796992481203006
0.9505736981465137	0.001948051948051948
0.9514563106796117	0.00202020202020202
0.9523389232127096	0.0020964360587002098
0.9532215357458076	0.0021770682148040637
0.9541041482789056	0.0022624434389140274
0.9549867608120035	0.002352941176470588
0.9558693733451015	0.0024489795918367346
0.9567519858781994	0.002551020408163265
0.9576345984112974	0.0026595744680851063
0.9585172109443955	0.0027752081406105457
0.9593998234774934	0.002898550724637681
0.9602824360105914	0.0030303030303030303
0.9611650485436893	0.003171247357293869
0.9620476610767873	0.0022148394241417496
0.9629302736098853	0.0023228803716608595
0.9638128861429832	0.0012195121951219512
0.9646954986760812	0.001282051282051282
0.9655781112091791	0.001349527665317139
0.9664607237422771	0.001422475106685633
0.9673433362753752	0.0015015015015015015
0.9682259488084731	0.0015873015873015873
0.9691085613415711	0.0
0.969991173874669	0.0
0.970873786407767	0.0
0.971756398940865	0.0
0.9726390114739629	0.0
0.9735216240070609	0.0
0.9744042365401588	0.0
0.9752868490732568	0.0
0.9761694616063548	0.0
0.9770520741394528	0.0
0.9779346866725508	0.0
0.9788172992056487	0.0
0.9796999117387467	0.0
0.9805825242718447	0.0
0.9814651368049426	0.0
0.9823477493380406	0.0
0.9832303618711385	0.0
0.9841129744042365	0.0
0.9849955869373345	0.0
0.9858781994704324	0.0
0.9867608120035305	0.0
0.9876434245366285	0.0
0.9885260370697264	0.0
0.9894086496028244	0.0
0.9902912621359223	0.0
0.9911738746690203	0.0
0.9920564872021183	0.0
0.9929390997352162	0.0
0.9938217122683142	0.0
0.9947043248014121	0.0
0.9955869373345102	0.0
0.9964695498676082	0.0
0.9973521624007061	0.0
0.9982347749338041	0.0
0.999117387466902	0.0
1.0	0.0
