seed	Spearman	Pearson
1	0.1656148592352583	-0.019426841881959634
2	0.1656148592352583	-0.019426841881959634
3	0.1656148592352583	-0.019426841881959634
4	0.1656148592352583	-0.019426841881959634
5	0.1656148592352583	-0.019426841881959634
6	0.1656148592352583	-0.019426841881959634
7	0.1656148592352583	-0.019426841881959634
8	0.1656148592352583	-0.019426841881959634
9	0.1656148592352583	-0.019426841881959634
10	0.1656148592352583	-0.019426841881959634
11	0.1656148592352583	-0.019426841881959634
12	0.1656148592352583	-0.019426841881959634
13	0.1656148592352583	-0.019426841881959634
14	0.1656148592352583	-0.019426841881959634
15	0.1656148592352583	-0.019426841881959634
16	0.1656148592352583	-0.019426841881959634
17	0.1656148592352583	-0.019426841881959634
18	0.1656148592352583	-0.019426841881959634
19	0.1656148592352583	-0.019426841881959634
20	0.1656148592352583	-0.019426841881959634
21	0.1656148592352583	-0.019426841881959634
22	0.1656148592352583	-0.019426841881959634
23	0.1656148592352583	-0.019426841881959634
24	0.1656148592352583	-0.019426841881959634
25	0.1656148592352583	-0.019426841881959634
26	0.1656148592352583	-0.019426841881959634
27	0.1656148592352583	-0.019426841881959634
28	0.1656148592352583	-0.019426841881959634
29	0.1656148592352583	-0.019426841881959634
30	0.1656148592352583	-0.019426841881959634
31	0.1656148592352583	-0.019426841881959634
32	0.1656148592352583	-0.019426841881959634
33	0.1656148592352583	-0.019426841881959634
34	0.1656148592352583	-0.019426841881959634
35	0.1656148592352583	-0.019426841881959634
36	0.1656148592352583	-0.019426841881959634
37	0.1656148592352583	-0.019426841881959634
38	0.1656148592352583	-0.019426841881959634
39	0.1656148592352583	-0.019426841881959634
40	0.1656148592352583	-0.019426841881959634
41	0.1656148592352583	-0.019426841881959634
42	0.1656148592352583	-0.019426841881959634
43	0.1656148592352583	-0.019426841881959634
44	0.1656148592352583	-0.019426841881959634
45	0.1656148592352583	-0.019426841881959634
46	0.1656148592352583	-0.019426841881959634
47	0.1656148592352583	-0.019426841881959634
48	0.1656148592352583	-0.019426841881959634
49	0.1656148592352583	-0.019426841881959634
50	0.1656148592352583	-0.019426841881959634
51	0.1656148592352583	-0.019426841881959634
52	0.1656148592352583	-0.019426841881959634
53	0.1656148592352583	-0.019426841881959634
54	0.1656148592352583	-0.019426841881959634
55	0.1656148592352583	-0.019426841881959634
56	0.1656148592352583	-0.019426841881959634
57	0.1656148592352583	-0.019426841881959634
58	0.1656148592352583	-0.019426841881959634
59	0.1656148592352583	-0.019426841881959634
60	0.1656148592352583	-0.019426841881959634
61	0.1656148592352583	-0.019426841881959634
62	0.1656148592352583	-0.019426841881959634
63	0.1656148592352583	-0.019426841881959634
64	0.1656148592352583	-0.019426841881959634
65	0.1656148592352583	-0.019426841881959634
66	0.1656148592352583	-0.019426841881959634
67	0.1656148592352583	-0.019426841881959634
68	0.1656148592352583	-0.019426841881959634
69	0.1656148592352583	-0.019426841881959634
70	0.1656148592352583	-0.019426841881959634
71	0.1656148592352583	-0.019426841881959634
72	0.1656148592352583	-0.019426841881959634
73	0.1656148592352583	-0.019426841881959634
74	0.1656148592352583	-0.019426841881959634
75	0.1656148592352583	-0.019426841881959634
76	0.1656148592352583	-0.019426841881959634
77	0.1656148592352583	-0.019426841881959634
78	0.1656148592352583	-0.019426841881959634
79	0.1656148592352583	-0.019426841881959634
80	0.1656148592352583	-0.019426841881959634
81	0.1656148592352583	-0.019426841881959634
82	0.1656148592352583	-0.019426841881959634
83	0.1656148592352583	-0.019426841881959634
84	0.1656148592352583	-0.019426841881959634
85	0.1656148592352583	-0.019426841881959634
86	0.1656148592352583	-0.019426841881959634
87	0.1656148592352583	-0.019426841881959634
88	0.1656148592352583	-0.019426841881959634
89	0.1656148592352583	-0.019426841881959634
90	0.1656148592352583	-0.019426841881959634
91	0.1656148592352583	-0.019426841881959634
92	0.1656148592352583	-0.019426841881959634
93	0.1656148592352583	-0.019426841881959634
94	0.1656148592352583	-0.019426841881959634
95	0.1656148592352583	-0.019426841881959634
96	0.1656148592352583	-0.019426841881959634
97	0.1656148592352583	-0.019426841881959634
98	0.1656148592352583	-0.019426841881959634
99	0.1656148592352583	-0.019426841881959634
100	0.1656148592352583	-0.019426841881959634
