seed	Spearman	Pearson
1	-0.16861330691231033	-0.7150495652719702
2	-0.16861330691231033	-0.7150495652719702
3	-0.16861330691231033	-0.7150495652719702
4	-0.16861330691231033	-0.7150495652719702
5	-0.16861330691231033	-0.7150495652719702
6	-0.16861330691231033	-0.7150495652719702
7	-0.16861330691231033	-0.7150495652719702
8	-0.16861330691231033	-0.7150495652719702
9	-0.16861330691231033	-0.7150495652719702
10	-0.16861330691231033	-0.7150495652719702
11	-0.16861330691231033	-0.7150495652719702
12	-0.16861330691231033	-0.7150495652719702
13	-0.16861330691231033	-0.7150495652719702
14	-0.16861330691231033	-0.7150495652719702
15	-0.16861330691231033	-0.7150495652719702
16	-0.16861330691231033	-0.7150495652719702
17	-0.16861330691231033	-0.7150495652719702
18	-0.16861330691231033	-0.7150495652719702
19	-0.16861330691231033	-0.7150495652719702
20	-0.16861330691231033	-0.7150495652719702
21	-0.16861330691231033	-0.7150495652719702
22	-0.16861330691231033	-0.7150495652719702
23	-0.16861330691231033	-0.7150495652719702
24	-0.16861330691231033	-0.7150495652719702
25	-0.16861330691231033	-0.7150495652719702
26	-0.16861330691231033	-0.7150495652719702
27	-0.16861330691231033	-0.7150495652719702
28	-0.16861330691231033	-0.7150495652719702
29	-0.16861330691231033	-0.7150495652719702
30	-0.16861330691231033	-0.7150495652719702
31	-0.16861330691231033	-0.7150495652719702
32	-0.16861330691231033	-0.7150495652719702
33	-0.16861330691231033	-0.7150495652719702
34	-0.16861330691231033	-0.7150495652719702
35	-0.16861330691231033	-0.7150495652719702
36	-0.16861330691231033	-0.7150495652719702
37	-0.16861330691231033	-0.7150495652719702
38	-0.16861330691231033	-0.7150495652719702
39	-0.16861330691231033	-0.7150495652719702
40	-0.16861330691231033	-0.7150495652719702
41	-0.16861330691231033	-0.7150495652719702
42	-0.16861330691231033	-0.7150495652719702
43	-0.16861330691231033	-0.7150495652719702
44	-0.16861330691231033	-0.7150495652719702
45	-0.16861330691231033	-0.7150495652719702
46	-0.16861330691231033	-0.7150495652719702
47	-0.16861330691231033	-0.7150495652719702
48	-0.16861330691231033	-0.7150495652719702
49	-0.16861330691231033	-0.7150495652719702
50	-0.16861330691231033	-0.7150495652719702
51	-0.16861330691231033	-0.7150495652719702
52	-0.16861330691231033	-0.7150495652719702
53	-0.16861330691231033	-0.7150495652719702
54	-0.16861330691231033	-0.7150495652719702
55	-0.16861330691231033	-0.7150495652719702
56	-0.16861330691231033	-0.7150495652719702
57	-0.16861330691231033	-0.7150495652719702
58	-0.16861330691231033	-0.7150495652719702
59	-0.16861330691231033	-0.7150495652719702
60	-0.16861330691231033	-0.7150495652719702
61	-0.16861330691231033	-0.7150495652719702
62	-0.16861330691231033	-0.7150495652719702
63	-0.16861330691231033	-0.7150495652719702
64	-0.16861330691231033	-0.7150495652719702
65	-0.16861330691231033	-0.7150495652719702
66	-0.16861330691231033	-0.7150495652719702
67	-0.16861330691231033	-0.7150495652719702
68	-0.16861330691231033	-0.7150495652719702
69	-0.16861330691231033	-0.7150495652719702
70	-0.16861330691231033	-0.7150495652719702
71	-0.16861330691231033	-0.7150495652719702
72	-0.16861330691231033	-0.7150495652719702
73	-0.16861330691231033	-0.7150495652719702
74	-0.16861330691231033	-0.7150495652719702
75	-0.16861330691231033	-0.7150495652719702
76	-0.16861330691231033	-0.7150495652719702
77	-0.16861330691231033	-0.7150495652719702
78	-0.16861330691231033	-0.7150495652719702
79	-0.16861330691231033	-0.7150495652719702
80	-0.16861330691231033	-0.7150495652719702
81	-0.16861330691231033	-0.7150495652719702
82	-0.16861330691231033	-0.7150495652719702
83	-0.16861330691231033	-0.7150495652719702
84	-0.16861330691231033	-0.7150495652719702
85	-0.16861330691231033	-0.7150495652719702
86	-0.16861330691231033	-0.7150495652719702
87	-0.16861330691231033	-0.7150495652719702
88	-0.16861330691231033	-0.7150495652719702
89	-0.16861330691231033	-0.7150495652719702
90	-0.16861330691231033	-0.7150495652719702
91	-0.16861330691231033	-0.7150495652719702
92	-0.16861330691231033	-0.7150495652719702
93	-0.16861330691231033	-0.7150495652719702
94	-0.16861330691231033	-0.7150495652719702
95	-0.16861330691231033	-0.7150495652719702
96	-0.16861330691231033	-0.7150495652719702
97	-0.16861330691231033	-0.7150495652719702
98	-0.16861330691231033	-0.7150495652719702
99	-0.16861330691231033	-0.7150495652719702
100	-0.16861330691231033	-0.7150495652719702
