seed	Spearman	Pearson
1	0.17893019418166797	0.8459729431586638
2	0.17893019418166797	0.8459729431586638
3	0.17893019418166797	0.8459729431586638
4	0.17893019418166797	0.8459729431586638
5	0.17893019418166797	0.8459729431586638
6	0.17893019418166797	0.8459729431586638
7	0.17893019418166797	0.8459729431586638
8	0.17893019418166797	0.8459729431586638
9	0.17893019418166797	0.8459729431586638
10	0.17893019418166797	0.8459729431586638
11	0.17893019418166797	0.8459729431586638
12	0.17893019418166797	0.8459729431586638
13	0.17893019418166797	0.8459729431586638
14	0.17893019418166797	0.8459729431586638
15	0.17893019418166797	0.8459729431586638
16	0.17893019418166797	0.8459729431586638
17	0.17893019418166797	0.8459729431586638
18	0.17893019418166797	0.8459729431586638
19	0.17893019418166797	0.8459729431586638
20	0.17893019418166797	0.8459729431586638
21	0.17893019418166797	0.8459729431586638
22	0.17893019418166797	0.8459729431586638
23	0.17893019418166797	0.8459729431586638
24	0.17893019418166797	0.8459729431586638
25	0.17893019418166797	0.8459729431586638
26	0.17893019418166797	0.8459729431586638
27	0.17893019418166797	0.8459729431586638
28	0.17893019418166797	0.8459729431586638
29	0.17893019418166797	0.8459729431586638
30	0.17893019418166797	0.8459729431586638
31	0.17893019418166797	0.8459729431586638
32	0.17893019418166797	0.8459729431586638
33	0.17893019418166797	0.8459729431586638
34	0.17893019418166797	0.8459729431586638
35	0.17893019418166797	0.8459729431586638
36	0.17893019418166797	0.8459729431586638
37	0.17893019418166797	0.8459729431586638
38	0.17893019418166797	0.8459729431586638
39	0.17893019418166797	0.8459729431586638
40	0.17893019418166797	0.8459729431586638
41	0.17893019418166797	0.8459729431586638
42	0.17893019418166797	0.8459729431586638
43	0.17893019418166797	0.8459729431586638
44	0.17893019418166797	0.8459729431586638
45	0.17893019418166797	0.8459729431586638
46	0.17893019418166797	0.8459729431586638
47	0.17893019418166797	0.8459729431586638
48	0.17893019418166797	0.8459729431586638
49	0.17893019418166797	0.8459729431586638
50	0.17893019418166797	0.8459729431586638
51	0.17893019418166797	0.8459729431586638
52	0.17893019418166797	0.8459729431586638
53	0.17893019418166797	0.8459729431586638
54	0.17893019418166797	0.8459729431586638
55	0.17893019418166797	0.8459729431586638
56	0.17893019418166797	0.8459729431586638
57	0.17893019418166797	0.8459729431586638
58	0.17893019418166797	0.8459729431586638
59	0.17893019418166797	0.8459729431586638
60	0.17893019418166797	0.8459729431586638
61	0.17893019418166797	0.8459729431586638
62	0.17893019418166797	0.8459729431586638
63	0.17893019418166797	0.8459729431586638
64	0.17893019418166797	0.8459729431586638
65	0.17893019418166797	0.8459729431586638
66	0.17893019418166797	0.8459729431586638
67	0.17893019418166797	0.8459729431586638
68	0.17893019418166797	0.8459729431586638
69	0.17893019418166797	0.8459729431586638
70	0.17893019418166797	0.8459729431586638
71	0.17893019418166797	0.8459729431586638
72	0.17893019418166797	0.8459729431586638
73	0.17893019418166797	0.8459729431586638
74	0.17893019418166797	0.8459729431586638
75	0.17893019418166797	0.8459729431586638
76	0.17893019418166797	0.8459729431586638
77	0.17893019418166797	0.8459729431586638
78	0.17893019418166797	0.8459729431586638
79	0.17893019418166797	0.8459729431586638
80	0.17893019418166797	0.8459729431586638
81	0.17893019418166797	0.8459729431586638
82	0.17893019418166797	0.8459729431586638
83	0.17893019418166797	0.8459729431586638
84	0.17893019418166797	0.8459729431586638
85	0.17893019418166797	0.8459729431586638
86	0.17893019418166797	0.8459729431586638
87	0.17893019418166797	0.8459729431586638
88	0.17893019418166797	0.8459729431586638
89	0.17893019418166797	0.8459729431586638
90	0.17893019418166797	0.8459729431586638
91	0.17893019418166797	0.8459729431586638
92	0.17893019418166797	0.8459729431586638
93	0.17893019418166797	0.8459729431586638
94	0.17893019418166797	0.8459729431586638
95	0.17893019418166797	0.8459729431586638
96	0.17893019418166797	0.8459729431586638
97	0.17893019418166797	0.8459729431586638
98	0.17893019418166797	0.8459729431586638
99	0.17893019418166797	0.8459729431586638
100	0.17893019418166797	0.8459729431586638
