Fraction_of_nodes	Efficiency
0.0005592841163310962	0.3131742172180294
0.0011185682326621924	0.3132607874618954
0.0016778523489932886	0.3136119766855074
0.0022371364653243847	0.3139637568051771
0.002796420581655481	0.3143161291472704
0.003355704697986577	0.3146690950418771
0.0039149888143176735	0.31392785027124764
0.0044742729306487695	0.31402453958443555
0.0050335570469798654	0.3130981514204642
0.005592841163310962	0.31314314163970464
0.006152125279642058	0.31321054250639085
0.006711409395973154	0.3132076835224438
0.00727069351230425	0.31320405810422103
0.007829977628635347	0.3131983389364438
0.008389261744966443	0.3132441255972069
0.008948545861297539	0.3132408118227129
0.009507829977628635	0.3132313206041164
0.010067114093959731	0.31322028776545624
0.010626398210290829	0.31325318554701614
0.011185682326621925	0.3132342078047347
0.01174496644295302	0.31084596987603497
0.012304250559284116	0.3109012131993085
0.012863534675615212	0.3109494847685585
0.013422818791946308	0.3109759926532064
0.013982102908277404	0.3110348755064141
0.0145413870246085	0.31109401394600106
0.015100671140939598	0.3111534087292831
0.015659955257270694	0.31121306061605974
0.01621923937360179	0.3112729703685459
0.016778523489932886	0.31131708693327703
0.017337807606263984	0.3113654618628231
0.017897091722595078	0.311414069499231
0.018456375838926176	0.31140724899736655
0.01901565995525727	0.31143461127855965
0.019574944071588368	0.31093596902399984
0.020134228187919462	0.31093786036825394
0.02069351230425056	0.31098153726362726
0.021252796420581657	0.31099646761690575
0.02181208053691275	0.31100100554186544
0.02237136465324385	0.3110132093498437
0.022930648769574943	0.311034119599768
0.02348993288590604	0.3110427014811073
0.024049217002237135	0.3110586974781787
0.024608501118568233	0.3110765849928699
0.025167785234899327	0.3110922186380968
0.025727069351230425	0.3108383370062988
0.026286353467561523	0.31087539842202166
0.026845637583892617	0.3108819709852961
0.027404921700223715	0.31091135279427895
0.02796420581655481	0.3083719897505447
0.028523489932885907	0.30838703463699996
0.029082774049217	0.30836813298843563
0.0296420581655481	0.3083615250093741
0.030201342281879196	0.3083440477025122
0.03076062639821029	0.3083195381373716
0.03131991051454139	0.3086757709948383
0.031879194630872486	0.30903262159714445
0.03243847874720358	0.309390091373428
0.032997762863534674	0.30974818175696206
0.03355704697986577	0.3097918657838383
0.03411633109619687	0.3097857165363203
0.03467561521252797	0.3097796807997731
0.03523489932885906	0.30980551515452315
0.035794183445190156	0.30982669248431166
0.036353467561521254	0.30981043246765233
0.03691275167785235	0.3098086424142853
0.03747203579418344	0.30979048230146095
0.03803131991051454	0.3097691681404207
0.03859060402684564	0.30973394584939706
0.039149888143176735	0.3068250870883919
0.03970917225950783	0.30517464363741287
0.040268456375838924	0.30553053243465766
0.04082774049217002	0.3026556161110947
0.04138702460850112	0.3026684796930116
0.04194630872483222	0.3026675560994368
0.042505592841163314	0.30266824767167366
0.043064876957494405	0.3027890088701569
0.0436241610738255	0.30259795474061835
0.0441834451901566	0.3025979646809748
0.0447427293064877	0.3025959263689005
0.04530201342281879	0.3026709226411305
0.04586129753914989	0.30302596184657465
0.046420581655480984	0.30297591609241586
0.04697986577181208	0.30296851069071734
0.04753914988814318	0.30288495112221187
0.04809843400447427	0.30324107687309043
0.04865771812080537	0.30359783108117644
0.049217002237136466	0.3035525205009105
0.049776286353467564	0.3019343015323655
0.050335570469798654	0.30193020116295444
0.05089485458612975	0.30106202884524186
0.05145413870246085	0.3010234774098418
0.05201342281879195	0.3010011780488015
0.052572706935123045	0.300990055065038
0.053131991051454136	0.300985880322176
0.053691275167785234	0.30096983229640606
0.05425055928411633	0.3013260096127332
0.05480984340044743	0.30168281957083
0.05536912751677853	0.30204026366984754
0.05592841163310962	0.3021205785978377
0.056487695749440715	0.30215295658769925
0.05704697986577181	0.30218508141313716
0.05760626398210291	0.30216198413511686
0.058165548098434	0.3021022496508929
0.0587248322147651	0.3021077500690557
0.0592841163310962	0.30218919417802437
0.059843400447427295	0.3021971950106626
0.06040268456375839	0.30220388531103387
0.06096196868008948	0.3022107319767212
0.06152125279642058	0.30221773555289244
0.06208053691275168	0.3022248965866611
0.06263982102908278	0.3021545753592763
0.06319910514541387	0.3021658809699601
0.06375838926174497	0.3021506106491945
0.06431767337807606	0.3022101278446668
0.06487695749440715	0.30219333175628676
0.06543624161073826	0.30218956849956097
0.06599552572706935	0.3021910043507861
0.06655480984340045	0.30225481962894496
0.06711409395973154	0.30227119691149096
0.06767337807606263	0.3022493362332596
0.06823266219239374	0.30174903871198855
0.06879194630872483	0.3017898019502109
0.06935123042505593	0.30186527334724256
0.06991051454138703	0.3018954057989917
0.07046979865771812	0.30191897235109144
0.07102908277404922	0.30191821253331264
0.07158836689038031	0.3019264639916298
0.07214765100671142	0.3019348793838751
0.07270693512304251	0.3019434592856185
0.0732662192393736	0.30193211478562065
0.0738255033557047	0.3019410011640699
0.0743847874720358	0.30198219617375177
0.07494407158836688	0.3019969651611044
0.07550335570469799	0.3020119149365582
0.07606263982102908	0.3020110360659013
0.07662192393736018	0.301982793371204
0.07718120805369127	0.3019816459866448
0.07774049217002237	0.30195002575971397
0.07829977628635347	0.301955940555136
0.07885906040268456	0.30118820483251124
0.07941834451901567	0.3011691632687305
0.07997762863534676	0.30111385107187233
0.08053691275167785	0.30063755829786104
0.08109619686800895	0.3006416738469543
0.08165548098434004	0.300637820686494
0.08221476510067115	0.300663930558015
0.08277404921700224	0.30069025248817505
0.08333333333333333	0.300666033053848
0.08389261744966443	0.30064097430522185
0.08445190156599552	0.3010085060586512
0.08501118568232663	0.300996022328037
0.08557046979865772	0.30102582736335165
0.08612975391498881	0.30098470884859946
0.08668903803131991	0.30096932939108084
0.087248322147651	0.3009952805508838
0.0878076062639821	0.30102135019187914
0.0883668903803132	0.30104763374083426
0.08892617449664429	0.3010741319271895
0.0894854586129754	0.30110084548290456
0.09004474272930649	0.30112777514261796
0.09060402684563758	0.30103457663397337
0.09116331096196868	0.30101859252242064
0.09172259507829977	0.30092493730409703
0.09228187919463088	0.300895585995947
0.09284116331096197	0.29795844539154753
0.09340044742729306	0.297929112092026
0.09395973154362416	0.2949476754245473
0.09451901565995526	0.2949591693525125
0.09507829977628636	0.2949556640828406
0.09563758389261745	0.29493732379468135
0.09619686800894854	0.29493371388003925
0.09675615212527965	0.29451244976804936
0.09731543624161074	0.29388117801541114
0.09787472035794184	0.2938537628279334
0.09843400447427293	0.293793211679609
0.09899328859060402	0.2937804152083257
0.09955257270693513	0.2938145032314524
0.10011185682326622	0.2938488354614788
0.10067114093959731	0.2938834127310359
0.10123042505592841	0.2939182358757837
0.1017897091722595	0.29395330573440065
0.10234899328859061	0.29241233688913765
0.1029082774049217	0.2923604708105643
0.10346756152125279	0.29233309167247173
0.1040268456375839	0.29232314022029493
0.10458612975391499	0.29235425933596065
0.10514541387024609	0.2923382716569203
0.10570469798657718	0.2923020136030754
0.10626398210290827	0.292245484315131
0.10682326621923938	0.2918111326950194
0.10738255033557047	0.29119395465226783
0.10794183445190157	0.2912061767369241
0.10850111856823266	0.2912083190670456
0.10906040268456375	0.29031686182949895
0.10961968680089486	0.29032702746483785
0.11017897091722595	0.29033105642883245
0.11073825503355705	0.29032584266066364
0.11129753914988814	0.2903505083229514
0.11185682326621924	0.2900082200385699
0.11241610738255034	0.2898866419178668
0.11297539149888143	0.28991424649035
0.11353467561521252	0.2899358186422168
0.11409395973154363	0.28995761287140703
0.11465324384787472	0.28997962996850624
0.11521252796420582	0.29000187072701533
0.11577181208053691	0.2894295014065014
0.116331096196868	0.28936741800867766
0.11689038031319911	0.28935803882423433
0.1174496644295302	0.2893111574420152
0.1180089485458613	0.28917104008951683
0.1185682326621924	0.28918363022945576
0.11912751677852348	0.2891632741946016
0.11968680089485459	0.28915769416754394
0.12024608501118568	0.28909085580036925
0.12080536912751678	0.2890351061136724
0.12136465324384788	0.2889861443150141
0.12192393736017897	0.2889896067790598
0.12248322147651007	0.2886775192954077
0.12304250559284116	0.28642975795759246
0.12360178970917227	0.2863916929727707
0.12416107382550336	0.2863548636646008
0.12472035794183445	0.28633509172281535
0.12527964205816555	0.28597350037900104
0.12583892617449666	0.2859456179888197
0.12639821029082773	0.2858979519068125
0.12695749440715884	0.2839866857050192
0.12751677852348994	0.28394445532023826
0.12807606263982102	0.2828276024572601
0.12863534675615212	0.28283511605212525
0.12919463087248323	0.28247485668769295
0.1297539149888143	0.2824626677068536
0.1303131991051454	0.28150206728588656
0.13087248322147652	0.28147426460892855
0.13143176733780762	0.27952818992111766
0.1319910514541387	0.279482558024502
0.1325503355704698	0.2792600776654175
0.1331096196868009	0.27847912583428136
0.13366890380313198	0.2783566364768624
0.1342281879194631	0.2783520663405391
0.1347874720357942	0.27835273162456425
0.13534675615212527	0.278353584221494
0.13590604026845637	0.2783546248575545
0.13646532438478748	0.2783558542617925
0.13702460850111856	0.2783572731660868
0.13758389261744966	0.278358882305181
0.13814317673378076	0.27729652698721535
0.13870246085011187	0.2772625597143657
0.13926174496644295	0.2772536004252462
0.13982102908277405	0.27724480626848574
0.14038031319910516	0.27695353270462403
0.14093959731543623	0.27694849953692474
0.14149888143176734	0.2769119052597428
0.14205816554809844	0.2769281388113138
0.14261744966442952	0.2769446047270775
0.14317673378076062	0.276932743885543
0.14373601789709173	0.27692104248314403
0.14429530201342283	0.2765366304715749
0.1448545861297539	0.27644174131868654
0.14541387024608501	0.27635310491243636
0.14597315436241612	0.2755493424605028
0.1465324384787472	0.2755190296200803
0.1470917225950783	0.27552315534442084
0.1476510067114094	0.27552748533495075
0.14821029082774048	0.27491480675250024
0.1487695749440716	0.2749016337317711
0.1493288590604027	0.274888620762268
0.14988814317673377	0.27492383239310386
0.15044742729306487	0.2749479861387213
0.15100671140939598	0.27497239905246035
0.15156599552572708	0.2747874657737785
0.15212527964205816	0.2747309080563273
0.15268456375838926	0.2726985275605976
0.15324384787472037	0.2726621424856414
0.15380313199105144	0.270276173609028
0.15436241610738255	0.2706339183788613
0.15492170022371365	0.2709923738998929
0.15548098434004473	0.2713515420561552
0.15604026845637584	0.27135940018542093
0.15659955257270694	0.2712528727136711
0.15715883668903805	0.2712142636611881
0.15771812080536912	0.2711080064090436
0.15827740492170023	0.27109577101485005
0.15883668903803133	0.27101827159645486
0.1593959731543624	0.27096107333216335
0.1599552572706935	0.2709376726798708
0.16051454138702462	0.27089290434751945
0.1610738255033557	0.2709036173405278
0.1616331096196868	0.27086297347746685
0.1621923937360179	0.26825400749202394
0.16275167785234898	0.2681932304148907
0.16331096196868009	0.26777948054178824
0.1638702460850112	0.2674764046773051
0.1644295302013423	0.26744200296193565
0.16498881431767337	0.26737795636313916
0.16554809843400448	0.26773661224021916
0.16610738255033558	0.2677817922499979
0.16666666666666666	0.2678273030072433
0.16722595078299776	0.2678731457232677
0.16778523489932887	0.2678551582608608
0.16834451901565994	0.26679613736612734
0.16890380313199105	0.2667776126369221
0.16946308724832215	0.26671699677412525
0.17002237136465326	0.26668357351663335
0.17058165548098433	0.2666513188332294
0.17114093959731544	0.26661012943504975
0.17170022371364654	0.2665357774459357
0.17225950782997762	0.2665124905197899
0.17281879194630873	0.26650552445466386
0.17337807606263983	0.26517016583049524
0.1739373601789709	0.26516603165074043
0.174496644295302	0.2650828375218221
0.17505592841163312	0.26497567135947087
0.1756152125279642	0.2642964319305196
0.1761744966442953	0.26294046809464444
0.1767337807606264	0.26233213875711014
0.1772930648769575	0.26202136184897656
0.17785234899328858	0.2619714118411807
0.1784116331096197	0.2619616534628121
0.1789709172259508	0.26195208953299376
0.17953020134228187	0.26194205882941535
0.18008948545861297	0.261858464320946
0.18064876957494408	0.26183352908511986
0.18120805369127516	0.2618031298022627
0.18176733780760626	0.2607115591581674
0.18232662192393737	0.2600680561087456
0.18288590604026847	0.255846405002757
0.18344519015659955	0.25619711974573545
0.18400447427293065	0.2561593377122359
0.18456375838926176	0.25651096343318613
0.18512304250559283	0.2564639053506932
0.18568232662192394	0.2563993115855503
0.18624161073825504	0.25631885734644777
0.18680089485458612	0.2563177742319746
0.18736017897091722	0.25568466811804696
0.18791946308724833	0.2556760855160929
0.1884787472035794	0.2556785256086506
0.1890380313199105	0.2546277030730984
0.18959731543624161	0.2546308123720985
0.19015659955257272	0.25461934642810996
0.1907158836689038	0.254971517031745
0.1912751677852349	0.2553244187854221
0.191834451901566	0.2556780537144878
0.19239373601789708	0.25603242385130626
0.1929530201342282	0.2563875312352886
0.1935123042505593	0.2567433779129226
0.19407158836689037	0.25709996593780166
0.19463087248322147	0.25745729737065476
0.19519015659955258	0.2578153742793761
0.19574944071588368	0.25817419873905517
0.19630872483221476	0.25853377283200646
0.19686800894854586	0.2588940986478002
0.19742729306487697	0.2580721852186831
0.19798657718120805	0.2580235054635756
0.19854586129753915	0.25797022717578827
0.19910514541387025	0.2565296363720127
0.19966442953020133	0.25648780331275944
0.20022371364653244	0.25636932426755005
0.20078299776286354	0.2567283849457959
0.20134228187919462	0.25708820048180964
0.20190156599552572	0.2571202469735817
0.20246085011185683	0.25715262250095827
0.20302013422818793	0.2564975309480914
0.203579418344519	0.25646312642865265
0.2041387024608501	0.25647221070164467
0.20469798657718122	0.2564126147912485
0.2052572706935123	0.25633632983173926
0.2058165548098434	0.25643754307030525
0.2063758389261745	0.2563713969771764
0.20693512304250558	0.2563165574214624
0.20749440715883669	0.2566785864573684
0.2080536912751678	0.256111458337239
0.2086129753914989	0.25600808759847576
0.20917225950782997	0.25594611733174233
0.20973154362416108	0.2547915422230584
0.21029082774049218	0.2547656976815949
0.21085011185682326	0.25472168488470553
0.21140939597315436	0.2545678990662755
0.21196868008948547	0.25461518840266456
0.21252796420581654	0.251925490031978
0.21308724832214765	0.251929234375611
0.21364653243847875	0.25190598908857154
0.21420581655480983	0.2519005247359386
0.21476510067114093	0.2513823588904255
0.21532438478747204	0.25125052590828184
0.21588366890380314	0.2516091990359168
0.21644295302013422	0.2508766101204733
0.21700223713646533	0.25085892283512345
0.21756152125279643	0.2508624187887487
0.2181208053691275	0.24899761206496185
0.2186800894854586	0.2443300298892733
0.21923937360178972	0.24402127022712605
0.2197986577181208	0.24399435862483287
0.2203579418344519	0.2436580230903387
0.220917225950783	0.24360852485059262
0.2214765100671141	0.2429950805508095
0.22203579418344518	0.24303211220712992
0.2225950782997763	0.2430695167344876
0.2231543624161074	0.24341976099491194
0.22371364653243847	0.2426878120257349
0.22427293064876958	0.24180530417950363
0.22483221476510068	0.2417386563088237
0.22539149888143176	0.24137650614400114
0.22595078299776286	0.24132530308637462
0.22651006711409397	0.2413153178930044
0.22706935123042504	0.24119978649531243
0.22762863534675615	0.24108419169781567
0.22818791946308725	0.24096853358891965
0.22874720357941836	0.24092451415007862
0.22930648769574943	0.24087205131364256
0.22986577181208054	0.24071500837699986
0.23042505592841164	0.23966472310067308
0.23098434004474272	0.23959366200754545
0.23154362416107382	0.23951768712094346
0.23210290827740493	0.23905977156820216
0.232662192393736	0.23901766350443943
0.2332214765100671	0.23896363324897507
0.23378076062639822	0.23891960846471744
0.23434004474272932	0.23891401579962535
0.2348993288590604	0.2388264887634811
0.2354586129753915	0.2381905462647541
0.2360178970917226	0.2380505138125114
0.23657718120805368	0.23801840057560802
0.2371364653243848	0.23759013914319352
0.2376957494407159	0.23765341767555193
0.23825503355704697	0.23774967885017476
0.23881431767337807	0.2376815240962335
0.23937360178970918	0.23760795694775075
0.23993288590604026	0.23743028326368326
0.24049217002237136	0.2354913336619075
0.24105145413870246	0.23545479976752084
0.24161073825503357	0.23534433895496865
0.24217002237136465	0.23533008085682552
0.24272930648769575	0.23533183540359662
0.24328859060402686	0.23524795622111422
0.24384787472035793	0.2344457478455693
0.24440715883668904	0.23446699417411349
0.24496644295302014	0.23448314767875217
0.24552572706935122	0.2344996411595533
0.24608501118568232	0.2343706931215075
0.24664429530201343	0.23434385707019514
0.24720357941834453	0.23430016812143772
0.2477628635346756	0.23074955837892205
0.2483221476510067	0.23109319137725254
0.24888143176733782	0.23143759255665233
0.2494407158836689	0.23178276420848926
0.25	0.2300373368826117
0.2505592841163311	0.2288953901413597
0.2511185682326622	0.22882626223991445
0.2516778523489933	0.22916856031357175
0.25223713646532436	0.229511627020628
0.25279642058165547	0.2298554646641046
0.2533557046979866	0.23020007555565497
0.2539149888143177	0.23054546201560344
0.2544742729306488	0.23052870495480082
0.2550335570469799	0.23025092452341597
0.25559284116331094	0.2302472742668872
0.25615212527964204	0.2301593959145065
0.25671140939597314	0.23009626233360297
0.25727069351230425	0.23002179652427543
0.25782997762863535	0.23000636103408603
0.25838926174496646	0.22991844029821942
0.25894854586129756	0.22816642927978217
0.2595078299776286	0.22811628737472464
0.2600671140939597	0.22611861991686433
0.2606263982102908	0.2261262741619209
0.2611856823266219	0.22610067220884444
0.26174496644295303	0.22604159706994956
0.26230425055928414	0.22598861638135767
0.26286353467561524	0.22571981190671125
0.2634228187919463	0.22549694131855494
0.2639821029082774	0.2255408233573521
0.2645413870246085	0.2223285499245745
0.2651006711409396	0.22198885205998514
0.2656599552572707	0.2218369870081406
0.2662192393736018	0.22174058437195557
0.26677852348993286	0.2216387767697262
0.26733780760626397	0.22162019562912516
0.26789709172259507	0.22168680921047093
0.2684563758389262	0.22202603921691388
0.2690156599552573	0.2223660484653318
0.2695749440715884	0.2227068393442059
0.2701342281879195	0.22304841425117553
0.27069351230425054	0.22138828378306769
0.27125279642058164	0.21924514930963665
0.27181208053691275	0.2190663595272146
0.27237136465324385	0.2189350809864491
0.27293064876957496	0.21897758162063224
0.27348993288590606	0.21749214185900845
0.2740492170022371	0.2172816895297452
0.2746085011185682	0.2172654214686959
0.2751677852348993	0.21713666009455132
0.2757270693512304	0.2170775225306103
0.27628635346756153	0.21698128294577423
0.27684563758389263	0.21658264989594211
0.27740492170022374	0.2169181768516291
0.2779642058165548	0.21725448410256185
0.2785234899328859	0.21759157407013757
0.279082774049217	0.2179294491851533
0.2796420581655481	0.21666463962875257
0.2802013422818792	0.216154821556041
0.2807606263982103	0.21506068020452132
0.28131991051454136	0.214972018728734
0.28187919463087246	0.20980428234730913
0.28243847874720357	0.2097518652105665
0.2829977628635347	0.20964144404177099
0.2835570469798658	0.2095886621295936
0.2841163310961969	0.20654214977895988
0.284675615212528	0.20660528240937492
0.28523489932885904	0.2065430577452869
0.28579418344519014	0.20646934166878186
0.28635346756152125	0.20642177740327383
0.28691275167785235	0.2059627339292434
0.28747203579418346	0.20628632031404975
0.28803131991051456	0.20661066987429197
0.28859060402684567	0.20386809511536216
0.2891498881431767	0.20355040984172185
0.2897091722595078	0.2038712142701564
0.2902684563758389	0.20378061732079686
0.29082774049217003	0.20377594709767405
0.29138702460850113	0.20380405298618226
0.29194630872483224	0.20290855915548348
0.2925055928411633	0.2028190167336534
0.2930648769574944	0.20282524309742037
0.2936241610738255	0.20283186209259466
0.2941834451901566	0.20283887556389602
0.2947427293064877	0.20275963244062586
0.2953020134228188	0.20243018536872565
0.2958612975391499	0.20228073886131498
0.29642058165548096	0.20222745164641404
0.29697986577181207	0.20227815735020135
0.2975391498881432	0.2022746175464473
0.2980984340044743	0.2025972245919759
0.2986577181208054	0.20253209366662317
0.2992170022371365	0.2025058141980554
0.29977628635346754	0.20282637216621885
0.30033557046979864	0.20288919872540678
0.30089485458612975	0.20295260717734193
0.30145413870246085	0.2027746292968505
0.30201342281879195	0.20267595694093793
0.30257270693512306	0.20258207371098913
0.30313199105145416	0.2024882721780175
0.3036912751677852	0.20238916278434835
0.3042505592841163	0.20236948675758887
0.3048098434004474	0.20235013291669907
0.3053691275167785	0.20188930785722897
0.30592841163310963	0.19986856712482112
0.30648769574944074	0.19983848530684087
0.3070469798657718	0.19980635064345673
0.3076062639821029	0.1997673724412602
0.308165548098434	0.19863804140191585
0.3087248322147651	0.1985378744216759
0.3092841163310962	0.19840777658678868
0.3098434004474273	0.19753351494408752
0.3104026845637584	0.19750931348167372
0.31096196868008946	0.19757143644226668
0.31152125279642057	0.19749770093686247
0.31208053691275167	0.1974763079997887
0.3126398210290828	0.1973576919756564
0.3131991051454139	0.19691611065169695
0.313758389261745	0.1961841918725918
0.3143176733780761	0.19612382980299806
0.31487695749440714	0.19447781846451262
0.31543624161073824	0.19443439942203053
0.31599552572706935	0.19441900815032317
0.31655480984340045	0.19363445614152688
0.31711409395973156	0.1935299273205428
0.31767337807606266	0.19336852853839326
0.3182326621923937	0.19324716969285505
0.3187919463087248	0.19298694303467906
0.3193512304250559	0.1929115036994692
0.319910514541387	0.19287483602569042
0.32046979865771813	0.19169149611839476
0.32102908277404923	0.19200755794216787
0.32158836689038034	0.19191958862090613
0.3221476510067114	0.19172062085184305
0.3227069351230425	0.1909067802484019
0.3232662192393736	0.19098129226058985
0.3238255033557047	0.18866109052090918
0.3243847874720358	0.1886060632102012
0.3249440715883669	0.1884867228310527
0.32550335570469796	0.18807027211909536
0.32606263982102907	0.18838268120899418
0.32662192393736017	0.1882808992609881
0.3271812080536913	0.18859417862747893
0.3277404921700224	0.18890824054026406
0.3282997762863535	0.18870573985087688
0.3288590604026846	0.1886919641280058
0.32941834451901564	0.1886318652184819
0.32997762863534674	0.18842219021835663
0.33053691275167785	0.18843261805133601
0.33109619686800895	0.18846573065447692
0.33165548098434006	0.18772337444518805
0.33221476510067116	0.18765322612778815
0.3327740492170022	0.1870329019371527
0.3333333333333333	0.18647796797195795
0.3338926174496644	0.185417425983123
0.3344519015659955	0.1831088718287212
0.33501118568232663	0.18341713592270895
0.33557046979865773	0.18322385374122313
0.33612975391498884	0.18214071969451287
0.3366890380313199	0.182004664628131
0.337248322147651	0.18195440264004836
0.3378076062639821	0.1808627283254466
0.3383668903803132	0.1807720719420245
0.3389261744966443	0.18071009571983815
0.3394854586129754	0.1806772055230522
0.3400447427293065	0.18070048329113483
0.34060402684563756	0.18079744639367698
0.34116331096196867	0.1807550828408297
0.3417225950782998	0.1810624894443005
0.3422818791946309	0.18137068091569505
0.342841163310962	0.18167965992918006
0.3434004474272931	0.18198942917032104
0.34395973154362414	0.1822999913361407
0.34451901565995524	0.18261134913517765
0.34507829977628635	0.18292350528754547
0.34563758389261745	0.1832364625249921
0.34619686800894856	0.18304930617738396
0.34675615212527966	0.1829772068709701
0.34731543624161076	0.18285946282519291
0.3478747203579418	0.18214354274072395
0.3484340044742729	0.1824565041543678
0.348993288590604	0.18228435923666114
0.3495525727069351	0.1810105532752208
0.35011185682326623	0.18092443548620132
0.35067114093959734	0.1805556367694271
0.3512304250559284	0.18045903151346912
0.3517897091722595	0.18036256858939798
0.3523489932885906	0.18026624916794867
0.3529082774049217	0.18017007442667693
0.3534675615212528	0.18007687129003566
0.3540268456375839	0.1799052800147301
0.354586129753915	0.17968719693542093
0.35514541387024606	0.17931920291632528
0.35570469798657717	0.17899023461615463
0.35626398210290827	0.1778590686743676
0.3568232662192394	0.1760919285146209
0.3573825503355705	0.17602958068695074
0.3579418344519016	0.1763365197988722
0.35850111856823264	0.17664426241632222
0.35906040268456374	0.17695281134630705
0.35961968680089484	0.17657590758645977
0.36017897091722595	0.1732476801366188
0.36073825503355705	0.17182728404068884
0.36129753914988816	0.17151360799661977
0.36185682326621926	0.17116988149962625
0.3624161073825503	0.1714689029017635
0.3629753914988814	0.1717702542249652
0.3635346756152125	0.17071068341503337
0.3640939597315436	0.1705456043784024
0.36465324384787473	0.17048642115409351
0.36521252796420584	0.1707871026728838
0.36577181208053694	0.17069267505741242
0.366331096196868	0.17070354918094494
0.3668903803131991	0.1705763558336628
0.3674496644295302	0.17046078123974412
0.3680089485458613	0.17033329901372665
0.3685682326621924	0.16980453181004582
0.3691275167785235	0.1698123658814979
0.36968680089485456	0.16969482063765046
0.37024608501118567	0.16922141471976823
0.37080536912751677	0.1674484287216641
0.3713646532438479	0.16699777780318223
0.371923937360179	0.16694922357505299
0.3724832214765101	0.1669010256091341
0.3730425055928412	0.1668531860460086
0.37360178970917224	0.1660570206820473
0.37416107382550334	0.16602256741592505
0.37472035794183445	0.16601927808323658
0.37527964205816555	0.16576061998033964
0.37583892617449666	0.1657374578424096
0.37639821029082776	0.16571475071701747
0.3769574944071588	0.16569250116915069
0.3775167785234899	0.16350897312283572
0.378076062639821	0.1632362516969599
0.3786353467561521	0.16318553156612464
0.37919463087248323	0.1631169718102377
0.37975391498881433	0.1630020640442568
0.38031319910514544	0.16278400337962975
0.3808724832214765	0.16266113191666054
0.3814317673378076	0.16256191351127441
0.3819910514541387	0.16172358522899535
0.3825503355704698	0.16118707355400635
0.3831096196868009	0.16106222264414993
0.383668903803132	0.16099153415904754
0.38422818791946306	0.16102396818381165
0.38478747203579416	0.1604295271375426
0.38534675615212527	0.1603624752774775
0.3859060402684564	0.15845824765196856
0.3864653243847875	0.1587474050381948
0.3870246085011186	0.15867238253575963
0.3875838926174497	0.15852776506291763
0.38814317673378074	0.1583831892455313
0.38870246085011184	0.1548246083174096
0.38926174496644295	0.15510842978086956
0.38982102908277405	0.15521793735750045
0.39038031319910516	0.15263846642040615
0.39093959731543626	0.15255868846212559
0.39149888143176736	0.15243792202534248
0.3920581655480984	0.15227224127243455
0.3926174496644295	0.1525529274314621
0.3931767337807606	0.15218551566079147
0.39373601789709173	0.15208742993362565
0.39429530201342283	0.15199189765828497
0.39485458612975394	0.15143735093782226
0.395413870246085	0.15140108609472197
0.3959731543624161	0.15133304033680461
0.3965324384787472	0.1512602056525115
0.3970917225950783	0.15116381512503185
0.3976510067114094	0.15103358336747746
0.3982102908277405	0.15069802717329112
0.3987695749440716	0.1502566120577242
0.39932885906040266	0.14797913403710464
0.39988814317673377	0.1478547860515623
0.4004474272930649	0.1477305868647175
0.401006711409396	0.14661533396599355
0.4015659955257271	0.14653995964678362
0.4021252796420582	0.1465043969847977
0.40268456375838924	0.14652508855875102
0.40324384787472034	0.14658482266463987
0.40380313199105144	0.14664540382815305
0.40436241610738255	0.14651948606508905
0.40492170022371365	0.14636584899874472
0.40548098434004476	0.14664149089893067
0.40604026845637586	0.14647049179578941
0.4065995525727069	0.14590510052219952
0.407158836689038	0.14540980209362153
0.4077181208053691	0.14524347391239908
0.4082774049217002	0.14515856965882704
0.40883668903803133	0.14316764136642032
0.40939597315436244	0.143115387612583
0.4099552572706935	0.14282799712026512
0.4105145413870246	0.1427138115094503
0.4110738255033557	0.14298513054273826
0.4116331096196868	0.1416004342206171
0.4121923937360179	0.14086365067446158
0.412751677852349	0.14079590175451817
0.4133109619686801	0.14020579180510065
0.41387024608501116	0.14047361566719255
0.41442953020134227	0.1400173139556845
0.41498881431767337	0.14028528967617385
0.4155480984340045	0.140554035441837
0.4161073825503356	0.1408235542058674
0.4166666666666667	0.14109384893562912
0.4172259507829978	0.1413649226127389
0.41778523489932884	0.14128417601094273
0.41834451901565994	0.1395674309516672
0.41890380313199105	0.1398363470035972
0.41946308724832215	0.13759384514416895
0.42002237136465326	0.13739759158727266
0.42058165548098436	0.13723705367602584
0.4211409395973154	0.13750250252259458
0.4217002237136465	0.1377687222757845
0.4222595078299776	0.13803571592360578
0.4228187919463087	0.13830348646855942
0.42337807606263983	0.13758786531901507
0.42393736017897093	0.13749449587404589
0.42449664429530204	0.13740144833470397
0.4250559284116331	0.13766902661773162
0.4256152125279642	0.13723892244324687
0.4261744966442953	0.13520877403600853
0.4267337807606264	0.13547094818499256
0.4272930648769575	0.1354247824064177
0.4278523489932886	0.13531438441635035
0.42841163310961966	0.13518809394959255
0.42897091722595077	0.13511597605846606
0.42953020134228187	0.13431606550803002
0.430089485458613	0.1342883646272434
0.4306487695749441	0.13411611128246093
0.4312080536912752	0.13438011937553662
0.4317673378076063	0.1343099150254866
0.43232662192393734	0.13424014422165198
0.43288590604026844	0.13387531074377862
0.43344519015659955	0.134139886456711
0.43400447427293065	0.1339867315410012
0.43456375838926176	0.13387647390172688
0.43512304250559286	0.13377624707422203
0.4356823266219239	0.13370735899492703
0.436241610738255	0.13315321729913113
0.4368008948545861	0.133066904052319
0.4373601789709172	0.13260333099101118
0.43791946308724833	0.13155004842203075
0.43847874720357943	0.13147840329488422
0.43903803131991054	0.1284520465328592
0.4395973154362416	0.12820576013508436
0.4401565995525727	0.12813399903432363
0.4407158836689038	0.1276607175604426
0.4412751677852349	0.12749262576667764
0.441834451901566	0.12553027872003739
0.4423937360178971	0.12324009898650269
0.4429530201342282	0.12312837330035557
0.44351230425055926	0.12300416877930644
0.44407158836689037	0.12324785880215579
0.4446308724832215	0.12349634238845045
0.4451901565995526	0.12339252795143657
0.4457494407158837	0.12331400145014111
0.4463087248322148	0.12355928719216326
0.44686800894854584	0.12298672779589194
0.44742729306487694	0.12285954784789924
0.44798657718120805	0.12250623860136987
0.44854586129753915	0.12206200114891037
0.44910514541387025	0.1215077224072392
0.44966442953020136	0.1212308395877764
0.45022371364653246	0.11854325385133849
0.4507829977628635	0.11712739709251176
0.4513422818791946	0.11703302546081124
0.4519015659955257	0.11649500262069122
0.4524608501118568	0.11630892079506362
0.45302013422818793	0.11621862484469576
0.45357941834451904	0.11645677776445948
0.4541387024608501	0.11669566346243786
0.4546979865771812	0.11693528494798701
0.4552572706935123	0.11717564524592737
0.4558165548098434	0.11741674739663917
0.4563758389261745	0.11732072618685946
0.4569351230425056	0.11711491342710602
0.4574944071588367	0.11708411284955748
0.45805369127516776	0.11732602217362682
0.45861297539149887	0.1175633404312184
0.45917225950782997	0.11780246069644497
0.4597315436241611	0.11804339264601055
0.4602908277404922	0.11787807781359798
0.4608501118568233	0.11785448085319222
0.46140939597315433	0.11809950056390571
0.46196868008948544	0.11778408543572137
0.46252796420581654	0.11694893441649466
0.46308724832214765	0.11684498487116429
0.46364653243847875	0.1167260661734764
0.46420581655480986	0.11514844164394648
0.46476510067114096	0.11242695588300344
0.465324384787472	0.11227237838044468
0.4658836689038031	0.11216893443220015
0.4664429530201342	0.11196517806521915
0.4670022371364653	0.11184894592444052
0.46756152125279643	0.11208416978548034
0.46812080536912754	0.11232013645871293
0.46868008948545864	0.11255684907506427
0.4692393736017897	0.11246929180991272
0.4697986577181208	0.11239546013860931
0.4703579418344519	0.11210967633016877
0.470917225950783	0.11234470827488356
0.4714765100671141	0.11258272672461848
0.4720357941834452	0.11179655853018322
0.47259507829977626	0.11119409394846125
0.47315436241610737	0.11095102650767281
0.47371364653243847	0.11088612539700492
0.4742729306487696	0.11079667451084795
0.4748322147651007	0.11045049785362797
0.4753914988814318	0.10859985381828777
0.4759507829977629	0.1082658678136406
0.47651006711409394	0.108497452557627
0.47706935123042504	0.1074890861889443
0.47762863534675615	0.10771950223650903
0.47818791946308725	0.1079506599666303
0.47874720357941836	0.10792071933294647
0.47930648769574946	0.10815280690140443
0.4798657718120805	0.10806156688577122
0.4804250559284116	0.10793783859933824
0.4809843400447427	0.10783845337373166
0.4815436241610738	0.1063072239069536
0.48210290827740493	0.10653707736404971
0.48266219239373603	0.10636473055280064
0.48322147651006714	0.10619144749391604
0.4837807606263982	0.10603337133167086
0.4843400447427293	0.10577787310648055
0.4848993288590604	0.10504776002716387
0.4854586129753915	0.10214827215938929
0.4860178970917226	0.10132222613761392
0.4865771812080537	0.1015432124541627
0.48713646532438476	0.10176254149327463
0.48769574944071586	0.10198497327795937
0.48825503355704697	0.10220813514508839
0.4888143176733781	0.10067052424065641
0.4893736017897092	0.09994517163240343
0.4899328859060403	0.09962209616647415
0.4904921700223714	0.09851129064154908
0.49105145413870244	0.0987280371556119
0.49161073825503354	0.09894549979251853
0.49217002237136465	0.09891267601824709
0.49272930648769575	0.09888068343472345
0.49328859060402686	0.09755686536149749
0.49384787472035796	0.09739904629969973
0.49440715883668906	0.09607394896414438
0.4949664429530201	0.09523531232407985
0.4955257270693512	0.09497154754531292
0.4960850111856823	0.09518259542874696
0.4966442953020134	0.09539434758765407
0.49720357941834453	0.09524829377573839
0.49776286353467564	0.09510554418519412
0.4983221476510067	0.09502992420505595
0.4988814317673378	0.09460112437723156
0.4994407158836689	0.09443599898564363
0.5	0.09423653795721944
0.5005592841163311	0.09444783064322218
0.5011185682326622	0.0942423665181327
0.5016778523489933	0.0941904814071632
0.5022371364653244	0.09407210275716048
0.5027964205816555	0.0938869845785243
0.5033557046979866	0.0940986801469088
0.5039149888143176	0.09395990182412561
0.5044742729306487	0.09417224058531008
0.5050335570469798	0.09398187348043079
0.5055928411633109	0.0929143402042089
0.506152125279642	0.09275881037917615
0.5067114093959731	0.09272810580995491
0.5072706935123042	0.0925633816100414
0.5078299776286354	0.09246956759127625
0.5083892617449665	0.09234385391289028
0.5089485458612976	0.09228079238253845
0.5095078299776287	0.09082701937422523
0.5100671140939598	0.09074996997612642
0.5106263982102909	0.09068703384054701
0.5111856823266219	0.09062488207424886
0.511744966442953	0.08883193476135659
0.5123042505592841	0.08903591164944237
0.5128635346756152	0.08924059190610777
0.5134228187919463	0.08770590098824407
0.5139821029082774	0.08743795961677141
0.5145413870246085	0.08723728298869532
0.5151006711409396	0.08437259796205279
0.5156599552572707	0.0841981535070006
0.5162192393736018	0.08439305664011866
0.5167785234899329	0.08456986128620958
0.517337807606264	0.07900999286631326
0.5178970917225951	0.07873914656800071
0.5184563758389261	0.07809896438493494
0.5190156599552572	0.07797116642652428
0.5195749440715883	0.07791712429445467
0.5201342281879194	0.07771986519142778
0.5206935123042505	0.07748872510111277
0.5212527964205816	0.07766998527678788
0.5218120805369127	0.07784503447741692
0.5223713646532439	0.0779927786089628
0.522930648769575	0.07788537499006934
0.5234899328859061	0.07806841934962297
0.5240492170022372	0.07759153464506766
0.5246085011185683	0.07757145167416649
0.5251677852348994	0.07755244740734771
0.5257270693512305	0.07724623604431931
0.5262863534675615	0.0774288512595541
0.5268456375838926	0.07596267825551618
0.5274049217002237	0.07505629952135232
0.5279642058165548	0.07523436903385848
0.5285234899328859	0.07541307299830946
0.529082774049217	0.07559241443231257
0.5296420581655481	0.07549494643711775
0.5302013422818792	0.07538071155925329
0.5307606263982103	0.07502752255127111
0.5313199105145414	0.0744502301497755
0.5318791946308725	0.07462834074821995
0.5324384787472036	0.07480709126498215
0.5329977628635347	0.07497643293044637
0.5335570469798657	0.0738939571240155
0.5341163310961968	0.07381239775924173
0.5346756152125279	0.07333408058258394
0.535234899328859	0.07319878076182632
0.5357941834451901	0.0733681094290617
0.5363534675615212	0.07354532708468746
0.5369127516778524	0.07372318760968066
0.5374720357941835	0.07390169411721015
0.5380313199105146	0.07223353917574409
0.5385906040268457	0.07148961884431294
0.5391498881431768	0.07124712248087697
0.5397091722595079	0.07030157260300224
0.540268456375839	0.07047283100154791
0.54082774049217	0.07037580812867139
0.5413870246085011	0.0705476660239795
0.5419463087248322	0.07072015420496722
0.5425055928411633	0.07067781358762394
0.5430648769574944	0.06916335853952783
0.5436241610738255	0.06910170073211634
0.5441834451901566	0.06892800708743009
0.5447427293064877	0.06881817192107298
0.5453020134228188	0.0686548318389057
0.5458612975391499	0.0684870356773893
0.546420581655481	0.06755786920597007
0.5469798657718121	0.06736283272100348
0.5475391498881432	0.06715407827434375
0.5480984340044742	0.06673204124061048
0.5486577181208053	0.0668945546000835
0.5492170022371364	0.06679026882209652
0.5497762863534675	0.0656575275648641
0.5503355704697986	0.0658210581441041
0.5508948545861297	0.06594741610667963
0.5514541387024608	0.06579546430756036
0.552013422818792	0.06530904908826289
0.5525727069351231	0.06543810803466693
0.5531319910514542	0.06535297648291444
0.5536912751677853	0.06534664009164366
0.5542505592841164	0.06551082762956237
0.5548098434004475	0.06567563474309586
0.5553691275167785	0.0649063469556355
0.5559284116331096	0.06507004518250975
0.5564876957494407	0.06445877044792633
0.5570469798657718	0.06390587410892924
0.5576062639821029	0.06406766113198982
0.558165548098434	0.0642300633148339
0.5587248322147651	0.06439308378009997
0.5592841163310962	0.06455672567026542
0.5598434004474273	0.0647209921477979
0.5604026845637584	0.06488588639530822
0.5609619686800895	0.06505141161570441
0.5615212527964206	0.06521757103234734
0.5620805369127517	0.06538436788920755
0.5626398210290827	0.06529022136214596
0.5631991051454138	0.0651520770214441
0.5637583892617449	0.06531605654837457
0.564317673378076	0.06081670667833238
0.5648769574944071	0.06051491325085019
0.5654362416107382	0.06044569684111623
0.5659955257270693	0.06059836016252862
0.5665548098434005	0.060498618725411776
0.5671140939597316	0.056185302073433044
0.5676733780760627	0.05633085985082536
0.5682326621923938	0.056220607185575346
0.5687919463087249	0.05118941436499933
0.569351230425056	0.05105830028862141
0.569910514541387	0.050316349944783866
0.5704697986577181	0.05024956249435236
0.5710290827740492	0.05038076239642639
0.5715883668903803	0.050512476807920315
0.5721476510067114	0.05045583347985073
0.5727069351230425	0.050296049182741616
0.5732662192393736	0.048028286422378635
0.5738255033557047	0.048154510565407226
0.5743847874720358	0.04828123296163198
0.5749440715883669	0.048408456236893195
0.575503355704698	0.04853618303435202
0.5760626398210291	0.04846074922887617
0.5766219239373602	0.0485889522691642
0.5771812080536913	0.04843411718031791
0.5777404921700223	0.04856258963968215
0.5782997762863534	0.04847495220883541
0.5788590604026845	0.048380032744745595
0.5794183445190156	0.04731286607511715
0.5799776286353467	0.04743903371798413
0.5805369127516778	0.04756570670521506
0.581096196868009	0.04731733266258105
0.5816554809843401	0.046498935144826614
0.5822147651006712	0.04585625479901057
0.5827740492170023	0.04597935883873946
0.5833333333333334	0.046102959265725316
0.5838926174496645	0.04600777771094633
0.5844519015659956	0.04540465336561533
0.5850111856823266	0.044896720045926805
0.5855704697986577	0.045008944102366354
0.5861297539149888	0.04512344001955083
0.5866890380313199	0.045245725764861265
0.587248322147651	0.04373737877888612
0.5878076062639821	0.043105266646226124
0.5883668903803132	0.04322255988880089
0.5889261744966443	0.043153571840172926
0.5894854586129754	0.04308590530993825
0.5900447427293065	0.04301957190166977
0.5906040268456376	0.04295458331629195
0.5911633109619687	0.04289095135297842
0.5917225950782998	0.0426784714650159
0.5922818791946308	0.042152540658150404
0.5928411633109619	0.04188207956394043
0.593400447427293	0.04199745719359316
0.5939597315436241	0.04190409621478074
0.5945190156599552	0.04180870502737351
0.5950782997762863	0.04192435842993886
0.5956375838926175	0.041852076559449836
0.5961968680089486	0.04178115360728654
0.5967561521252797	0.04171160173320266
0.5973154362416108	0.04182762844177902
0.5978747203579419	0.0415319472421006
0.598434004474273	0.041643911508716894
0.5989932885906041	0.041314283432884284
0.5995525727069351	0.04142984786206718
0.6001118568232662	0.04154589785607857
0.6006711409395973	0.04108055026500045
0.6012304250559284	0.039133942788003334
0.6017897091722595	0.039234147307927236
0.6023489932885906	0.0393446660327383
0.6029082774049217	0.038793119254132154
0.6034675615212528	0.03866746870284841
0.6040268456375839	0.038776853338500034
0.604586129753915	0.0388867027813853
0.6051454138702461	0.03899701966870838
0.6057046979865772	0.03910780665640357
0.6062639821029083	0.03921906641929519
0.6068232662192393	0.039330801651259
0.6073825503355704	0.03944301506538527
0.6079418344519015	0.03932044888962792
0.6085011185682326	0.03894626743870333
0.6090604026845637	0.037238531583992304
0.6096196868008948	0.037345385333157274
0.610178970917226	0.0372971642454524
0.610738255033557	0.037404494214504064
0.6112975391498882	0.037512288145957966
0.6118568232662193	0.037620548717807775
0.6124161073825504	0.03729855459578112
0.6129753914988815	0.03700748637796922
0.6135346756152126	0.03690667909167855
0.6140939597315436	0.037013810235631175
0.6146532438478747	0.03635294163558279
0.6152125279642058	0.036269874430483615
0.6157718120805369	0.03599978116274525
0.616331096196868	0.03610489001285545
0.6168903803131991	0.03621045986669421
0.6174496644295302	0.036316493424136946
0.6180089485458613	0.03642299340485289
0.6185682326621924	0.036529962548479476
0.6191275167785235	0.03642773800335134
0.6196868008948546	0.036535036200710254
0.6202460850111857	0.03639083712667736
0.6208053691275168	0.036493986050969915
0.6213646532438478	0.036400532086016346
0.6219239373601789	0.0365040024331132
0.62248322147651	0.03161957094157816
0.6230425055928411	0.0313522225542882
0.6236017897091722	0.031441110466351424
0.6241610738255033	0.030077298706079007
0.6247203579418344	0.03016708168729118
0.6252796420581656	0.030257267282768882
0.6258389261744967	0.030347857903375977
0.6263982102908278	0.022016606335190668
0.6269574944071589	0.021406960250040658
0.62751677852349	0.02127655367003902
0.6280760626398211	0.0200037122040928
0.6286353467561522	0.01999445988842479
0.6291946308724832	0.019965629084437955
0.6297539149888143	0.020026039459882548
0.6303131991051454	0.0200867244279428
0.6308724832214765	0.020147685655341713
0.6314317673378076	0.0201266719222448
0.6319910514541387	0.02009134502437831
0.6325503355704698	0.019993093447472805
0.6331096196868009	0.020054141061052876
0.633668903803132	0.020115468709557625
0.6342281879194631	0.020177078108361782
0.6347874720357942	0.020238970985994795
0.6353467561521253	0.02030114908426206
0.6359060402684564	0.020298782932245896
0.6364653243847874	0.020361336962853742
0.6370246085011185	0.020424180595455144
0.6375838926174496	0.019515278918249345
0.6381431767337807	0.01957569773842968
0.6387024608501118	0.019636397576378303
0.639261744966443	0.019631817720680386
0.639821029082774	0.019688051072747646
0.6403803131991052	0.019609577992034263
0.6409395973154363	0.01950804537860216
0.6414988814317674	0.01940822018332326
0.6420581655480985	0.01941386667320324
0.6426174496644296	0.018617870287227268
0.6431767337807607	0.018676325138992502
0.6437360178970917	0.01846720849743844
0.6442953020134228	0.017800400988581138
0.6448545861297539	0.01710069137663171
0.645413870246085	0.017003423476158134
0.6459731543624161	0.016854522950296692
0.6465324384787472	0.016907944576129645
0.6470917225950783	0.01696162059065704
0.6476510067114094	0.017015552611613024
0.6482102908277405	0.01706974226961179
0.6487695749440716	0.01666625969379899
0.6493288590604027	0.0160465184618477
0.6498881431767338	0.016012153040635108
0.6504474272930649	0.01605321763371407
0.6510067114093959	0.01576291130176791
0.651565995525727	0.01574383354335556
0.6521252796420581	0.015727140199445495
0.6526845637583892	0.015547731194896587
0.6532438478747203	0.015597966190679775
0.6538031319910514	0.015648445045665794
0.6543624161073825	0.015699169340789507
0.6549217002237137	0.015680329335825204
0.6554809843400448	0.01573132227675472
0.6560402684563759	0.015506908421507091
0.656599552572707	0.015557501923697979
0.6571588366890381	0.015364330656853303
0.6577181208053692	0.015214408409111306
0.6582774049217002	0.015258925613039114
0.6588366890380313	0.015295577714705116
0.6593959731543624	0.015283325497388802
0.6599552572706935	0.01527361926618857
0.6605145413870246	0.015266484428737946
0.6610738255033557	0.015261946645307709
0.6616331096196868	0.015260031831597909
0.6621923937360179	0.015302408574957745
0.662751677852349	0.012188867695801386
0.6633109619686801	0.012190826585025547
0.6638702460850112	0.012231462673642298
0.6644295302013423	0.012111637682171857
0.6649888143176734	0.011993734612955045
0.6655480984340044	0.01203391462840883
0.6661073825503355	0.012074296892262552
0.6666666666666666	0.012114882764169317
0.6672259507829977	0.012155673615227125
0.6677852348993288	0.01219667082809467
0.6683445190156599	0.012237875797108503
0.668903803131991	0.012279289928401596
0.6694630872483222	0.012309443132380398
0.6700223713646533	0.012351240901930077
0.6705816554809844	0.012393251925406029
0.6711409395973155	0.01243547765598663
0.6717002237136466	0.012418794095596937
0.6722595078299777	0.012423426865975218
0.6728187919463087	0.012386942289910344
0.6733780760626398	0.012339798621636762
0.6739373601789709	0.01231549864421078
0.674496644295302	0.012293915720730502
0.6750559284116331	0.012321470857734157
0.6756152125279642	0.011720934340641363
0.6761744966442953	0.011622125290841834
0.6767337807606264	0.011641420826263125
0.6772930648769575	0.011669806994041588
0.6778523489932886	0.011590494532976467
0.6784116331096197	0.011630879531349208
0.6789709172259508	0.011671475969504004
0.6795302013422819	0.011712285326040732
0.680089485458613	0.011753309092506723
0.680648769574944	0.011794548773533062
0.6812080536912751	0.011836005886972546
0.6817673378076062	0.011877681964039351
0.6823266219239373	0.011919578549450425
0.6828859060402684	0.011699989126747053
0.6834451901565995	0.011653266819626026
0.6840044742729307	0.011694590460830373
0.6845637583892618	0.011729835721275984
0.6851230425055929	0.011712567927525943
0.685682326621924	0.011754323962918192
0.6862416107382551	0.011796303691357186
0.6868008948545862	0.011838508713508732
0.6873601789709173	0.011880940644381523
0.6879194630872483	0.011923601113481636
0.6884787472035794	0.011966491764968981
0.6890380313199105	0.01179812836287659
0.6895973154362416	0.01184072088404221
0.6901565995525727	0.01188354446770963
0.6907158836689038	0.01192660078824481
0.6912751677852349	0.011883035422745863
0.691834451901566	0.011810054727395143
0.6923937360178971	0.011853078606183468
0.6929530201342282	0.011869746869348044
0.6935123042505593	0.011889793982896416
0.6940715883668904	0.01191325674219384
0.6946308724832215	0.010188368982602392
0.6951901565995525	0.010104064213953696
0.6957494407158836	0.0100492391903467
0.6963087248322147	0.010086321253779713
0.6968680089485458	0.010068815423973053
0.6974272930648769	0.01010610733295073
0.697986577181208	0.010133299650409629
0.6985458612975392	0.010164072929520544
0.6991051454138703	0.010116433013673041
0.6996644295302014	0.010102127826529651
0.7002237136465325	0.00886594433061862
0.7007829977628636	0.008737553045544227
0.7013422818791947	0.008770339360912123
0.7019015659955258	0.008803310561517055
0.7024608501118568	0.008836468040091508
0.7030201342281879	0.008869813202506948
0.703579418344519	0.008903347467922852
0.7041387024608501	0.008937072268937711
0.7046979865771812	0.00897098905174203
0.7052572706935123	0.009005099276273368
0.7058165548098434	0.009039404416373457
0.7063758389261745	0.009073905959947401
0.7069351230425056	0.00910860540912502
0.7074944071588367	0.00914350428042435
0.7080536912751678	0.009019268119252672
0.7086129753914989	0.008897699922172073
0.70917225950783	0.008901109862092504
0.709731543624161	0.008899272421155145
0.7102908277404921	0.00887407873453741
0.7108501118568232	0.0076418207665114365
0.7114093959731543	0.007671497740361966
0.7119686800894854	0.007618993651633067
0.7125279642058165	0.0075698144337641125
0.7130872483221476	0.00752400024946618
0.7136465324384788	0.007481591737722408
0.7142058165548099	0.007442630020044472
0.714765100671141	0.007456465231803188
0.7153243847874721	0.007485821394133122
0.7158836689038032	0.007515351261565601
0.7164429530201343	0.007545056207263488
0.7170022371364653	0.007574937617985324
0.7175615212527964	0.007463320311622921
0.7181208053691275	0.007466698298493166
0.7186800894854586	0.007496446100479194
0.7192393736017897	0.007526372033016037
0.7197986577181208	0.007429265278965804
0.7203579418344519	0.0072713331424753645
0.720917225950783	0.0073005352836098035
0.7214765100671141	0.007321833083026688
0.7220357941834452	0.007351356603522764
0.7225950782997763	0.007364767102670265
0.7231543624161074	0.007382315540210213
0.7237136465324385	0.007404051946061062
0.7242729306487695	0.0073357531967089525
0.7248322147651006	0.007291122118378526
0.7253914988814317	0.00706067821367702
0.7259507829977628	0.00695753615498194
0.7265100671140939	0.006911738177452689
0.727069351230425	0.006869713246998006
0.7276286353467561	0.00679151169682764
0.7281879194630873	0.006819517930628991
0.7287472035794184	0.006749717012134958
0.7293064876957495	0.006683557361140602
0.7298657718120806	0.006621086103573628
0.7304250559284117	0.006562350960691171
0.7309843400447428	0.006589694089694051
0.7315436241610739	0.006521523014216089
0.7321029082774049	0.006548809721388541
0.732662192393736	0.006576268043071512
0.7332214765100671	0.006603899421403745
0.7337807606263982	0.006631705313704392
0.7343400447427293	0.00665968719266517
0.7348993288590604	0.006687846546545362
0.7354586129753915	0.0067161848793697064
0.7360178970917226	0.006744703711129238
0.7365771812080537	0.006773404577985107
0.7371364653243848	0.006779606094581333
0.7376957494407159	0.006742517136973394
0.738255033557047	0.006709623947311284
0.7388143176733781	0.006680981570928335
0.7393736017897091	0.006656645767818388
0.7399328859060402	0.00663667302293552
0.7404921700223713	0.006621120556660871
0.7410514541387024	0.0066123838107793554
0.7416107382550335	0.006608204315052769
0.7421700223713646	0.006430861885450201
0.7427293064876958	0.006391313369147975
0.7432885906040269	0.006419223034515434
0.743847874720358	0.006447315914316376
0.7444071588366891	0.006475593615694957
0.7449664429530202	0.006504057763456254
0.7455257270693513	0.006439924665223588
0.7460850111856824	0.006380024367304461
0.7466442953020134	0.006324414936616775
0.7472035794183445	0.00629653819811385
0.7477628635346756	0.006240758338319317
0.7483221476510067	0.00624381046652762
0.7488814317673378	0.006197942707149682
0.7494407158836689	0.006117978511315055
0.75	0.006145413392531714
0.7505592841163311	0.006173033228003767
0.7511185682326622	0.00616372391653292
0.7516778523489933	0.006191551112544356
0.7522371364653244	0.006178710414535692
0.7527964205816555	0.006206731776959891
0.7533557046979866	0.005999253958437659
0.7539149888143176	0.006016231300969369
0.7544742729306487	0.0058192060173525165
0.7550335570469798	0.005770083338184676
0.7555928411633109	0.005635773718300573
0.756152125279642	0.005661685321603104
0.7567114093959731	0.00568777603737086
0.7572706935123042	0.00567679802309067
0.7578299776286354	0.005671003539556308
0.7583892617449665	0.005636450034168553
0.7589485458612976	0.005635687178340859
0.7595078299776287	0.005547191826261631
0.7600671140939598	0.005545881947751142
0.7606263982102909	0.005476075829443195
0.7611856823266219	0.005485292708632784
0.761744966442953	0.005500059178601053
0.7623042505592841	0.005526002853971812
0.7628635346756152	0.005400659304713935
0.7634228187919463	0.005314213794601042
0.7639821029082774	0.005149961054994237
0.7645413870246085	0.005163173741388905
0.7651006711409396	0.005187818962111525
0.7656599552572707	0.00521264106240871
0.7662192393736018	0.005237641738967024
0.7667785234899329	0.005262822708865905
0.767337807606264	0.005288185709872487
0.7678970917225951	0.005313732500741437
0.7684563758389261	0.005339464861519845
0.7690156599552572	0.00536538459385732
0.7695749440715883	0.005391493521321346
0.7701342281879194	0.005378231050298018
0.7706935123042505	0.005404530468636884
0.7712527964205816	0.0054310232650517706
0.7718120805369127	0.0054577113400643106
0.7723713646532439	0.005484596617601573
0.772930648769575	0.0054995178147887805
0.7734899328859061	0.005266907643145295
0.7740492170022372	0.005280762035792406
0.7746085011185683	0.005276171429276898
0.7751677852348994	0.005302486498749602
0.7757270693512305	0.005130714879468017
0.7762863534675615	0.005131370091896429
0.7768456375838926	0.0051445615714327915
0.7774049217002237	0.005151492137429402
0.7779642058165548	0.005177509774487126
0.7785234899328859	0.005203725013851617
0.779082774049217	0.005230139861637667
0.7796420581655481	0.00525675634948315
0.7802013422818792	0.0052835765349396975
0.7807606263982103	0.005310602501870335
0.7813199105145414	0.005274444225850895
0.7818791946308725	0.005204447081053783
0.7824384787472036	0.005231274127863338
0.7829977628635347	0.005244989655203051
0.7835570469798657	0.005272165767406176
0.7841163310961968	0.005234506426216287
0.7846756152125279	0.0051264880952381076
0.785234899328859	0.005153258268059194
0.7857941834451901	0.005180238677839608
0.7863534675615212	0.0052074315317915225
0.7869127516778524	0.005200303909379761
0.7874720357941835	0.005227746146368573
0.7880313199105146	0.005255406178889041
0.7885906040268457	0.005283286317769089
0.7891498881431768	0.005311388904565733
0.7897091722595079	0.005339716312056751
0.790268456375839	0.005368270944741546
0.79082774049217	0.00539705523935142
0.7913870246085011	0.005390037187581091
0.7919463087248322	0.005419093991826811
0.7925055928411633	0.00543381656589205
0.7930648769574944	0.005463268146194989
0.7936241610738255	0.00549295982090257
0.7941834451901566	0.00535827113691112
0.7947427293064877	0.0053577721197321975
0.7953020134228188	0.005364673004466414
0.7958612975391499	0.005379095790054706
0.796420581655481	0.005408732681459966
0.7969798657718121	0.005438615182462507
0.7975391498881432	0.0054687460144983106
0.7980984340044742	0.005499127936801079
0.7986577181208053	0.005529763747033954
0.7992170022371364	0.0054724742326865035
0.7997762863534675	0.005503132351637128
0.8003355704697986	0.005534048825522731
0.8008948545861297	0.0055652265653848305
0.8014541387024608	0.005596668523381355
0.802013422818792	0.005628377693485499
0.8025727069351231	0.0055026182504936145
0.8031319910514542	0.005509690926357605
0.8036912751677853	0.005305114638447973
0.8042505592841164	0.0053355164415336345
0.8048098434004475	0.005366180329128656
0.8053691275167785	0.005397109322380117
0.8059284116331096	0.005411648426090965
0.8064876957494407	0.005417888358325655
0.8070469798657718	0.005314009661835747
0.8076062639821029	0.004689865979614436
0.808165548098434	0.004717292096454287
0.8087248322147651	0.0047449594987795315
0.8092841163310962	0.004772871025242941
0.8098434004474273	0.0048010295563653185
0.8104026845637584	0.004829438015278722
0.8109619686800895	0.004840541030908525
0.8115212527964206	0.004851690923649378
0.8120805369127517	0.004880656242596538
0.8126398210290827	0.004751988560193043
0.8131991051454138	0.0047355738972505385
0.8137583892617449	0.004764101450848433
0.814317673378076	0.004792887562333922
0.8148769574944071	0.004821935365742006
0.8154362416107382	0.004832826747720359
0.8159955257270693	0.004862295203499141
0.8165548098434005	0.0048920340120832346
0.8171140939597316	0.004903285116601934
0.8176733780760627	0.004914582350165167
0.8182326621923938	0.004944919278252606
0.8187919463087249	0.004975537973473984
0.819351230425056	0.005006441936042145
0.819910514541387	0.005037634720690383
0.8204697986577181	0.0050691199376946975
0.8210290827740492	0.005051920062695917
0.8215883668903803	0.005044261745628035
0.8221476510067114	0.005046326607543194
0.8227069351230425	0.005078265383540303
0.8232662192393736	0.005043533587837377
0.8238255033557047	0.005075658005594303
0.8243847874720358	0.005108090325118868
0.8249440715883669	0.005120354441440695
0.825503355704698	0.0051532827658229505
0.8260626398210291	0.004909933271099119
0.8266219239373602	0.004847757246755048
0.8271812080536913	0.004879236189915795
0.8277404921700223	0.0049110227448989595
0.8282997762863534	0.004921831200811843
0.8288590604026845	0.00493267616700596
0.8294183445190156	0.004965127983894157
0.8299776286353467	0.004997901105900059
0.8305369127516778	0.005030999788720589
0.831096196868009	0.0050644283587453105
0.8316554809843401	0.005098191214470279
0.8322147651006712	0.0051322928279449965
0.8327740492170023	0.005166737746253353
0.8333333333333334	0.0052015305930294695
0.8338926174496645	0.0052366760700093985
0.8344519015659956	0.005272178958619631
0.8350111856823266	0.005308044121603439
0.8355704697986577	0.005344276504686056
0.8361297539149888	0.005380881138279796
0.8366890380313199	0.005417863139230173
0.837248322147651	0.005455227712604174
0.8378076062639821	0.005457184902358504
0.8383668903803132	0.005471052800205044
0.8389261744966443	0.00548498193315266
0.8394854586129754	0.005462423755106677
0.8400447427293065	0.005500756553388128
0.8406040268456376	0.005514784614117449
0.8411633109619687	0.005528874068912884
0.8417225950782998	0.005568085941742053
0.8422818791946308	0.005607716446665484
0.8428411633109619	0.005647771564141666
0.843400447427293	0.005688257381805764
0.8439597315436241	0.0057291800967827836
0.8445190156599552	0.005705616012605073
0.8450782997762863	0.005677200509251988
0.8456375838926175	0.005692138779095296
0.8461968680089486	0.005733687237336868
0.8467561521252797	0.005775692272042633
0.8473154362416108	0.005818160597572358
0.8478747203579419	0.005861099052166988
0.848434004474273	0.005904514600701558
0.8489932885906041	0.005948414337509748
0.8495525727069351	0.005992805489282209
0.8501118568232662	0.006037695418040877
0.8506711409395973	0.006083091624191561
0.8512304250559284	0.0052210715467915034
0.8517897091722595	0.0051462740613683975
0.8523489932885906	0.005084591158735642
0.8529082774049217	0.005123404831703089
0.8534675615212528	0.005162664638842577
0.8540268456375839	0.00520237744375675
0.854586129753915	0.005242550242550239
0.8551454138702461	0.0052831901669110936
0.8557046979865772	0.005324304487276161
0.8562639821029083	0.005365900616083005
0.8568232662192393	0.005407986111111107
0.8573825503355704	0.005450568678915132
0.8579418344519015	0.005493656178353196
0.8585011185682326	0.005537256624213142
0.8590604026845637	0.00558137819093994
0.8596196868008948	0.00562602921646746
0.860178970917226	0.005671218206157961
0.860738255033557	0.0057169538368527836
0.8612975391498882	0.005763244961037826
0.8618568232662193	0.005810100611127565
0.8624161073825504	0.005857530003871463
0.8629753914988815	0.005905542544886803
0.8635346756152126	0.005954147833322085
0.8640939597315436	0.006003355666655326
0.8646532438478747	0.006053176045631718
0.8652125279642058	0.006103619179345316
0.8657718120805369	0.006154695490469544
0.866331096196868	0.006206415620641558
0.8668903803131991	0.0062587904360056216
0.8674496644295302	0.006311831032920923
0.8680089485458613	0.006239331650438751
0.8685682326621924	0.006238103897678362
0.8691275167785235	0.00629164985388161
0.8696868008948546	0.006345888214690934
0.8702460850111857	0.006400830969796483
0.8708053691275168	0.006456490369533844
0.8713646532438478	0.0065128789317131786
0.8719239373601789	0.006186955744528714
0.87248322147651	0.006241466367828526
0.8730425055928411	0.0062967005834730265
0.8736017897091722	0.006313339888561124
0.8741610738255033	0.006369708994708992
0.8747203579418344	0.006426836429639118
0.8752796420581656	0.0064847358569331635
0.8758389261744967	0.006543421249303599
0.8763982102908278	0.006602906897024541
0.8769574944071589	0.006663207416632071
0.87751677852349	0.006724337759903925
0.8780760626398211	0.006786313223128846
0.8786353467561522	0.006849149456676335
0.8791946308724832	0.006805196669537752
0.8797539149888143	0.006868796638411936
0.8803131991051454	0.006933292381495616
0.8808724832214765	0.006954409897540375
0.8814317673378076	0.007020328474768247
0.8819910514541387	0.007087188745956516
0.8825503355704698	0.007155008733956099
0.8831096196868009	0.0071087903324745395
0.883668903803132	0.007065217391304345
0.8842281879194631	0.006922752216124944
0.8847874720357942	0.00699029126213592
0.8853467561521253	0.0070588235294117615
0.8859060402684564	0.007128368588814833
0.8864653243847874	0.006995724202962167
0.8870246085011185	0.007065333399011542
0.8875838926174496	0.007135986733001657
0.8881431767337807	0.007207705192629815
0.8887024608501118	0.0072043720284926316
0.889261744966443	0.007226238698319917
0.889821029082774	0.00729997582789461
0.8903803131991052	0.007374847374847375
0.8909395973154363	0.007274649748876553
0.8914988814317674	0.007350034720367502
0.8920581655480985	0.007426597582037996
0.8926174496644296	0.0075043630017452
0.8931767337807607	0.007583356296500413
0.8937360178970917	0.007663603453077137
0.8942953020134228	0.007745131149386468
0.8948545861297539	0.007827966776652633
0.895413870246085	0.007912138462423092
0.8959731543624161	0.007997675094449288
0.8965324384787472	0.008084606345475911
0.8970917225950783	0.00817296269897838
0.8976510067114094	0.00826277547589023
0.8982102908277405	0.008354076862364154
0.8987695749440716	0.008446899938612645
0.8993288590604027	0.008541278708876474
0.8998881431767338	0.008574477433933839
0.9004474272930649	0.008671364184599758
0.9010067114093959	0.00876990241397021
0.901565995525727	0.00887012987012987
0.9021252796420581	0.008972085385878488
0.9026845637583892	0.009075808916351073
0.9032438478747203	0.008979701572792041
0.9038031319910514	0.008914728682170543
0.9043624161073825	0.008847609219126248
0.9049217002237137	0.008952314653672121
0.9054809843400448	0.009058889828120599
0.9060402684563759	0.009167379526660965
0.906599552572707	0.009277829882403868
0.9071588366890381	0.009390288426433007
0.9077181208053692	0.009504804138950482
0.9082774049217002	0.009621427502618586
0.9088366890380313	0.009626600015148075
0.9093959731543624	0.009746185108503952
0.9099552572706935	0.009868012422360252
0.9105145413870246	0.009992138364779878
0.9110738255033557	0.010118621128891015
0.9116331096196868	0.010247520761106186
0.9121923937360179	0.01037889923240242
0.912751677852349	0.010512820512820516
0.9133109619686801	0.010649350649350653
0.9138702460850112	0.010449028096086922
0.9144295302013423	0.01058651530787754
0.9149888143176734	0.010726734053677243
0.9155480984340044	0.01086975717439294
0.9161073825503355	0.010612975391498886
0.9166666666666666	0.010484309813168877
0.9172259507829977	0.010626953484096344
0.9177852348993288	0.010772528189357939
0.9183445190156599	0.01092111478507322
0.918903803131991	0.011072796934865905
0.9194630872483222	0.011227661227661232
0.9200223713646533	0.011385797301290263
0.9205816554809844	0.01154729797223055
0.9211409395973155	0.011712259371833844
0.9217002237136466	0.011880781089414186
0.9222595078299777	0.012052966322594102
0.9228187919463087	0.012228922035332702
0.9233780760626398	0.012408759124087594
0.9239373601789709	0.012592592592592596
0.924496644295302	0.012504145936981763
0.9250559284116331	0.012411626080125691
0.9256152125279642	0.012599681020733656
0.9261744966442953	0.012676382142031001
0.9267337807606264	0.012871403405754555
0.9272930648769575	0.013070960047704238
0.9278523489932886	0.012972383720930236
0.9284116331096197	0.012869094488188982
0.9289709172259508	0.012948381452318464
0.9295302013422819	0.013155555555555561
0.930089485458613	0.013367741935483875
0.930648769574944	0.013322842905848419
0.9312080536912751	0.013541250166600032
0.9317673378076062	0.013765072483403338
0.9323266219239373	0.013994490358126726
0.9328859060402684	0.014229691876750706
0.9334451901565995	0.014470873095000718
0.9340044742729307	0.014718238447052012
0.9345637583892618	0.014750957854406136
0.9351230425055929	0.015007496251874069
0.935682326621924	0.015270785659801684
0.9362416107382551	0.015541065052010562
0.9368008948545862	0.015818584070796466
0.9373601789709173	0.01610360360360361
0.9379194630872483	0.016396396396396402
0.9384787472035794	0.016697247706422023
0.9390380313199105	0.01700645599728169
0.9395973154362416	0.017324333679473874
0.9401565995525727	0.017651207899841304
0.9407158836689038	0.017987421383647804
0.9412751677852349	0.018150183150183158
0.941834451901566	0.017755787901418976
0.9423937360178971	0.017913573196268805
0.9429530201342282	0.0182682974179771
0.9435123042505593	0.01863366336633664
0.9440715883668904	0.018808080808080815
0.9446308724832215	0.0191919191919192
0.9451901565995525	0.019587628865979388
0.9457494407158836	0.01999570446735396
0.9463087248322147	0.020416666666666673
0.9468680089485458	0.02062709966405376
0.9474272930648769	0.021070693205216207
0.947986577181208	0.01848605267258844
0.9485458612975392	0.017757604714126452
0.9491051454138703	0.018152218152218152
0.9496644295302014	0.01856013316687474
0.9502237136465325	0.0189819543752128
0.9507829977628636	0.01941832114245907
0.9513422818791947	0.01986991000623719
0.9519015659955258	0.020337437300501596
0.9524608501118568	0.020821661998132585
0.9530201342281879	0.02132338879326831
0.953579418344519	0.021843471446762658
0.9541387024608501	0.022382816420756797
0.9546979865771812	0.022942386831275717
0.9552572706935123	0.02209915611814346
0.9558165548098434	0.021583901330736774
0.9563758389261745	0.022144522144522144
0.9569351230425056	0.021872863978127138
0.9574944071588367	0.02157894736842105
0.9580536912751678	0.02216216216216216
0.9586129753914989	0.022769344687152908
0.95917225950783	0.023401826484018264
0.959731543624161	0.024061032863849766
0.9602908277404921	0.024748490945674044
0.9608501118568232	0.02546583850931677
0.9614093959731543	0.026214833759590793
0.9619686800894854	0.02370500438981563
0.9625279642058165	0.02125734961555857
0.9630872483221476	0.01888111888111888
0.9636465324384788	0.01658653846153846
0.9642058165548099	0.014384920634920634
0.964765100671141	0.01228878648233487
0.9653243847874721	0.010312004230565839
0.9658836689038032	0.006830601092896175
0.9664429530201343	0.007062146892655367
0.9670022371364653	0.007305669199298656
0.9675615212527964	0.0069570477918935265
0.9681208053691275	0.0072055137844611525
0.9686800894854586	0.007467532467532467
0.9692393736017897	0.007744107744107744
0.9697986577181208	0.00803633822501747
0.9703579418344519	0.008345428156748911
0.970917225950783	0.008672699849170438
0.9714765100671141	0.009019607843137255
0.9720357941834452	0.009387755102040816
0.9725950782997763	0.00977891156462585
0.9731543624161074	0.010195035460992909
0.9737136465324385	0.010638297872340425
0.9742729306487695	0.011111111111111112
0.9748322147651006	0.011616161616161616
0.9753914988814317	0.012156448202959831
0.9759507829977628	0.01273532668881506
0.9765100671140939	0.013356562137049941
0.977069351230425	0.01402439024390244
0.9776286353467561	0.014743589743589743
0.9781879194630873	0.0155195681511471
0.9787472035794184	0.016358463726884778
0.9793064876957495	0.017267267267267267
0.9798657718120806	0.018253968253968255
0.9804250559284117	0.019327731092436976
0.9809843400447428	0.020499108734402853
0.9815436241610739	0.021780303030303032
0.9821029082774049	0.018145161290322582
0.982662192393736	0.015053763440860216
0.9832214765100671	0.01264367816091954
0.9837807606263982	0.011083743842364532
0.9843400447427293	0.011904761904761904
0.9848993288590604	0.01282051282051282
0.9854586129753915	0.013846153846153847
0.9860178970917226	0.015
0.9865771812080537	0.016304347826086956
0.9871364653243848	0.017786561264822136
0.9876957494407159	0.01948051948051948
0.988255033557047	0.02142857142857143
0.9888143176733781	0.02368421052631579
0.9893736017897091	0.02631578947368421
0.9899328859060402	0.029411764705882353
0.9904921700223713	0.03308823529411765
0.9910514541387024	0.0375
0.9916107382550335	0.04285714285714286
0.9921700223713646	0.04945054945054945
0.9927293064876958	0.057692307692307696
0.9932885906040269	0.06818181818181818
0.993847874720358	0.08181818181818182
0.9944071588366891	0.1
0.9949664429530202	0.125
0.9955257270693513	0.10714285714285714
0.9960850111856824	0.09523809523809523
0.9966442953020134	0.13333333333333333
0.9972035794183445	0.2
0.9977628635346756	0.16666666666666666
0.9983221476510067	0.3333333333333333
0.9988814317673378	1.0
0.9994407158836689	0.0
1.0	0.0
