Fraction_of_nodes	Efficiency
0.0005382131324004305	0.29004927994682467
0.001076426264800861	0.29011724381033627
0.0016146393972012918	0.2904302073958922
0.002152852529601722	0.29074367766831083
0.002691065662002153	0.29105765572194836
0.0032292787944025836	0.2913721426541168
0.003767491926803014	0.2906735951950709
0.004305705059203444	0.2907507990797663
0.004843918191603875	0.28988092263562665
0.005382131324004306	0.28991026990147645
0.005920344456404736	0.2899603442839469
0.006458557588805167	0.2899453692799459
0.006996770721205597	0.2899296720616808
0.007534983853606028	0.2899120242704151
0.008073196986006458	0.28994203038203414
0.008611410118406888	0.28992658119793824
0.00914962325080732	0.28990540263191167
0.00968783638320775	0.28988278511607984
0.01022604951560818	0.28990080430732085
0.010764262648008612	0.2898708092661148
0.011302475780409042	0.2876487135481976
0.011840688912809472	0.28768745758860037
0.012378902045209902	0.2877197341707349
0.012917115177610334	0.2877318600756722
0.013455328310010764	0.28777391943901814
0.013993541442411194	0.2878161972465153
0.014531754574811625	0.2878586941390458
0.015069967707212056	0.28790141075954784
0.015608180839612486	0.2879443477529362
0.016146393972012917	0.2879726600851563
0.016684607104413347	0.2880048937037928
0.017222820236813777	0.28803732522158493
0.01776103336921421	0.28801848284801157
0.01829924650161464	0.2880312363396979
0.01883745963401507	0.28755760002062447
0.0193756727664155	0.2875467925892545
0.01991388589881593	0.2875746054557052
0.02045209903121636	0.2875758240525158
0.02099031216361679	0.28756742015076664
0.021528525296017224	0.28756608908308184
0.022066738428417654	0.2875727917962617
0.022604951560818085	0.2875680831922339
0.023143164693218515	0.28757021336793565
0.023681377825618945	0.28757407690202125
0.024219590958019375	0.2875758421632022
0.024757804090419805	0.28732850395773846
0.02529601722282024	0.28735005317080226
0.02583423035522067	0.2873434100397037
0.0263724434876211	0.2873578303218469
0.02691065662002153	0.2849985991740557
0.02744886975242196	0.28499984555045116
0.02798708288482239	0.2849697116626272
0.02852529601722282	0.2849509239881793
0.02906350914962325	0.284922081160752
0.029601722282023683	0.28488672934023007
0.030139935414424113	0.2852030943922459
0.030678148546824543	0.2855199867193484
0.031216361679224973	0.2858374074939113
0.031754574811625406	0.2861553578915686
0.03229278794402583	0.2861828692209027
0.03283100107642627	0.2861643374803806
0.03336921420882669	0.2861458970918172
0.03390742734122713	0.28615687539441903
0.03444564047362755	0.2861635369048673
0.03498385360602799	0.28613561211739
0.03552206673842842	0.2861210358787682
0.03606027987082885	0.28609133058324965
0.03659849300322928	0.28605870056014465
0.03713670613562971	0.28601321743787933
0.03767491926803014	0.2833147477547884
0.03821313240043057	0.28177823990001977
0.038751345532831	0.2820939578158741
0.039289558665231435	0.2794273226840692
0.03982777179763186	0.2794264618404482
0.040365984930032295	0.27941286037091906
0.04090419806243272	0.2794007357236756
0.041442411194833155	0.27949941119297056
0.04198062432723358	0.2793102962426099
0.042518837459634015	0.27929750333508857
0.04305705059203445	0.27928280624684393
0.043595263724434875	0.27933917858551865
0.04413347685683531	0.27965392695575586
0.044671689989235736	0.2795948749146358
0.04520990312163617	0.27957515371460495
0.045748116254036596	0.27948516099619874
0.04628632938643703	0.27980078511928874
0.04682454251883746	0.28011694419851957
0.04736275565123789	0.2800621750920969
0.04790096878363832	0.2785565392457385
0.04843918191603875	0.2785398275721043
0.04897739504843918	0.27772615328370387
0.04951560818083961	0.27767767760337886
0.05005382131324004	0.2776441791126923
0.05059203444564048	0.27762097493986
0.051130247578040904	0.27760416466022436
0.05166846071044134	0.2775763919944446
0.052206673842841764	0.2778918197126201
0.0527448869752422	0.2782077853973417
0.053283100107642624	0.2785242902726515
0.05382131324004306	0.27858525647157567
0.05435952637244349	0.27860200882201996
0.05489773950484392	0.2786185103968269
0.05543595263724435	0.2785840909978959
0.05597416576964478	0.27851588852434883
0.05651237890204521	0.27850780425836236
0.05705059203444564	0.2785696995384356
0.05758880516684607	0.27856388604684534
0.0581270182992465	0.27855684936955744
0.05866523143164693	0.2785499414496211
0.059203444564047365	0.2785431627430557
0.05974165769644779	0.27853651370748805
0.060279870828848225	0.2784584569033547
0.06081808396124865	0.27845559898499417
0.061356297093649086	0.2784282404252308
0.06189451022604951	0.27846976777294297
0.062432723358449946	0.2784409732081897
0.06297093649085038	0.2784241707768549
0.06350914962325081	0.278412142792454
0.06404736275565123	0.2784575568739478
0.06458557588805167	0.278459257602842
0.0651237890204521	0.27842572454153847
0.06566200215285253	0.2779515578978923
0.06620021528525297	0.2779756911355909
0.06673842841765339	0.27803176729773366
0.06727664155005382	0.2780460723683335
0.06781485468245425	0.27805431383168133
0.06835306781485469	0.2780401398579922
0.0688912809472551	0.2780342473274479
0.06942949407965554	0.27802848973862637
0.06996770721205597	0.27802286757217404
0.07050592034445641	0.27799888783225535
0.07104413347685684	0.2779935165176
0.07158234660925726	0.2780178680095086
0.0721205597416577	0.2780178773788083
0.07265877287405813	0.2780180364036452
0.07319698600645856	0.27800361108468274
0.073735199138859	0.2779639879111316
0.07427341227125941	0.2779492859613148
0.07481162540365985	0.2779065277199416
0.07534983853606028	0.2778982945728495
0.07588805166846072	0.27717820814292693
0.07642626480086114	0.2771470168067243
0.07696447793326157	0.27708244227612205
0.077502691065662	0.2766305699061605
0.07804090419806244	0.2766206622555423
0.07857911733046287	0.27660340840368824
0.07911733046286329	0.2766137000722164
0.07965554359526372	0.27662416871514217
0.08019375672766416	0.27658813455024717
0.08073196986006459	0.2765513149742981
0.08127018299246501	0.27687552519114955
0.08180839612486544	0.27685022453706826
0.08234660925726588	0.27686379588444127
0.08288482238966631	0.27681213407493127
0.08342303552206674	0.2767841261819054
0.08396124865446716	0.2767941036762894
0.0844994617868676	0.27680417175327315
0.08503767491926803	0.27681441809242996
0.08557588805166846	0.2768248433027614
0.0861141011840689	0.2768354479953388
0.08665231431646932	0.2768462327833957
0.08719052744886975	0.27674658521332074
0.08772874058127018	0.27671789693278326
0.08826695371367062	0.2766178111978868
0.08880516684607104	0.2765768128956738
0.08934337997847147	0.2738637003928476
0.0898815931108719	0.2738228282236415
0.09041980624327234	0.2710693969973935
0.09095801937567277	0.27106614928817263
0.09149623250807319	0.27104910389711884
0.09203444564047362	0.2710184137494629
0.09257265877287406	0.27100124156204114
0.09311087190527449	0.2706003897824301
0.09364908503767493	0.27000665531854057
0.09418729817007535	0.26996761977788825
0.09472551130247578	0.26989813624006564
0.09526372443487621	0.2698725015096326
0.09580193756727665	0.2698899096008744
0.09634015069967707	0.26990752255316597
0.0968783638320775	0.26992534106233007
0.09741657696447793	0.2699433658266723
0.09795479009687837	0.26996159754693294
0.0984930032292788	0.26853278470282116
0.09903121636167922	0.26847123732937084
0.09956942949407965	0.2684321587823192
0.10010764262648009	0.2684090651447248
0.10064585575888052	0.2684236568329518
0.10118406889128095	0.2683949898431052
0.10172228202368137	0.2683477028189122
0.10226049515608181	0.26828179787727824
0.10279870828848224	0.26786913328498446
0.10333692142088267	0.2672887130258401
0.1038751345532831	0.2672859108824926
0.10441334768568353	0.2672738418238035
0.10495156081808396	0.26644182279614914
0.1054897739504844	0.26643712523020346
0.10602798708288483	0.2664267800174037
0.10656620021528525	0.26640793847140276
0.10710441334768568	0.26641649132483475
0.10764262648008611	0.26608841137931627
0.10818083961248655	0.2659627991193304
0.10871905274488698	0.2659740156834239
0.1092572658772874	0.265979680148911
0.10979547900968784	0.2659855295144128
0.11033369214208827	0.2659915644390217
0.1108719052744887	0.26599778558421633
0.11141011840688912	0.2654587446567721
0.11194833153928956	0.2653876381019679
0.11248654467168999	0.26536484419293643
0.11302475780409042	0.26530765133971923
0.11356297093649086	0.265164969542879
0.11410118406889128	0.26516227615953003
0.11463939720129171	0.2651293635603948
0.11517761033369214	0.26510998019991616
0.11571582346609258	0.2650344322604433
0.116254036598493	0.264969037110453
0.11679224973089343	0.2649098514818419
0.11733046286329386	0.26489869693015666
0.1178686759956943	0.2645983609543883
0.11840688912809473	0.2625243207114415
0.11894510226049515	0.2624751914156841
0.11948331539289558	0.2624271811062667
0.12002152852529602	0.2623947851053522
0.12055974165769645	0.2620492227556545
0.12109795479009688	0.2620093839547646
0.1216361679224973	0.26195140841380105
0.12217438105489774	0.26018640033957496
0.12271259418729817	0.26013347284846794
0.1232508073196986	0.25909630844393877
0.12378902045209902	0.2590889666180222
0.12432723358449946	0.2587448086721333
0.12486544671689989	0.2587194076500975
0.12540365984930033	0.25782555281078784
0.12594187298170076	0.25778587193274116
0.1264800861141012	0.2559898553924885
0.12701829924650163	0.2559339205629296
0.12755651237890203	0.25571607339048635
0.12809472551130247	0.2549869949081352
0.1286329386437029	0.25486071642395913
0.12917115177610333	0.2548423671828668
0.12970936490850377	0.25482879314309054
0.1302475780409042	0.2548153733551784
0.13078579117330463	0.2548021084237934
0.13132400430570507	0.25478899895589263
0.1318622174381055	0.2547760455607415
0.13240043057050593	0.25476324884991797
0.13293864370290634	0.2537769501554858
0.13347685683530677	0.25373162436835295
0.1340150699677072	0.2537091635417859
0.13455328310010764	0.25368683741383485
0.13509149623250807	0.2534060960940126
0.1356297093649085	0.25338719195598647
0.13616792249730894	0.25333940364408625
0.13670613562970937	0.25333991789905996
0.1372443487621098	0.2533406255408749
0.1377825618945102	0.25331540939804453
0.13832077502691065	0.25329032279713304
0.13885898815931108	0.25292441782349634
0.13939720129171151	0.25282325658678906
0.13993541442411195	0.2527278045149164
0.14047362755651238	0.2519785540218216
0.14101184068891282	0.2519364410688559
0.14155005382131325	0.2519257948770589
0.14208826695371368	0.25191531733682226
0.1426264800861141	0.2513408634803198
0.14316469321851452	0.25131438507761183
0.14370290635091496	0.2512880366551036
0.1442411194833154	0.25130574249423543
0.14477933261571582	0.25131332206281776
0.14531754574811626	0.2513211180997261
0.1458557588805167	0.25113761364635373
0.14639397201291712	0.2510714012207056
0.14693218514531756	0.24920007368015795
0.147470398277718	0.24915237147477792
0.1480086114101184	0.24695833638024084
0.14854682454251883	0.24727074414289768
0.14908503767491926	0.24758374508485073
0.1496232508073197	0.24789734070877073
0.15016146393972013	0.2478900373855105
0.15069967707212056	0.24777825600421002
0.151237890204521	0.24772848904761285
0.15177610333692143	0.24761693783725597
0.15231431646932186	0.24759122766417122
0.15285252960172227	0.24750591440872427
0.1533907427341227	0.24743912547260838
0.15392895586652314	0.2474031784205216
0.15446716899892357	0.2473477104816918
0.155005382131324	0.24734287201613672
0.15554359526372444	0.2472911390667527
0.15608180839612487	0.24489533598674798
0.1566200215285253	0.24482534129700215
0.15715823466092574	0.24443322241181392
0.15769644779332614	0.24414212246481723
0.15823466092572658	0.24409619244257721
0.158772874058127	0.24402319986835286
0.15931108719052745	0.24433584970803043
0.15984930032292788	0.24436245880270346
0.1603875134553283	0.24438934641626342
0.16092572658772875	0.24441651355558947
0.16146393972012918	0.24438543576451094
0.1620021528525296	0.24340483880772973
0.16254036598493002	0.24337329574362868
0.16307857911733045	0.24330335067447154
0.16361679224973089	0.2432581911825369
0.16415500538213132	0.24321408255925
0.16469321851453175	0.2431618124002096
0.1652314316469322	0.24307929252782745
0.16576964477933262	0.2430433178874562
0.16630785791173305	0.24302220594986448
0.1668460710441335	0.2417901432806847
0.16738428417653392	0.24177165124736405
0.16792249730893433	0.2416810806893176
0.16846071044133476	0.24156865252257062
0.1689989235737352	0.24093485662046613
0.16953713670613563	0.23968442097079581
0.17007534983853606	0.23911539467682077
0.1706135629709365	0.23881754365722374
0.17115177610333693	0.23875735601863815
0.17168998923573736	0.2387337729364385
0.1722282023681378	0.23871034950613274
0.1727664155005382	0.23868648331485748
0.17330462863293863	0.23859559012400972
0.17384284176533907	0.2385581172782552
0.1743810548977395	0.2385156519389453
0.17491926803013993	0.2375067281708863
0.17545748116254037	0.2369059540414518
0.1759956942949408	0.23304690683969556
0.17653390742734124	0.2333517425582563
0.17707212055974167	0.2333027917590693
0.17761033369214208	0.23360836188580023
0.1781485468245425	0.23355091551419802
0.17868675995694294	0.23347749261588033
0.17922497308934338	0.23338962108762154
0.1797631862217438	0.23337398510579516
0.18030139935414424	0.23278308856982588
0.18083961248654468	0.23276062650491292
0.1813778256189451	0.23274817782953103
0.18191603875134554	0.23177725515187103
0.18245425188374598	0.23176543821019552
0.18299246501614638	0.23174034054667178
0.18353067814854682	0.23204606658960933
0.18406889128094725	0.23235239803065172
0.18460710441334768	0.23265933646926554
0.18514531754574812	0.2329668835102031
0.18568353067814855	0.23327504076352346
0.18622174381054898	0.2335838098446135
0.18675995694294942	0.23389319237420902
0.18729817007534985	0.23420318997841605
0.18783638320775026	0.23451380428873225
0.1883745963401507	0.23482503694206833
0.18891280947255112	0.23513688958076961
0.18945102260495156	0.23544936385263773
0.189989235737352	0.23468698988941955
0.19052744886975242	0.2346276026084106
0.19106566200215286	0.23456402146031277
0.1916038751345533	0.2332394524155502
0.19214208826695373	0.2331863290634324
0.19268030139935413	0.23306353408687738
0.19321851453175456	0.23337470035401606
0.193756727664155	0.23368649020084842
0.19429494079655543	0.23370039461291953
0.19483315392895587	0.2337145743773383
0.1953713670613563	0.23310415491764175
0.19590958019375673	0.23305766154516994
0.19644779332615717	0.233050657546376
0.1969860064585576	0.23298124779177615
0.197524219590958	0.23289666697924158
0.19806243272335844	0.23297328231150827
0.19860064585575887	0.2328978768991344
0.1991388589881593	0.23283272684937117
0.19967707212055974	0.23314609525697463
0.20021528525296017	0.23261574729627274
0.2007534983853606	0.23250650034996848
0.20129171151776104	0.23243483138282425
0.20182992465016147	0.23137128916242905
0.2023681377825619	0.23133245369220223
0.2029063509149623	0.23127711034741988
0.20344456404736275	0.2311221208309626
0.20398277717976318	0.23114961576646997
0.20452099031216361	0.22869329581051243
0.20505920344456405	0.2286813919131329
0.20559741657696448	0.2286449778873594
0.20613562970936491	0.228624679271412
0.20667384284176535	0.22813921526601402
0.20721205597416578	0.22800426946729407
0.2077502691065662	0.2283142684740477
0.20828848223896662	0.22763436249283409
0.20882669537136705	0.2276029413309096
0.2093649085037675	0.22759071386548413
0.20990312163616792	0.22588414867404424
0.21044133476856836	0.22163620086828406
0.2109795479009688	0.22134117838190945
0.21151776103336922	0.22130172277828025
0.21205597416576966	0.2209817185508124
0.21259418729817006	0.220921772670713
0.2131324004305705	0.22035059468741325
0.21367061356297093	0.22036909039815805
0.21420882669537136	0.2203878993811561
0.2147470398277718	0.2206902147438189
0.21528525296017223	0.22001172655048182
0.21582346609257266	0.21919687525574305
0.2163616792249731	0.21912138673497714
0.21689989235737353	0.2187781427087728
0.21743810548977396	0.21871664225629872
0.21797631862217437	0.21869246885143967
0.2185145317545748	0.21857266492884572
0.21905274488697524	0.2184527979216219
0.21959095801937567	0.2183328679106728
0.2201291711517761	0.21827781421040515
0.22066738428417654	0.2182150992209429
0.22120559741657697	0.2180576673088455
0.2217438105489774	0.21709141047241967
0.22228202368137784	0.21701188513313105
0.22282023681377824	0.2169278996715289
0.22335844994617868	0.21649813215819425
0.2238966630785791	0.21644480716655579
0.22443487621097954	0.21638067543559913
0.22497308934337998	0.21632558615027933
0.2255113024757804	0.21630526472986458
0.22604951560818085	0.21621077445788087
0.22658772874058128	0.2156200051976536
0.2271259418729817	0.21547802203323305
0.22766415500538212	0.2154336801272418
0.22820236813778255	0.21503091791264828
0.22874058127018299	0.21507286537342737
0.22927879440258342	0.21514461969580348
0.22981700753498385	0.21506762212082
0.2303552206673843	0.21498571727622334
0.23089343379978472	0.2148096475776348
0.23143164693218515	0.21304080368478776
0.2319698600645856	0.21299248157756503
0.232508073196986	0.21287729870938882
0.23304628632938643	0.2128490896801317
0.23358449946178686	0.21283533817568565
0.2341227125941873	0.21274415234674068
0.23466092572658773	0.2120036319543553
0.23519913885898816	0.21200749356126317
0.2357373519913886	0.21200672846802093
0.23627556512378903	0.21200624747120392
0.23681377825618946	0.21187431162444606
0.2373519913885899	0.2118346408625355
0.2378902045209903	0.21177972524771943
0.23842841765339073	0.20855638217708983
0.23896663078579117	0.20885157875483518
0.2395048439181916	0.20914740252077688
0.24004305705059203	0.2094438552529112
0.24058127018299247	0.20785199645700267
0.2411194833153929	0.20680537781353267
0.24165769644779334	0.20672772532181696
0.24219590958019377	0.20702158136349685
0.24273412271259417	0.20731606440953312
0.2432723358449946	0.20761117624499154
0.24381054897739504	0.20790691866129496
0.24434876210979548	0.20820329345625047
0.2448869752421959	0.20817270439849161
0.24542518837459634	0.20790649608008813
0.24596340150699678	0.2078877157432472
0.2465016146393972	0.20779290144487772
0.24703982777179764	0.20772040721967513
0.24757804090419805	0.20763767463541677
0.24811625403659848	0.20760819142822987
0.24865446716899892	0.20751329298009102
0.24919268030139935	0.2059171668743438
0.24973089343379978	0.20585644163935296
0.2502691065662002	0.20403905626224744
0.25080731969860065	0.20403056271603234
0.2513455328310011	0.20399205451144795
0.2518837459634015	0.20392334279093235
0.25242195909580195	0.20386011310179689
0.2529601722282024	0.20360227283392834
0.2534983853606028	0.20338586093310076
0.25403659849300325	0.2034099373238134
0.2545748116254037	0.20049876778109013
0.25511302475780406	0.20017726814512962
0.2556512378902045	0.20002508757092208
0.25618945102260493	0.19992289095644813
0.25672766415500536	0.19981581554294672
0.2572658772874058	0.19978372723156054
0.25780409041980623	0.1998283819982936
0.25834230355220666	0.20011861929967095
0.2588805166846071	0.2004094893858623
0.25941872981700753	0.20070099409769632
0.25995694294940797	0.20099313528270024
0.2604951560818084	0.19948233448389985
0.26103336921420883	0.19753675349038183
0.26157158234660927	0.19736039848188164
0.2621097954790097	0.19722682884021592
0.26264800861141013	0.19724972429984858
0.26318622174381057	0.19589696490912423
0.263724434876211	0.19569219389515222
0.26426264800861143	0.1956622304375582
0.26480086114101187	0.19553099217694997
0.26533907427341225	0.19546241401799996
0.2658772874058127	0.19536043220373372
0.2664155005382131	0.19498632228774077
0.26695371367061355	0.19527285619264562
0.267491926803014	0.1955600221576348
0.2680301399354144	0.1958478220430765
0.26856835306781485	0.19613625771618853
0.2691065662002153	0.19498296250488267
0.2696447793326157	0.19450890917625246
0.27018299246501615	0.1935093763827335
0.2707212055974166	0.19341421940437284
0.271259418729817	0.18875175006489245
0.27179763186221745	0.18868953265309082
0.2723358449946179	0.18857515016237117
0.2728740581270183	0.18851258099842938
0.27341227125941875	0.1857587884465654
0.2739504843918192	0.18580060235792087
0.2744886975242196	0.1857297141421993
0.27502691065662	0.18564848585112226
0.2755651237890204	0.18559074829494307
0.27610333692142086	0.18516324802580883
0.2766415500538213	0.18543899374140943
0.27717976318622173	0.18571535587813284
0.27771797631862216	0.18323644027661376
0.2782561894510226	0.1829361572381635
0.27879440258342303	0.1832094001914692
0.27933261571582346	0.1831130779497053
0.2798708288482239	0.18309391538671352
0.28040904198062433	0.18310416452752798
0.28094725511302476	0.18228507128173219
0.2814854682454252	0.18218970757866743
0.28202368137782563	0.18218031371888974
0.28256189451022606	0.18217124963329373
0.2831001076426265	0.18216251684025492
0.28363832077502693	0.1820763420193679
0.28417653390742736	0.18176560678850243
0.2847147470398278	0.1816164305745206
0.2852529601722282	0.18155354045412186
0.2857911733046286	0.18158394337615694
0.28632938643702904	0.1815656492668813
0.2868675995694295	0.18183991761924817
0.2874058127018299	0.18176630740132074
0.28794402583423034	0.18172753231916491
0.2884822389666308	0.1819998055336829
0.2890204520990312	0.1820408768840113
0.28955866523143164	0.1820824380780666
0.2900968783638321	0.1819075311681713
0.2906350914962325	0.18180373116489582
0.29117330462863295	0.1817042170925148
0.2917115177610334	0.18160476805790496
0.2922497308934338	0.18150055319459713
0.29278794402583425	0.18146752342555791
0.2933261571582347	0.18143476273320433
0.2938643702906351	0.18100637958971108
0.29440258342303555	0.17918032337513287
0.294940796555436	0.17913808024268352
0.29547900968783636	0.17909398008553762
0.2960172228202368	0.17904373187781383
0.2965554359526372	0.1780168226278616
0.29709364908503766	0.17791182289993288
0.2976318622174381	0.17778001126732568
0.2981700753498385	0.17698181288702092
0.29870828848223896	0.17694487436740633
0.2992465016146394	0.17698520532485512
0.2997847147470398	0.17690387704893606
0.30032292787944026	0.176869392933839
0.3008611410118407	0.17674786599820108
0.3013993541442411	0.17633727741655877
0.30193756727664156	0.17566690316664624
0.302475780409042	0.17559756609166696
0.30301399354144243	0.17410941759055745
0.30355220667384286	0.17405533805076984
0.3040904198062433	0.17402631670416333
0.30462863293864373	0.1733092325487289
0.3051668460710441	0.17320050178550087
0.30570505920344454	0.1730409016093615
0.306243272335845	0.17291711192016512
0.3067814854682454	0.1726691405908725
0.30731969860064584	0.17258641332337285
0.3078579117330463	0.17253833929666923
0.3083961248654467	0.17146514844353788
0.30893433799784714	0.17173243628210927
0.3094725511302476	0.1716385203251266
0.310010764262648	0.17144539210265214
0.31054897739504844	0.17070278804347158
0.3110871905274489	0.17075410230675103
0.3116254036598493	0.16866571811200312
0.31216361679224974	0.16860142391225352
0.3127018299246502	0.1684796628121437
0.3132400430570506	0.1680925040782889
0.31377825618945104	0.16835638556035842
0.3143164693218515	0.16825028406288137
0.3148546824542519	0.16851482853467836
0.3153928955866523	0.16877999742300986
0.3159311087190527	0.16858388249466774
0.31646932185145316	0.16855626373342872
0.3170075349838536	0.16848727219878198
0.317545748116254	0.16828475611158206
0.31808396124865446	0.16827869600730902
0.3186221743810549	0.16829285534054264
0.3191603875134553	0.16761499705618704
0.31969860064585576	0.16753702635956388
0.3202368137782562	0.16696818616058529
0.3207750269106566	0.16645776003499285
0.32131324004305706	0.16549639175569436
0.3218514531754575	0.16342203258602148
0.3223896663078579	0.16368184503846347
0.32292787944025836	0.16349432053608953
0.3234660925726588	0.16251333930391934
0.3240043057050592	0.1623769311596647
0.32454251883745966	0.1623170084659301
0.32508073196986004	0.16132872349894167
0.32561894510226047	0.16123285339612917
0.3261571582346609	0.16116253691786314
0.32669537136706134	0.1611181284771533
0.32723358449946177	0.1611237532090487
0.3277717976318622	0.16119500493121966
0.32831001076426264	0.1611420873061001
0.32884822389666307	0.16140074234190444
0.3293864370290635	0.16166002064285528
0.32992465016146394	0.16191992421302065
0.3304628632938644	0.16218045506452994
0.3310010764262648	0.1624416152176129
0.33153928955866524	0.16270340670063888
0.3320775026910657	0.16296583155015604
0.3326157158234661	0.16322889181093111
0.33315392895586654	0.16304669563466118
0.333692142088267	0.16296691603797453
0.3342303552206674	0.16284650154994207
0.33476856835306784	0.16219376882257389
0.3353067814854682	0.1624566436504873
0.33584499461786865	0.16228782990419918
0.3363832077502691	0.16113894490577466
0.3369214208826695	0.16104676314257863
0.33745963401506995	0.16070313824369561
0.3379978471474704	0.16060163505348507
0.3385360602798708	0.16050025086844918
0.33907427341227125	0.1603989866747149
0.3396124865446717	0.16029784346389112
0.3401506996770721	0.1601993343825042
0.34068891280947255	0.16003113505840166
0.341227125941873	0.15982161716749957
0.3417653390742734	0.15947887831976604
0.34230355220667386	0.1591708607974022
0.3428417653390743	0.1581500581249994
0.3433799784714747	0.15656437221864714
0.34391819160387516	0.15649352129704558
0.3444564047362756	0.1567507004610506
0.344994617868676	0.1570085141131247
0.3455328310010764	0.15726696434211748
0.34607104413347684	0.15691661965863707
0.34660925726587727	0.1539456640774748
0.3471474703982777	0.15266918487245462
0.34768568353067814	0.15237545945193312
0.34822389666307857	0.1520550907283491
0.348762109795479	0.15230526218318344
0.34930032292787944	0.15255742321328805
0.34983853606027987	0.151601797782901
0.3503767491926803	0.1514400473521774
0.35091496232508074	0.1513722571874895
0.35145317545748117	0.15162370611969464
0.3519913885898816	0.1515245920953079
0.35252960172228204	0.1515188696012668
0.35306781485468247	0.15139067214947433
0.3536060279870829	0.15127277656200633
0.35414424111948334	0.1511443190270193
0.35468245425188377	0.15066008140326206
0.35522066738428415	0.15065161675361502
0.3557588805166846	0.15053198779568283
0.356297093649085	0.15009694828619868
0.35683530678148545	0.14851024400375493
0.3573735199138859	0.14809561383401804
0.3579117330462863	0.1480373183146385
0.35844994617868675	0.14797932276295525
0.3589881593110872	0.1479216289381981
0.3595263724434876	0.1472010772513668
0.36006458557588805	0.14715527727406322
0.3606027987082885	0.1471370571194574
0.3611410118406889	0.14689268715146617
0.36167922497308935	0.14685684720114245
0.3622174381054898	0.14682138951594306
0.3627556512378902	0.14678631618818858
0.36329386437029065	0.14483825069237474
0.3638320775026911	0.14458166760496652
0.3643702906350915	0.1445215651171765
0.36490850376749195	0.14444566241285747
0.36544671689989233	0.1443287422170978
0.36598493003229277	0.14412056592805186
0.3665231431646932	0.1439966050740393
0.36706135629709363	0.14389356252197863
0.36759956942949407	0.14313688022464952
0.3681377825618945	0.14264721643344544
0.36867599569429493	0.14252160480160458
0.36921420882669537	0.14244387524415225
0.3697524219590958	0.14245729137981827
0.37029063509149623	0.14191659807849882
0.37082884822389667	0.14184208855450792
0.3713670613562971	0.1401440904699559
0.37190527448869753	0.14038447484468997
0.37244348762109797	0.1403030301033939
0.3729817007534984	0.14016009537568763
0.37351991388589884	0.140017200456341
0.37405812701829927	0.13685907383734294
0.3745963401506997	0.137094834515788
0.3751345532831001	0.13717659587417264
0.3756727664155005	0.1348842040991191
0.37621097954790095	0.13479903414241887
0.3767491926803014	0.13467767456194346
0.3772874058127018	0.13451667243998505
0.37782561894510225	0.13474960174291142
0.3783638320775027	0.13441056196224568
0.3789020452099031	0.1343091998925056
0.37944025834230355	0.1342100852250609
0.379978471474704	0.1337060612744277
0.3805166846071044	0.13365925533728654
0.38105489773950485	0.13358440375269273
0.3815931108719053	0.13350531795601756
0.3821313240043057	0.1334054522450528
0.38266953713670615	0.13327574588379298
0.3832077502691066	0.13296504367930972
0.383745963401507	0.1325610779495679
0.38428417653390745	0.1305390239126258
0.3848223896663079	0.13041477486341174
0.38536060279870826	0.13029065731795622
0.3858988159311087	0.12929340805875378
0.38643702906350913	0.12921240190388178
0.38697524219590956	0.12916645296393808
0.38751345532831	0.12917003024253132
0.38805166846071043	0.1292079597735243
0.38858988159311086	0.12924659819243578
0.3891280947255113	0.1291210048736693
0.38966630785791173	0.12897101097123398
0.39020452099031216	0.12919887494821494
0.3907427341227126	0.12903356970126906
0.39128094725511303	0.128521211306959
0.39181916038751347	0.12807061819568316
0.3923573735199139	0.12790952646006712
0.39289558665231433	0.12782007143661053
0.39343379978471477	0.12605410337052445
0.3939720129171152	0.1259935459757354
0.39451022604951563	0.12572620110016267
0.395048439181916	0.12561118509048647
0.39558665231431644	0.12583509094626275
0.3961248654467169	0.12460317343840026
0.3966630785791173	0.12394100853442329
0.39720129171151775	0.12386695656265881
0.3977395048439182	0.12333386965893788
0.3982777179763186	0.12355470022233794
0.39881593110871905	0.12313927708922659
0.3993541442411195	0.12336015471629247
0.3998923573735199	0.12358162716641148
0.40043057050592035	0.1238036965773125
0.4009687836383208	0.12402636509633644
0.4015069967707212	0.12424963488048825
0.40204520990312165	0.12416395719287229
0.4025834230355221	0.12264219573064768
0.4031216361679225	0.12286357153521563
0.40365984930032295	0.12088088420715475
0.4041980624327234	0.12069418732549567
0.4047362755651238	0.12053884325561982
0.4052744886975242	0.1207572107252858
0.4058127018299246	0.12097617212279312
0.40635091496232506	0.12119572960395972
0.4068891280947255	0.12141588533439379
0.4074273412271259	0.12077368933329784
0.40796555435952636	0.12067716492295541
0.4085037674919268	0.12058091740890789
0.40904198062432723	0.12080075499762058
0.40958019375672766	0.12040906219818777
0.4101184068891281	0.11861533892302784
0.41065662002152853	0.11883051643109702
0.41119483315392896	0.11877548417028282
0.4117330462863294	0.11866417170785158
0.41227125941872983	0.11853893848618761
0.41280947255113026	0.11846114844570109
0.4133476856835307	0.11774607248554764
0.41388589881593113	0.11770723112854034
0.41442411194833156	0.11754182792014994
0.414962325080732	0.11775829537488319
0.4155005382131324	0.11768218049937462
0.4160387513455328	0.11760643475071271
0.41657696447793324	0.11727250971381784
0.4171151776103337	0.11748927960238312
0.4176533907427341	0.11734055886189304
0.41819160387513454	0.11722936547018323
0.418729817007535	0.11712694278327256
0.4192680301399354	0.11705191913166267
0.41980624327233584	0.11655263234826069
0.4203444564047363	0.11646240930533368
0.4208826695371367	0.11604243024568037
0.42142088266953714	0.11510715273667961
0.4219590958019376	0.1150298794970204
0.422497308934338	0.11237099464044177
0.42303552206673845	0.11214146978721867
0.4235737351991389	0.11206442259979865
0.4241119483315393	0.11163668567550704
0.42465016146393975	0.11147554349856394
0.4251883745963401	0.10974775600448124
0.42572658772874056	0.10773418353796421
0.426264800861141	0.1076227341396925
0.4268030139935414	0.10750039392595123
0.42734122712594186	0.10769911583503464
0.4278794402583423	0.1079019390286976
0.4284176533907427	0.10779731356341152
0.42895586652314316	0.10771474669326903
0.4294940796555436	0.10791461062951163
0.430032292787944	0.10740114049705236
0.43057050592034446	0.10727614675634359
0.4311087190527449	0.1069540004120181
0.4316469321851453	0.10655264385786167
0.43218514531754576	0.10605544951691649
0.4327233584499462	0.10580011749486061
0.4332615715823466	0.10344412265476646
0.43379978471474706	0.10219678009285804
0.4343379978471475	0.10210098622703803
0.43487621097954793	0.10161874687700477
0.4354144241119483	0.1014431276384784
0.43595263724434874	0.10135093969337107
0.4364908503767492	0.10154472734096834
0.4370290635091496	0.10173907131674054
0.43756727664155004	0.10193397375221322
0.4381054897739505	0.10212943678913021
0.4386437029063509	0.10232546257951242
0.43918191603875134	0.10222807554120367
0.4397201291711518	0.1020351703640376
0.4402583423035522	0.10199452462058367
0.44079655543595264	0.10219104586262719
0.4413347685683531	0.10238349054540563
0.4418729817007535	0.10257741882771611
0.44241119483315394	0.10277283823328101
0.4429494079655544	0.10261504405779394
0.4434876210979548	0.10258043486861851
0.44402583423035524	0.10277923416099954
0.4445640473627557	0.10249099636568651
0.44510226049515605	0.10175128517756786
0.4456404736275565	0.1016469002850562
0.4461786867599569	0.1015295140349721
0.44671689989235736	0.10014540814653577
0.4472551130247578	0.09776849228249164
0.4477933261571582	0.09762066214720838
0.44833153928955866	0.09751722982705543
0.4488697524219591	0.09732673753041719
0.4494079655543595	0.09721222127559079
0.44994617868675996	0.09740264678249694
0.4504843918191604	0.09759363236442341
0.4510226049515608	0.09778518021989822
0.45156081808396126	0.09769541448114931
0.4520990312163617	0.0976175469334971
0.4526372443487621	0.09735590646976884
0.45317545748116256	0.09754580135548561
0.453713670613563	0.09773819938577256
0.4542518837459634	0.09704291485290258
0.45479009687836386	0.09650698445145439
0.45532831001076424	0.09628255606541254
0.45586652314316467	0.09621250080011022
0.4564047362755651	0.09612117286704702
0.45694294940796554	0.09580751779013388
0.45748116254036597	0.09419125294894959
0.4580193756727664	0.09388847048164449
0.45855758880516684	0.09407531320897115
0.45909580193756727	0.09318891341229758
0.4596340150699677	0.093374733778025
0.46017222820236814	0.09356111049215278
0.4607104413347686	0.09352152651019266
0.461248654467169	0.09370856956321305
0.46178686759956944	0.09361590117680929
0.4623250807319699	0.09349513766661033
0.4628632938643703	0.09339542663944342
0.46340150699677074	0.09205796803010505
0.4639397201291712	0.0922430091718741
0.4644779332615716	0.09208039041971633
0.465016146393972	0.09191698196370023
0.4655543595263724	0.09176673055827603
0.46609257265877285	0.0915323431205234
0.4666307857911733	0.09088809524054858
0.4671689989235737	0.088370718794266
0.46770721205597415	0.08764426795614313
0.4682454251883746	0.08782186525696611
0.468783638320775	0.08799794780063962
0.46932185145317545	0.08817662383678306
0.4698600645855759	0.08835584461693911
0.4703982777179763	0.0870159311369762
0.47093649085037675	0.08637704537637249
0.4714747039827772	0.08608527266071297
0.4720129171151776	0.0851142923589874
0.47255113024757806	0.08528817242509361
0.4730893433799785	0.08546258586563572
0.4736275565123789	0.0854211916452827
0.47416576964477936	0.08538049723596575
0.4747039827771798	0.08422670654601302
0.47524219590958017	0.08407775611229767
0.4757804090419806	0.08292337755977286
0.47631862217438103	0.08218828813475199
0.47685683530678147	0.08194841765786488
0.4773950484391819	0.08211738346746873
0.47793326157158234	0.0822868723910342
0.47847147470398277	0.08214832471393631
0.4790096878363832	0.08201263579077711
0.47954790096878364	0.08193471920801296
0.48008611410118407	0.0815529741725634
0.4806243272335845	0.08139811364749212
0.48116254036598494	0.08121374628815645
0.48170075349838537	0.08138258983553306
0.4822389666307858	0.08119306536599122
0.48277717976318624	0.08113558270941723
0.48331539289558667	0.08102094386060499
0.4838536060279871	0.08084896556643535
0.48439181916038754	0.0810179289218511
0.48493003229278797	0.08088575361756573
0.48546824542518835	0.08105514786597948
0.4860064585575888	0.0808786506327877
0.4865446716899892	0.07994908024665956
0.48708288482238965	0.0798026702601017
0.4876210979547901	0.07976341370882593
0.4881593110871905	0.07960913368528082
0.48869752421959095	0.07951571544178145
0.4892357373519914	0.07939493350412662
0.4897739504843918	0.07932789884182634
0.49031216361679225	0.07806824334732577
0.4908503767491927	0.07798940156832461
0.4913885898815931	0.0779226554377319
0.49192680301399355	0.0778565743185162
0.492465016146394	0.076307237215583
0.4930032292787944	0.07646942050403269
0.49354144241119485	0.07663212139872212
0.4940796555435953	0.0753049029722397
0.4946178686759957	0.07506294039681548
0.4951560818083961	0.07487862646309816
0.49569429494079653	0.07241370449470219
0.49623250807319697	0.07225230602848902
0.4967707212055974	0.0724070218872224
0.49730893433799783	0.07254616952967959
0.49784714747039827	0.0677775106911356
0.4983853606027987	0.06753445993678044
0.49892357373519913	0.06697561011030104
0.49946178686759957	0.06685504452615651
0.5	0.06679754847987375
0.5005382131324004	0.0666176307143239
0.5010764262648009	0.0664087946646314
0.5016146393972013	0.06655238124769006
0.5021528525296017	0.06669058401510346
0.5026910656620022	0.06680538806777205
0.5032292787944026	0.06670222879699524
0.503767491926803	0.06684707619937742
0.5043057050592035	0.06642846848751723
0.5048439181916039	0.06639988105454375
0.5053821313240043	0.06637219691426977
0.5059203444564048	0.06609944078514772
0.5064585575888052	0.0662437627082594
0.5069967707212056	0.06498171324343689
0.5075349838536061	0.06419746867306575
0.5080731969860065	0.06433809839633642
0.5086114101184069	0.06447919071738102
0.5091496232508074	0.0646207476673643
0.5096878363832078	0.0645263426187506
0.5102260495156081	0.0644176593186966
0.5107642626480086	0.06410543844923956
0.511302475780409	0.0636024404676384
0.5118406889128094	0.06374284320597756
0.5123789020452099	0.06388371136775872
0.5129171151776103	0.06401649081035357
0.5134553283100107	0.0630838343849457
0.5139935414424112	0.06300316814702644
0.5145317545748116	0.0625849696143079
0.515069967707212	0.0624586612260294
0.5156081808396125	0.06259143293559179
0.5161463939720129	0.0627308347906822
0.5166846071044133	0.0628707028727127
0.5172228202368138	0.06301103926305357
0.5177610333692142	0.061582051332606906
0.5182992465016146	0.06093881772174094
0.5188374596340151	0.06072173571976057
0.5193756727664155	0.05990761353715109
0.5199138858988159	0.06004208629481024
0.5204520990312164	0.05994871925461443
0.5209903121636168	0.06008358701446734
0.5215285252960172	0.060218910408644064
0.5220667384284177	0.0601718773434388
0.5226049515608181	0.058876024514618396
0.5231431646932185	0.05881283032765689
0.523681377825619	0.0586546290809682
0.5242195909580194	0.05855060235776424
0.5247578040904198	0.05840123535357706
0.5252960172228203	0.05824812289687747
0.5258342303552207	0.05744991898852976
0.5263724434876211	0.05727392179527287
0.5269106566200216	0.05708634784697904
0.527448869752422	0.05671820897047603
0.5279870828848224	0.05684509928580774
0.5285252960172229	0.05674607104132307
0.5290635091496233	0.055776656847158594
0.5296017222820237	0.0559044384206916
0.5301399354144241	0.05600069489177261
0.5306781485468245	0.05586148895006061
0.5312163616792249	0.05543947634386659
0.5317545748116254	0.055537970701019505
0.5322927879440258	0.055455343348189474
0.5328310010764262	0.05543931416593481
0.5333692142088267	0.055567349533523575
0.5339074273412271	0.05569582895441033
0.5344456404736275	0.05503527981446498
0.534983853606028	0.05516282391600488
0.5355220667384284	0.05463600356197593
0.5360602798708288	0.05415864854995419
0.5365984930032293	0.0542845988954192
0.5371367061356297	0.054410989114034844
0.5376749192680301	0.0545378212564918
0.5382131324004306	0.05466509738544511
0.538751345532831	0.05479281957559802
0.5392895586652314	0.05492098991378655
0.5398277717976319	0.05504961049906474
0.5403659849300323	0.05517868344279057
0.5409041980624327	0.05530821086871261
0.5414424111948332	0.055217851558912324
0.5419806243272336	0.05509044807251869
0.542518837459634	0.05521745390875971
0.5430570505920345	0.05141874488329226
0.5435952637244349	0.051154409406884475
0.5441334768568353	0.0510858615654724
0.5446716899892358	0.05120397713581215
0.5452099031216362	0.05110971953191477
0.5457481162540366	0.04747223009460485
0.5462863293864371	0.04758499073615973
0.5468245425188375	0.047482656064172374
0.5473627556512379	0.04324493652596462
0.5479009687836384	0.04312600698568965
0.5484391819160388	0.042494000813451505
0.5489773950484392	0.0424292629632572
0.5495156081808397	0.04253076837704489
0.55005382131324	0.04263263848094201
0.5505920344456404	0.04257635774345833
0.5511302475780409	0.042433534385735876
0.5516684607104413	0.040522363602685386
0.5522066738428417	0.040619890350224945
0.5527448869752422	0.040717769604080904
0.5532831001076426	0.04081600306512815
0.553821313240043	0.04091459244451252
0.5543595263724435	0.040842872505473256
0.5548977395048439	0.04094176565923953
0.5554359526372443	0.04080352004918213
0.5559741657696448	0.04090255771920442
0.5565123789020452	0.04082059648769876
0.5570505920344456	0.040732553968837015
0.5575888051668461	0.0398309122087005
0.5581270182992465	0.03992806077506318
0.5586652314316469	0.04002556519698031
0.5592034445640474	0.03980936199284327
0.5597416576964478	0.03911665066468961
0.5602798708288482	0.03857111382379866
0.5608180839612487	0.03866576686385706
0.5613562970936491	0.03876076874804344
0.5618945102260495	0.03867295391794111
0.56243272335845	0.03816096674379577
0.5629709364908504	0.03772867186776779
0.5635091496232508	0.03781421768952347
0.5640473627556513	0.0379015973728042
0.5645855758880517	0.037995413207885395
0.5651237890204521	0.03672898658311906
0.5656620021528526	0.036193864065941064
0.566200215285253	0.036283786709583155
0.5667384284176534	0.03621837057783738
0.5672766415500539	0.03615406510411322
0.5678148546824543	0.036090879207034604
0.5683530678148547	0.03602882187355341
0.5688912809472552	0.035967902159524126
0.5694294940796556	0.03578306553953518
0.569967707212056	0.03533739306197485
0.5705059203444564	0.03510450410063123
0.5710441334768568	0.03519270637224085
0.5715823466092572	0.035107225397400924
0.5721205597416577	0.03502007604550095
0.5726587728740581	0.035108399062009146
0.5731969860064585	0.035040455643805084
0.573735199138859	0.03497365280084259
0.5742734122712594	0.03490799984809088
0.5748116254036598	0.034996486539721025
0.5753498385360603	0.034743054630435206
0.5758880516684607	0.03482812202331307
0.5764262648008611	0.034546639973099716
0.5769644779332616	0.034634656890228634
0.577502691065662	0.03472301060678534
0.5780409041980624	0.034329146830838216
0.5785791173304629	0.03270736232099598
0.5791173304628633	0.03278293320799904
0.5796555435952637	0.032866992011096476
0.5801937567276642	0.032402491087638284
0.5807319698600646	0.03229095362032111
0.581270182992465	0.03237407061805681
0.5818083961248655	0.03245750894439201
0.5823466092572659	0.03254127025779689
0.5828848223896663	0.032625356227455285
0.5834230355220668	0.0327097685333478
0.5839612486544672	0.032794508866335746
0.5844994617868676	0.03287957892824582
0.5850376749192681	0.032770525045014154
0.5855758880516685	0.032453586190685585
0.5861141011840689	0.031035109466816445
0.5866523143164694	0.031116035436742955
0.5871905274488698	0.031068854059546264
0.5877287405812702	0.031150079821793443
0.5882669537136707	0.031231624533368817
0.5888051668460711	0.031313489866352746
0.5893433799784715	0.031040407187175958
0.589881593110872	0.030792949444299503
0.5904198062432723	0.030702449784657207
0.5909580193756727	0.03078335215563127
0.5914962325080731	0.03023140252368571
0.5920344456404736	0.030155674743986883
0.592572658772874	0.029925950737164125
0.5931108719052745	0.030005224778851976
0.5936490850376749	0.0300848142344988
0.5941872981700753	0.03016472077961035
0.5947255113024758	0.03024494610083272
0.5952637244348762	0.030325491896041327
0.5958019375672766	0.03023398179835682
0.596340150699677	0.03031471339194389
0.5968783638320775	0.030188722029807984
0.5974165769644779	0.03026596921490595
0.5979547900968784	0.030181691275489562
0.5984930032292788	0.030259117339118513
0.5990312163616792	0.026242435471610738
0.5995694294940797	0.026016592476742803
0.6001076426264801	0.026083090313552874
0.6006458557588805	0.02495816509250056
0.601184068891281	0.025025619592750563
0.6017222820236814	0.025093347927237032
0.6022604951560818	0.025161351580156373
0.6027987082884823	0.01833030778409451
0.6033369214208827	0.017826706443438083
0.6038751345532831	0.01771573903478456
0.6044133476856836	0.01666976680600687
0.604951560818084	0.016658304677010485
0.6054897739504844	0.016630822751526036
0.6060279870828849	0.016676324318561673
0.6065662002152853	0.016722012878338556
0.6071044133476857	0.01676788945687995
0.6076426264800862	0.01674674977313705
0.6081808396124866	0.016713919795793102
0.608719052744887	0.016629714674151603
0.6092572658772875	0.01667558974911478
0.6097954790096879	0.016721654914167584
0.6103336921420882	0.016767911220984092
0.6108719052744886	0.016814359728521442
0.6114101184068891	0.01686100150308045
0.6119483315392895	0.016854991776686017
0.61248654467169	0.016901876315703224
0.6130247578040904	0.01694895675112301
0.6135629709364908	0.016204611273922715
0.6141011840688912	0.016249875551224174
0.6146393972012917	0.016295329748570255
0.6151776103336921	0.016287629582475795
0.6157158234660925	0.01632938854280787
0.616254036598493	0.01626157237561087
0.6167922497308934	0.016175040660460913
0.6173304628632938	0.016089937959509255
0.6178686759956943	0.016090562482382508
0.6184068891280947	0.015440112053602018
0.6189451022604952	0.015483789881193536
0.6194833153928956	0.015310253287276107
0.620021528525296	0.014765441658292062
0.6205597416576965	0.014194271185226226
0.6210979547900969	0.014111965863895137
0.6216361679224973	0.013987846888867034
0.6221743810548978	0.014027755153885199
0.6227125941872982	0.01406783445432487
0.6232508073196986	0.01410808576892952
0.623789020452099	0.014148510083453674
0.6243272335844995	0.013818479289720667
0.6248654467168999	0.013313675857627681
0.6254036598493004	0.013282659824861135
0.6259418729817008	0.013312645306080543
0.6264800861141012	0.013074750443334568
0.6270182992465017	0.013056167151250068
0.6275565123789021	0.013039512897140667
0.6280947255113025	0.0128914633234598
0.628632938643703	0.012928884116851556
0.6291711517761034	0.012966468082307519
0.6297093649085038	0.013004216169883379
0.6302475780409041	0.012985829003991395
0.6307857911733046	0.013023743833200128
0.631324004305705	0.01283966581802755
0.6318622174381054	0.012877263668153546
0.6324004305705059	0.012718501189842505
0.6329386437029063	0.012594656595590253
0.6334768568353067	0.012627380795044328
0.6340150699677072	0.012653745773562174
0.6345532831001076	0.012640749740209819
0.635091496232508	0.01262980040617292
0.6356297093649085	0.012620916107804933
0.6361679224973089	0.01261411534495395
0.6367061356297093	0.012609416782582325
0.6372443487621098	0.012640275318970879
0.6377825618945102	0.010137986981080203
0.6383207750269106	0.010137230265437032
0.6388589881593111	0.010167490654289082
0.6393972012917115	0.010069062571237746
0.639935414424112	0.00997223727245742
0.6404736275565124	0.010002139033394324
0.6410118406889128	0.01003217548694806
0.6415500538213132	0.010062347443299783
0.6420882669537137	0.01009265571873141
0.6426264800861141	0.010123101135680827
0.6431646932185145	0.010153684522797687
0.643702906350915	0.010184406714999797
0.6442411194833154	0.010206099709262915
0.6447793326157158	0.010237074215209085
0.6453175457481163	0.010268189942306985
0.6458557588805167	0.010299447750350538
0.6463939720129172	0.010283659473783608
0.6469321851453176	0.01028488246429501
0.647470398277718	0.010253305080323733
0.6480086114101185	0.010213245968124611
0.6485468245425189	0.010191414604388205
0.6490850376749193	0.010171756954785428
0.6496232508073198	0.010191238527644057
0.6501614639397201	0.009710696938740108
0.6506996770721205	0.009629765230975112
0.6512378902045209	0.009642836423132992
0.6517761033369214	0.009663120157854168
0.6523143164693218	0.009597775512168238
0.6528525296017222	0.009627582268417208
0.6533907427341227	0.009657528091958164
0.6539289558665231	0.009687613849253984
0.6544671689989235	0.009717840413526227
0.655005382131324	0.009748208664818497
0.6555435952637244	0.009778719490060494
0.6560818083961248	0.009809373783132784
0.6566200215285253	0.009840172444932259
0.6571582346609257	0.009663806472624359
0.6576964477933261	0.009624452853913574
0.6582346609257266	0.00965481390392592
0.658772874058127	0.009680335315735334
0.6593110871905274	0.009664297250910146
0.6598493003229279	0.009694928937917785
0.6603875134553283	0.00972570649010165
0.6609257265877287	0.009756630835062228
0.6614639397201292	0.009787702907785356
0.6620021528525296	0.009818923650712902
0.66254036598493	0.009850294013814221
0.6630785791173305	0.009715015421213523
0.6636167922497309	0.00974615329115331
0.6641550053821313	0.009777441102681892
0.6646932185145318	0.00980887982005386
0.6652314316469322	0.00977207782083749
0.6657696447793326	0.009712145910525253
0.6663078579117331	0.009743526026552799
0.6668460710441335	0.009754145736861399
0.667384284176534	0.009767405754093647
0.6679224973089344	0.009783331627876908
0.6684607104413348	0.00842594839902419
0.6689989235737352	0.008357793203268783
0.6695371367061357	0.008312826320727957
0.670075349838536	0.008339992419815303
0.6706135629709364	0.008324325090074029
0.6711517761033369	0.008351617959221812
0.6716899892357373	0.008370969688501874
0.6722282023681377	0.008393104338382489
0.6727664155005382	0.008353831206054258
0.6733046286329386	0.008340670695295859
0.673842841765339	0.007371823172085018
0.6743810548977395	0.007269894540295725
0.6749192680301399	0.007294006959998198
0.6754574811625403	0.007318239541260651
0.6759956942949408	0.007342593083827242
0.6765339074273412	0.007367068394106666
0.6770721205597416	0.007391666285238908
0.6776103336921421	0.0074163875771627846
0.6781485468245425	0.007441233096684268
0.6786867599569429	0.007466203677545624
0.6792249730893434	0.007491300160495358
0.6797631862217438	0.007516523393358978
0.6803013993541442	0.00754187423111061
0.6808396124865447	0.007567353535945443
0.6813778256189451	0.007469107358066752
0.6819160387513455	0.007373019576839594
0.682454251883746	0.00737407517169251
0.6829924650161464	0.007371053005733028
0.6835306781485468	0.007349908050026252
0.6840688912809473	0.006392651774968261
0.6846071044133477	0.006414506994711741
0.6851453175457481	0.006372664626089245
0.6856835306781486	0.00633343459332082
0.686221743810549	0.006296844567608958
0.6867599569429494	0.006262922508464265
0.6872981700753499	0.006231696667034024
0.6878363832077503	0.006241311246671207
0.6883745963401507	0.006262907479358651
0.6889128094725512	0.006284615997484678
0.6894510226049516	0.006306437580809277
0.689989235737352	0.006328373015872962
0.6905274488697524	0.0062411683655433986
0.6910656620021528	0.006242683086089267
0.6916038751345532	0.006264510649327342
0.6921420882669537	0.006286452893282954
0.6926803013993541	0.006210600933155947
0.6932185145317545	0.006088030562639704
0.693756727664155	0.006109467289972943
0.6942949407965554	0.006124807339037111
0.6948331539289558	0.00614644976779696
0.6953713670613563	0.006155698903595909
0.6959095801937567	0.00616811320021633
0.6964477933261571	0.006183726214620687
0.6969860064585576	0.006130301845458902
0.697524219590958	0.006095065007562342
0.6980624327233584	0.00591756399529503
0.6986006458557589	0.00583768391077356
0.6991388589881593	0.005801755689227508
0.6996770721205597	0.005768749331614867
0.7002152852529602	0.005708129059717049
0.7007534983853606	0.0057286988941664795
0.701291711517761	0.005674576071687946
0.7018299246501615	0.005623288478211699
0.7023681377825619	0.005574867995262645
0.7029063509149623	0.005529346855394323
0.7034445640473628	0.005549453571232121
0.7039827771797632	0.00549681041484317
0.7045209903121636	0.005516871766722159
0.7050592034445641	0.005537043144297012
0.7055974165769645	0.005557325353616781
0.7061356297093649	0.005577719208125467
0.7066738428417654	0.005598225528743575
0.7072120559741658	0.005618845143950733
0.7077502691065662	0.005639578889869371
0.7082884822389667	0.005660427610349479
0.7088266953713671	0.0056813921570544774
0.7093649085037675	0.005685294800941027
0.709903121636168	0.0056564266222106745
0.7104413347685683	0.005630765386533669
0.7109795479009687	0.0056083475942977044
0.7115177610333692	0.005589210157490228
0.7120559741657696	0.005573390404851056
0.71259418729817	0.005560926087097619
0.7131324004305705	0.005553618702344155
0.7136706135629709	0.005549756824129176
0.7142088266953713	0.00541542090310877
0.7147470398277718	0.005385009944342243
0.7152852529601722	0.005405407709282934
0.7158234660925726	0.005425921590532584
0.7163616792249731	0.005446552471104951
0.7168998923573735	0.005467301242423447
0.7174381054897739	0.005418497169860301
0.7179763186221744	0.00537292887759222
0.7185145317545748	0.0053306346310895624
0.7190527448869752	0.005309180099040442
0.7195909580193757	0.00526685087145739
0.7201291711517761	0.0052686202686202605
0.7206673842841765	0.0052337875211533255
0.721205597416577	0.005173503349795136
0.7217438105489774	0.005193555688360233
0.7222820236813778	0.005213724836664544
0.7228202368137783	0.005206308430969378
0.7233584499461787	0.005226605929725594
0.7238966630785791	0.005216564269469969
0.7244348762109796	0.0052369813507594795
0.72497308934338	0.005082032813125255
0.7255113024757804	0.005094297050843918
0.7260495156081809	0.004947410797618877
0.7265877287405813	0.004910628774953441
0.7271259418729817	0.004810629727017702
0.7276641550053822	0.004829681725936585
0.7282023681377826	0.0048488471296109364
0.728740581270183	0.004840514734720942
0.7292787944025835	0.00483603784238226
0.7298170075349839	0.004810280785422151
0.7303552206673842	0.00480956182872352
0.7308934337997847	0.004743983204504258
0.7314316469321851	0.004742914783477849
0.7319698600645855	0.004691276363478262
0.732508073196986	0.004698023007476515
0.7330462863293864	0.0047088589427299226
0.7335844994617868	0.004727923148975793
0.7341227125941873	0.004635555185357697
0.7346609257265877	0.00457194372001676
0.7351991388589881	0.004451201771255439
0.7357373519913886	0.004461057044289949
0.736275565123789	0.004479302676372935
0.7368137782561894	0.004497660474226923
0.7373519913885899	0.004516131359131345
0.7378902045209903	0.00453471626184382
0.7384284176533907	0.0045534161227174024
0.7389666307857912	0.0045722318918195405
0.7395048439181916	0.004591164529052748
0.740043057050592	0.0046102150042770336
0.7405812701829925	0.004629384297434111
0.7411194833153929	0.004619798369798391
0.7416576964477933	0.004639087715810075
0.7421959095801938	0.004658498124662837
0.7427341227125942	0.004678030611558698
0.7432723358449946	0.004697686202363566
0.7438105489773951	0.004708620290221374
0.7443487621097955	0.004539661389761345
0.7448869752421959	0.004549936048316995
0.7454251883745964	0.004546819623682082
0.7459634015069968	0.004566126713379246
0.7465016146393972	0.0044418846275466614
0.7470398277717977	0.0044426802159415885
0.7475780409041981	0.004452554079419771
0.7481162540365985	0.004457896374384615
0.748654467168999	0.004477028976849785
0.7491926803013994	0.004496285015459892
0.7497308934337998	0.004515665554319633
0.7502691065662002	0.004535171669025117
0.7508073196986006	0.004554804446813105
0.751345532831001	0.004574564986712511
0.7518837459634015	0.004548869816718557
0.7524219590958019	0.0044989106753812805
0.7529601722282023	0.00451855657352705
0.7534983853606028	0.004528776050376021
0.7540365984930032	0.004548639103228547
0.7545748116254036	0.0045220422852001955
0.7551130247578041	0.004445143696245031
0.7556512378902045	0.004464769054727349
0.7561894510226049	0.004484524670013753
0.7567276641550054	0.004504411697375233
0.7572658772874058	0.0044997946949166595
0.7578040904198062	0.004519838323847246
0.7583423035522067	0.004540016173507278
0.7588805166846071	0.004560329444977109
0.7594187298170075	0.004580779352802118
0.759956942949408	0.004601367125174263
0.7604951560818084	0.0046220940041164895
0.7610333692142088	0.0046429612456700626
0.7615715823466093	0.004638434641090344
0.7621097954790097	0.004659470625857194
0.7626480086114101	0.004670342884628613
0.7631862217438106	0.004691620073169062
0.763724434876211	0.004713042995877596
0.7642626480086114	0.004618455011859619
0.7648008611410119	0.004618646736506216
0.7653390742734123	0.004624064114731637
0.7658772874058127	0.004634779384501309
0.7664155005382132	0.004656187141473601
0.7669537136706136	0.004677743563424867
0.767491926803014	0.004699450030076491
0.7680301399354145	0.004721307937193126
0.7685683530678149	0.00474331869680708
0.7691065662002153	0.004703759376656584
0.7696447793326158	0.004725791036500409
0.7701829924650161	0.004747977848878345
0.7707212055974165	0.004770321274049537
0.771259418729817	0.0047928227894931666
0.7717976318622174	0.004815483890152709
0.7723358449946178	0.004728505857879668
0.7728740581270183	0.004734083071600388
0.7734122712594187	0.00459261772800966
0.7739504843918191	0.00461453953100732
0.7744886975242196	0.004636618667519316
0.77502691065662	0.0046588566467400325
0.7755651237890204	0.0046697257578552625
0.7761033369214209	0.0046748532591906165
0.7766415500538213	0.004603922938129339
0.7771797631862217	0.004174123591957049
0.7777179763186222	0.004194386327840336
0.7782561894510226	0.004214796966905253
0.778794402583423	0.004235356952109669
0.7793326157158235	0.004256067744051525
0.7798708288482239	0.004276930821228249
0.7804090419806243	0.0042859035506094345
0.7809472551130248	0.004294912915602573
0.7814854682454252	0.004316122362099375
0.7820236813778256	0.004229515544147008
0.7825618945102261	0.004219795428674383
0.7831001076426265	0.004240789435782215
0.7836383207750269	0.004261940505287363
0.7841765339074274	0.0042832502078138
0.7847147470398278	0.004292188805346701
0.7852529601722282	0.004313757593313268
0.7857911733046287	0.004335489369602
0.7863293864370291	0.004344664105369396
0.7868675995694295	0.004353876315901633
0.78740581270183	0.0043759772109062105
0.7879440258342304	0.004398246815032959
0.7884822389666308	0.004420686849803536
0.7890204520990313	0.004443299058753938
0.7895586652314317	0.004466085207773188
0.790096878363832	0.004456089468942941
0.7906350914962325	0.004452557001386939
0.7911733046286329	0.0044555884102755365
0.7917115177610333	0.004478674360587845
0.7922497308934338	0.004457080052934977
0.7927879440258342	0.004480294011544013
0.7933261571582346	0.004503689802727011
0.7938643702906351	0.004513599351131648
0.7944025834230355	0.004537292786045725
0.7949407965554359	0.004376985771515402
0.7954790096878364	0.004337592001110958
0.7960172228202368	0.004360542223339058
0.7965554359526372	0.0043836750733302465
0.7970936490850377	0.004392883345561264
0.7976318622174381	0.004402127659574471
0.7981700753498385	0.004425668449197864
0.798708288482239	0.004449398574930828
0.7992465016146394	0.00447332007264551
0.7997847147470398	0.004497435005651685
0.8003229278794403	0.004521745465141694
0.8008611410118407	0.004546253570643817
0.8013993541442411	0.004570961470484273
0.8019375672766416	0.004595871342258029
0.802475780409042	0.004620985393308619
0.8030139935414424	0.00464630586121716
0.8035522066738429	0.004671835014300771
0.8040904198062433	0.004697575152120609
0.8046286329386437	0.004723528605999729
0.8051668460710442	0.004749697739550974
0.8057050592034446	0.0047760849492151465
0.806243272335845	0.004779480037140208
0.8067814854682455	0.004790619504831861
0.8073196986006459	0.004801808991753129
0.8078579117330463	0.004789443867434617
0.8083961248654468	0.004816426649786361
0.8089343379978472	0.004827723402562269
0.8094725511302476	0.004839071077607596
0.810010764262648	0.004866565799639457
0.8105489773950484	0.004894295519295522
0.8110871905274488	0.004922262922262925
0.8116254036598493	0.004950470732705693
0.8121636167922497	0.0049789217139281396
0.8127018299246501	0.004966212858988376
0.8132400430570506	0.0049504977983597384
0.813778256189451	0.00496244170785513
0.8143164693218514	0.004991293113133358
0.8148546824542519	0.005020396863064164
0.8153928955866523	0.005049755909046996
0.8159311087190527	0.005079373245756949
0.8164693218514532	0.005109251911908461
0.8170075349838536	0.005139394991034764
0.817545748116254	0.005169805612283491
0.8180839612486545	0.0052004869512287935
0.8186221743810549	0.005231442230700393
0.8191603875134553	0.004694089078417434
0.8196986006458558	0.004650698602794409
0.8202368137782562	0.004615693537849224
0.8207750269106566	0.004643498920607353
0.8213132400430571	0.004671556315898031
0.8218514531754575	0.004699868778418625
0.8223896663078579	0.004728439409290471
0.8229278794402584	0.0047572713569080955
0.8234660925726588	0.004786367817806616
0.8240043057050592	0.004815732037547761
0.8245425188374597	0.004845367311624978
0.8250807319698601	0.004875276986388096
0.8256189451022605	0.004905464459988022
0.826157158234661	0.004935933183341985
0.8266953713670614	0.0049666866611198165
0.8272335844994618	0.004997728452751815
0.8277717976318623	0.005029062173458723
0.8283100107642627	0.005060691495304376
0.8288482238966631	0.0050926201482715955
0.8293864370290636	0.005124851921361922
0.829924650161464	0.005157390663719776
0.8304628632938643	0.005190240285781685
0.8310010764262648	0.005223404760451216
0.8315392895586652	0.005256888124300262
0.8320775026910656	0.00529069447879737
0.832615715823466	0.005324827991563805
0.8331539289558665	0.005359292897658069
0.8336921420882669	0.005394093500889615
0.8342303552206674	0.005429234175162512
0.8347685683530678	0.0054647193658498485
0.8353067814854682	0.005425550912532588
0.8358449946178687	0.005428889847569742
0.8363832077502691	0.005464724103989344
0.8369214208826695	0.005500914329843578
0.83745963401507	0.005537465255623269
0.8379978471474704	0.005574381690660758
0.8385360602798708	0.005611668524712001
0.8390742734122713	0.005424868876867707
0.8396124865446717	0.005461399980415638
0.8401506996770721	0.005498301331634662
0.8406889128094726	0.00551267369063979
0.841227125941873	0.005550174872208768
0.8417653390742734	0.005588060024920091
0.8423035522066739	0.00562633440865242
0.8428417653390743	0.005665003373660341
0.8433799784714747	0.005704072362444205
0.8439181916038752	0.005743546911665272
0.8444564047362756	0.005783432654107392
0.844994617868676	0.005823735320686537
0.8455328310010765	0.00586446074250952
0.8460710441334769	0.005844272686377947
0.8466092572658773	0.005885429536282017
0.8471474703982778	0.005927022677881183
0.8476856835306782	0.005943997527337123
0.8482238966630786	0.005986303559560163
0.8487621097954791	0.0060290628706998785
0.8493003229278795	0.006072281959378731
0.8498385360602799	0.006051502883714531
0.8503767491926802	0.006032430373390815
0.8509149623250807	0.005958422714034075
0.8514531754574811	0.006001756697408868
0.8519913885898815	0.006045565140455648
0.852529601722282	0.00608985499496448
0.8530678148546824	0.00602240896358543
0.8536060279870828	0.0060668547861949165
0.8541442411194833	0.006111794451277842
0.8546824542518837	0.0061572353022167105
0.8552206673842842	0.006161571325528487
0.8557588805166846	0.006179775280898872
0.856297093649085	0.006226239756695105
0.8568353067814855	0.006273230245424879
0.8573735199138859	0.006225462168858391
0.8579117330462863	0.006272804086492295
0.8584499461786868	0.006320688087152542
0.8589881593110872	0.006369122478624974
0.8595263724434876	0.006418115728460552
0.860064585575888	0.006467676467676463
0.8606027987082885	0.006517813494557676
0.8611410118406889	0.0065685357785620156
0.8616792249730894	0.006619852464332032
0.8622174381054898	0.006671772875816989
0.8627556512378902	0.006724306520508461
0.8632938643702907	0.006777463093793113
0.8638320775026911	0.006831252483426391
0.8643702906350915	0.0068856847741309846
0.864908503767492	0.006940770252324032
0.8654467168998924	0.006996519410977237
0.8659849300322928	0.0070205553396381175
0.8665231431646933	0.007077401941578507
0.8670613562970937	0.007134941794762072
0.8675995694294941	0.007193186217576456
0.8681377825618946	0.007252146760343477
0.868675995694295	0.007311835211045892
0.8692142088266954	0.007270233196159117
0.8697524219590959	0.00724483613959283
0.8702906350914962	0.007218764407561083
0.8708288482238966	0.007279172477917243
0.871367061356297	0.0073403419945383954
0.8719052744886975	0.007402285808838297
0.8724434876210979	0.0074650170445064185
0.8729817007534983	0.007528549104459665
0.8735199138858988	0.007592895678002055
0.8740581270182992	0.0076580707481994975
0.8745963401506996	0.007668590597405154
0.8751345532831001	0.0077349853211922115
0.8756727664155005	0.007802246063115623
0.876210979547901	0.007870387950129733
0.8767491926803014	0.007939426440920345
0.8772874058127018	0.008009377334672947
0.8778256189451022	0.00808025678011253
0.8783638320775027	0.008152081284824642
0.8789020452099031	0.008224867724867718
0.8794402583423035	0.008138479607089466
0.879978471474704	0.008211799243189372
0.8805166846071044	0.008286114168467104
0.8810548977395048	0.008361442479089532
0.8815931108719053	0.008251003182510026
0.8821313240043057	0.008201024953569877
0.8826695371367062	0.008276610437012917
0.8832077502691066	0.008353245718837112
0.883745963401507	0.008430950330175132
0.8842841765339075	0.008509744258494524
0.8848223896663079	0.00858964796045222
0.8853606027987083	0.008670682375173468
0.8858988159311088	0.008752868937971319
0.8864370290635092	0.008836229594523428
0.8869752421959096	0.008920786815523652
0.88751345532831	0.009006563611826763
0.8880516684607105	0.009093583550105283
0.8885898815931109	0.009181870769038345
0.8891280947255114	0.009271449996053352
0.8896663078579118	0.00924278654551251
0.8902045209903121	0.009213110531568945
0.8907427341227125	0.009304329447723093
0.891280947255113	0.009347651183028745
0.8918191603875134	0.009441127694859034
0.8923573735199138	0.009536013400335004
0.8928955866523143	0.00950543965619342
0.8934337997847147	0.009473756174263784
0.8939720129171151	0.009518629786940151
0.8945102260495156	0.009616256759113897
0.895048439181916	0.009715393426733627
0.8955866523143164	0.00970923917881879
0.8961248654467169	0.009810377086931485
0.8966630785791173	0.009913103548574748
0.8972012917115177	0.010017452006980797
0.8977395048439182	0.01012345679012345
0.8982777179763186	0.010231153138954553
0.898815931108719	0.01034057723669738
0.8993541442411195	0.0103655147298411
0.8998923573735199	0.010477574348542084
0.9004305705059203	0.010591461026243629
0.9009687836383208	0.010707214698661592
0.9015069967707212	0.010824876398646885
0.9020452099031216	0.010944488292554585
0.9025834230355221	0.011066093718027414
0.9031216361679225	0.01118973722325677
0.903659849300323	0.011315464607787745
0.9041980624327234	0.011443322964937889
0.9047362755651238	0.011573360725903092
0.9052744886975242	0.011705627705627698
0.9058127018299247	0.011774493705528181
0.9063509149623251	0.011644851947821843
0.9068891280947255	0.011713043867903386
0.907427341227126	0.010932045876966308
0.9079655543595264	0.011060658181401206
0.9085037674919269	0.011191553544494711
0.9090419806243273	0.01125434394665163
0.9095801937567277	0.011389126508886979
0.910118406889128	0.011526344900560316
0.9106566200215285	0.01166605817208226
0.9111948331539289	0.011808327174180823
0.9117330462863293	0.011878397925083536
0.9122712594187298	0.01202504481304753
0.9128094725511302	0.011176290161797406
0.9133476856835306	0.010947204968944099
0.9138858988159311	0.011084905660377358
0.9144241119483315	0.011225220921901122
0.9149623250807319	0.011368217366766105
0.9155005382131324	0.011513963743263106
0.9160387513455328	0.011662531017369727
0.9165769644779332	0.01181399245915375
0.9171151776103337	0.011968423733129615
0.9176533907427341	0.012125902992776058
0.9181916038751345	0.012286510979435344
0.918729817007535	0.012450331125827815
0.9192680301399354	0.01261744966442953
0.9198062432723358	0.012379829493923454
0.9203444564047363	0.012241833670405098
0.9208826695371367	0.012409530022054483
0.9214208826695371	0.012344512675169264
0.9219590958019376	0.012276500638569606
0.922497308934338	0.01176832426832427
0.9230355220667384	0.01124462392068026
0.9235737351991389	0.011404122132321113
0.9241119483315393	0.011567038162782844
0.9246501614639397	0.011733470366563891
0.9251883745963402	0.011903520661731485
0.9257265877287406	0.012077294685990338
0.926264800861141	0.012254901960784314
0.9268030139935415	0.012436456063907045
0.9273412271259419	0.012622074811129537
0.9278794402583423	0.012811880447387125
0.9284176533907428	0.013005999848105111
0.9289558665231432	0.013204564731282288
0.9294940796555436	0.013407711880994324
0.930032292787944	0.013615583383025244
0.9305705059203444	0.012919896640826874
0.9311087190527448	0.012262139107611552
0.9316469321851453	0.01164437778611007
0.9321851453175457	0.01106878306878307
0.9327233584499461	0.010537634408602151
0.9332615715823466	0.010053326339715011
0.933799784714747	0.009618374872273313
0.9343379978471474	0.008828975296933567
0.9348762109795479	0.008976124885215793
0.9354144241119483	0.009126984126984126
0.9359526372443487	0.009139248919906945
0.9364908503767492	0.009295475397170311
0.9370290635091496	0.009455742214362902
0.93756727664155	0.009620189905047476
0.9381054897739505	0.009788965166539536
0.9386437029063509	0.009962221187186253
0.9391819160387513	0.010140117994100294
0.9397201291711518	0.010322822822822821
0.9402583423035522	0.009964509964509965
0.9407965554359526	0.009591326105087573
0.9413347685683531	0.009599048589874279
0.9418729817007535	0.00960539979231568
0.9424111948331539	0.009786633750661258
0.9429494079655544	0.009973045822102426
0.9434876210979548	0.009157509157509158
0.9440258342303552	0.008028379387602688
0.9445640473627557	0.008185798591281173
0.9451022604951561	0.00786255096097845
0.9456404736275565	0.0075247524752475245
0.946178686759957	0.007171717171717172
0.9467168998923574	0.007318078746650175
0.9472551130247578	0.007468966968230591
0.9477933261571583	0.007624570446735395
0.9483315392895587	0.0077850877192982455
0.9488697524219591	0.007950727883538634
0.9494079655543596	0.00812171127888355
0.94994617868676	0.008298270219728844
0.9504843918191603	0.008480649784997612
0.9510226049515608	0.00866910866910867
0.9515608180839612	0.008863920099875156
0.9520990312163616	0.009065372829417773
0.9526372443487621	0.009273772204806687
0.9531754574811625	0.009489441325848703
0.9537136706135629	0.009712722298221614
0.9542518837459634	0.009943977591036414
0.9547900968783638	0.010183591508892713
0.9553283100107642	0.010431971789597413
0.9558665231431647	0.010689551339957843
0.9564047362755651	0.010956790123456791
0.9569429494079655	0.011234177215189873
0.957481162540366	0.011522233041220383
0.9580193756727664	0.011821511821511822
0.9585575888051668	0.012132604237867396
0.9590958019375673	0.012456140350877193
0.9596340150699677	0.011891891891891892
0.9601722282023681	0.011477230655312847
0.9607104413347686	0.011225266362252663
0.961248654467169	0.011150234741784037
0.9617868675995694	0.011468812877263581
0.9623250807319699	0.011801242236024845
0.9628632938643703	0.012148337595907928
0.9634015069967707	0.01251097453906936
0.9639397201291712	0.012890094979647219
0.9644779332615716	0.013286713286713287
0.965016146393972	0.013701923076923077
0.9655543595263725	0.014136904761904762
0.9660925726587729	0.014592933947772658
0.9666307857911733	0.015071390798519302
0.9671689989235738	0.01557377049180328
0.9677072120559742	0.016101694915254237
0.9682454251883746	0.016656925774400935
0.9687836383207751	0.017241379310344827
0.9693218514531755	0.017857142857142856
0.9698600645855759	0.018506493506493506
0.9703982777179763	0.01919191919191919
0.9709364908503767	0.019916142557651992
0.9714747039827771	0.020682148040638608
0.9720129171151776	0.021493212669683258
0.972551130247578	0.021176470588235293
0.9730893433799784	0.02122448979591837
0.9736275565123789	0.022108843537414966
0.9741657696447793	0.02304964539007092
0.9747039827771797	0.024051803885291396
0.9752421959095802	0.025120772946859903
0.9757804090419806	0.026262626262626262
0.976318622174381	0.02748414376321353
0.9768568353067815	0.028792912513842746
0.9773950484391819	0.030197444831591175
0.9779332615715823	0.03170731707317073
0.9784714747039828	0.03333333333333333
0.9790096878363832	0.03508771929824561
0.9795479009687836	0.03698435277382646
0.9800861141011841	0.03753753753753754
0.9806243272335845	0.03968253968253968
0.9811625403659849	0.040336134453781515
0.9817007534983854	0.0427807486631016
0.9822389666307858	0.043560606060606064
0.9827771797631862	0.046370967741935484
0.9833153928955867	0.04946236559139785
0.9838536060279871	0.047126436781609195
0.9843918191603875	0.046798029556650245
0.984930032292788	0.047619047619047616
0.9854682454251884	0.04843304843304843
0.9860064585575888	0.052307692307692305
0.9865446716899893	0.05333333333333334
0.9870828848223897	0.057971014492753624
0.9876210979547901	0.05928853754940711
0.9881593110871906	0.06493506493506493
0.988697524219591	0.06666666666666667
0.9892357373519914	0.07368421052631578
0.9897739504843919	0.07602339181286549
0.9903121636167922	0.08496732026143791
0.9908503767491926	0.09558823529411764
0.9913885898815931	0.1
0.9919268030139935	0.11428571428571428
0.9924650161463939	0.12087912087912088
0.9930032292787944	0.14102564102564102
0.9935414424111948	0.15151515151515152
0.9940796555435952	0.18181818181818182
0.9946178686759957	0.2
0.9951560818083961	0.25
0.9956942949407965	0.2857142857142857
0.996232508073197	0.38095238095238093
0.9967707212055974	0.4
0.9973089343379978	0.5
0.9978471474703983	0.8333333333333334
0.9983853606027987	0.8333333333333334
0.9989235737351991	1.0
0.9994617868675996	0.0
1.0	0.0
