133
150
152
179
178
193
164
88
130
137
136
135
165
82
176
175
174
119
166
171
170
24
167
20
21
22
23
47
172
4
7
148
149
121
168
169
126
127
128
129
93
101
11
13
12
15
14
173
19
18
131
177
91
132
111
110
134
80
81
84
138
28
8
92
99
98
122
123
100
97
16
55
54
31
75
109
184
183
157
3
9
153
155
159
67
192
187
90
154
194
112
60
114
62
89
113
83
87
26
27
48
95
118
96
116
163
144
108
74
124
125
102
103
106
107
105
115
189
56
117
94
32
139
156
61
66
68
86
85
42
140
76
73
70
104
38
52
33
158
191
160
120
10
1
2
6
17
25
35
5
29
30
161
51
46
37
64
69
57
162
44
45
43
40
71
39
36
188
59
65
58
53
50
72
141
41
63
195
197
190
182
198
146
147
145
34
186
185
196
181
180
142
143
79
78
49
151
77
