133	150
133	152
133	179
133	178
133	193
133	164
133	88
133	130
133	137
133	136
133	135
133	165
133	82
133	176
133	175
133	174
133	119
133	166
133	171
133	170
133	24
133	167
133	20
133	21
133	22
133	23
133	47
133	172
133	4
133	7
133	148
133	149
133	121
133	168
133	169
133	126
133	127
133	128
133	129
133	93
133	101
133	11
133	13
133	12
133	15
133	14
133	173
133	19
133	18
133	131
133	177
91	132
91	131
91	111
91	110
91	134
91	82
91	80
91	81
91	119
91	93
91	84
91	138
91	23
91	28
91	8
91	92
91	99
91	98
91	122
91	123
91	126
91	100
91	101
91	97
91	16
91	55
91	54
91	31
91	75
91	109
131	167
131	184
131	183
131	23
131	31
131	176
131	148
131	132
131	122
131	123
131	137
131	126
131	134
131	129
131	166
131	101
131	175
131	97
130	11
130	126
130	157
130	23
130	128
130	47
130	135
130	148
130	82
130	3
130	184
130	137
130	136
130	7
130	127
130	9
130	129
130	183
137	164
137	150
137	153
137	152
137	155
137	132
137	136
137	135
137	165
137	82
137	176
137	175
137	174
137	173
137	172
137	171
137	170
137	167
137	20
137	21
137	23
137	47
137	4
137	7
137	9
137	148
137	149
137	121
137	168
137	169
137	126
137	127
137	128
137	129
137	166
137	101
137	11
137	13
137	12
137	15
137	14
137	19
137	18
136	165
136	150
136	135
136	159
136	47
136	67
136	192
136	128
136	179
136	169
136	126
136	127
136	82
136	129
136	84
136	187
135	153
135	128
135	19
135	47
135	148
135	121
135	126
135	127
135	82
135	129
135	168
135	173
135	172
135	171
90	93
90	122
90	154
90	157
90	194
90	112
90	60
90	114
90	62
90	89
90	111
90	110
90	113
90	67
90	83
90	80
90	81
90	119
90	87
90	84
90	24
90	26
90	27
90	20
90	48
90	23
90	95
90	28
90	118
90	96
90	116
90	7
90	155
90	163
90	123
90	144
90	121
90	108
90	74
90	124
90	125
90	102
90	103
90	100
90	101
90	106
90	107
90	97
90	105
90	11
90	115
90	13
90	189
90	98
90	55
90	18
90	56
90	88
90	117
90	109
90	94
90	32
139	153
139	155
139	154
139	156
139	60
139	61
139	62
139	66
139	67
139	68
139	138
139	86
139	87
139	85
139	27
139	20
139	48
139	119
139	42
139	7
139	140
139	76
139	75
139	74
139	73
139	70
139	100
139	104
139	38
139	55
139	32
139	56
139	52
139	19
139	109
139	54
139	33
138	119
138	27
138	140
138	48
138	100
138	55
138	54
138	56
138	76
138	75
138	74
138	104
138	7
138	112
138	93
138	86
138	87
138	84
138	85
93	122
93	134
93	158
93	112
93	176
93	193
93	115
93	61
93	88
93	111
93	67
93	83
93	80
93	86
93	84
93	85
93	123
93	27
93	20
93	22
93	23
93	119
93	28
93	159
93	7
93	174
93	191
93	160
93	149
93	120
93	76
93	75
93	74
93	124
93	125
93	70
93	100
93	106
93	94
93	97
93	163
93	10
93	13
93	12
93	15
93	14
93	16
93	19
93	18
93	117
93	55
93	109
93	54
93	114
93	103
24	67
24	117
24	116
24	179
24	178
24	177
24	80
24	118
24	20
24	21
24	23
24	95
24	1
24	3
24	2
24	4
24	7
24	6
24	9
24	8
24	120
24	121
24	109
24	124
24	125
24	102
24	103
24	101
24	106
24	107
24	97
24	96
24	11
24	13
24	12
24	15
24	14
24	17
24	16
24	19
24	18
24	89
24	168
25	26
25	27
25	28
26	115
26	62
26	89
26	111
26	110
26	80
26	81
26	119
26	87
26	27
26	28
26	7
26	144
26	98
26	108
26	109
26	103
26	100
26	106
26	94
26	105
26	117
26	74
27	114
27	117
27	116
27	111
27	110
27	113
27	112
27	83
27	119
27	118
27	84
27	85
27	48
27	23
27	86
27	28
27	87
27	97
27	7
27	96
27	144
27	89
27	140
27	94
27	76
27	75
27	109
27	125
27	70
27	102
27	95
27	107
27	104
27	105
27	55
27	54
27	62
27	35
27	74
27	88
20	164
20	150
20	153
20	152
20	155
20	154
20	159
20	158
20	178
20	114
20	117
20	116
20	111
20	168
20	179
20	112
20	177
20	95
20	174
20	173
20	118
20	171
20	170
20	86
20	167
20	21
20	23
20	160
20	172
20	1
20	3
20	2
20	4
20	7
20	6
20	128
20	166
20	89
20	97
20	149
20	120
20	121
20	122
20	109
20	124
20	125
20	102
20	165
20	100
20	101
20	106
20	107
20	74
20	96
20	11
20	10
20	13
20	12
20	15
20	14
20	80
20	76
20	19
20	18
20	75
20	123
20	54
20	67
20	169
21	150
21	152
21	178
21	164
21	179
21	112
21	177
21	174
21	173
21	172
21	171
21	170
21	167
21	23
21	1
21	3
21	2
21	4
21	7
21	6
21	9
21	8
21	149
21	121
21	168
21	169
21	128
21	165
21	166
21	101
21	11
21	13
21	12
21	15
21	14
21	17
21	16
21	19
21	18
22	17
22	193
22	1
22	88
22	5
22	6
22	176
22	119
23	164
23	150
23	153
23	132
23	157
23	134
23	128
23	117
23	116
23	179
23	112
23	177
23	80
23	174
23	119
23	118
23	171
23	170
23	167
23	173
23	172
23	1
23	3
23	2
23	4
23	7
23	6
23	9
23	8
23	89
23	97
23	148
23	149
23	178
23	121
23	122
23	109
23	124
23	169
23	126
23	127
23	102
23	165
23	166
23	101
23	95
23	107
23	74
23	96
23	11
23	13
23	12
23	15
23	14
23	17
23	16
23	19
23	18
23	31
23	123
23	168
23	67
23	152
95	155
95	194
95	117
95	89
95	113
95	67
95	80
95	118
95	7
95	96
95	122
95	123
95	102
95	100
95	101
95	107
95	97
95	105
95	11
95	18
95	116
95	103
28	67
28	115
28	114
28	62
28	89
28	111
28	110
28	112
28	83
28	80
28	119
28	84
28	85
28	86
28	7
28	8
28	75
28	144
28	98
28	108
28	109
28	124
28	70
28	103
28	92
28	94
28	105
28	10
28	16
28	54
28	117
28	74
28	88
29	33
29	32
29	31
29	30
161	51
161	156
161	46
161	32
161	31
161	37
161	52
161	60
161	61
161	62
161	64
161	68
161	69
161	57
4	150
4	152
4	178
4	164
4	179
4	112
4	177
4	174
4	173
4	172
4	171
4	170
4	101
4	1
4	3
4	2
4	7
4	6
4	9
4	8
4	149
4	121
4	168
4	169
4	128
4	165
4	166
4	167
4	11
4	13
4	12
4	15
4	14
4	17
4	16
4	19
4	18
8	92
8	17
8	16
8	18
8	98
8	94
8	1
8	3
8	111
8	9
8	100
8	81
8	80
8	110
163	117
163	162
68	154
68	156
68	37
68	60
68	61
68	62
68	64
68	66
68	67
68	46
68	47
68	44
68	45
68	42
68	43
68	40
68	73
68	71
68	70
68	39
68	38
68	33
68	32
68	31
68	56
68	51
68	36
68	35
68	52
120	11
120	123
120	109
120	55
120	70
120	122
120	75
120	2
120	124
120	125
120	7
120	67
120	103
120	106
121	150
121	153
121	152
121	154
121	67
121	164
121	89
121	112
121	174
121	173
121	172
121	165
121	170
121	171
121	167
121	2
121	7
121	189
121	149
121	168
121	125
121	128
121	166
121	101
121	160
121	11
121	13
121	12
121	15
121	14
121	19
121	18
121	56
121	169
122	155
122	134
122	194
122	67
122	193
122	117
122	89
122	113
122	112
122	118
122	84
122	123
122	159
122	2
122	104
122	7
122	188
122	189
122	187
122	74
122	124
122	125
122	126
122	102
122	101
122	107
122	97
122	96
122	13
122	59
122	132
122	31
122	116
123	155
123	159
123	194
123	134
123	117
123	89
123	113
123	67
123	118
123	84
123	2
123	187
123	7
123	188
123	189
123	75
123	109
123	124
123	125
123	126
123	102
123	101
123	107
123	97
123	96
123	13
123	132
123	55
123	31
123	116
124	67
124	115
124	62
124	89
124	111
124	110
124	100
124	84
124	118
124	2
124	7
124	189
124	75
124	109
124	125
124	70
124	102
124	103
124	106
124	11
124	59
124	55
125	154
125	159
125	158
125	112
125	114
125	88
125	89
125	111
125	65
125	67
125	69
125	84
125	160
125	42
125	3
125	2
125	187
125	7
125	9
125	189
125	83
125	149
125	76
125	74
125	70
125	59
125	106
125	58
125	11
125	10
125	13
125	12
125	15
125	14
125	19
125	18
125	57
125	56
125	117
125	53
125	109
125	103
126	128
126	47
126	31
126	134
126	132
126	127
126	82
126	129
126	101
126	97
127	7
127	47
127	128
127	82
127	129
127	97
128	150
128	152
128	165
128	82
128	174
128	173
128	87
128	171
128	170
128	167
128	47
128	172
128	7
128	140
128	148
128	149
128	168
128	169
128	164
128	129
128	166
128	101
128	97
128	13
128	12
128	15
128	14
128	19
128	18
129	47
129	176
129	148
129	149
129	82
129	168
129	166
129	167
129	175
129	170
69	59
69	58
69	33
69	31
69	70
69	42
69	50
69	35
69	52
69	62
69	53
69	66
69	67
69	57
69	65
59	65
59	58
59	33
59	32
59	57
59	70
59	42
59	62
59	53
59	60
59	35
59	66
59	67
59	72
59	189
59	84
58	33
58	31
58	70
58	42
58	50
58	35
58	52
58	65
58	62
58	53
58	66
58	67
58	57
132	155
132	31
132	141
132	134
132	101
132	97
55	81
55	115
55	117
55	111
55	110
55	67
55	82
55	119
55	80
55	84
55	85
55	48
55	86
55	109
55	97
55	7
55	87
55	140
55	76
55	75
55	100
55	104
55	105
55	99
55	98
55	54
55	35
55	74
54	153
54	155
54	154
54	191
54	114
54	88
54	111
54	110
54	112
54	82
54	83
54	119
54	80
54	84
54	85
54	48
54	86
54	87
54	97
54	7
54	140
54	99
54	76
54	75
54	109
54	70
54	100
54	104
54	10
54	81
54	98
54	19
54	35
54	74
57	33
57	32
57	70
57	42
57	53
57	60
57	62
57	35
57	66
57	67
57	72
57	65
56	154
56	156
56	37
56	60
56	61
56	62
56	89
56	66
56	67
56	47
56	42
56	43
56	189
56	39
56	73
56	71
56	70
56	13
56	38
56	33
56	32
56	51
56	36
56	35
56	52
51	156
51	60
51	61
51	62
51	64
51	66
51	46
51	47
51	45
51	42
51	43
51	40
51	41
51	73
51	71
51	70
51	39
51	38
51	33
51	32
51	31
51	37
51	36
51	35
51	52
50	33
50	32
50	31
50	42
50	35
50	52
50	62
50	53
50	66
50	70
50	65
53	66
53	33
53	32
53	31
53	70
53	42
53	35
53	52
53	183
53	62
53	184
53	67
53	65
52	154
52	156
52	37
52	60
52	61
52	62
52	63
52	64
52	66
52	67
52	46
52	44
52	42
52	41
52	73
52	70
52	38
52	33
52	32
52	31
52	35
52	65
195	175
66	154
66	156
66	37
66	60
66	61
66	62
66	63
66	64
66	35
66	117
66	67
66	46
66	47
66	44
66	45
66	42
66	43
66	40
66	41
66	73
66	71
66	70
66	39
66	38
66	33
66	32
66	31
66	36
66	65
134	157
134	31
134	192
134	109
134	67
134	9
134	101
134	97
194	116
194	112
194	193
194	118
194	117
194	74
194	89
194	113
194	67
194	102
194	155
194	107
194	104
194	96
197	70
178	13
178	153
178	179
178	168
178	7
178	177
178	15
178	155
191	154
191	75
191	7
191	84
190	182
190	32
190	71
193	155
193	112
193	109
193	88
193	74
193	67
193	176
193	119
193	104
192	150
192	67
192	164
192	109
192	179
192	9
192	165
192	169
115	198
115	48
115	117
115	108
115	103
115	67
115	80
115	84
115	105
114	159
114	158
114	112
114	88
114	111
114	67
114	83
114	80
114	86
114	84
114	85
114	119
114	41
114	149
114	76
114	75
114	74
114	71
114	70
114	160
114	10
114	13
114	12
114	15
114	14
114	16
114	19
114	18
114	37
114	117
114	109
114	103
117	113
117	112
117	88
117	89
117	111
117	110
117	67
117	100
117	83
117	80
117	81
117	119
117	87
117	84
117	48
117	46
117	106
117	107
117	116
117	7
117	155
117	105
117	144
117	98
117	108
117	74
117	102
117	101
117	94
117	97
117	96
117	11
117	18
117	118
117	62
117	109
117	103
116	155
116	89
116	113
116	67
116	80
116	118
116	7
116	96
116	108
116	102
116	100
116	101
116	107
116	97
116	105
116	11
116	18
111	159
111	158
111	112
111	98
111	62
111	89
111	110
111	67
111	82
111	83
111	80
111	81
111	86
111	100
111	84
111	85
111	119
111	7
111	144
111	149
111	99
111	76
111	75
111	74
111	92
111	160
111	94
111	105
111	10
111	13
111	12
111	15
111	14
111	16
111	19
111	18
111	88
111	109
111	103
110	62
110	89
110	67
110	82
110	83
110	80
110	81
110	84
110	7
110	144
110	99
110	98
110	75
110	74
110	100
110	92
110	94
110	105
110	16
110	109
113	118
113	174
113	155
113	107
113	108
113	89
113	67
113	102
113	80
113	105
113	87
113	96
112	159
112	158
112	104
112	88
112	67
112	83
112	80
112	86
112	172
112	171
112	85
112	119
112	155
112	140
112	174
112	149
112	76
112	75
112	74
112	160
112	97
112	10
112	13
112	12
112	15
112	14
112	173
112	19
112	18
112	109
82	80
82	81
82	84
82	47
82	99
82	98
82	75
82	109
82	100
83	88
83	80
83	86
83	84
83	85
83	119
83	7
83	76
83	75
83	109
83	92
83	94
83	104
83	10
83	74
80	98
80	67
80	81
80	119
80	118
80	84
80	85
80	92
80	48
80	86
80	87
80	97
80	7
80	96
80	89
80	94
80	99
80	76
80	75
80	74
80	102
80	103
80	100
80	101
80	106
80	107
80	104
80	105
80	11
80	10
80	16
80	18
80	108
80	109
80	88
81	89
81	119
81	87
81	84
81	7
81	99
81	98
81	108
81	109
81	103
81	100
81	106
81	94
81	105
81	16
81	75
119	176
119	88
119	89
119	103
119	100
119	86
119	87
119	84
119	85
119	48
119	104
119	7
119	140
119	76
119	75
119	74
119	70
119	106
119	94
119	97
119	105
119	10
119	98
119	108
119	109
118	155
118	89
118	67
118	7
118	96
118	108
118	102
118	100
118	101
118	107
118	97
118	105
118	11
118	18
84	61
84	89
84	67
84	48
84	7
84	189
84	99
84	98
84	75
84	109
84	70
84	102
84	103
84	100
84	105
84	74
84	88
85	88
85	86
85	48
85	87
85	7
85	140
85	76
85	75
85	109
85	104
85	10
85	74
3	150
3	157
3	159
3	67
3	1
3	5
3	7
3	6
3	9
3	146
3	147
3	145
3	148
3	149
3	160
3	10
3	13
3	14
3	17
3	16
3	18
7	67
7	86
7	92
7	108
7	109
7	102
7	103
7	100
7	101
7	106
7	107
7	104
7	105
7	179
7	177
7	174
7	173
7	172
7	171
7	170
7	2
7	6
7	98
7	168
7	169
7	164
7	165
7	166
7	167
7	97
7	96
7	11
7	10
7	13
7	12
7	15
7	14
7	19
7	18
7	89
7	150
7	153
7	152
7	155
7	154
7	157
7	48
7	87
7	1
7	9
7	140
7	148
7	149
7	76
7	75
7	74
92	16
108	89
108	67
108	87
108	98
108	109
108	102
108	103
108	100
108	106
108	107
108	105
109	153
109	155
109	154
109	157
109	62
109	89
109	67
109	86
109	87
109	159
109	187
109	9
109	144
109	100
109	99
109	98
109	75
109	74
109	106
109	94
109	105
109	11
109	10
109	19
109	88
109	103
148	150
148	176
148	175
148	170
148	9
148	146
148	147
148	145
148	149
148	168
148	166
148	167
148	11
148	17
102	61
102	62
102	89
102	67
102	155
102	96
102	100
102	101
102	107
102	97
102	105
102	11
102	18
103	88
103	89
103	67
103	106
103	87
103	98
103	100
103	105
103	11
100	153
100	155
100	154
100	89
100	67
100	86
100	87
100	106
100	107
100	105
100	99
100	98
100	75
100	94
100	96
100	16
100	19
101	164
101	150
101	152
101	159
101	89
101	67
101	174
101	173
101	165
101	170
101	171
101	172
101	188
101	189
101	187
101	149
101	168
101	169
101	166
101	167
101	107
101	97
101	96
101	11
101	13
101	12
101	15
101	14
101	19
101	18
101	31
106	89
106	67
106	87
106	98
106	105
106	11
107	155
107	89
107	67
107	96
107	97
107	105
107	11
107	18
104	155
104	67
104	48
104	86
104	87
104	140
104	76
104	74
104	75
105	62
105	89
105	67
105	87
105	48
105	144
105	98
105	74
105	94
105	96
39	38
39	43
39	32
39	44
39	42
39	37
39	36
39	35
39	34
39	60
39	71
39	40
39	47
39	73
39	70
38	154
38	156
38	37
38	60
38	61
38	62
38	63
38	64
38	67
38	44
38	45
38	42
38	40
38	41
38	186
38	185
38	73
38	70
38	33
38	32
38	35
38	34
33	154
33	156
33	37
33	43
33	60
33	61
33	62
33	63
33	67
33	46
33	47
33	44
33	45
33	42
33	40
33	41
33	65
33	73
33	72
33	70
33	32
33	31
33	30
33	36
33	35
33	34
32	154
32	156
32	196
32	43
32	60
32	61
32	62
32	63
32	67
32	46
32	47
32	44
32	45
32	42
32	40
32	41
32	181
32	65
32	73
32	72
32	71
32	70
32	31
32	30
32	37
32	36
32	35
32	34
31	62
31	60
31	64
31	42
31	183
31	180
31	184
31	142
31	143
31	141
31	72
31	70
31	97
31	61
31	30
31	37
31	36
31	35
31	34
31	65
30	143
30	79
30	78
37	156
37	60
37	62
37	64
37	46
37	47
37	44
37	45
37	42
37	43
37	40
37	41
37	73
37	71
37	70
37	61
37	36
37	35
37	34
36	60
36	46
36	47
36	44
36	45
36	42
36	43
36	40
36	142
36	143
36	141
36	73
36	71
36	70
36	35
36	34
35	60
35	61
35	62
35	63
35	64
35	65
35	67
35	48
35	49
35	46
35	47
35	44
35	45
35	42
35	43
35	40
35	41
35	76
35	75
35	74
35	73
35	72
35	71
35	70
35	34
34	43
34	42
34	41
34	46
34	40
34	47
34	45
34	44
60	154
60	156
60	61
60	62
60	63
60	64
60	67
60	46
60	47
60	44
60	45
60	42
60	43
60	40
60	41
60	186
60	185
60	73
60	72
60	71
60	70
60	89
61	154
61	156
61	62
61	63
61	64
61	67
61	46
61	44
61	45
61	42
61	41
61	180
61	181
61	73
61	70
61	89
62	154
62	156
62	63
62	67
62	46
62	44
62	45
62	42
62	41
62	186
62	185
62	144
62	89
62	65
62	72
62	70
62	74
62	94
62	64
62	73
63	154
63	44
63	67
63	42
63	41
63	186
63	185
63	64
63	70
64	156
64	46
64	41
65	70
65	42
65	67
179	150
179	13
179	169
179	177
179	168
179	165
179	164
179	15
67	173
67	172
67	2
67	186
67	187
67	185
67	188
67	189
67	160
67	96
67	11
67	10
67	13
67	12
67	15
67	14
67	19
67	18
67	88
67	89
67	151
67	155
67	154
67	157
67	156
67	159
67	158
67	48
67	42
67	41
67	5
67	9
67	149
67	76
67	75
67	74
67	73
67	72
67	70
177	13
177	153
177	168
177	15
177	155
176	175
176	88
176	167
176	166
175	166
175	167
174	150
174	152
174	164
174	89
174	173
174	166
174	171
174	170
174	167
174	172
174	149
174	168
174	169
174	165
174	13
174	12
174	15
174	14
174	19
174	18
173	150
173	153
173	152
173	164
173	172
173	171
173	170
173	167
173	149
173	168
173	169
173	165
173	166
173	160
173	13
173	12
173	15
173	14
173	19
173	18
172	150
172	153
172	152
172	164
172	171
172	170
172	167
172	149
172	168
172	169
172	165
172	166
172	13
172	12
172	15
172	14
172	19
172	18
171	150
171	153
171	152
171	164
171	170
171	167
171	149
171	168
171	169
171	165
171	166
171	13
171	12
171	15
171	14
171	19
171	18
170	150
170	152
170	165
170	167
170	149
170	168
170	169
170	164
170	166
170	13
170	12
170	15
170	14
170	19
170	18
181	43
181	182
181	180
181	71
182	180
182	79
182	71
183	184
183	70
180	71
2	11
2	13
2	12
2	15
2	14
2	19
2	6
2	1
186	154
186	185
187	13
187	189
187	14
187	159
187	188
184	70
6	153
6	155
6	1
6	5
6	164
6	165
6	11
6	10
6	13
6	12
6	15
6	14
6	17
6	19
188	13
188	189
188	159
189	13
189	154
189	159
189	89
196	41
185	154
99	98
99	75
98	89
98	87
98	94
98	16
98	75
168	150
168	153
168	152
168	164
168	165
168	167
168	149
168	169
168	166
168	13
168	12
168	15
168	14
168	19
168	18
169	150
169	152
169	167
169	149
169	164
169	165
169	166
169	13
169	12
169	15
169	14
169	19
169	18
164	150
164	153
164	152
164	155
164	87
164	167
164	5
164	140
164	149
164	165
164	166
164	97
164	10
164	13
164	12
164	15
164	14
164	19
164	18
165	150
165	153
165	152
165	155
165	87
165	167
165	5
165	140
165	149
165	166
165	97
165	10
165	13
165	12
165	15
165	14
165	19
165	18
166	150
166	152
166	167
166	149
166	13
166	12
166	15
166	14
166	19
166	18
167	150
167	152
167	149
167	13
167	12
167	15
167	14
167	19
167	18
160	155
160	159
160	158
160	5
160	9
160	149
160	74
160	10
160	13
160	12
160	15
160	14
160	76
160	19
160	18
94	157
94	88
94	89
94	144
94	16
94	74
97	153
97	89
97	86
97	87
97	140
97	75
97	74
97	96
97	11
97	18
96	155
96	89
96	11
96	18
11	1
11	9
11	89
11	13
11	12
11	15
11	14
11	19
11	18
10	153
10	155
10	159
10	158
10	88
10	86
10	1
10	5
10	146
10	147
10	145
10	149
10	76
10	75
10	13
10	12
10	15
10	14
10	17
10	19
10	18
10	74
13	150
13	152
13	154
13	159
13	158
13	89
13	1
13	9
13	149
13	12
13	15
13	14
13	76
13	19
13	18
13	74
12	150
12	152
12	159
12	158
12	1
12	149
12	74
12	15
12	14
12	76
12	19
12	18
15	150
15	152
15	159
15	158
15	1
15	149
15	74
15	14
15	76
15	19
15	18
14	150
14	152
14	159
14	158
14	1
14	9
14	149
14	74
14	76
14	19
14	18
17	146
17	150
17	145
17	16
17	18
17	147
17	149
17	1
17	5
17	9
16	88
16	1
16	9
16	18
19	150
19	153
19	152
19	155
19	154
19	159
19	158
19	86
19	1
19	149
19	75
19	76
19	18
19	74
18	150
18	152
18	159
18	158
18	76
18	1
18	9
18	149
18	74
18	89
88	86
88	75
88	70
88	74
89	154
89	155
89	87
89	144
89	74
151	152
150	152
150	146
150	147
150	145
150	149
153	155
153	154
153	86
153	5
153	75
152	149
155	154
155	86
155	5
155	75
155	74
154	156
154	86
154	42
154	75
154	73
154	70
157	48
157	9
156	46
156	45
156	42
156	73
156	70
159	158
159	9
159	149
159	76
159	74
158	149
158	76
158	74
48	86
48	87
48	140
48	76
48	75
48	74
46	47
46	44
46	45
46	42
46	43
46	40
46	70
86	87
86	140
86	76
86	75
86	74
44	47
44	45
44	42
44	43
44	40
44	41
44	70
45	47
45	42
45	43
45	40
45	41
45	73
45	72
45	70
42	47
42	43
42	40
42	41
42	73
42	70
43	47
43	40
43	73
43	71
43	70
40	47
40	41
87	140
87	76
87	75
87	74
1	5
1	9
9	146
146	145
146	147
146	149
147	145
147	149
144	74
145	149
142	141
142	143
142	72
143	141
140	76
140	75
140	74
141	70
149	76
149	74
77	79
77	78
76	75
76	74
75	74
74	70
73	47
73	71
73	70
72	70
71	41
71	47
71	70
70	47
70	41
79	78
