344
337
345
346
347
348
340
341
342
343
1148
354
357
356
355
353
352
351
350
349
298
289
299
300
296
297
294
295
292
293
290
291
270
267
271
272
273
274
275
276
277
278
1147
280
281
279
283
282
285
284
287
286
108
109
1146
130
110
189
173
136
102
103
532
100
101
309
106
107
506
104
105
315
1372
1373
1001
995
1210
1209
1375
1374
99
177
98
499
91
73
90
81
93
92
95
328
94
97
327
96
1377
1392
1376
559
552
558
555
554
557
556
551
550
541
553
1151
1097
560
561
1439
1440
1199
1198
1409
1191
1190
1193
1192
1195
1385
1194
1197
1386
1196
1177
1178
1176
1175
1361
1174
918
1173
1172
1324
1171
1305
1170
1179
1180
1380
511
510
513
1285
1286
1284
1283
1287
1169
512
1281
1282
1280
1279
1003
879
868
1289
1288
514
515
689
685
688
692
693
690
691
694
1150
684
687
686
681
674
680
683
682
458
459
465
464
467
466
461
460
463
462
457
1226
1225
621
622
873
1224
1223
1222
1221
1220
1219
407
403
406
405
404
411
1134
410
402
412
409
408
401
392
400
1379
1378
1342
1341
453
447
454
455
1346
1347
379
370
378
371
369
373
372
375
374
377
376
393
391
397
396
395
394
399
398
390
381
895
817
245
246
244
235
247
252
253
250
251
249
248
254
255
241
240
243
242
179
836
178
176
175
1026
174
172
784
171
170
169
1367
1366
1227
1165
659
317
1142
1143
1138
1140
922
1141
605
202
213
54
1156
191
43
224
414
257
1144
1145
469
1250
522
436
478
425
359
1149
1251
488
696
697
695
704
705
698
699
700
701
702
703
1153
542
543
540
546
547
544
545
548
549
415
416
417
413
421
420
423
422
418
419
1384
1383
1387
1388
1382
1381
368
366
367
364
365
362
363
360
361
380
382
383
384
385
386
387
388
389
258
259
256
260
261
263
262
265
264
181
168
783
164
114
165
166
590
167
160
161
162
163
1441
678
679
670
319
671
809
801
808
803
802
1154
810
811
812
800
807
806
805
804
608
609
1159
1167
1158
1157
1155
974
1045
963
953
985
1015
1006
1036
883
856
906
942
845
829
814
931
1056
1067
1113
1100
633
594
580
563
644
592
718
749
759
707
739
728
1152
59
58
55
147
152
156
57
56
53
186
51
50
52
537
536
535
534
533
531
83
539
538
530
429
428
1399
1400
1398
1397
433
427
434
431
432
424
430
426
229
228
227
226
225
230
223
231
232
233
222
221
220
151
150
153
146
155
154
157
159
158
818
819
813
826
825
824
827
821
820
822
815
798
816
885
884
896
889
840
183
1247
920
823
1396
1395
1394
1393
1391
1369
1390
1389
1128
1129
1120
1121
1122
1123
1124
1125
1126
1127
524
525
526
527
520
521
135
523
528
529
1014
1024
831
1021
1020
1023
1022
1018
1019
1016
1017
1012
1013
1234
1235
1236
1237
1230
1231
1232
1233
1238
1239
438
439
443
442
441
440
445
444
437
435
238
239
234
236
237
1
2
145
185
144
143
142
141
140
139
148
149
939
938
933
932
903
940
937
936
935
934
930
832
833
843
841
834
835
839
75
828
842
797
796
795
794
793
792
791
790
799
1246
1270
1269
1271
1272
1139
21
32
838
1137
661
10
1133
1132
1131
1130
1136
1135
1249
1276
1275
1277
1278
519
518
1009
1008
1007
870
1005
1010
1011
1004
132
122
128
118
517
516
1002
1000
623
630
627
626
625
624
629
628
631
620
1229
1228
3
5
4
7
6
8
11
13
12
15
14
17
16
19
18
9
201
200
203
205
204
207
206
209
208
210
211
928
929
921
947
1078
948
950
1166
1077
1248
1082
923
924
900
925
926
927
830
837
785
786
787
780
781
782
788
789
60
61
64
65
62
63
66
67
68
69
1371
1370
1038
1039
508
509
1032
507
1030
505
502
503
500
501
1212
1211
1213
1214
632
634
635
636
637
638
639
641
640
642
1216
1215
1217
1218
1106
1107
1104
1103
1105
1102
1101
1111
1110
1099
1108
1109
1458
1457
1459
1460
216
217
214
215
212
218
219
919
1343
917
915
914
916
911
910
913
912
847
846
844
850
851
852
853
849
848
854
663
662
753
752
751
750
757
756
755
754
763
760
761
766
767
764
765
762
758
112
1033
504
1025
1027
1031
1043
1042
1041
1040
77
1035
1037
85
1029
1028
1034
775
604
606
774
613
607
601
600
603
602
1205
1206
1204
1465
1163
1207
1208
618
619
610
611
616
614
615
617
1200
1201
1203
1446
1202
1112
1115
1114
1117
1116
1119
1118
1449
1450
1448
1447
1357
1358
1355
1356
489
494
487
495
496
497
490
491
492
493
486
485
1354
1353
483
482
481
480
199
198
195
194
197
196
190
193
192
1454
1453
1455
1456
1451
1452
902
904
1292
899
901
907
905
908
909
855
865
857
861
860
863
862
858
859
864
740
741
742
743
744
745
746
747
748
1050
1051
1052
1053
1054
1055
1057
1058
1059
1063
1062
1065
1064
1061
1060
612
1304
1303
1306
1307
1300
1299
1301
1302
1308
1309
498
126
124
24
25
26
27
20
22
23
30
28
29
972
1087
1085
1086
1084
1090
1083
977
976
975
973
982
983
980
981
979
978
1081
971
970
1080
182
180
187
184
188
1464
1463
869
881
880
878
876
877
874
875
867
866
890
882
892
893
887
886
891
888
777
776
771
770
773
772
779
778
76
74
89
72
79
78
71
70
1047
1046
1044
1049
1048
1268
669
668
667
1262
1263
665
664
1267
1266
1265
1264
1467
1466
1461
1462
1317
1316
1315
1314
1313
1312
1311
1310
1319
1318
318
666
672
324
313
312
311
310
316
656
657
654
655
658
322
323
320
321
326
325
87
314
1335
1336
1334
1333
1337
1338
1331
1332
1330
1329
964
965
966
967
960
961
962
968
969
1241
1240
872
871
1243
1242
1245
1244
894
897
898
646
648
768
769
1079
1076
1075
1074
1073
1072
1070
1071
1094
1095
1096
1091
1092
1093
675
676
677
673
1098
1418
1419
1410
1411
1412
1413
1414
1415
1416
1417
1322
1323
1320
1321
1326
1325
1327
1328
1256
1257
1254
1255
1252
1253
1258
1259
308
138
301
302
303
304
305
306
307
470
471
1443
1442
476
959
958
951
952
957
955
954
956
477
1261
1260
719
717
726
724
725
722
723
720
721
716
715
714
713
712
711
710
660
1069
1068
1066
591
599
589
593
595
597
596
598
1089
1350
1088
1408
1407
1403
1404
1402
1401
1406
1405
449
448
1339
1340
450
451
452
446
456
39
38
33
31
37
36
35
34
40
41
643
645
652
650
651
653
647
649
339
338
335
334
120
336
331
330
333
332
949
946
944
945
943
941
133
131
137
134
708
709
706
88
82
80
86
84
129
586
587
584
585
582
583
581
579
588
1436
1435
1437
1438
1434
1433
1432
1431
1430
1429
1349
1348
1344
1345
116
329
994
997
996
999
998
991
990
993
992
119
121
123
125
127
578
573
572
571
570
577
576
575
574
1421
1420
1423
1422
1425
1424
1427
1426
1428
731
730
733
732
735
734
737
736
738
1359
1360
468
472
473
474
475
1352
1351
1273
1274
358
1445
1444
288
266
269
268
988
989
986
987
984
115
113
117
111
484
568
567
569
562
564
565
566
1188
1189
1186
1187
1184
1183
1185
1161
1182
1181
727
729
1164
1160
1162
1168
48
49
46
47
44
45
42
1298
1297
1293
1294
1290
1291
1296
1295
1364
1365
1362
1363
479
1368
