344	337
345	337
346	337
347	348
340	337
341	337
342	337
343	337
348	1148
348	354
348	357
348	356
348	355
348	353
348	352
348	351
348	350
348	349
298	289
299	300
296	289
297	289
294	289
295	289
292	289
293	289
290	289
291	289
270	267
271	267
272	267
273	267
274	267
275	267
276	267
277	278
278	1147
278	280
278	281
278	279
278	283
278	282
278	285
278	284
278	287
278	286
108	109
109	1146
109	130
109	110
109	189
109	173
109	136
102	103
103	532
100	101
101	309
106	107
107	506
104	105
105	315
1372	1373
1001	995
1210	1209
1375	1374
99	177
99	98
99	499
91	73
90	81
93	92
93	315
95	328
95	94
97	327
97	96
1377	1392
1377	1376
559	552
558	552
555	552
554	552
557	552
556	552
551	552
550	541
553	552
552	1151
552	1097
552	560
552	561
1439	1440
1199	1198
1199	1409
1191	1190
1193	1192
1195	1385
1195	1194
1197	1386
1197	1196
1177	1178
1176	1175
1176	1361
1174	918
1173	1172
1173	1324
1171	1305
1171	1170
1179	1180
1178	1380
511	506
510	506
513	506
1285	1286
1284	1283
1287	1169
512	506
1281	1282
1280	1279
1003	995
879	868
1289	1288
514	515
689	685
688	685
685	692
685	693
685	690
685	691
685	694
685	1150
685	684
685	687
685	686
681	674
680	674
683	674
682	674
458	459
458	465
458	464
458	467
458	466
458	461
458	460
458	463
458	462
458	457
458	1148
1226	1225
621	622
873	868
1224	1223
1222	1221
1220	1219
407	403
406	403
405	403
404	403
403	411
403	1134
403	410
403	402
403	412
403	409
403	408
401	392
400	392
1379	1378
1342	1341
453	447
454	447
455	447
1346	1347
379	370
378	370
371	370
370	1147
370	369
370	373
370	372
370	375
370	374
370	377
370	376
393	392
392	391
392	397
392	396
392	395
392	394
392	399
392	398
392	1147
390	381
895	817
245	246
244	235
247	246
246	1146
246	252
246	253
246	250
246	251
246	249
246	248
246	254
246	255
241	235
240	235
243	235
242	235
179	836
179	178
176	175
175	1026
175	174
172	784
172	171
170	169
1367	1366
1227	1165
659	317
1142	1134
1143	1138
1140	922
1141	605
1146	202
1146	213
1146	54
1146	1156
1146	191
1146	43
1146	73
1146	235
1146	224
1147	414
1147	300
1147	1156
1147	289
1147	267
1147	499
1147	515
1147	257
1144	1138
1145	1138
1148	469
1148	1250
1148	447
1148	506
1148	522
1148	436
1148	478
1148	425
1148	359
1149	541
1149	1251
1149	488
696	697
696	695
696	704
696	705
696	698
696	699
696	700
696	701
696	702
696	703
696	1153
542	541
543	541
540	541
541	546
541	547
541	544
541	545
541	548
541	549
414	415
414	416
414	417
414	413
414	421
414	420
414	423
414	422
414	418
414	419
1384	1383
1387	1388
1382	1381
368	359
366	359
367	359
364	359
365	359
362	359
363	359
360	359
361	359
380	381
381	1134
381	382
381	383
381	384
381	385
381	386
381	387
381	388
381	389
258	257
259	257
256	257
257	260
257	261
257	263
257	262
257	265
257	264
257	181
168	169
169	783
164	114
165	166
166	590
167	114
160	161
161	605
162	163
163	1441
678	674
679	674
670	319
671	319
809	801
808	801
803	801
802	801
801	1154
801	810
801	811
801	812
801	800
801	807
801	806
805	605
804	783
608	609
1159	1167
1159	1158
1158	1157
1155	995
1155	974
1155	1045
1155	963
1155	953
1155	985
1155	1026
1155	1015
1155	1006
1155	1036
1155	1157
1154	883
1154	868
1154	856
1154	906
1154	1157
1154	942
1154	845
1154	829
1154	814
1154	931
1157	1156
1157	1153
1156	605
1156	1138
1156	1056
1156	1150
1156	1067
1156	1113
1156	1100
1156	328
1150	319
1150	633
1150	594
1150	580
1150	674
1150	563
1150	317
1150	644
1150	532
1153	590
1153	592
1153	718
1153	749
1153	759
1153	707
1153	739
1153	728
1153	783
1152	622
1152	609
59	54
58	54
55	54
54	147
54	152
54	156
54	57
54	56
54	53
54	186
51	43
50	43
52	43
537	532
536	532
535	532
534	532
533	532
532	531
532	83
532	539
532	538
530	522
429	425
428	425
1399	1400
1398	1397
425	433
425	427
425	434
425	431
425	432
425	424
425	430
425	426
229	224
228	224
227	224
226	224
225	224
224	230
224	223
224	231
224	232
224	233
222	213
221	213
220	213
151	150
151	759
153	146
155	154
155	985
157	73
159	158
159	759
818	814
819	814
813	814
814	826
814	825
814	824
814	827
814	821
814	820
814	822
815	798
816	817
817	885
817	884
817	896
817	889
817	840
817	183
817	1247
817	920
817	823
1396	1395
1394	1393
1391	1369
1390	1389
1128	328
1129	328
1120	1113
1121	1113
1122	1113
1123	328
1124	328
1125	328
1126	328
1127	328
524	522
525	522
526	522
527	522
520	515
521	522
522	135
522	523
522	528
522	529
1014	1006
1015	1024
1015	831
1015	1021
1015	1020
1015	1023
1015	1022
1015	1018
1015	1019
1015	1016
1015	1017
1012	1006
1013	1006
1234	1235
1236	1237
1230	1231
1232	1233
1238	1239
438	436
439	436
436	443
436	442
436	441
436	440
436	445
436	444
436	437
436	435
238	235
239	235
234	235
235	236
235	237
1	2
146	145
146	315
146	185
144	143
144	718
142	300
142	141
140	309
140	139
148	149
149	739
939	931
938	931
933	931
932	931
931	903
931	940
931	937
931	936
931	935
931	934
930	906
829	832
829	833
829	843
829	841
829	834
829	835
829	839
829	75
829	828
829	842
797	798
796	605
795	783
794	783
793	783
792	783
791	783
790	783
799	783
798	1246
1270	1269
1271	1272
1139	605
1138	21
1138	32
1138	838
1138	1137
1138	661
1138	2
1138	10
1133	1134
1132	922
1131	328
1130	328
1136	1134
1135	1134
1134	309
1134	337
1134	315
1134	1249
1134	327
1276	1275
1277	1278
519	515
518	515
1009	1006
1008	1006
1007	1006
1006	870
1006	1005
1006	1010
1006	1011
1004	995
515	132
515	122
515	128
515	118
515	517
515	516
1002	995
1000	995
623	622
622	630
622	627
622	626
622	625
622	624
622	629
622	628
622	631
620	609
1229	1228
2	3
2	5
2	4
2	7
2	6
2	8
11	10
10	13
10	12
10	15
10	14
10	17
10	16
10	19
10	18
10	9
201	202
200	191
203	202
202	205
202	204
202	207
202	206
202	209
202	208
202	210
202	211
928	922
929	906
921	922
922	947
922	1078
922	948
922	950
922	1166
922	1077
922	1248
922	1082
923	906
924	900
925	926
926	953
927	906
830	831
837	838
785	783
786	787
780	592
781	592
782	592
788	789
60	61
61	469
61	64
61	65
62	63
63	309
66	67
67	469
68	69
69	309
1371	1370
1038	1036
1039	1036
508	506
509	506
1032	1026
507	506
1030	1026
505	506
502	499
503	499
500	499
501	499
1212	1211
1213	1214
632	633
633	634
633	635
633	636
633	637
633	638
633	639
633	641
633	640
633	642
1216	1215
1217	1218
1106	1100
1107	1100
1104	1103
1105	1100
1102	1101
1100	1111
1100	1110
1100	1099
1100	81
1100	1108
1100	1109
1458	1457
1459	1460
216	213
217	213
214	213
215	213
212	213
213	218
213	219
919	906
918	1343
918	917
915	592
914	906
916	906
911	910
913	906
912	883
847	845
846	845
845	844
845	850
845	851
845	852
845	853
845	849
845	848
845	854
663	317
662	317
753	749
752	749
751	749
750	749
757	749
756	749
755	749
754	749
759	763
759	760
759	761
759	766
759	767
759	764
759	765
759	762
758	749
506	112
1033	1026
504	499
1025	1026
1027	1026
1031	1026
1036	1043
1036	1042
1036	1041
1036	1040
1036	77
1036	1035
1036	1037
1036	85
1029	1026
1028	1026
1034	1026
605	775
605	604
605	606
605	774
605	613
607	594
601	594
600	594
603	594
602	594
1205	1206
1204	1465
1204	1163
1207	1208
609	618
609	619
609	610
609	611
609	616
609	614
609	615
609	617
1200	1201
1203	1446
1203	1202
1113	1112
1113	1115
1113	1114
1113	1117
1113	1116
1113	1119
1113	1118
1449	1450
1448	1447
1357	1358
1355	1356
489	488
488	494
488	487
488	495
488	496
488	497
488	490
488	491
488	492
488	493
486	478
485	478
1354	1353
483	478
482	478
481	478
480	478
199	191
198	191
195	191
194	191
197	191
196	191
191	190
191	193
191	192
1454	1453
1455	1456
1451	1452
902	903
903	904
900	1292
900	899
901	883
906	907
906	905
908	592
909	592
855	856
856	865
856	857
856	861
856	860
856	863
856	862
856	858
856	859
856	864
740	739
741	739
742	739
743	739
744	739
745	739
746	739
747	739
748	749
1050	1045
1051	1045
1052	1045
1053	1045
1054	1045
1055	1056
1056	1057
1056	1058
1056	1059
1056	1063
1056	1062
1056	1065
1056	1064
1056	1061
1056	1060
612	594
1304	1303
1306	1307
1300	1299
1301	1302
1308	1309
498	499
499	114
499	126
499	124
24	21
25	21
26	21
27	21
20	21
21	22
21	23
21	30
21	28
21	29
972	963
1087	1085
1086	1067
1085	1084
1085	1090
1083	1067
977	974
976	974
975	974
974	973
974	982
974	983
974	980
974	981
974	979
974	978
1081	1067
971	963
970	963
1080	1067
182	183
180	181
187	73
184	75
188	73
1464	1463
869	870
868	881
868	880
868	878
868	876
868	877
868	874
868	875
868	867
866	85
883	890
883	882
883	892
883	893
883	887
883	886
883	891
883	888
777	592
776	592
771	590
770	590
773	590
772	590
779	592
778	590
77	76
75	74
73	89
73	72
73	79
73	78
71	478
71	70
1047	1045
1046	1045
1045	1044
1045	1049
1045	1048
1268	1167
669	319
668	319
667	319
1262	1263
665	319
664	317
1267	1266
1265	1264
1467	1466
1461	1462
1317	1316
1315	1314
1313	1312
1311	1310
1319	1318
319	318
319	666
319	672
319	324
313	309
312	309
311	309
310	309
317	316
317	656
317	657
317	654
317	655
317	658
315	322
315	323
315	320
315	321
315	326
315	325
315	87
314	309
1335	1336
1334	1333
1337	1338
1331	1332
1330	1329
964	963
965	963
966	963
967	963
960	953
961	953
962	963
963	968
963	969
1241	1240
872	871
1243	1242
1245	1244
894	661
897	898
646	644
648	644
768	590
769	590
1079	1067
1076	1075
1074	1073
1072	953
1070	953
1071	953
1094	1095
1096	1067
1090	1091
1092	1093
674	675
674	676
674	677
674	673
1098	661
1418	1419
1410	1411
1412	1413
1414	1415
1416	1417
1322	1323
1320	1321
1326	1325
1327	1328
1256	1257
1254	1255
1252	1253
1258	1259
308	300
309	138
300	301
300	302
300	303
300	304
300	305
300	306
300	307
470	469
471	469
1443	1442
476	469
959	953
958	953
951	942
953	952
953	957
955	942
954	942
956	942
477	478
1261	1260
719	718
718	717
718	726
718	724
718	725
718	722
718	723
718	720
718	721
716	707
715	707
714	707
713	707
712	707
711	707
710	707
661	660
1069	1067
1068	1067
1067	1066
591	592
590	599
590	589
593	594
595	594
594	597
594	596
598	580
1089	1350
1089	1088
1408	1407
1403	1404
1402	1401
1406	1405
449	447
448	447
1339	1340
447	450
447	451
447	452
447	446
447	456
39	32
38	32
33	32
32	31
32	37
32	36
32	35
32	34
32	40
32	41
643	644
645	644
644	652
644	650
644	651
644	653
644	647
644	649
339	337
338	337
335	327
334	327
337	120
336	327
331	327
330	327
333	327
332	327
949	942
946	942
944	942
945	942
942	943
942	941
133	124
132	131
137	138
135	134
708	707
709	707
706	707
88	87
82	83
80	81
86	87
84	85
85	129
586	580
587	580
584	580
585	580
582	580
583	580
580	581
580	579
580	588
1436	1435
1437	1438
1434	1433
1432	1431
1430	1429
1349	1348
1344	1345
327	116
327	329
995	994
995	997
995	996
995	999
995	998
991	985
990	985
993	985
992	985
120	119
121	122
123	124
125	126
127	128
578	563
573	563
572	571
570	563
577	563
576	563
575	563
574	563
1421	1420
1423	1422
1425	1424
1427	1426
1428	1201
731	728
730	728
733	728
732	728
735	728
734	728
737	728
736	728
739	738
1359	1360
469	468
469	472
469	473
469	474
469	475
1352	1351
1273	1274
359	358
1445	1444
289	288
267	266
267	269
267	268
988	985
989	985
986	985
987	985
984	985
115	116
114	113
117	118
111	112
484	478
568	567
569	563
562	563
563	564
565	566
1188	1189
1186	1187
1184	1183
1185	1161
1182	1181
727	728
728	729
1164	1165
1160	1161
1162	1163
1168	1169
48	43
49	43
46	43
47	43
44	43
45	43
42	43
1298	1297
1293	1294
1290	1291
1296	1295
1364	1365
1362	1363
478	479
1368	1369
