344	-3.0
337	-8.683606799446801
345	-3.0
346	-3.0
347	-3.0
348	-8.681145747868607
340	-3.0
341	-3.0
342	-3.0
343	-3.0
1148	-9.000000000000005
354	-3.0
357	-3.0
356	-3.0
355	-3.0
353	-3.0
352	-3.0
351	-3.0
350	-3.0
349	-3.0
298	-3.0
289	-8.681145747868614
299	-3.0
300	-8.683606799446803
296	-3.0
297	-3.0
294	-3.0
295	-3.0
292	-3.0
293	-3.0
290	-3.0
291	-3.0
270	-3.0
267	-8.681145747868607
271	-3.0
272	-3.0
273	-3.0
274	-3.0
275	-3.0
276	-3.0
277	-3.0
278	-8.681145747868607
1147	-9.000000000000007
280	-3.0
281	-3.0
279	-3.0
283	-3.0
282	-3.0
285	-3.0
284	-3.0
287	-3.0
286	-3.0
108	-1.0
109	-6.56776436283002
1146	-9.00000000000001
130	-1.0
110	-1.0
189	-1.0
173	-1.0
136	-1.0
102	1.5
103	-3.692582403567252
532	-8.686026613918688
100	1.5
101	-3.692582403567252
309	-8.693049555144011
106	1.5
107	-3.692582403567252
506	-8.6860266139187
104	1.5
105	-3.692582403567252
315	-8.700190439286509
1372	2.0
1373	2.0
1001	-3.0
995	-8.681145747868609
1210	2.0
1209	2.0
1375	2.0
1374	2.0
99	-4.3166247903554
177	1.0
98	1.0
499	-8.702917114358861
91	-2.0
73	-7.6332495807108
90	1.0
81	-3.842329219213244
93	-3.692582403567252
92	1.5
95	-3.692582403567252
328	-8.683606799446803
94	1.5
97	-3.692582403567252
327	-8.6860266139187
96	1.5
1377	0.4999999999999999
1392	1.5
1376	1.5
559	-3.5
552	-4.500000000000001
558	-3.5
555	-3.5
554	-3.5
557	-3.5
556	-3.5
551	-3.5
550	-3.0
541	-4.916079783099617
553	-3.5
1151	-3.5
1097	-3.5
560	-3.5
561	-3.5
1439	2.0
1440	2.0
1199	0.4999999999999999
1198	1.5
1409	1.5
1191	2.0
1190	2.0
1193	2.0
1192	2.0
1195	0.4999999999999999
1385	1.5
1194	1.5
1197	0.4999999999999999
1386	1.5
1196	1.5
1177	1.5
1178	0.4999999999999999
1176	0.4999999999999999
1175	1.5
1361	1.5
1174	1.0
918	0.0
1173	0.4999999999999999
1172	1.5
1324	1.5
1171	0.4999999999999999
1305	1.5
1170	1.5
1179	2.0
1180	2.0
1380	1.5
511	-3.0
510	-3.0
513	-3.0
1285	2.0
1286	2.0
1284	2.0
1283	2.0
1287	1.5
1169	0.4999999999999999
512	-3.0
1281	2.0
1282	2.0
1280	2.0
1279	2.0
1003	-3.0
879	-3.0
868	-8.681145747868609
1289	2.0
1288	2.0
514	-3.0
515	-8.690746941286635
689	-3.0
685	-8.681145747868607
688	-3.0
692	-3.0
693	-3.0
690	-3.0
691	-3.0
694	-3.0
1150	-9.000000000000007
684	-3.0
687	-3.0
686	-3.0
681	-3.0
674	-8.681145747868607
680	-3.0
683	-3.0
682	-3.0
458	-8.681145747868607
459	-3.0
465	-3.0
464	-3.0
467	-3.0
466	-3.0
461	-3.0
460	-3.0
463	-3.0
462	-3.0
457	-3.0
1226	2.0
1225	2.0
621	-3.0
622	-4.456356105256666
873	-3.0
1224	2.0
1223	2.0
1222	2.0
1221	2.0
1220	2.0
1219	2.0
407	-3.0
403	-8.681145747868605
406	-3.0
405	-3.0
404	-3.0
411	-3.0
1134	-9.000000000000009
410	-3.0
402	-3.0
412	-3.0
409	-3.0
408	-3.0
401	-3.0
392	-8.681145747868607
400	-3.0
1379	2.0
1378	2.0
1342	2.0
1341	2.0
453	-3.0
447	-8.681145747868607
454	-3.0
455	-3.0
1346	2.0
1347	2.0
379	-3.0
370	-8.681145747868607
378	-3.0
371	-3.0
369	-3.0
373	-3.0
372	-3.0
375	-3.0
374	-3.0
377	-3.0
376	-3.0
393	-3.0
391	-3.0
397	-3.0
396	-3.0
395	-3.0
394	-3.0
399	-3.0
398	-3.0
390	-3.0
381	-8.681145747868607
895	-3.0
817	-4.456356105256665
245	-3.0
246	-8.681145747868607
244	-3.0
235	-8.681145747868607
247	-3.0
252	-3.0
253	-3.0
250	-3.0
251	-3.0
249	-3.0
248	-3.0
254	-3.0
255	-3.0
241	-3.0
240	-3.0
243	-3.0
242	-3.0
179	0.4999999999999999
836	1.5
178	1.5
176	1.0
175	-4.316624790355398
1026	-8.686676018038888
174	1.0
172	0.4999999999999999
784	1.5
171	1.5
170	1.0
169	-4.3166247903554
1367	2.0
1366	2.0
1227	1.5
1165	0.4999999999999999
659	-3.0
317	-8.681145747868607
1142	-3.0
1143	-3.0
1138	-9.000000000000004
1140	-3.5
922	-4.500000000000001
1141	-3.0
605	-8.683606799446803
202	-8.681145747868607
213	-8.681145747868607
54	-8.681145747868607
1156	-9.000000000000002
191	-8.681145747868607
43	-8.681145747868607
224	-8.681145747868607
414	-8.681145747868607
257	-8.683606799446801
1144	-3.0
1145	-3.0
469	-8.692911495123571
1250	-3.0
522	-8.683606799446803
436	-8.681145747868607
478	-8.683606799446803
425	-8.681145747868607
359	-8.681145747868607
1149	-5.0
1251	1.0
488	-4.916079783099617
696	-8.681145747868609
697	-3.0
695	-3.0
704	-3.0
705	-3.0
698	-3.0
699	-3.0
700	-3.0
701	-3.0
702	-3.0
703	-3.0
1153	-9.000000000000002
542	-3.0
543	-3.0
540	-3.0
546	-3.0
547	-3.0
544	-3.0
545	-3.0
548	-3.0
549	-3.0
415	-3.0
416	-3.0
417	-3.0
413	-3.0
421	-3.0
420	-3.0
423	-3.0
422	-3.0
418	-3.0
419	-3.0
1384	2.0
1383	2.0
1387	2.0
1388	2.0
1382	2.0
1381	2.0
368	-3.0
366	-3.0
367	-3.0
364	-3.0
365	-3.0
362	-3.0
363	-3.0
360	-3.0
361	-3.0
380	-3.0
382	-3.0
383	-3.0
384	-3.0
385	-3.0
386	-3.0
387	-3.0
388	-3.0
389	-3.0
258	-3.0
259	-3.0
256	-3.0
260	-3.0
261	-3.0
263	-3.0
262	-3.0
265	-3.0
264	-3.0
181	-3.692582403567252
168	1.0
783	-8.686676018038888
164	0.5
114	-4.905124837953325
165	1.5
166	-3.692582403567252
590	-8.683606799446801
167	0.5
160	1.5
161	-3.692582403567252
162	1.5
163	0.4999999999999999
1441	1.5
678	-3.0
679	-3.0
670	-3.0
319	-8.681145747868607
671	-3.0
809	-3.0
801	-8.681145747868607
808	-3.0
803	-3.0
802	-3.0
1154	-9.000000000000005
810	-3.0
811	-3.0
812	-3.0
800	-3.0
807	-3.0
806	-3.0
805	-3.0
804	-3.0
608	-3.0
609	-4.456356105256666
1159	0.0
1167	0.2192235935955848
1158	-1.0
1157	-6.0
1155	-9.000000000000005
974	-8.681145747868607
1045	-8.681145747868607
963	-8.681145747868607
953	-8.683606799446801
985	-8.683606799446801
1015	-8.683606799446801
1006	-8.683606799446803
1036	-8.692911495123575
883	-8.681145747868607
856	-8.681145747868607
906	-8.681145747868607
942	-8.681145747868607
845	-8.681145747868607
829	-8.686676018038892
814	-8.681145747868607
931	-8.686676018038888
1056	-8.681145747868607
1067	-8.158910531638178
1113	-8.681145747868607
1100	-8.16528576488799
633	-8.681145747868607
594	-8.681145747868607
580	-8.681145747868607
563	-8.681145747868607
644	-8.681145747868607
592	-8.681145747868607
718	-8.683606799446801
749	-8.681145747868607
759	-8.686026613918703
707	-8.681145747868607
739	-8.683606799446801
728	-8.681145747868607
1152	-4.5
59	-3.0
58	-3.0
55	-3.0
147	-3.0
152	-3.0
156	-3.0
57	-3.0
56	-3.0
53	-3.0
186	-3.0
51	-3.0
50	-3.0
52	-3.0
537	-3.0
536	-3.0
535	-3.0
534	-3.0
533	-3.0
531	-3.0
83	-3.692582403567252
539	-3.0
538	-3.0
530	-3.0
429	-3.0
428	-3.0
1399	2.0
1400	2.0
1398	2.0
1397	2.0
433	-3.0
427	-3.0
434	-3.0
431	-3.0
432	-3.0
424	-3.0
430	-3.0
426	-3.0
229	-3.0
228	-3.0
227	-3.0
226	-3.0
225	-3.0
230	-3.0
223	-3.0
231	-3.0
232	-3.0
233	-3.0
222	-3.0
221	-3.0
220	-3.0
151	-3.692582403567252
150	1.5
153	0.5
146	-4.905124837953325
155	-3.692582403567252
154	1.5
157	-2.0
159	-3.692582403567252
158	1.5
818	-3.0
819	-3.0
813	-3.0
826	-3.0
825	-3.0
824	-3.0
827	-3.0
821	-3.0
820	-3.0
822	-3.0
815	1.0
798	0.0
816	-3.0
885	-3.0
884	-3.0
896	-3.0
889	-3.0
840	-3.0
183	-3.692582403567252
1247	-3.0
920	-3.0
823	-3.0
1396	2.0
1395	2.0
1394	2.0
1393	2.0
1391	1.5
1369	0.4999999999999999
1390	2.0
1389	2.0
1128	-3.0
1129	-3.0
1120	-3.0
1121	-3.0
1122	-3.0
1123	-3.0
1124	-3.0
1125	-3.0
1126	-3.0
1127	-3.0
524	-3.0
525	-3.0
526	-3.0
527	-3.0
520	-3.0
521	-3.0
135	-3.692582403567252
523	-3.0
528	-3.0
529	-3.0
1014	-3.0
1024	-3.0
831	-3.692582403567252
1021	-3.0
1020	-3.0
1023	-3.0
1022	-3.0
1018	-3.0
1019	-3.0
1016	-3.0
1017	-3.0
1012	-3.0
1013	-3.0
1234	2.0
1235	2.0
1236	2.0
1237	2.0
1230	2.0
1231	2.0
1232	2.0
1233	2.0
1238	2.0
1239	2.0
438	-3.0
439	-3.0
443	-3.0
442	-3.0
441	-3.0
440	-3.0
445	-3.0
444	-3.0
437	-3.0
435	-3.0
238	-3.0
239	-3.0
234	-3.0
236	-3.0
237	-3.0
1	-1.5
2	-7.103277807866851
145	0.5
185	0.5
144	-3.692582403567252
143	1.5
142	-3.692582403567252
141	1.5
140	-3.692582403567252
139	1.5
148	1.5
149	-3.692582403567252
939	-3.0
938	-3.0
933	-3.0
932	-3.0
903	-4.316624790355402
940	-3.0
937	-3.0
936	-3.0
935	-3.0
934	-3.0
930	-3.0
832	-3.0
833	-3.0
843	-3.0
841	-3.0
834	-3.0
835	-3.0
839	-3.0
75	-4.316624790355402
828	-3.0
842	-3.0
797	1.0
796	-3.0
795	-3.0
794	-3.0
793	-3.0
792	-3.0
791	-3.0
790	-3.0
799	-3.0
1246	1.0
1270	2.0
1269	2.0
1271	2.0
1272	2.0
1139	-3.0
21	-8.681145747868607
32	-8.681145747868607
838	-3.692582403567252
1137	-3.0
661	-4.905124837953325
10	-8.681145747868607
1133	-3.0
1132	-3.5
1131	-3.0
1130	-3.0
1136	-3.0
1135	-3.0
1249	-3.0
1276	2.0
1275	2.0
1277	2.0
1278	2.0
519	-3.0
518	-3.0
1009	-3.0
1008	-3.0
1007	-3.0
870	-3.692582403567252
1005	-3.0
1010	-3.0
1011	-3.0
1004	-3.0
132	-3.692582403567252
122	-3.692582403567252
128	-3.692582403567252
118	-3.692582403567252
517	-3.0
516	-3.0
1002	-3.0
1000	-3.0
623	-3.0
630	-3.0
627	-3.0
626	-3.0
625	-3.0
624	-3.0
629	-3.0
628	-3.0
631	-3.0
620	-3.0
1229	2.0
1228	2.0
3	-1.5
5	-1.5
4	-1.5
7	-1.5
6	-1.5
8	-1.5
11	-3.0
13	-3.0
12	-3.0
15	-3.0
14	-3.0
17	-3.0
16	-3.0
19	-3.0
18	-3.0
9	-3.0
201	-3.0
200	-3.0
203	-3.0
205	-3.0
204	-3.0
207	-3.0
206	-3.0
209	-3.0
208	-3.0
210	-3.0
211	-3.0
928	-3.5
929	-3.0
921	-3.5
947	-3.5
1078	-3.5
948	-3.5
950	-3.5
1166	-3.5
1077	-3.5
1248	-3.5
1082	-3.5
923	-3.0
924	1.0
900	0.0
925	1.5
926	-3.692582403567252
927	-3.0
830	1.5
837	1.5
785	-3.0
786	2.0
787	2.0
780	-3.0
781	-3.0
782	-3.0
788	2.0
789	2.0
60	0.5
61	-4.905124837953325
64	0.5
65	0.5
62	1.5
63	-3.692582403567252
66	1.5
67	-3.692582403567252
68	1.5
69	-3.692582403567252
1371	2.0
1370	2.0
1038	-3.0
1039	-3.0
508	-3.0
509	-3.0
1032	-3.0
507	-3.0
1030	-3.0
505	-3.0
502	-3.0
503	-3.0
500	-3.0
501	-3.0
1212	2.0
1211	2.0
1213	2.0
1214	2.0
632	-3.0
634	-3.0
635	-3.0
636	-3.0
637	-3.0
638	-3.0
639	-3.0
641	-3.0
640	-3.0
642	-3.0
1216	2.0
1215	2.0
1217	2.0
1218	2.0
1106	-2.5
1107	-2.5
1104	2.0
1103	2.0
1105	-2.5
1102	2.0
1101	2.0
1111	-2.5
1110	-2.5
1099	-2.5
1108	-2.5
1109	-2.5
1458	2.0
1457	2.0
1459	2.0
1460	2.0
216	-3.0
217	-3.0
214	-3.0
215	-3.0
212	-3.0
218	-3.0
219	-3.0
919	-3.0
1343	1.0
917	1.0
915	-3.0
914	-3.0
916	-3.0
911	2.0
910	2.0
913	-3.0
912	-3.0
847	-3.0
846	-3.0
844	-3.0
850	-3.0
851	-3.0
852	-3.0
853	-3.0
849	-3.0
848	-3.0
854	-3.0
663	-3.0
662	-3.0
753	-3.0
752	-3.0
751	-3.0
750	-3.0
757	-3.0
756	-3.0
755	-3.0
754	-3.0
763	-3.0
760	-3.0
761	-3.0
766	-3.0
767	-3.0
764	-3.0
765	-3.0
762	-3.0
758	-3.0
112	-3.692582403567252
1033	-3.0
504	-3.0
1025	-3.0
1027	-3.0
1031	-3.0
1043	-3.0
1042	-3.0
1041	-3.0
1040	-3.0
77	-3.692582403567252
1035	-3.0
1037	-3.0
85	-4.905124837953325
1029	-3.0
1028	-3.0
1034	-3.0
775	-3.0
604	-3.0
606	-3.0
774	-3.0
613	-3.0
607	-3.0
601	-3.0
600	-3.0
603	-3.0
602	-3.0
1205	2.0
1206	2.0
1204	0.2192235935955848
1465	1.5
1163	0.2192235935955848
1207	2.0
1208	2.0
618	-3.0
619	-3.0
610	-3.0
611	-3.0
616	-3.0
614	-3.0
615	-3.0
617	-3.0
1200	1.5
1201	0.4999999999999999
1203	0.4999999999999999
1446	1.5
1202	1.5
1112	-3.0
1115	-3.0
1114	-3.0
1117	-3.0
1116	-3.0
1119	-3.0
1118	-3.0
1449	2.0
1450	2.0
1448	2.0
1447	2.0
1357	2.0
1358	2.0
1355	2.0
1356	2.0
489	-3.0
494	-3.0
487	-3.0
495	-3.0
496	-3.0
497	-3.0
490	-3.0
491	-3.0
492	-3.0
493	-3.0
486	-3.0
485	-3.0
1354	2.0
1353	2.0
483	-3.0
482	-3.0
481	-3.0
480	-3.0
199	-3.0
198	-3.0
195	-3.0
194	-3.0
197	-3.0
196	-3.0
190	-3.0
193	-3.0
192	-3.0
1454	2.0
1453	2.0
1455	2.0
1456	2.0
1451	2.0
1452	2.0
902	1.0
904	1.0
1292	1.0
899	1.0
901	-3.0
907	-3.0
905	-3.0
908	-3.0
909	-3.0
855	-3.0
865	-3.0
857	-3.0
861	-3.0
860	-3.0
863	-3.0
862	-3.0
858	-3.0
859	-3.0
864	-3.0
740	-3.0
741	-3.0
742	-3.0
743	-3.0
744	-3.0
745	-3.0
746	-3.0
747	-3.0
748	-3.0
1050	-3.0
1051	-3.0
1052	-3.0
1053	-3.0
1054	-3.0
1055	-3.0
1057	-3.0
1058	-3.0
1059	-3.0
1063	-3.0
1062	-3.0
1065	-3.0
1064	-3.0
1061	-3.0
1060	-3.0
612	-3.0
1304	2.0
1303	2.0
1306	2.0
1307	2.0
1300	2.0
1299	2.0
1301	2.0
1302	2.0
1308	2.0
1309	2.0
498	-3.0
126	-3.692582403567252
124	-4.316624790355402
24	-3.0
25	-3.0
26	-3.0
27	-3.0
20	-3.0
22	-3.0
23	-3.0
30	-3.0
28	-3.0
29	-3.0
972	-3.0
1087	1.0
1085	-0.3507810593582127
1086	-2.5
1084	1.0
1090	-0.1180339887498948
1083	-2.5
977	-3.0
976	-3.0
975	-3.0
973	-3.0
982	-3.0
983	-3.0
980	-3.0
981	-3.0
979	-3.0
978	-3.0
1081	-2.5
971	-3.0
970	-3.0
1080	-2.5
182	1.5
180	1.5
187	-2.0
184	1.0
188	-2.0
1464	2.0
1463	2.0
869	1.5
881	-3.0
880	-3.0
878	-3.0
876	-3.0
877	-3.0
874	-3.0
875	-3.0
867	-3.0
866	0.5
890	-3.0
882	-3.0
892	-3.0
893	-3.0
887	-3.0
886	-3.0
891	-3.0
888	-3.0
777	-3.0
776	-3.0
771	-3.0
770	-3.0
773	-3.0
772	-3.0
779	-3.0
778	-3.0
76	1.5
74	1.0
89	-2.0
72	-2.0
79	-2.0
78	-2.0
71	-3.692582403567252
70	1.5
1047	-3.0
1046	-3.0
1044	-3.0
1049	-3.0
1048	-3.0
1268	1.5
669	-3.0
668	-3.0
667	-3.0
1262	2.0
1263	2.0
665	-3.0
664	-3.0
1267	2.0
1266	2.0
1265	2.0
1264	2.0
1467	2.0
1466	2.0
1461	2.0
1462	2.0
1317	2.0
1316	2.0
1315	2.0
1314	2.0
1313	2.0
1312	2.0
1311	2.0
1310	2.0
1319	2.0
1318	2.0
318	-3.0
666	-3.0
672	-3.0
324	-3.0
313	-3.0
312	-3.0
311	-3.0
310	-3.0
316	-3.0
656	-3.0
657	-3.0
654	-3.0
655	-3.0
658	-3.0
322	-3.0
323	-3.0
320	-3.0
321	-3.0
326	-3.0
325	-3.0
87	-4.316624790355402
314	-3.0
1335	2.0
1336	2.0
1334	2.0
1333	2.0
1337	2.0
1338	2.0
1331	2.0
1332	2.0
1330	2.0
1329	2.0
964	-3.0
965	-3.0
966	-3.0
967	-3.0
960	-3.0
961	-3.0
962	-3.0
968	-3.0
969	-3.0
1241	2.0
1240	2.0
872	2.0
871	2.0
1243	2.0
1242	2.0
1245	2.0
1244	2.0
894	0.5
897	2.0
898	2.0
646	-3.0
648	-3.0
768	-3.0
769	-3.0
1079	-2.5
1076	2.0
1075	2.0
1074	2.0
1073	2.0
1072	-3.0
1070	-3.0
1071	-3.0
1094	2.0
1095	2.0
1096	-2.5
1091	1.5
1092	2.0
1093	2.0
675	-3.0
676	-3.0
677	-3.0
673	-3.0
1098	0.5
1418	2.0
1419	2.0
1410	2.0
1411	2.0
1412	2.0
1413	2.0
1414	2.0
1415	2.0
1416	2.0
1417	2.0
1322	2.0
1323	2.0
1320	2.0
1321	2.0
1326	2.0
1325	2.0
1327	2.0
1328	2.0
1256	2.0
1257	2.0
1254	2.0
1255	2.0
1252	2.0
1253	2.0
1258	2.0
1259	2.0
308	-3.0
138	-3.692582403567252
301	-3.0
302	-3.0
303	-3.0
304	-3.0
305	-3.0
306	-3.0
307	-3.0
470	-3.0
471	-3.0
1443	2.0
1442	2.0
476	-3.0
959	-3.0
958	-3.0
951	-3.0
952	-3.0
957	-3.0
955	-3.0
954	-3.0
956	-3.0
477	-3.0
1261	2.0
1260	2.0
719	-3.0
717	-3.0
726	-3.0
724	-3.0
725	-3.0
722	-3.0
723	-3.0
720	-3.0
721	-3.0
716	-3.0
715	-3.0
714	-3.0
713	-3.0
712	-3.0
711	-3.0
710	-3.0
660	0.5
1069	-2.5
1068	-2.5
1066	-2.5
591	-3.0
599	-3.0
589	-3.0
593	-3.0
595	-3.0
597	-3.0
596	-3.0
598	-3.0
1089	0.4999999999999999
1350	1.5
1088	1.5
1408	2.0
1407	2.0
1403	2.0
1404	2.0
1402	2.0
1401	2.0
1406	2.0
1405	2.0
449	-3.0
448	-3.0
1339	2.0
1340	2.0
450	-3.0
451	-3.0
452	-3.0
446	-3.0
456	-3.0
39	-3.0
38	-3.0
33	-3.0
31	-3.0
37	-3.0
36	-3.0
35	-3.0
34	-3.0
40	-3.0
41	-3.0
643	-3.0
645	-3.0
652	-3.0
650	-3.0
651	-3.0
653	-3.0
647	-3.0
649	-3.0
339	-3.0
338	-3.0
335	-3.0
334	-3.0
120	-3.692582403567252
336	-3.0
331	-3.0
330	-3.0
333	-3.0
332	-3.0
949	-3.0
946	-3.0
944	-3.0
945	-3.0
943	-3.0
941	-3.0
133	1.0
131	1.5
137	1.5
134	1.5
708	-3.0
709	-3.0
706	-3.0
88	1.0
82	1.5
80	1.0
86	1.0
84	0.5
129	0.5
586	-3.0
587	-3.0
584	-3.0
585	-3.0
582	-3.0
583	-3.0
581	-3.0
579	-3.0
588	-3.0
1436	2.0
1435	2.0
1437	2.0
1438	2.0
1434	2.0
1433	2.0
1432	2.0
1431	2.0
1430	2.0
1429	2.0
1349	2.0
1348	2.0
1344	2.0
1345	2.0
116	-3.692582403567252
329	-3.0
994	-3.0
997	-3.0
996	-3.0
999	-3.0
998	-3.0
991	-3.0
990	-3.0
993	-3.0
992	-3.0
119	1.5
121	1.5
123	1.0
125	1.5
127	1.5
578	-3.0
573	-3.0
572	2.0
571	2.0
570	-3.0
577	-3.0
576	-3.0
575	-3.0
574	-3.0
1421	2.0
1420	2.0
1423	2.0
1422	2.0
1425	2.0
1424	2.0
1427	2.0
1426	2.0
1428	1.5
731	-3.0
730	-3.0
733	-3.0
732	-3.0
735	-3.0
734	-3.0
737	-3.0
736	-3.0
738	-3.0
1359	2.0
1360	2.0
468	-3.0
472	-3.0
473	-3.0
474	-3.0
475	-3.0
1352	2.0
1351	2.0
1273	2.0
1274	2.0
358	-3.0
1445	2.0
1444	2.0
288	-3.0
266	-3.0
269	-3.0
268	-3.0
988	-3.0
989	-3.0
986	-3.0
987	-3.0
984	-3.0
115	1.5
113	0.5
117	1.5
111	1.5
484	-3.0
568	2.0
567	2.0
569	-3.0
562	-3.0
564	-3.0
565	2.0
566	2.0
1188	2.0
1189	2.0
1186	2.0
1187	2.0
1184	2.0
1183	2.0
1185	1.5
1161	0.4999999999999999
1182	2.0
1181	2.0
727	-3.0
729	-3.0
1164	1.5
1160	1.5
1162	1.5
1168	1.5
48	-3.0
49	-3.0
46	-3.0
47	-3.0
44	-3.0
45	-3.0
42	-3.0
1298	2.0
1297	2.0
1293	2.0
1294	2.0
1290	2.0
1291	2.0
1296	2.0
1295	2.0
1364	2.0
1365	2.0
1362	2.0
1363	2.0
479	-3.0
1368	1.5
