Fraction_of_nodes	Efficiency
0.0005382131324004305	0.29004927994682467
0.001076426264800861	0.287120841996294
0.0016146393972012918	0.28472790353929067
0.002152852529601722	0.28320909619738105
0.002691065662002153	0.2805578694252338
0.0032292787944025836	0.27799363369539953
0.003767491926803014	0.2765078114211217
0.004305705059203444	0.27600937079161536
0.004843918191603875	0.27528430366053286
0.005382131324004306	0.2745754443597672
0.005920344456404736	0.27414925149182684
0.006458557588805167	0.2734019518609084
0.006996770721205597	0.2715893890394728
0.007534983853606028	0.2708411493405508
0.008073196986006458	0.26872897148130453
0.008611410118406888	0.2681658687417694
0.00914962325080732	0.26728890255422494
0.00968783638320775	0.2654672338964082
0.01022604951560818	0.26295690301900176
0.010764262648008612	0.260942660247957
0.011302475780409042	0.2602305763660957
0.011840688912809472	0.25940931860954936
0.012378902045209902	0.25871226943183057
0.012917115177610334	0.2580482650442538
0.013455328310010764	0.2576474303889723
0.013993541442411194	0.25605143585778656
0.014531754574811625	0.25337310953099257
0.015069967707212056	0.2526072510396137
0.015608180839612486	0.2523155902927713
0.016146393972012917	0.25185583992678795
0.016684607104413347	0.2489477987865914
0.017222820236813777	0.24786426175794077
0.01776103336921421	0.2451674394919379
0.01829924650161464	0.244016125927675
0.01883745963401507	0.24280030906756503
0.0193756727664155	0.24258733710678215
0.01991388589881593	0.2420621267564719
0.02045209903121636	0.24154055410148964
0.02099031216361679	0.24131363153547186
0.021528525296017224	0.23830964316790693
0.022066738428417654	0.2370032201255528
0.022604951560818085	0.23681540445727103
0.023143164693218515	0.23633780302813048
0.023681377825618945	0.23593657511003974
0.024219590958019375	0.23531891938167995
0.024757804090419805	0.2347568835900893
0.02529601722282024	0.2340957900186705
0.02583423035522067	0.2334348719304392
0.0263724434876211	0.23127625672340688
0.02691065662002153	0.22937328277865815
0.02744886975242196	0.22743343828555185
0.02798708288482239	0.22663301881079811
0.02852529601722282	0.2263463267016517
0.02906350914962325	0.22615634593446896
0.029601722282023683	0.22567513817947954
0.030139935414424113	0.22315776088995215
0.030678148546824543	0.2222677798141538
0.031216361679224973	0.2220784053068796
0.031754574811625406	0.2218860242623972
0.03229278794402583	0.22169761758818338
0.03283100107642627	0.22142250676782266
0.03336921420882669	0.2211864830522431
0.03390742734122713	0.21923984658387968
0.03444564047362755	0.21838231066761565
0.03498385360602799	0.21823360733190617
0.03552206673842842	0.2168715184121964
0.03606027987082885	0.21571482832014868
0.03659849300322928	0.21446946058849986
0.03713670613562971	0.21325764620191862
0.03767491926803014	0.21276752779257857
0.03821313240043057	0.21216365185359254
0.038751345532831	0.21145579374696605
0.039289558665231435	0.21100889786142923
0.03982777179763186	0.21076639832344254
0.040365984930032295	0.20972256609204176
0.04090419806243272	0.20944134018998692
0.041442411194833155	0.20897068989992204
0.04198062432723358	0.20868455433651467
0.042518837459634015	0.20674070369535846
0.04305705059203445	0.20463055769595617
0.043595263724434875	0.20444516871917864
0.04413347685683531	0.20340467832159456
0.044671689989235736	0.20023295139630282
0.04520990312163617	0.19866153852263405
0.045748116254036596	0.19834339496750056
0.04628632938643703	0.19813237396770056
0.04682454251883746	0.19679586587851497
0.04736275565123789	0.1965193368508023
0.04790096878363832	0.19600699168252417
0.04843918191603875	0.19456019721216877
0.04897739504843918	0.1933543496855218
0.04951560818083961	0.19260864681560372
0.05005382131324004	0.19223442756859224
0.05059203444564048	0.19133930152141038
0.051130247578040904	0.19016624614754665
0.05166846071044134	0.18959358671280938
0.052206673842841764	0.18842863478547384
0.0527448869752422	0.18697074757751506
0.053283100107642624	0.18661616875209916
0.05382131324004306	0.18640109296174653
0.05435952637244349	0.1861783705927496
0.05489773950484392	0.18561354545441514
0.05543595263724435	0.18544394146928267
0.05597416576964478	0.18469300411736614
0.05651237890204521	0.18419796397067675
0.05705059203444564	0.18306586875538466
0.05758880516684607	0.18291569523801834
0.0581270182992465	0.1825230218236513
0.05866523143164693	0.18176163949602933
0.059203444564047365	0.18058975610385486
0.05974165769644779	0.17931157673907838
0.060279870828848225	0.1779731823160272
0.06081808396124865	0.17663254680150872
0.061356297093649086	0.17609772263148726
0.06189451022604951	0.17531948866717684
0.062432723358449946	0.1725027463711283
0.06297093649085038	0.17224791474853554
0.06350914962325081	0.17181023395481612
0.06404736275565123	0.17130080254772223
0.06458557588805167	0.17121496240198783
0.0651237890204521	0.17088492253212917
0.06566200215285253	0.17057410168019893
0.06620021528525297	0.1704705218184393
0.06673842841765339	0.16997160337092418
0.06727664155005382	0.16766176377088793
0.06781485468245425	0.16679372941743506
0.06835306781485469	0.16600289188203685
0.0688912809472551	0.1655713661518722
0.06942949407965554	0.1640703681257033
0.06996770721205597	0.1638891625383897
0.07050592034445641	0.16375505010185498
0.07104413347685684	0.16347809688351334
0.07158234660925726	0.16198274084174072
0.0721205597416577	0.16099921343206894
0.07265877287405813	0.16089924280533624
0.07319698600645856	0.16082757058410757
0.073735199138859	0.15723121269637952
0.07427341227125941	0.15712039150649362
0.07481162540365985	0.1568332208961678
0.07534983853606028	0.1561653626145992
0.07588805166846072	0.15601439155014696
0.07642626480086114	0.15527993963887893
0.07696447793326157	0.1547189784691256
0.077502691065662	0.15432062185467027
0.07804090419806244	0.15350300298630096
0.07857911733046287	0.15304270244532636
0.07911733046286329	0.1526438041426997
0.07965554359526372	0.15164367929099545
0.08019375672766416	0.15150290506254052
0.08073196986006459	0.14936469239217837
0.08127018299246501	0.14875829913125813
0.08180839612486544	0.14822241984040116
0.08234660925726588	0.14789026681530512
0.08288482238966631	0.14745914187016546
0.08342303552206674	0.14364955962590018
0.08396124865446716	0.14326056324947908
0.0844994617868676	0.14302071833943958
0.08503767491926803	0.13963526107543675
0.08557588805166846	0.13935689156364942
0.0861141011840689	0.13933719768250905
0.08665231431646932	0.13903005689617925
0.08719052744886975	0.13835845318212014
0.08772874058127018	0.1375176023477749
0.08826695371367062	0.13744861259232738
0.08880516684607104	0.1372706025604534
0.08934337997847147	0.13719649481330845
0.0898815931108719	0.1370457678883085
0.09041980624327234	0.13681549107030416
0.09095801937567277	0.1355458910138359
0.09149623250807319	0.1352867158070188
0.09203444564047362	0.13380339761534554
0.09257265877287406	0.13366634224826152
0.09311087190527449	0.1335603092062342
0.09364908503767493	0.13308922413359422
0.09418729817007535	0.13275660370149445
0.09472551130247578	0.13157898911810578
0.09526372443487621	0.13147158546681612
0.09580193756727665	0.13111431089345207
0.09634015069967707	0.1306314843054573
0.0968783638320775	0.12957288072260478
0.09741657696447793	0.12915643254546966
0.09795479009687837	0.12864274965147932
0.0984930032292788	0.12847117875116956
0.09903121636167922	0.1274875452341559
0.09956942949407965	0.12598353548709215
0.10010764262648009	0.1233321923427937
0.10064585575888052	0.12327732982549926
0.10118406889128095	0.12310190990726694
0.10172228202368137	0.12285926020836148
0.10226049515608181	0.12114692490968769
0.10279870828848224	0.12104354701358401
0.10333692142088267	0.12089212645966273
0.1038751345532831	0.12072164897214935
0.10441334768568353	0.12055950480904912
0.10495156081808396	0.1203020729094576
0.1054897739504844	0.11959946739691253
0.10602798708288483	0.11851513075042376
0.10656620021528525	0.11802661291286326
0.10710441334768568	0.1165733670125221
0.10764262648008611	0.11628542847595279
0.10818083961248655	0.11618751564056991
0.10871905274488698	0.11571793134663974
0.1092572658772874	0.11436173186760035
0.10979547900968784	0.11424030363043741
0.11033369214208827	0.11381355643852976
0.1108719052744887	0.1137198432670716
0.11141011840688912	0.1129834799612839
0.11194833153928956	0.11288153648244251
0.11248654467168999	0.11216905318289597
0.11302475780409042	0.1119219790134863
0.11356297093649086	0.11170867030098114
0.11410118406889128	0.11103787606923733
0.11463939720129171	0.11098090012048027
0.11517761033369214	0.11082851466170211
0.11571582346609258	0.11049832458765724
0.116254036598493	0.1099935014227148
0.11679224973089343	0.10992231948889859
0.11733046286329386	0.10867321085422016
0.1178686759956943	0.10836771766843119
0.11840688912809473	0.1064932566640976
0.11894510226049515	0.10478714941741907
0.11948331539289558	0.10368323866272956
0.12002152852529602	0.1034941496776676
0.12055974165769645	0.103267936798449
0.12109795479009688	0.10300884986089061
0.1216361679224973	0.10302140509150362
0.12217438105489774	0.10273741295539977
0.12271259418729817	0.10264222345996225
0.1232508073196986	0.10113871877135701
0.12378902045209902	0.10077532906480997
0.12432723358449946	0.1006930989647481
0.12486544671689989	0.10055865929171551
0.12540365984930033	0.09991209935931593
0.12594187298170076	0.09982755919187304
0.1264800861141012	0.09976638053654796
0.12701829924650163	0.09927525063258891
0.12755651237890203	0.09885871969659116
0.12809472551130247	0.09882462309711584
0.1286329386437029	0.09878051705161242
0.12917115177610333	0.09878116437098444
0.12970936490850377	0.09876790296286356
0.1302475780409042	0.09850307789617008
0.13078579117330463	0.09795098787243353
0.13132400430570507	0.09774226844342625
0.1318622174381055	0.09668575618311012
0.13240043057050593	0.0965957940198858
0.13293864370290634	0.09494019274328001
0.13347685683530677	0.09422045427594831
0.1340150699677072	0.09399336091832908
0.13455328310010764	0.09334236421066862
0.13509149623250807	0.09268605181427594
0.1356297093649085	0.09216604378390239
0.13616792249730894	0.09164495428977855
0.13670613562970937	0.09160873758992585
0.1372443487621098	0.09151847145557862
0.1377825618945102	0.09038892246007439
0.13832077502691065	0.09013171174256183
0.13885898815931108	0.08982859478106257
0.13939720129171151	0.08951831133557916
0.13993541442411195	0.08933790017895292
0.14047362755651238	0.08910859975187052
0.14101184068891282	0.08900822134342509
0.14155005382131325	0.08886186981521951
0.14208826695371368	0.08851216536061854
0.1426264800861141	0.08862257292213885
0.14316469321851452	0.08835701878042959
0.14370290635091496	0.08825807240118572
0.1442411194833154	0.0881216812800529
0.14477933261571582	0.08775867226456655
0.14531754574811626	0.08753479396347148
0.1458557588805167	0.08742378175099987
0.14639397201291712	0.0872251011748331
0.14693218514531756	0.08690147064177031
0.147470398277718	0.0860944378502362
0.1480086114101184	0.08590019072071625
0.14854682454251883	0.0858398427376576
0.14908503767491926	0.08577634178407877
0.1496232508073197	0.08548673081390869
0.15016146393972013	0.08559507901519374
0.15069967707212056	0.08545741582731128
0.151237890204521	0.08505794154571908
0.15177610333692143	0.08495153769251299
0.15231431646932186	0.0846530011631752
0.15285252960172227	0.0843851698921439
0.1533907427341227	0.0843565150897469
0.15392895586652314	0.08413719953854246
0.15446716899892357	0.0837923182666497
0.155005382131324	0.08375884466672044
0.15554359526372444	0.08351006775255579
0.15608180839612487	0.08313209076553944
0.1566200215285253	0.08311134261013742
0.15715823466092574	0.08119028971979453
0.15769644779332614	0.08114430287853795
0.15823466092572658	0.08078191321081314
0.158772874058127	0.08071153654519353
0.15931108719052745	0.0801500273273814
0.15984930032292788	0.07963629453783468
0.1603875134553283	0.07868020719375414
0.16092572658772875	0.07838920131283486
0.16146393972012918	0.07832764147564461
0.1620021528525296	0.07746479754743767
0.16254036598493002	0.0770937298006725
0.16307857911733045	0.07719294953014569
0.16361679224973089	0.07658109077594266
0.16415500538213132	0.07646173124388825
0.16469321851453175	0.07591796971532369
0.1652314316469322	0.0759024457402734
0.16576964477933262	0.07588723493934647
0.16630785791173305	0.07571020092606189
0.1668460710441335	0.07532254202162578
0.16738428417653392	0.07461232848922929
0.16792249730893433	0.07415424438137729
0.16846071044133476	0.0741035293893396
0.1689989235737352	0.07291750607830587
0.16953713670613563	0.07278459821450838
0.17007534983853606	0.07235374780402545
0.1706135629709365	0.07215461467669138
0.17115177610333693	0.07210029712155613
0.17168998923573736	0.07200453863298151
0.1722282023681378	0.07190889296326777
0.1727664155005382	0.07169135444852376
0.17330462863293863	0.07098059992608931
0.17384284176533907	0.06980887280354839
0.1743810548977395	0.06976128471287017
0.17491926803013993	0.0693967978746542
0.17545748116254037	0.06937917253421658
0.1759956942949408	0.06928086724888871
0.17653390742734124	0.06911181839240081
0.17707212055974167	0.06905971977518696
0.17761033369214208	0.06896369196484763
0.1781485468245425	0.0690523602928554
0.17868675995694294	0.06866945458432892
0.17922497308934338	0.0687575640330683
0.1797631862217438	0.06865510555886996
0.18030139935414424	0.0687424464824335
0.18083961248654468	0.06866739759752485
0.1813778256189451	0.06875774943646897
0.18191603875134554	0.06884827971880796
0.18245425188374598	0.06879863547748065
0.18299246501614638	0.0686062547138873
0.18353067814854682	0.06858619903807019
0.18406889128094725	0.06849240432750113
0.18460710441334768	0.06839873798174384
0.18514531754574812	0.06784775892687447
0.18568353067814855	0.0677823310110149
0.18622174381054898	0.06590783846361971
0.18675995694294942	0.065606187331984
0.18729817007534985	0.06537800303788444
0.18783638320775026	0.06546471126472513
0.1883745963401507	0.06519474321280265
0.18891280947255112	0.06481745912422784
0.18945102260495156	0.06475331115076174
0.189989235737352	0.06471618303728682
0.19052744886975242	0.06480067699790683
0.19106566200215286	0.06463209230441767
0.1916038751345533	0.06451978729044955
0.19214208826695373	0.06433736852276935
0.19268030139935413	0.0635295291133031
0.19321851453175456	0.06302316859769003
0.193756727664155	0.06297878930912573
0.19429494079655543	0.06306075292226639
0.19483315392895587	0.062186705341694265
0.1953713670613563	0.06226995394322264
0.19590958019375673	0.059670769215485454
0.19644779332615717	0.05859185538507599
0.1969860064585576	0.05779411934055503
0.197524219590958	0.05739707998318086
0.19806243272335844	0.05726439466407407
0.19860064585575887	0.0570112792125083
0.1991388589881593	0.05628539976722479
0.19967707212055974	0.05587246009233088
0.20021528525296017	0.05584286408250512
0.2007534983853606	0.05578189228156892
0.20129171151776104	0.055218904133647
0.20182992465016147	0.053243228546026186
0.2023681377825619	0.0517978671859837
0.2029063509149623	0.051867864303802594
0.20344456404736275	0.05193495776161408
0.20398277717976318	0.052005235106352396
0.20452099031216361	0.05206374501194793
0.20505920344456405	0.05176570792988844
0.20559741657696448	0.051690177579817094
0.20613562970936491	0.04811918886555817
0.20667384284176535	0.04765071654233626
0.20721205597416578	0.04758677408712755
0.2077502691065662	0.04764916484786436
0.20828848223896662	0.047471994255661495
0.20882669537136705	0.04693590697083384
0.2093649085037675	0.04674743899512865
0.20990312163616792	0.04680273535808513
0.21044133476856836	0.04637660181242836
0.2109795479009688	0.04631303343229102
0.21151776103336922	0.0462485372920843
0.21205597416576966	0.04596545881459455
0.21259418729817006	0.04602740400175635
0.2131324004305705	0.04594554753616892
0.21367061356297093	0.04462156205578141
0.21420882669537136	0.04458563858511034
0.2147470398277718	0.04423189657967959
0.21528525296017223	0.044193525947074846
0.21582346609257266	0.043753199185389204
0.2163616792249731	0.04380154012607667
0.21689989235737353	0.043850445377033566
0.21743810548977396	0.043806833248745215
0.21797631862217437	0.043724957254082895
0.2185145317545748	0.04350945010188181
0.21905274488697524	0.043022981484955085
0.21959095801937567	0.04278502936425821
0.2201291711517761	0.04284412470868398
0.22066738428417654	0.04257575604238245
0.22120559741657697	0.041719794544843994
0.2217438105489774	0.04166092533767138
0.22228202368137784	0.04136890840797898
0.22282023681377824	0.040671054808235504
0.22335844994617868	0.04047605607675951
0.2238966630785791	0.03969712804709421
0.22443487621097954	0.038987933763142184
0.22497308934337998	0.038965125708484115
0.2255113024757804	0.03893939242725848
0.22604951560818085	0.03801475968358058
0.22658772874058128	0.03775615606859411
0.2271259418729817	0.0377091816029589
0.22766415500538212	0.03776177460379984
0.22820236813778255	0.037425040885924146
0.22874058127018299	0.037477310496100015
0.22927879440258342	0.03752871369173073
0.22981700753498385	0.03712009543813123
0.2303552206673843	0.036952312377082804
0.23089343379978472	0.036697598529267274
0.23143164693218515	0.03674903174374417
0.2319698600645856	0.036692532761320555
0.232508073196986	0.03674403105291539
0.23304628632938643	0.03679563783810207
0.23358449946178686	0.03684735342185204
0.2341227125941873	0.03689324780903888
0.23466092572658773	0.03693972980195454
0.23519913885898816	0.03698680174697301
0.2357373519913886	0.03703049573746484
0.23627556512378903	0.03668743113032643
0.23681377825618946	0.036739212966784195
0.2373519913885899	0.036693791839124155
0.2378902045209903	0.03649574980644758
0.23842841765339073	0.03654487139817908
0.23896663078579117	0.03542536968248937
0.2395048439181916	0.034822127763610676
0.24004305705059203	0.03487148584690424
0.24058127018299247	0.03433267645071428
0.2411194833153929	0.03416103438532831
0.24165769644779334	0.034076027453631245
0.24219590958019377	0.03359098534484582
0.24273412271259417	0.03307041522157758
0.2432723358449946	0.0330158571616537
0.24381054897739504	0.03296161707623594
0.24434876210979548	0.03168060105356981
0.2448869752421959	0.03172579449301855
0.24542518837459634	0.031771084706427574
0.24596340150699678	0.03110050264593434
0.2465016146393972	0.030487392446031564
0.24703982777179764	0.0304447953955132
0.24757804090419805	0.030203163076092297
0.24811625403659848	0.030245408553832478
0.24865446716899892	0.029591457380001112
0.24919268030139935	0.029559166287910787
0.24973089343379978	0.027934617691252998
0.2502691065662002	0.027528505852268733
0.25080731969860065	0.02723828926854393
0.2513455328310011	0.027277481051664134
0.2518837459634015	0.027060226729216184
0.25242195909580195	0.02704056827536796
0.2529601722282024	0.026200540397047316
0.2534983853606028	0.02534652438352426
0.25403659849300325	0.025383125862778445
0.2545748116254037	0.025098846974737608
0.25511302475780406	0.024528685762500967
0.2556512378902045	0.024564183136976364
0.25618945102260493	0.024468053114027312
0.25672766415500536	0.023128138504554346
0.2572658772874058	0.023073673857673335
0.25780409041980623	0.02289174149911065
0.25834230355220666	0.02292499021588496
0.2588805166846071	0.022958311422594094
0.25941872981700753	0.022991705330117865
0.25995694294940797	0.02302517215010348
0.2604951560818084	0.023057651931767363
0.26103336921420883	0.023090201960648295
0.26157158234660927	0.023116620105515653
0.2621097954790097	0.023150366996180637
0.26264800861141013	0.022208848191030948
0.26318622174381057	0.021050838336961773
0.263724434876211	0.020965789407318875
0.26426264800861143	0.019828000904619482
0.26480086114101187	0.019783732670857482
0.26533907427341225	0.019812741076533226
0.2658772874058127	0.01936078052591791
0.2664155005382131	0.019380787880681784
0.26695371367061355	0.017474330367848023
0.267491926803014	0.017493364703505085
0.2680301399354144	0.017518027059039803
0.26856835306781485	0.017539582296101777
0.2691065662002153	0.01747839277232317
0.2696447793326157	0.017504172112695327
0.27018299246501615	0.01724715566691567
0.2707212055974166	0.017269906238875393
0.271259418729817	0.01722679219451772
0.27179763186221745	0.017244075559819456
0.2723358449946179	0.01726263218836348
0.2728740581270183	0.017288206458272167
0.27341227125941875	0.017313837602020533
0.2739504843918192	0.017327244280072613
0.2744886975242196	0.01734691336037805
0.27502691065662	0.017372688863142357
0.2755651237890204	0.017396312364647386
0.27610333692142086	0.017422199734237635
0.2766415500538213	0.017448144931161293
0.27717976318622173	0.017474148127780014
0.27771797631862216	0.017478908727640293
0.2782561894510226	0.0174501767813729
0.27879440258342303	0.017471225277005748
0.27933261571582346	0.017479652167374907
0.2798708288482239	0.017505799739801795
0.28040904198062433	0.017344968479739344
0.28094725511302476	0.01737095345124457
0.2814854682454252	0.01736982478497351
0.28202368137782563	0.017383326675734685
0.28256189451022606	0.01646690302224998
0.2831001076426265	0.016491646678181236
0.28363832077502693	0.01651644614687023
0.28417653390742736	0.01653211761301714
0.2847147470398278	0.01648204487502743
0.2852529601722282	0.016442136470492752
0.2857911733046286	0.016302997058474156
0.28632938643702904	0.01627574731850589
0.2868675995694295	0.016205451459631915
0.2874058127018299	0.016229949496607925
0.28794402583423034	0.0162516443600721
0.2884822389666308	0.016273386328626172
0.2890204520990312	0.016069122148972652
0.28955866523143164	0.01609348776254198
0.2900968783638321	0.016116183153425074
0.2906350914962325	0.01614065723566262
0.29117330462863295	0.01586887710444411
0.2917115177610334	0.015128092009771036
0.2922497308934338	0.015151118025006608
0.29278794402583425	0.01517419665109192
0.2933261571582347	0.014200106847274654
0.2938643702906351	0.01420492909110534
0.29440258342303555	0.014224286917178858
0.294940796555436	0.014234901024478643
0.29547900968783636	0.014256666928185797
0.2960172228202368	0.014219428089912058
0.2965554359526372	0.014241203630631678
0.29709364908503766	0.014249534190959435
0.2976318622174381	0.01425846120847024
0.2981700753498385	0.014267987400287884
0.29870828848223896	0.014278115496012258
0.2992465016146394	0.01265111598640478
0.2997847147470398	0.01049965595723015
0.30032292787944026	0.010481173097265593
0.3008611410118407	0.010458355187935659
0.3013993541442411	0.010463889208446797
0.30193756727664156	0.0104689915944968
0.302475780409042	0.010485159921283667
0.30301399354144243	0.010487242534550406
0.30355220667384286	0.010495096610103737
0.3040904198062433	0.010510145683486327
0.30462863293864373	0.01050398543805819
0.3051668460710441	0.010469682888927256
0.30570505920344454	0.01046789439088356
0.306243272335845	0.010425777215932616
0.3067814854682454	0.010438560408248511
0.30731969860064584	0.010453586161951883
0.3078579117330463	0.010469856334966596
0.3083961248654467	0.01047450753285716
0.30893433799784714	0.010490835681778216
0.3094725511302476	0.01035226859588847
0.310010764262648	0.010368431388387904
0.31054897739504844	0.010321287645037088
0.3110871905274489	0.010334373122198969
0.3116254036598493	0.009950478306807464
0.31216361679224974	0.009936861367498313
0.3127018299246502	0.009948754165771963
0.3132400430570506	0.009934291182805585
0.31377825618945104	0.00994578241058869
0.3143164693218515	0.009957091962298568
0.3148546824542519	0.009966572091528297
0.3153928955866523	0.009982255131798207
0.3159311087190527	0.009779836714272462
0.31646932185145316	0.009795250168510876
0.3170075349838536	0.009810700089912312
0.317545748116254	0.009826186593605938
0.31808396124865446	0.009841709795175615
0.3186221743810549	0.009813629579415282
0.3191603875134553	0.009725353890879031
0.31969860064585576	0.00974075429292318
0.3202368137782562	0.009583750009088867
0.3207750269106566	0.009529995302900706
0.32131324004305706	0.009545122279571976
0.3218514531754575	0.009560285301461685
0.3223896663078579	0.00957548448318102
0.32292787944025836	0.009589455162454788
0.3234660925726588	0.009592964949438598
0.3240043057050592	0.00960825254298352
0.32454251883745966	0.009614680873605454
0.32508073196986004	0.009630027531025416
0.32561894510226047	0.009558698905135008
0.3261571582346609	0.009317818786303687
0.32669537136706134	0.009332727296361773
0.32723358449946177	0.008970521961354614
0.3277717976318622	0.008984897797831144
0.32831001076426264	0.008960187858089986
0.32884822389666307	0.008964808927373056
0.3293864370290635	0.008973408528891176
0.32992465016146394	0.008987835230706114
0.3304628632938644	0.008993027264759616
0.3310010764262648	0.009002326791889444
0.33153928955866524	0.009016834973665254
0.3320775026910657	0.009031378255880842
0.3326157158234661	0.009036518859694122
0.33315392895586654	0.008902342608477238
0.333692142088267	0.008906275695248166
0.3342303552206674	0.008910863916602
0.33476856835306784	0.008925294465454798
0.3353067814854682	0.008939760096679197
0.33584499461786865	0.008891699021800988
0.3363832077502691	0.008437193261388193
0.3369214208826695	0.008450901130212544
0.33745963401506995	0.008306474033823499
0.3379978471474704	0.008319991485465196
0.3385360602798708	0.008326407994480837
0.33907427341227125	0.008335997906871727
0.3396124865446717	0.008346272797727062
0.3401506996770721	0.00835723598373101
0.34068891280947255	0.008239032686612534
0.341227125941873	0.00819998374400169
0.3417653390742734	0.008171562465426321
0.34230355220667386	0.008018179621914699
0.3428417653390743	0.007992832890457425
0.3433799784714747	0.008003032852075638
0.34391819160387516	0.007895263046696117
0.3444564047362756	0.007908238006509916
0.344994617868676	0.00792124497691536
0.3455328310010764	0.007934284063297114
0.34607104413347684	0.007947355371473879
0.34660925726587727	0.007960459007700546
0.3471474703982777	0.00797359507867035
0.34768568353067814	0.007986763691517039
0.34822389666307857	0.007999964953817067
0.348762109795479	0.008013198973591786
0.34930032292787944	0.007748571225066354
0.34983853606027987	0.007400223406488873
0.3503767491926803	0.007409976816074874
0.35091496232508074	0.007298055518335431
0.35145317545748117	0.007277739467721233
0.3519913885898816	0.007264852471788941
0.35252960172228204	0.007267604351827554
0.35306781485468247	0.007271048043968315
0.3536060279870829	0.007275186995815113
0.35414424111948334	0.007287322420328566
0.35468245425188377	0.006867933448233213
0.35522066738428415	0.0068263520448215995
0.3557588805166846	0.006837767349244378
0.356297093649085	0.006849211311335164
0.35683530678148545	0.0068606840270995445
0.3573735199138859	0.006863293221991323
0.3579117330462863	0.006866604730793369
0.35844994617868675	0.0068706220805836785
0.3589881593110872	0.006875348816205367
0.3595263724434876	0.006884793466524163
0.36006458557588805	0.006887180696592851
0.3606027987082885	0.0068973667620601505
0.3611410118406889	0.00690899807194558
0.36167922497308935	0.006920658828185151
0.3622174381054898	0.006890270268025378
0.3627556512378902	0.006901919076593469
0.36329386437029065	0.006913597450665539
0.3638320775026911	0.006925305490378775
0.3643702906350915	0.006937043296294671
0.36490850376749195	0.006948810969401193
0.36544671689989233	0.006960608611114947
0.36598493003229277	0.0069724363232833665
0.3665231431646932	0.00698429420818691
0.36706135629709363	0.0069961823685412705
0.36759956942949407	0.007008100907499603
0.3681377825618945	0.007007221055654288
0.36867599569429493	0.007007055407299128
0.36921420882669537	0.007019023051034908
0.3697524219590958	0.007003057368198584
0.37029063509149623	0.007015038646843919
0.37082884822389667	0.0070270506993213916
0.3713670613562971	0.006985053416316409
0.37190527448869753	0.006727525790508429
0.37244348762109797	0.006735394362968057
0.3729817007534984	0.006746967205516112
0.37351991388589884	0.006757092503325752
0.37405812701829927	0.006768722610904626
0.3745963401506997	0.006780382770441068
0.3751345532831001	0.006792073085562518
0.3756727664155005	0.0068037936603434716
0.37621097954790095	0.006815544599307796
0.3767491926803014	0.006799187605304129
0.3772874058127018	0.006810950905659326
0.37782561894510225	0.006767693072218174
0.3783638320775027	0.006404190095622893
0.3789020452099031	0.006413795713956118
0.37944025834230355	0.006378081854412872
0.379978471474704	0.006389164533569106
0.3805166846071044	0.00640027612406227
0.38105489773950485	0.006411416726541055
0.3815931108719053	0.00641753230725423
0.3821313240043057	0.0064287224246164865
0.38266953713670615	0.006429291090155739
0.3832077502691066	0.006432392264936405
0.383745963401507	0.006443637705959021
0.38428417653390745	0.006405007313430624
0.3848223896663079	0.006381255721924149
0.38536060279870826	0.006392441095669853
0.3858988159311087	0.006403655904609624
0.38643702906350913	0.006414900252115523
0.38697524219590956	0.006376026963313667
0.38751345532831	0.0063395914040398835
0.38805166846071043	0.005206607681147282
0.38858988159311086	0.005211904427324895
0.3891280947255113	0.005212109818077186
0.38966630785791173	0.005221310364975822
0.39020452099031216	0.0052281962157979586
0.3907427341227126	0.0052335361196890725
0.39128094725511303	0.005238886744246192
0.39181916038751347	0.0052412284697058095
0.3923573735199139	0.005248950967714934
0.39289558665231433	0.005245496352790664
0.39343379978471477	0.004970893077329947
0.3939720129171152	0.004979730220578534
0.39451022604951563	0.004906212806139801
0.395048439181916	0.004905126784004922
0.39558665231431644	0.004913870325509387
0.3961248654467169	0.004922637266322071
0.3966630785791173	0.0049298347245474205
0.39720129171151775	0.004937050055345793
0.3977395048439182	0.00493322587093834
0.3982777179763186	0.004939656567978085
0.39881593110871905	0.004948508999103493
0.3993541442411195	0.004954974331798739
0.3998923573735199	0.004962259993100806
0.40043057050592035	0.004971176902342676
0.4009687836383208	0.004941857197428646
0.4015069967707212	0.004909262621196896
0.40204520990312165	0.004918108139433287
0.4025834230355221	0.0049199371822385716
0.4031216361679225	0.004928817935275103
0.40365984930032295	0.004182038974848856
0.4041980624327234	0.0041896014323078955
0.4047362755651238	0.0041778193237773835
0.4052744886975242	0.004183748385277764
0.4058127018299246	0.0041802481458407675
0.40635091496232506	0.004172203452856706
0.4068891280947255	0.004164946839425016
0.4074273412271259	0.004125785096332312
0.40796555435952636	0.004116749383876304
0.4085037674919268	0.004118723316528355
0.40904198062432723	0.004126232383650558
0.40958019375672766	0.004133762004788606
0.4101184068891281	0.004130841079920957
0.41065662002152853	0.00413588857181533
0.41119483315392896	0.0035729793993282332
0.4117330462863294	0.0035778476526543723
0.41227125941872983	0.0035366464319385943
0.41280947255113026	0.003543135691446738
0.4133476856835307	0.003549642827702839
0.41388589881593113	0.0035561679064302337
0.41442411194833156	0.0035627109936545763
0.414962325080732	0.003569272155705506
0.4155005382131324	0.003575851459218327
0.4160387513455328	0.0035027663616522425
0.41657696447793324	0.003509234997592505
0.4171151776103337	0.0034882426174585794
0.4176533907427341	0.003494696350330843
0.41819160387513454	0.0034740351013863536
0.418729817007535	0.003480474462093279
0.4192680301399354	0.003465626927105239
0.41980624327233584	0.0034720626317052486
0.4203444564047363	0.0034660038967750696
0.4208826695371367	0.003464671520520085
0.42142088266953714	0.003469391146148354
0.4219590958019376	0.0032720805885899486
0.422497308934338	0.0032738383581152664
0.42303552206673845	0.003279951968494567
0.4235737351991389	0.0032860827198375473
0.4241119483315393	0.0032922306762825193
0.42465016146393975	0.0032948923303765237
0.4251883745963401	0.0032984357192206723
0.42572658772874056	0.0033028657916342676
0.426264800861141	0.003307306692080642
0.4268030139935414	0.0033091109944334727
0.42734122712594186	0.003295620472676488
0.4278794402583423	0.0033018269142446174
0.4284176533907427	0.003303613489079726
0.42895586652314316	0.0033098467220779894
0.4294940796555436	0.0033160976129601007
0.430032292787944	0.0033223662284855454
0.43057050592034446	0.003326864216459745
0.4311087190527449	0.0033313732892300174
0.4316469321851453	0.0030771158485505836
0.43218514531754576	0.003076599690537126
0.4327233584499462	0.003075235081376395
0.4332615715823466	0.003019094359425623
0.43379978471474706	0.0030212217688928254
0.4343379978471475	0.00301912303434663
0.43487621097954793	0.0030248792269764613
0.4354144241119483	0.0030154914512245004
0.43595263724434874	0.0029904779661445394
0.4364908503767492	0.0029934565764881287
0.4370290635091496	0.002997355970999014
0.43756727664155004	0.0030030980322461385
0.4381054897739505	0.002990489315028392
0.4386437029063509	0.0029787467967787237
0.43918191603875134	0.002980782072475621
0.4397201291711518	0.002983743341479994
0.4402583423035522	0.0029876359399014407
0.44079655543595264	0.002993392463870422
0.4413347685683531	0.00299916564123565
0.4418729817007535	0.002876871515802511
0.44241119483315394	0.0028645437185809983
0.4429494079655544	0.0028271770433909963
0.4434876210979548	0.0028326507646753932
0.44402583423035524	0.002838140397940268
0.4445640473627557	0.002838946721466524
0.44510226049515605	0.0028190652240730934
0.4456404736275565	0.0028245444567729437
0.4461786867599569	0.00283003967945149
0.44671689989235736	0.0028087590495476434
0.4472551130247578	0.0028123361435341506
0.4477933261571582	0.002813069195183018
0.44833153928955866	0.00281856347095486
0.4488697524219591	0.002804631705583638
0.4494079655543595	0.0028101202216415317
0.44994617868675996	0.002808916426709887
0.4504843918191604	0.0028144241059779454
0.4510226049515608	0.0028170616641147147
0.45156081808396126	0.0028161694848766227
0.4520990312163617	0.0028178440826005886
0.4526372443487621	0.0028233910197710626
0.45317545748116256	0.0028289543518297245
0.453713670613563	0.0028345341434506907
0.4542518837459634	0.002840130459627296
0.45479009687836386	0.0028437924430826976
0.45532831001076424	0.0026674715883439728
0.45586652314316467	0.0026561051611731774
0.4564047362755651	0.0026613699880535997
0.45694294940796554	0.0026666504840616428
0.45748116254036597	0.0026699763767964947
0.4580193756727664	0.0026575162146540245
0.45855758880516684	0.002625219371458356
0.45909580193756727	0.002415261312656795
0.4596340150699677	0.0024200773870589024
0.46017222820236814	0.002424907880845447
0.4607104413347686	0.002426761830681254
0.461248654467169	0.0024316153543426167
0.46178686759956944	0.002431478448145102
0.4623250807319699	0.0024363511504459944
0.4628632938643703	0.0024412385148400682
0.46340150699677074	0.002437077265629175
0.4639397201291712	0.002428689938679638
0.4644779332615716	0.0024335766387574643
0.465016146393972	0.0024384781022796344
0.4655543595263724	0.0024433943887761655
0.46609257265877285	0.0024483255580774296
0.4666307857911733	0.0024471560234334195
0.4671689989235737	0.0024521047717113434
0.46770721205597415	0.002448710753883435
0.4682454251883746	0.002441366957044443
0.468783638320775	0.0024411812347162514
0.46932185145317545	0.002440989730710794
0.4698600645855759	0.002445951091952076
0.4703982777179763	0.002450927594682396
0.47093649085037675	0.002450739595903921
0.4714747039827772	0.0024557360069047446
0.4720129171151776	0.002460747713041285
0.47255113024757806	0.0024657747768064356
0.4730893433799785	0.0024645506937754514
0.4736275565123789	0.0024643630038572563
0.47416576964477936	0.0024641693755176777
0.4747039827771798	0.002469224081928996
0.47524219590958017	0.002474294357251232
0.4757804090419806	0.002479380265488131
0.47631862217438103	0.0024844818709726744
0.47685683530678147	0.002489599238369117
0.4773950484391819	0.0024947324326750325
0.47793326157158234	0.002499881519223381
0.47847147470398277	0.00249651770629561
0.4790096878363832	0.0024995445105459838
0.47954790096878364	0.002504719550940489
0.48008611410118407	0.0024981105100501345
0.4806243272335845	0.002501143375361334
0.48116254036598494	0.0025031062554814842
0.48170075349838537	0.0025000345093803044
0.4822389666307858	0.0025052374948316683
0.48277717976318624	0.0025104567396125677
0.48331539289558667	0.0025156923115408525
0.4838536060279871	0.002520944278788328
0.48439181916038754	0.0025262127098829744
0.48493003229278797	0.0025314976737111816
0.48546824542518835	0.002536799239520001
0.4860064585575888	0.0025421174769194137
0.4865446716899892	0.002545252627911165
0.48708288482238965	0.002548395347836741
0.4876210979547901	0.0025515456636722184
0.4881593110871905	0.0025569173387536338
0.48869752421959095	0.0025401219784781438
0.4892357373519914	0.002495461544793959
0.4897739504843918	0.0025007317909286875
0.49031216361679225	0.002488530937834519
0.4908503767491927	0.002493797669978084
0.4913885898815931	0.0024990811396178683
0.49192680301399355	0.002504381417750674
0.492465016146394	0.0025096985757501445
0.4930032292787944	0.002509392031143528
0.49354144241119485	0.0025098321949227564
0.4940796555435953	0.0025151779503965
0.4946178686759957	0.002520540803169201
0.4951560818083961	0.00252592082622826
0.49569429494079653	0.0024927953089639372
0.49623250807319697	0.002460664953980466
0.4967707212055974	0.002429536381774478
0.49730893433799783	0.0023994162559059997
0.49784714747039827	0.0023703112833082665
0.4983853606027987	0.0022911393892110585
0.49892357373519913	0.002296066570693233
0.49946178686759957	0.0023010096634180836
0.5	0.0022676261218933192
0.5005382131324004	0.002269031185132906
0.5010764262648009	0.002273931900435569
0.5016146393972013	0.0022595851861510635
0.5021528525296017	0.00225979605849736
0.5026910656620022	0.0022412028791213025
0.5032292787944026	0.0022236988041577
0.503767491926803	0.0022285276832112455
0.5043057050592035	0.002233372308609531
0.5048439181916039	0.002215474942860574
0.5053821313240043	0.0021352735180994154
0.5059203444564048	0.002139930603198869
0.5064585575888052	0.002084878727731114
0.5069967707212056	0.002089435839704297
0.5075349838536061	0.0020940079093754223
0.5080731969860065	0.0020985950022765734
0.5086114101184069	0.0021031971842991096
0.5091496232508074	0.0021078145216960344
0.5096878363832078	0.0021124470810843774
0.5102260495156081	0.002117094929447599
0.5107642626480086	0.0020476519716862316
0.511302475780409	0.0020521671910284285
0.5118406889128094	0.00205669736142805
0.5123789020452099	0.0020612425489671174
0.5129171151776103	0.0020658028200931508
0.5134553283100107	0.0020703782416215963
0.5139935414424112	0.002074968880738274
0.5145317545748116	0.0020795748050018437
0.515069967707212	0.0020841960823462925
0.5156081808396125	0.0020888327810834363
0.5161463939720129	0.0020934849699054485
0.5166846071044133	0.0020981527178874004
0.5172228202368138	0.0021028360944898277
0.5177610333692142	0.0021037941480130298
0.5182992465016146	0.0020735063091930172
0.5188374596340151	0.002065624260247625
0.5193756727664155	0.002070255704777328
0.5199138858988159	0.002074902743396357
0.5204520990312164	0.002068215996638809
0.5209903121636168	0.0020703411271022977
0.5215285252960172	0.0020750040575687446
0.5220667384284177	0.002079682758938685
0.5226049515608181	0.0020643573333417424
0.5231431646932185	0.0020502326669828747
0.523681377825619	0.0020373170273469444
0.5242195909580194	0.0020419315619502215
0.5247578040904198	0.0020465617922494285
0.5252960172228203	0.0020512077895076565
0.5258342303552207	0.0020416812031454554
0.5263724434876211	0.002046326666633841
0.5269106566200216	0.0020509880030043053
0.527448869752422	0.002055665284653118
0.5279870828848224	0.0020603585843897688
0.5285252960172229	0.0020533262924652424
0.5290635091496233	0.001983439966375576
0.5296017222820237	0.001987983929643332
0.5301399354144241	0.0019925435258122386
0.5306781485468245	0.001997118826675183
0.5312163616792249	0.002001709904437655
0.5317545748116254	0.0020063168317205953
0.5322927879440258	0.0019910534836452215
0.5328310010764262	0.001977043189192194
0.5333692142088267	0.0019642947519994355
0.5339074273412271	0.001952817037052584
0.5344456404736275	0.0019426189711594414
0.534983853606028	0.0019337095434285552
0.5355220667384284	0.0019260978057519637
0.5360602798708288	0.0019117086028571427
0.5365984930032293	0.0019161544368172755
0.5371367061356297	0.0019206157975549176
0.5376749192680301	0.0019250927574559781
0.5382131324004306	0.0019295853893286875
0.538751345532831	0.0019340937664065582
0.5392895586652314	0.0019345189297230688
0.5398277717976319	0.0019390494190198442
0.5403659849300323	0.0019408503316380534
0.5409041980624327	0.0019454063183320393
0.5414424111948332	0.0019499783660837011
0.5419806243272336	0.0019545665504744863
0.542518837459634	0.001959170947530963
0.5430570505920345	0.001941171078071878
0.5435952637244349	0.0019457547169811386
0.5441334768568353	0.0019503546099290845
0.5446716899892358	0.001954970833857911
0.5452099031216362	0.001959603466165631
0.5457481162540366	0.001964252584709322
0.5462863293864371	0.0019689182678083936
0.5468245425188375	0.0019736005942478903
0.5473627556512379	0.001974052998131483
0.5479009687836384	0.001978758726374943
0.5484391819160388	0.0018770451621100699
0.5489773950484392	0.0018815303357351835
0.5495156081808397	0.0018760277744431762
0.55005382131324	0.0018805212541424413
0.5505920344456404	0.001885030897437747
0.5511302475780409	0.0018895567819454007
0.5516684607104413	0.001894098985748154
0.5522066738428417	0.0018986575873985707
0.5527448869752422	0.0019032326659224226
0.5532831001076426	0.0019078243008221149
0.553821313240043	0.0019124325720801393
0.5543595263724435	0.001909755689131125
0.5548977395048439	0.0019070602438093763
0.5554359526372443	0.0019116834201580051
0.5559741657696448	0.0019163234284593595
0.5565123789020452	0.001920980350521229
0.5570505920344456	0.0019256542686490181
0.5575888051668461	0.0019303452656493812
0.5581270182992465	0.0019350534248338918
0.5586652314316469	0.0019397788300227414
0.5592034445640474	0.0019445215655484692
0.5597416576964478	0.0019492817162597262
0.5602798708288482	0.0019405594755242048
0.5608180839612487	0.0019332922330486475
0.5613562970936491	0.0019274907925214766
0.5618945102260495	0.0019231660375571909
0.56243272335845	0.0018564551409060968
0.5629709364908504	0.0018610333286765187
0.5635091496232508	0.0018656284726979422
0.5640473627556513	0.0018702406568084438
0.5645855758880517	0.0018702805076552234
0.5651237890204521	0.0018718484301961874
0.5656620021528526	0.0018764932153827784
0.566200215285253	0.0018811553103278288
0.5667384284176534	0.0018858348011495398
0.5672766415500539	0.0018905317745023407
0.5678148546824543	0.0018952463175809001
0.5683530678148547	0.0018999785181241732
0.5688912809472552	0.0019047284644194838
0.5694294940796556	0.0018975020859407666
0.569967707212056	0.0019022577302664327
0.5705059203444564	0.0018965491939803589
0.5710441334768568	0.0019013143929602092
0.5715823466092572	0.001906097573823002
0.5721205597416577	0.0019108988271575689
0.5726587728740581	0.0019157182441239182
0.5731969860064585	0.0019062259840948452
0.573735199138859	0.0019110457716652494
0.5742734122712594	0.0019158838622264274
0.5748116254036598	0.0019207403485692065
0.5753498385360603	0.0019030975833102886
0.5758880516684607	0.0019079339177024367
0.5764262648008611	0.001912788711386158
0.5769644779332616	0.0019176620584215368
0.577502691065662	0.0019225540534685305
0.5780409041980624	0.0019274647917915664
0.5785791173304629	0.001932394369264179
0.5791173304628633	0.0019373428823736903
0.5796555435952637	0.0019423104282259307
0.5801937567276642	0.0019440055736589848
0.5807319698600646	0.0019490030172930697
0.581270182992465	0.001954019756076321
0.5818083961248655	0.00195905588946827
0.5823466092572659	0.0019641115175701236
0.5828848223896663	0.0019691867411297365
0.5834230355220668	0.0019441646844697562
0.5839612486544672	0.001949201380543512
0.5844994617868676	0.0019542576746564653
0.5850376749192681	0.0019593336686166123
0.5855758880516685	0.0019542965548910284
0.5861141011840689	0.001959385868836057
0.5866523143164694	0.001964495088833022
0.5871905274488698	0.001969624318829975
0.5877287405812702	0.001974773663454367
0.5882669537136707	0.0019799432280183838
0.5888051668460711	0.0019851331185243297
0.5893433799784715	0.001975150386673498
0.589881593110872	0.001975167854346732
0.5904198062432723	0.00198036566448975
0.5909580193756727	0.0019560800882311284
0.5914962325080731	0.0019421215216787193
0.5920344456404736	0.001947252622132296
0.592572658772874	0.001952404084095609
0.5931108719052745	0.001950568061416385
0.5936490850376749	0.0019557419820036962
0.5941872981700753	0.0019609365158204392
0.5947255113024758	0.001966151772511451
0.5952637244348762	0.0019713878624515613
0.5958019375672766	0.0019766448967514323
0.596340150699677	0.001981922987263452
0.5968783638320775	0.001983652424436225
0.5974165769644779	0.0019889634081696555
0.5979547900968784	0.0019942957497465176
0.5984930032292788	0.001999649563839797
0.5990312163616792	0.0020050249658931296
0.5995694294940797	0.002010422072127028
0.6001076426264801	0.00201584099954516
0.6006458557588805	0.0020212818659406935
0.601184068891281	0.0020267447899026954
0.6017222820236814	0.0020322298908225945
0.6022604951560818	0.0020340701345025036
0.6027987082884823	0.002034074340226518
0.6033369214208827	0.0020396017161510463
0.6038751345532831	0.0020451516527936345
0.6044133476856836	0.002050724273100974
0.604951560818084	0.0020563197008584117
0.6054897739504844	0.0020619380606968227
0.6060279870828849	0.0020582352905579677
0.6065662002152853	0.0020638742913540167
0.6071044133476857	0.002060141003993544
0.6076426264800862	0.0020658007320264933
0.6081808396124866	0.0020607769612977036
0.608719052744887	0.0020664540328164302
0.6092572658772875	0.002072154595665579
0.6097954790096879	0.002077878779631506
0.6103336921420882	0.002056881187632444
0.6108719052744886	0.0020625789194541402
0.6114101184068891	0.0020644583573687244
0.6119483315392895	0.0020701929639169708
0.61248654467169	0.0020759514978917052
0.6130247578040904	0.0020778599405483827
0.6135629709364908	0.0020836559236461468
0.6141011840688912	0.0020855803811438453
0.6146393972012917	0.0020914141724197722
0.6151776103336921	0.0020972724754237493
0.6157158234660925	0.002103155427668977
0.616254036598493	0.002084834162166068
0.6167922497308934	0.0020567221578813217
0.6173304628632938	0.0020433666226142714
0.6178686759956943	0.0020319140986019657
0.6184068891280947	0.002029685396984779
0.6189451022604952	0.002029433745865085
0.6194833153928956	0.0020311759741621495
0.620021528525296	0.0020329199326848766
0.6205597416576965	0.0020326507859752645
0.6210979547900969	0.0020343924538003587
0.6216361679224973	0.0020401884436972257
0.6221743810548978	0.002046009238115763
0.6227125941872982	0.0020250759362232867
0.6232508073196986	0.0020226952011133587
0.623789020452099	0.002028490889368698
0.6243272335844995	0.0020302005769810985
0.6248654467168999	0.0020360344866850676
0.6254036598493004	0.002041893578733082
0.6259418729817008	0.0020394849209146564
0.6264800861141012	0.0020453708802823756
0.6270182992465017	0.0020512823568149836
0.6275565123789021	0.0020572194982239997
0.6280947255113025	0.0020589877344423463
0.628632938643703	0.0020649644767774477
0.6291711517761034	0.00207096728048901
0.6297093649085038	0.0020769962973172166
0.6302475780409041	0.002055467346312327
0.6307857911733046	0.0020359319059070156
0.631324004305705	0.0020184077387304503
0.6318622174381054	0.0019815073718133036
0.6324004305705059	0.001987318243871407
0.6329386437029063	0.0019931547144848324
0.6334768568353067	0.0019546041617821922
0.6340150699677072	0.0019603614641733034
0.6345532831001076	0.0019661442413537555
0.635091496232508	0.001971952643839291
0.6356297093649085	0.0019464675384457274
0.6361679224973089	0.001952234849670752
0.6367061356297093	0.001958027831420517
0.6372443487621098	0.0019638466362687204
0.6377825618945102	0.001969691417924282
0.6383207750269106	0.001957820510220984
0.6388589881593111	0.0019280751871894556
0.6393972012917115	0.0018935325507844119
0.639935414424112	0.0018992018099184967
0.6404736275565124	0.0019048965679692269
0.6410118406889128	0.0019106169780832487
0.6415500538213132	0.001916363194558687
0.6420882669537137	0.0019221353728555504
0.6426264800861141	0.001927933669606246
0.6431646932185145	0.0019337582426262045
0.643702906350915	0.0019350386790089559
0.6442411194833154	0.0019409024325817102
0.6447793326157158	0.0019352970415185931
0.6453175457481163	0.0019411794033469172
0.6458557588805167	0.001947088625274914
0.6463939720129172	0.0019530248710836787
0.6469321851453176	0.001958988305804545
0.647470398277718	0.0019486380821208233
0.6480086114101185	0.001954606345772036
0.6485468245425189	0.0019606020707590667
0.6490850376749193	0.001966625425815162
0.6496232508073198	0.001972676580971516
0.6501614639397201	0.0019787557075692714
0.6506996770721205	0.0019848629782716455
0.6512378902045209	0.001990998567076195
0.6517761033369214	0.001964783310216632
0.6523143164693218	0.0019564757767652195
0.6528525296017222	0.001962551788494304
0.6533907427341227	0.0016785549841006142
0.6539289558665231	0.001683784127353264
0.6544671689989235	0.0016890377439752711
0.655005382131324	0.0016943159869251938
0.6555435952637244	0.0016996190103584496
0.6560818083961248	0.0017049469696385701
0.6566200215285253	0.0017029182405677854
0.6571582346609257	0.001700868335446697
0.6576964477933261	0.0016864165564210156
0.6582346609257266	0.001663585427215922
0.658772874058127	0.0016638580918635361
0.6593110871905274	0.0016332118265347639
0.6598493003229279	0.001638388409186221
0.6603875134553283	0.0016201113303218832
0.6609257265877287	0.0016252627176996952
0.6614639397201292	0.0016304387136159362
0.6620021528525296	0.001635639475062877
0.66254036598493	0.0016408651602867201
0.6630785791173305	0.0016461159287996375
0.6636167922497309	0.001651391941391944
0.6641550053821313	0.0016566933601444064
0.6646932185145318	0.0016620203484406905
0.6652314316469322	0.001667373070979952
0.6657696447793326	0.0016727516937895647
0.6663078579117331	0.0016781563842379963
0.6668460710441335	0.0015918077840690267
0.667384284176534	0.0015917224836045948
0.6679224973089344	0.001596890413746168
0.6684607104413348	0.0016020835533030664
0.6689989235737352	0.0016073020665060079
0.6695371367061357	0.0016019186181414988
0.670075349838536	0.00160715364630536
0.6706135629709364	0.001612414378371826
0.6711517761033369	0.001617700982891078
0.6716899892357373	0.0016230136297971241
0.6722282023681377	0.0016283524904214567
0.6727664155005382	0.001633717737506865
0.6733046286329386	0.0016391095452214092
0.673842841765339	0.0016445280891725545
0.6743810548977395	0.0016499735464214702
0.6749192680301399	0.0016362265200853723
0.6754574811625403	0.0016416624885906394
0.6759956942949408	0.0016471255917140692
0.6765339074273412	0.001652616010353116
0.6770721205597416	0.00165813392691523
0.6776103336921421	0.0016636795253330066
0.6781485468245425	0.0016692529910795157
0.6786867599569429	0.0016748545111838094
0.6792249730893434	0.0016720245145037892
0.6797631862217438	0.0016776542266738357
0.6803013993541442	0.0016833124196811674
0.6808396124865447	0.001688999285963874
0.6813778256189451	0.0016947150195881172
0.6819160387513455	0.001658397621574082
0.682454251883746	0.0016640288528867275
0.6829924650161464	0.001669688814971376
0.6835306781485468	0.0016753777036084166
0.6840688912809473	0.0016810957162487184
0.6846071044133477	0.0016868430520307653
0.6851453175457481	0.0016750575654685238
0.6856835306781486	0.0016749297054285417
0.686221743810549	0.0016806854776121448
0.6867599569429494	0.0016864709697898114
0.6872981700753499	0.0016922863869270176
0.6878363832077503	0.0016981319357592354
0.6883745963401507	0.0016400627100377884
0.6889128094725512	0.0016397506091844415
0.6894510226049516	0.0016394264715321898
0.689989235737352	0.001630032206119161
0.6905274488697524	0.0016357117608443148
0.6910656620021528	0.001641421051458082
0.6916038751345532	0.0016471602859037396
0.6921420882669537	0.001652929673945434
0.6926803013993541	0.0016587294271873478
0.6932185145317545	0.001664559759093103
0.693756727664155	0.0016704208850054027
0.6942949407965554	0.0016763130221659156
0.6948331539289558	0.0016822363897354064
0.6953713670613563	0.0016881912088141159
0.6959095801937567	0.0016816251386012238
0.6964477933261571	0.0016781510734876044
0.6969860064585576	0.0016841231413647845
0.697524219590958	0.0016837836180519851
0.6980624327233584	0.0016897971309735994
0.6986006458557589	0.0016958429167731471
0.6991388589881593	0.0017019212067974237
0.6996770721205597	0.0017080322344699458
0.7002152852529602	0.001714176235313363
0.7007534983853606	0.0017203534469721498
0.701291711517761	0.0017265641092355872
0.7018299246501615	0.0017328084640610324
0.7023681377825619	0.0017390867555974853
0.7029063509149623	0.0017453992302094545
0.7034445640473628	0.0017418467799593005
0.7039827771797632	0.0017415686923883623
0.7045209903121636	0.0017313053151272585
0.7050592034445641	0.001737635499094817
0.7055974165769645	0.0016770351322453675
0.7061356297093649	0.0016731077281535972
0.7066738428417654	0.0016792588595071032
0.7072120559741658	0.0016854439750117333
0.7077502691065662	0.0016916633254730313
0.7082884822389667	0.001697917164014521
0.7088266953713671	0.0016973597133794274
0.7093649085037675	0.001703657894134082
0.709903121636168	0.0016890703560910655
0.7104413347685683	0.0016953611209182201
0.7109795479009687	0.0017016870952500046
0.7115177610333692	0.0017080485423350514
0.7120559741657696	0.0017074451328362888
0.71259418729817	0.0017138520564116595
0.7131324004305705	0.0017202951092553122
0.7136706135629709	0.0017267745635274603
0.7142088266953713	0.0017332906939558658
0.7147470398277718	0.0017398437778649617
0.7152852529601722	0.0017464340952053593
0.7158234660925726	0.0017530619285837479
0.7163616792249731	0.0017597275632931918
0.7168998923573735	0.0017664312873438325
0.7174381054897739	0.0017731733914939998
0.7179763186221744	0.001758060514063022
0.7185145317545748	0.0017464817623055876
0.7190527448869752	0.0017348011854597307
0.7195909580193757	0.0017414734977114989
0.7201291711517761	0.001748184378242179
0.7206673842841765	0.0017549341248763188
0.721205597416577	0.0017617230383187802
0.7217438105489774	0.0017418119842662126
0.7222820236813778	0.0017485763026517125
0.7228202368137783	0.0017553801014947152
0.7233584499461787	0.0017622236886350455
0.7238966630785791	0.0017614928525016222
0.7244348762109796	0.0017683871493802978
0.72497308934338	0.0017676476983487436
0.7255113024757804	0.0017745932688727072
0.7260495156081809	0.0017815798565454343
0.7265877287405813	0.0017886077849736215
0.7271259418729817	0.0017956773809616594
0.7276641550053822	0.0018027889745496266
0.7282023681377826	0.0018099428990518075
0.728740581270183	0.001817139491095751
0.7292787944025835	0.0018045775809947726
0.7298170075349839	0.0018117814835137138
0.7303552206673842	0.0018190286094477686
0.7308934337997847	0.0018263193052772187
0.7314316469321851	0.001833653920961063
0.7319698600645855	0.0018410328099790149
0.732508073196986	0.0018484563293740916
0.7330462863293864	0.001855924839795805
0.7335844994617868	0.0018634387055439662
0.7341227125941873	0.0018709982946131102
0.7346609257265877	0.0018786039787375536
0.7351991388589881	0.0018862561334370956
0.7357373519913886	0.0018939551380633694
0.736275565123789	0.0019017013758468597
0.7368137782561894	0.0019094952339445929
0.7373519913885899	0.001917337103488513
0.7378902045209903	0.0019252273796345563
0.7384284176533907	0.0019331664616124308
0.7389666307857912	0.0019326346880236265
0.7395048439181916	0.0019406373161313848
0.740043057050592	0.0019486897531277804
0.7405812701829925	0.0019567924132239457
0.7411194833153929	0.0019649457149457125
0.7416576964477933	0.0019731500811876568
0.7421959095801938	0.0019726708653255392
0.7427341227125942	0.001980942021993571
0.7432723358449946	0.0019892653078002667
0.7438105489773951	0.0019976411617278465
0.7443487621097955	0.0020060700273891456
0.7448869752421959	0.002014552353086351
0.7454251883745964	0.0020230885918706156
0.7459634015069968	0.00203167920160255
0.7465016146393972	0.0019770821098914313
0.7470398277717977	0.0019855131636649552
0.7475780409041981	0.0019939982626549766
0.7481162540365985	0.0020025378697755545
0.748654467168999	0.0020111324529076386
0.7491926803013994	0.0020197824849631555
0.7497308934337998	0.0020284884439500652
0.7502691065662002	0.0019441548124425896
0.7508073196986006	0.0019525710670419082
0.751345532831001	0.0019610420911939336
0.7518837459634015	0.0019695683611556467
0.7524219590958019	0.001978150358372011
0.7529601722282023	0.0019867885695439413
0.7534983853606028	0.0019954834866973063
0.7540365984930032	0.0019946383098519444
0.7545748116254036	0.0020034059507743705
0.7551130247578041	0.0020122315276500284
0.7556512378902045	0.0020211155520546645
0.7561894510226049	0.002030058541223048
0.7567276641550054	0.0020390610181242586
0.7572658772874058	0.0020481235115381445
0.7578040904198062	0.002057246556132969
0.7583423035522067	0.002066430692544277
0.7588805166846071	0.0020606956429104067
0.7594187298170075	0.0020699364305467763
0.759956942949408	0.0020478325859491766
0.7604951560818084	0.002057057057057056
0.7610333692142088	0.0020663439963665682
0.7615715823466093	0.002075693969200806
0.7621097954790097	0.00208510754729242
0.7626480086114101	0.0020945853088710216
0.7631862217438106	0.002104127838751983
0.763724434876211	0.0021137357284266496
0.7642626480086114	0.0021077360862947507
0.7648008611410119	0.002117404600452066
0.7653390742734123	0.002127139794017363
0.7658772874058127	0.0021369422815473967
0.7664155005382132	0.002146812684695422
0.7669537136706136	0.0021567516323097525
0.767491926803014	0.002150647360430809
0.7680301399354145	0.002149858810410258
0.7685683530678149	0.0021598814622070424
0.7691065662002153	0.0021699743662360474
0.7696447793326158	0.0021801381805978087
0.7701829924650161	0.002190373571117047
0.7707212055974165	0.0021896345392617127
0.771259418729817	0.0021888642249352558
0.7717976318622174	0.002188062209138081
0.7723358449946178	0.0021872280670304253
0.7728740581270183	0.002197618699177838
0.7734122712594187	0.0022080835501263043
0.7739504843918191	0.00221862332840853
0.7744886975242196	0.002229238751032494
0.77502691065662	0.0022399305436033934
0.7755651237890204	0.0022218763450777826
0.7761033369214209	0.0022036221810318186
0.7766415500538213	0.002214267698814581
0.7771797631862217	0.002224990544813683
0.7777179763186222	0.0022357914697885067
0.7782561894510226	0.0022466712336317598
0.778794402583423	0.0022576306055031342
0.7793326157158235	0.0022686703639652524
0.7798708288482239	0.002279791297121945
0.7804090419806243	0.0022909942027589075
0.7809472551130248	0.002302279888486784
0.7814854682454252	0.002313649171886719
0.7820236813778256	0.0023251028806584354
0.7825618945102261	0.002336641852770884
0.7831001076426265	0.002348266936615515
0.7836383207750269	0.002359978991162226
0.7841765339074274	0.002371778886118037
0.7847147470398278	0.002371136173767752
0.7852529601722282	0.002383051430922364
0.7857911733046287	0.0023950567278035848
0.7863293864370291	0.002407152973903603
0.7868675995694295	0.0024193410902271653
0.78740581270183	0.0024316220094668974
0.7879440258342304	0.0024439966761817416
0.7884822389666308	0.0024564660469785873
0.7890204520990313	0.0024690310906971477
0.7895586652314317	0.0024816927885981587
0.790096878363832	0.0024944521345549617
0.7906350914962325	0.0025073101352485437
0.7911733046286329	0.002520267810366107
0.7917115177610333	0.0025333261928032376
0.7922497308934338	0.002546486328869748
0.7927879440258342	0.002559749278499278
0.7933261571582346	0.0025731161154627204
0.7938643702906351	0.0025865879275855617
0.7944025834230355	0.002600165816969213
0.7949407965554359	0.0026138509002164197
0.7954790096878364	0.0025929269082997724
0.7960172228202368	0.0026066460982907763
0.7965554359526372	0.0025853882175721245
0.7970936490850377	0.00259914028255921
0.7976318622174381	0.0026130023640661927
0.7981700753498385	0.0026269756387403433
0.798708288482239	0.002641061299001686
0.7992465016146394	0.0026552605532973936
0.7997847147470398	0.0026695746263609914
0.8003229278794403	0.0026840047594764564
0.8008611410118407	0.0026839034156107312
0.8013993541442411	0.0026837614390636646
0.8019375672766416	0.0026053390198633635
0.802475780409042	0.0026195758451085186
0.8030139935414424	0.0026339296853556886
0.8035522066738429	0.0026484018264840165
0.8040904198062433	0.0026629935720844794
0.8046286329386437	0.0026777062437534547
0.8051668460710442	0.002692541181391978
0.8057050592034446	0.0027074997435108223
0.806243272335845	0.0027225833075415233
0.8067814854682455	0.002737793270153487
0.8073196986006459	0.002753131047577316
0.8078579117330463	0.002768598075934492
0.8083961248654468	0.0027841958115735594
0.8089343379978472	0.002799925731412958
0.8094725511302476	0.002815789333290652
0.810010764262648	0.0028317881363207125
0.8105489773950484	0.002793965293965292
0.8110871905274488	0.002809930809930808
0.8116254036598493	0.0028260335652885776
0.8121636167922497	0.0028422751375028798
0.8127018299246501	0.0028586571267680263
0.8132400430570506	0.0028751811564025234
0.813778256189451	0.0028918488732512337
0.8143164693218514	0.0029086619480957177
0.8148546824542519	0.002891721472642211
0.8153928955866523	0.0028489591325251886
0.8159311087190527	0.0028227950129478116
0.8164693218514532	0.0028393996894945637
0.8170075349838536	0.0028561513100815524
0.817545748116254	0.0028730516136915023
0.8180839612486545	0.002890102365108069
0.8186221743810549	0.0029073053553765695
0.8191603875134553	0.00292466240227434
0.8196986006458558	0.0029421753507909527
0.8202368137782562	0.002959846073618526
0.8207750269106566	0.0029776764716523724
0.8213132400430571	0.002995668474502236
0.8218514531754575	0.0030138240410143707
0.8223896663078579	0.0030321451598047315
0.8229278794402584	0.003032100229816886
0.8234660925726588	0.0030506451853509337
0.8240043057050592	0.0030693607999849886
0.8245425188374597	0.0030599339310995732
0.8250807319698601	0.0030788224121557433
0.8256189451022605	0.0030978863280204847
0.826157158234661	0.0031171278580081896
0.8266953713670614	0.003136549215378957
0.8272335844994618	0.0031561526479750757
0.8277717976318623	0.003175940438871471
0.8283100107642627	0.0031959149070404738
0.8288482238966631	0.0032160784080312657
0.8293864370290636	0.0032164676755979693
0.829924650161464	0.0032167972674301765
0.8304628632938643	0.0032372864219997956
0.8310010764262648	0.0032579719582426056
0.8315392895586652	0.003278856393872366
0.8320775026910656	0.0032999422870805483
0.832615715823466	0.0033212322373197775
0.8331539289558665	0.003342728886105019
0.8336921420882669	0.0033644349178329736
0.8342303552206674	0.003386353060620159
0.8347685683530678	0.0034084860871601602
0.8353067814854682	0.0034308368156005546
0.8358449946178687	0.003453408110440032
0.8363832077502691	0.0034762028834462366
0.8369214208826695	0.0034992240945948875
0.83745963401507	0.003522474753030734
0.8379978471474704	0.003545957918050939
0.8385360602798708	0.00356967670011148
0.8390742734122713	0.003593634261857195
0.8396124865446717	0.0036178338191760985
0.8401506996770721	0.0036422786422786397
0.8406889128094726	0.0036669720568025623
0.841227125941873	0.003668857373457855
0.8417653390742734	0.0036706832903809967
0.8423035522066739	0.0036958249567534693
0.8428417653390743	0.0037212258155627713
0.8433799784714747	0.0037468894418769974
0.8439181916038752	0.003772819472616631
0.8444564047362756	0.003799019607843135
0.844994617868676	0.0038254936120789757
0.8455328310010765	0.0038522453156599476
0.8460710441334769	0.003879278616120719
0.8466092572658773	0.003906597479614527
0.8471474703982778	0.003934205942367986
0.8476856835306782	0.00393704733979901
0.8482238966630786	0.003965069029050249
0.8487621097954791	0.003967971530249108
0.8493003229278795	0.0039964157706093165
0.8498385360602799	0.004025166963203628
0.8503767491926802	0.003967656199949787
0.8509149623250807	0.00399640733183348
0.8514531754574811	0.004025472112428633
0.8519913885898815	0.00405485512054855
0.852529601722282	0.004084561018867587
0.8530678148546824	0.004114594555771026
0.8536060279870828	0.0041449605672527305
0.8541442411194833	0.004175663978862009
0.8546824542518837	0.004206709807701132
0.8552206673842842	0.004238103164475021
0.8557588805166846	0.004269849255594684
0.856297093649085	0.004301953385335998
0.8568353067814855	0.0043344209580555145
0.8573735199138859	0.0043672574804650265
0.8579117330462863	0.004400468563966662
0.8584499461786868	0.004434059927050376
0.8589881593110872	0.0044680373977557435
0.8595263724434876	0.004502406916200018
0.860064585575888	0.0045371745371745355
0.8606027987082885	0.004572346432811548
0.8611410118406889	0.0046079288953237
0.8616792249730894	0.004643928339818416
0.8622174381054898	0.004680351307189541
0.8627556512378902	0.004717204467088672
0.8632938643702907	0.0047544946209787005
0.8638320775026911	0.004792228705272182
0.8643702906350915	0.004830413794557219
0.864908503767492	0.004869057104913677
0.8654467168998924	0.0047635876840696105
0.8659849300322928	0.0048020037137798495
0.8665231431646933	0.004840886334944059
0.8670613562970937	0.004847327825504975
0.8675995694294941	0.004886897848570322
0.8681377825618946	0.004893498382959741
0.868675995694295	0.004933774089815377
0.8692142088266954	0.004787493339681892
0.8697524219590959	0.00458717693723352
0.8702906350914962	0.004625403411710466
0.8708288482238966	0.004576940957694097
0.871367061356297	0.004615402646414215
0.8719052744886975	0.004654351191953576
0.8724434876210979	0.0046580371403370764
0.8729817007534983	0.004697680009616541
0.8735199138858988	0.004737831120809844
0.8740581270182992	0.004778499199100058
0.8745963401506996	0.004819693157712989
0.8751345532831001	0.004693486590038316
0.8756727664155005	0.004734299516908214
0.876210979547901	0.004775647110942347
0.8767491926803014	0.004779233381853471
0.8772874058127018	0.004821341164953501
0.8778256189451022	0.004864007900926541
0.8783638320775027	0.004907243526712555
0.8789020452099031	0.004951058201058203
0.8794402583423035	0.004995462310484733
0.879978471474704	0.004495078037678936
0.8805166846071044	0.0045357574769339494
0.8810548977395048	0.004576991635815167
0.8815931108719053	0.004618790646187908
0.8821313240043057	0.0046611648722997235
0.8826695371367062	0.004704124917205712
0.8832077502691066	0.004747681629402061
0.883745963401507	0.004791846109675569
0.8842841765339075	0.00483662971817721
0.8848223896663079	0.00488204408172817
0.8853606027987083	0.004928101101367114
0.8858988159311088	0.004974812960147845
0.8864370290635092	0.005022192131196873
0.8869752421959096	0.004956330219488116
0.88751345532831	0.004934977303398358
0.8880516684607105	0.004936207110120156
0.8885898815931109	0.004984131450995109
0.8891280947255114	0.005032757123687744
0.8896663078579118	0.00508209787980233
0.8902045209903121	0.005132167809652598
0.8907427341227125	0.005182981352322426
0.891280947255113	0.0052345533060768785
0.8918191603875134	0.0051873963515754575
0.8923573735199138	0.005239530988274709
0.8928955866523143	0.005292455543711826
0.8934337997847147	0.005346186056845957
0.8939720129171151	0.005400738975793364
0.8945102260495156	0.005456131170416886
0.895048439181916	0.005512379945369637
0.8955866523143164	0.00556950305361181
0.8961248654467169	0.005627518710420267
0.8966630785791173	0.005686445607911578
0.8972012917115177	0.005746302930100121
0.8977395048439182	0.005667873387171636
0.8982777179763186	0.005728169912567079
0.898815931108719	0.0057325444684643715
0.8993541442411195	0.005794184731566139
0.8998923573735199	0.0058568245665019895
0.9004305705059203	0.005920485703094402
0.9009687836383208	0.0059851904648768545
0.9015069967707212	0.00605096178866671
0.9020452099031216	0.006117823244895072
0.9025834230355221	0.006185799058727239
0.9031216361679225	0.006254914132009108
0.903659849300323	0.006325194066076625
0.9041980624327234	0.006396665185467322
0.9047362755651238	0.006469354562574905
0.9052744886975242	0.006543290043290047
0.9058127018299247	0.0066185002736726915
0.9063509149623251	0.006628573959648311
0.9068891280947255	0.00670565040103957
0.907427341227126	0.006784079060700852
0.9079655543595264	0.0068638917555326265
0.9085037674919269	0.006945121243763782
0.9090419806243273	0.007027801258570493
0.9095801937567277	0.007111966543104272
0.910118406889128	0.007197652886997094
0.9106566200215285	0.007284897164415241
0.9111948331539289	0.007373737373737378
0.9117330462863293	0.00746421267893661
0.9122712594187298	0.007556363452750642
0.9128094725511302	0.00765023132172891
0.9133476856835306	0.007435300207039342
0.9138858988159311	0.007528825995807132
0.9144241119483315	0.007624127590690767
0.9149623250807319	0.007721250235158165
0.9155005382131324	0.007248625401491648
0.9160387513455328	0.007342156051833476
0.9165769644779332	0.007437508727831313
0.9171151776103337	0.007534731064142834
0.9176533907427341	0.007633872262355239
0.9181916038751345	0.007734983153247362
0.918729817007535	0.007838116261957326
0.9192680301399354	0.007943325876211786
0.9198062432723358	0.008050668117782217
0.9203444564047363	0.00816020101734388
0.9208826695371367	0.008178796632808379
0.9214208826695371	0.008291607620847116
0.9219590958019376	0.008406768837803325
0.922497308934338	0.007260101010101012
0.9230355220667384	0.007362355953905251
0.9235737351991389	0.007466786534811708
0.9241119483315393	0.007573454913880447
0.9246501614639397	0.007682425488180885
0.9251883745963402	0.007793764988009594
0.9257265877287406	0.007907542579075427
0.926264800861141	0.008023829969944184
0.9268030139935415	0.008142701525054467
0.9273412271259419	0.00826423438363737
0.9278794402583423	0.008388508584895074
0.9284176533907428	0.008515607199817728
0.9289558665231432	0.008645616470043952
0.9294940796555436	0.008602466236054023
0.930032292787944	0.008735837805605249
0.9305705059203444	0.008872335271317831
0.9311087190527448	0.009012057086614175
0.9316469321851453	0.00856142982127234
0.9321851453175457	0.008698412698412698
0.9327233584499461	0.008838709677419355
0.9332615715823466	0.008392341987936007
0.933799784714747	0.008529921364787417
0.9343379978471474	0.008535428803685137
0.9348762109795479	0.008677685950413221
0.9354144241119483	0.008823529411764704
0.9359526372443487	0.008973080757726818
0.9364908503767492	0.009126466753585397
0.9370290635091496	0.00825228411435308
0.93756727664155	0.008395802098950524
0.9381054897739505	0.008543096872616323
0.9386437029063509	0.007607514361124049
0.9391819160387513	0.007743362831858407
0.9397201291711518	0.007882882882882882
0.9402583423035522	0.008026208026208027
0.9407965554359526	0.00817347789824854
0.9413347685683531	0.008324838600067958
0.9418729817007535	0.008480443059882312
0.9424111948331539	0.008640451419502733
0.9429494079655544	0.00880503144654088
0.9434876210979548	0.008974358974358974
0.9440258342303552	0.009148618371919343
0.9445640473627557	0.009328003045878545
0.9451022604951561	0.009512715977480102
0.9456404736275565	0.009042904290429043
0.946178686759957	0.009225589225589225
0.9467168998923574	0.009413866556723698
0.9472551130247578	0.009607966898099446
0.9477933261571583	0.009808132875143184
0.9483315392895587	0.009466374269005847
0.9488697524219591	0.009667786487495333
0.9494079655543596	0.009303744375810264
0.94994617868676	0.009272245597631292
0.9504843918191603	0.00947603121516165
0.9510226049515608	0.009686609686609686
0.9515608180839612	0.00990428630878069
0.9520990312163616	0.009874021109976166
0.9526372443487621	0.0101010101010101
0.9531754574811625	0.010335917312661497
0.9537136706135629	0.010579115367077063
0.9542518837459634	0.010830999066293184
0.9547900968783638	0.010661694396634155
0.9553283100107642	0.01062787736311098
0.9558665231431647	0.010890294088126065
0.9564047362755651	0.011162551440329217
0.9569429494079655	0.011445147679324894
0.957481162540366	0.011738613004435789
0.9580193756727664	0.012043512043512042
0.9585575888051668	0.012360446570972886
0.9590958019375673	0.012690058479532163
0.9596340150699677	0.013033033033033032
0.9601722282023681	0.013390102431198321
0.9607104413347686	0.01376204972095383
0.961248654467169	0.014149713093375064
0.9617868675995694	0.014553990610328638
0.9623250807319699	0.014975845410628017
0.9628632938643703	0.015416311452117078
0.9634015069967707	0.015876499853672812
0.9639397201291712	0.016357605909844714
0.9644779332615716	0.01686091686091686
0.965016146393972	0.01738782051282051
0.9655543595263725	0.017443783068783067
0.9660925726587729	0.01800648574842123
0.9666307857911733	0.01859686233033668
0.9671689989235738	0.019216757741347904
0.9677072120559742	0.018455743879472696
0.9682454251883746	0.01821546853691798
0.9687836383207751	0.018249647106271426
0.9693218514531755	0.018901420217209693
0.9698600645855759	0.01958874458874459
0.9703982777179763	0.018967452300785635
0.9709364908503767	0.018984393198229678
0.9714747039827771	0.01971456216739236
0.9720129171151776	0.020487682252388135
0.972551130247578	0.02130718954248366
0.9730893433799784	0.02217687074829932
0.9736275565123789	0.023100907029478458
0.9741657696447793	0.024083924349881797
0.9747039827771797	0.02513105149552883
0.9752421959095802	0.026247987117552336
0.9757804090419806	0.027441077441077443
0.976318622174381	0.02871740662438337
0.9768568353067815	0.030084902177925435
0.9773950484391819	0.03155245838172668
0.9779332615715823	0.03313008130081301
0.9784714747039828	0.03247863247863248
0.9790096878363832	0.032163742690058485
0.9795479009687836	0.029160739687055477
0.9800861141011841	0.02927927927927928
0.9806243272335845	0.030952380952380953
0.9811625403659849	0.03277310924369748
0.9817007534983854	0.03208556149732621
0.9822389666307858	0.03125
0.9827771797631862	0.03326612903225806
0.9833153928955867	0.035483870967741936
0.9838536060279871	0.034482758620689655
0.9843918191603875	0.034482758620689655
0.984930032292788	0.03439153439153439
0.9854682454251884	0.03418803418803419
0.9860064585575888	0.033846153846153845
0.9865446716899893	0.03666666666666667
0.9870828848223897	0.036231884057971016
0.9876210979547901	0.039525691699604744
0.9881593110871906	0.03896103896103896
0.988697524219591	0.04285714285714286
0.9892357373519914	0.042105263157894736
0.9897739504843919	0.04678362573099415
0.9903121636167922	0.0457516339869281
0.9908503767491926	0.051470588235294115
0.9913885898815931	0.058333333333333334
0.9919268030139935	0.06666666666666667
0.9924650161463939	0.06593406593406594
0.9930032292787944	0.07692307692307693
0.9935414424111948	0.07575757575757576
0.9940796555435952	0.09090909090909091
0.9946178686759957	0.1111111111111111
0.9951560818083961	0.1111111111111111
0.9956942949407965	0.14285714285714285
0.996232508073197	0.14285714285714285
0.9967707212055974	0.2
0.9973089343379978	0.2
0.9978471474703983	0.3333333333333333
0.9983853606027987	0.3333333333333333
0.9989235737351991	1.0
0.9994617868675996	0.0
1.0	0.0
