Fraction_of_nodes	Efficiency
0.0005382131324004305	0.29004927994682467
0.001076426264800861	0.29011724381033627
0.0016146393972012918	0.2904302073958922
0.002152852529601722	0.29074367766831083
0.002691065662002153	0.29105765572194836
0.0032292787944025836	0.2913721426541168
0.003767491926803014	0.2906735951950709
0.004305705059203444	0.28980431409386465
0.004843918191603875	0.28978924018556135
0.005382131324004306	0.28976745976740365
0.005920344456404736	0.289817535848831
0.006458557588805167	0.28984742215746656
0.006996770721205597	0.2898318146586785
0.007534983853606028	0.2899086931944816
0.008073196986006458	0.2899380537188655
0.008611410118406888	0.2899187765047847
0.00914962325080732	0.2898997486923769
0.00968783638320775	0.2898844682254301
0.01022604951560818	0.2898671980032346
0.010764262648008612	0.2898435185775898
0.011302475780409042	0.28981895491264315
0.011840688912809472	0.28979816703967565
0.012378902045209902	0.2897761810229962
0.012917115177610334	0.28976114356252186
0.013455328310010764	0.2897291548837314
0.013993541442411194	0.2896995271090931
0.014531754574811625	0.28965852973674333
0.015069967707212056	0.2896353294583468
0.015608180839612486	0.28961918313650953
0.016146393972012917	0.2896031274402928
0.016684607104413347	0.289587162696503
0.017222820236813777	0.2895712892330947
0.01776103336921421	0.28954340234480286
0.01829924650161464	0.2895272279936062
0.01883745963401507	0.2895116165305916
0.0193756727664155	0.2894958766221714
0.01991388589881593	0.2894802291419308
0.02045209903121636	0.28944478436800664
0.02099031216361679	0.2894476437108873
0.021528525296017224	0.28940826321513835
0.022066738428417654	0.289384743352607
0.022604951560818085	0.2893413519824809
0.023143164693218515	0.2893212671812914
0.023681377825618945	0.2893125831447492
0.024219590958019375	0.28928075110740264
0.024757804090419805	0.2889974241253644
0.02529601722282024	0.28889570338973714
0.02583423035522067	0.2888762892892558
0.0263724434876211	0.2888484164100119
0.02691065662002153	0.2888658714727152
0.02744886975242196	0.2888474833469809
0.02798708288482239	0.28882105475055875
0.02852529601722282	0.28878349962883687
0.02906350914962325	0.28851081545991447
0.029601722282023683	0.28847768645101096
0.030139935414424113	0.28845511207469393
0.030678148546824543	0.28843193939460915
0.031216361679224973	0.2883837819519043
0.031754574811625406	0.28834003821918797
0.03229278794402583	0.28831300874377763
0.03283100107642627	0.2874977325201695
0.03336921420882669	0.2874680023699819
0.03390742734122713	0.28743712238154073
0.03444564047362755	0.2873798805751407
0.03498385360602799	0.2873362418446502
0.03552206673842842	0.2873041583629188
0.03606027987082885	0.28727213585691275
0.03659849300322928	0.28724185046480394
0.03713670613562971	0.287142868954066
0.03767491926803014	0.287118145728967
0.03821313240043057	0.2870873533961537
0.038751345532831	0.28705435669444207
0.039289558665231435	0.2869739777334779
0.03982777179763186	0.28694874535238973
0.040365984930032295	0.2869059549398729
0.04090419806243272	0.28630673522887956
0.041442411194833155	0.2862436075191552
0.04198062432723358	0.2862150462776666
0.042518837459634015	0.28616910449508287
0.04305705059203445	0.286138414003771
0.043595263724434875	0.2861061044973806
0.04413347685683531	0.28606849686781105
0.044671689989235736	0.2860181056784792
0.04520990312163617	0.2859752764252872
0.045748116254036596	0.2859313787461407
0.04628632938643703	0.28587239293274813
0.04682454251883746	0.28582972714690197
0.04736275565123789	0.2857789698020067
0.04790096878363832	0.28563783569871315
0.04843918191603875	0.2853374618856357
0.04897739504843918	0.28528620318029646
0.04951560818083961	0.28523267904009464
0.05005382131324004	0.28507762574370776
0.05059203444564048	0.28502704942195584
0.051130247578040904	0.28497578586610783
0.05166846071044134	0.28464637856113356
0.052206673842841764	0.28459029399901614
0.0527448869752422	0.2845550062128956
0.053283100107642624	0.2844984619886734
0.05382131324004306	0.28444698365616594
0.05435952637244349	0.28433472236774193
0.05489773950484392	0.2842726770218979
0.05543595263724435	0.2842158264803836
0.05597416576964478	0.2841610772926244
0.05651237890204521	0.2838322432117183
0.05705059203444564	0.28376867324282357
0.05758880516684607	0.28370986834765183
0.0581270182992465	0.28364589930782946
0.05866523143164693	0.2835842536966387
0.059203444564047365	0.28354433337902213
0.05974165769644779	0.2834958569069953
0.060279870828848225	0.2834287812124841
0.06081808396124865	0.28338513201548765
0.061356297093649086	0.28331909095994257
0.06189451022604951	0.28325304094335035
0.062432723358449946	0.28318698206547194
0.06297093649085038	0.28313559309146025
0.06350914962325081	0.2830820149741177
0.06404736275565123	0.28303569196420664
0.06458557588805167	0.28290372820355414
0.0651237890204521	0.28284469523296174
0.06566200215285253	0.2827818363976498
0.06620021528525297	0.2827345598054882
0.06673842841765339	0.28269089521514884
0.06727664155005382	0.28261194842937193
0.06781485468245425	0.2825513901827135
0.06835306781485469	0.28250775468630296
0.0688912809472551	0.2824183398703887
0.06942949407965554	0.2823129891209612
0.06996770721205597	0.2822486033008479
0.07050592034445641	0.28220546140438674
0.07104413347685684	0.28144664192000224
0.07158234660925726	0.28139211423611216
0.0721205597416577	0.28075475051814497
0.07265877287405813	0.280709945556489
0.07319698600645856	0.28066257976644743
0.073735199138859	0.2790413290637316
0.07427341227125941	0.2781119384883384
0.07481162540365985	0.27807037253130784
0.07534983853606028	0.27798814241228587
0.07588805166846072	0.27783660932479876
0.07642626480086114	0.27778230648654895
0.07696447793326157	0.27773689387840267
0.077502691065662	0.2776539141155171
0.07804090419806244	0.2775561941242343
0.07857911733046287	0.277493181246663
0.07911733046286329	0.2774090702015263
0.07965554359526372	0.2773236664045593
0.08019375672766416	0.27723430310195324
0.08073196986006459	0.2770377174388663
0.08127018299246501	0.2769459567291273
0.08180839612486544	0.2767220666491065
0.08234660925726588	0.27666264364849014
0.08288482238966631	0.2763070914024513
0.08342303552206674	0.27306676177819933
0.08396124865446716	0.2730007362688255
0.0844994617868676	0.27292549385800363
0.08503767491926803	0.2728173822087647
0.08557588805166846	0.2727358433507333
0.0861141011840689	0.2721142494863668
0.08665231431646932	0.2720361695475966
0.08719052744886975	0.27195762881810953
0.08772874058127018	0.27182714004225866
0.08826695371367062	0.271518407938207
0.08880516684607104	0.271456938613984
0.08934337997847147	0.27099427173557933
0.0898815931108719	0.27089147815999715
0.09041980624327234	0.2708159043812187
0.09095801937567277	0.2707118213009394
0.09149623250807319	0.2706342975346267
0.09203444564047362	0.26898546577090787
0.09257265877287406	0.26889464531003815
0.09311087190527449	0.2685385352172495
0.09364908503767493	0.2683750823698828
0.09418729817007535	0.26828737070371156
0.09472551130247578	0.2679182130830639
0.09526372443487621	0.26716502769414785
0.09580193756727665	0.26706994386020216
0.09634015069967707	0.26698049969616056
0.0968783638320775	0.26688166163277177
0.09741657696447793	0.26677703008279585
0.09795479009687837	0.26670350242673346
0.0984930032292788	0.266610807083311
0.09903121636167922	0.2665061783192532
0.09956942949407965	0.266353605154522
0.10010764262648009	0.2662462021097833
0.10064585575888052	0.2660930617680482
0.10118406889128095	0.26596571568447175
0.10172228202368137	0.26563708101570843
0.10226049515608181	0.2655013888098488
0.10279870828848224	0.2653263963271012
0.10333692142088267	0.2652132176697118
0.1038751345532831	0.2651964159030468
0.10441334768568353	0.2651831572315701
0.10495156081808396	0.2650703478704951
0.1054897739504844	0.2650597713205053
0.10602798708288483	0.26462517233739785
0.10656620021528525	0.26194574433007495
0.10710441334768568	0.2618274834405385
0.10764262648008611	0.26167043351890495
0.10818083961248655	0.26157932929456695
0.10871905274488698	0.261289978126778
0.1092572658772874	0.261169720182135
0.10979547900968784	0.2610225899180309
0.11033369214208827	0.2610168296257619
0.1108719052744887	0.26082958192161726
0.11141011840688912	0.26066045233207863
0.11194833153928956	0.26059382112373336
0.11248654467168999	0.26007236366188474
0.11302475780409042	0.25997495736845655
0.11356297093649086	0.259899451594469
0.11410118406889128	0.2598038484378683
0.11463939720129171	0.25974525356630024
0.11517761033369214	0.25856658053789194
0.11571582346609258	0.2585193042400805
0.116254036598493	0.2583485811770434
0.11679224973089343	0.258257098020117
0.11733046286329386	0.2580839387134354
0.1178686759956943	0.25796599649278623
0.11840688912809473	0.2578607155265312
0.11894510226049515	0.25707446604724965
0.11948331539289558	0.25692862373834563
0.12002152852529602	0.2568125265695129
0.12055974165769645	0.2567232866688902
0.12109795479009688	0.256610621416803
0.1216361679224973	0.25637016764017395
0.12217438105489774	0.2561607662498321
0.12271259418729817	0.2560872846373758
0.1232508073196986	0.25600434185817866
0.12378902045209902	0.25592015863582107
0.12432723358449946	0.2558674677891109
0.12486544671689989	0.25572151956576644
0.12540365984930033	0.2555784229210145
0.12594187298170076	0.2553743594706499
0.1264800861141012	0.2552791900031539
0.12701829924650163	0.2551586574699693
0.12755651237890203	0.2545330404619472
0.12809472551130247	0.2538764766354697
0.1286329386437029	0.2524434730615571
0.12917115177610333	0.25229831472176506
0.12970936490850377	0.2521714529299017
0.1302475780409042	0.2520610505076384
0.13078579117330463	0.2518778524090251
0.13132400430570507	0.2517655155515138
0.1318622174381055	0.2516127470610276
0.13240043057050593	0.2514836005795709
0.13293864370290634	0.25100687615074807
0.13347685683530677	0.2506578599653576
0.1340150699677072	0.24945522578665347
0.13455328310010764	0.2490053554707317
0.13509149623250807	0.2461709824211606
0.1356297093649085	0.24600332487450904
0.13616792249730894	0.24572657862750846
0.13670613562970937	0.24342240671359314
0.1372443487621098	0.24186392666925613
0.1377825618945102	0.24137901576913595
0.13832077502691065	0.241075796166001
0.13885898815931108	0.24094501024887138
0.13939720129171151	0.24080607646241858
0.13993541442411195	0.24065743660366307
0.14047362755651238	0.24047787003803797
0.14101184068891282	0.2400217946463087
0.14155005382131325	0.23979781154537808
0.14208826695371368	0.23931681655871284
0.1426264800861141	0.23809007524292722
0.14316469321851452	0.23696730038100458
0.14370290635091496	0.2366663523361971
0.1442411194833154	0.23412786629058066
0.14477933261571582	0.2344227376587048
0.14531754574811626	0.23471816643962315
0.1458557588805167	0.2350141540391687
0.14639397201291712	0.2353107018676093
0.14693218514531756	0.23515081191365958
0.147470398277718	0.2345947636351884
0.1480086114101184	0.23429936957981237
0.14854682454251883	0.2342927641016071
0.14908503767491926	0.2326434856941266
0.1496232508073197	0.23256485782273723
0.15016146393972013	0.23252900114606756
0.15069967707212056	0.2324932684566182
0.151237890204521	0.23245766031298926
0.15177610333692143	0.23242217727601075
0.15231431646932186	0.23161115827700704
0.15285252960172227	0.23064605865875273
0.1533907427341227	0.23068311700091726
0.15392895586652314	0.23065966216525752
0.15446716899892357	0.23061605738550942
0.155005382131324	0.23057256011983868
0.15554359526372444	0.23052917088598238
0.15608180839612487	0.23056676189623165
0.1566200215285253	0.23052933080652574
0.15715823466092574	0.2304898749539996
0.15769644779332614	0.23045053837767188
0.15823466092572658	0.23041449879123213
0.158772874058127	0.230362640633887
0.15931108719052745	0.22992451338929523
0.15984930032292788	0.22879027115831016
0.1603875134553283	0.22873252040923125
0.16092572658772875	0.22871468307504514
0.16146393972012918	0.2286705296731576
0.1620021528525296	0.22831419875227552
0.16254036598493002	0.22830293166866034
0.16307857911733045	0.2282918604452089
0.16361679224973089	0.22828098586668633
0.16415500538213132	0.228224108333091
0.16469321851453175	0.2275769553729668
0.1652314316469322	0.22724814422746975
0.16576964477933262	0.227202823295146
0.16630785791173305	0.2271455126359641
0.1668460710441335	0.22709964573657115
0.16738428417653392	0.22706792619333394
0.16792249730893433	0.22694436400988766
0.16846071044133476	0.2268965087404297
0.1689989235737352	0.22687206554908956
0.16953713670613563	0.22681145839539216
0.17007534983853606	0.22676490157738313
0.1706135629709365	0.2267202800577933
0.17115177610333693	0.22667577313514733
0.17168998923573736	0.22581424827714364
0.1722282023681378	0.22547206164549133
0.1727664155005382	0.22540901466588545
0.17330462863293863	0.22531803955597735
0.17384284176533907	0.22526874119880252
0.1743810548977395	0.22517026370068877
0.17491926803013993	0.22511082047290287
0.17545748116254037	0.22504012011977717
0.1759956942949408	0.2250942986249316
0.17653390742734124	0.22502935391751513
0.17707212055974167	0.22496447453082766
0.17761033369214208	0.2248967577310967
0.1781485468245425	0.2248357717108843
0.17868675995694294	0.22290970129866827
0.17922497308934338	0.21933629606815438
0.1797631862217438	0.21925303765923512
0.18030139935414424	0.2195411494038596
0.18083961248654468	0.21593588242216402
0.1813778256189451	0.21211133423162473
0.18191603875134554	0.21166697995918854
0.18245425188374598	0.20988036574756966
0.18299246501614638	0.20812568847880944
0.18353067814854682	0.20800662050127708
0.18406889128094725	0.20791711608586322
0.18460710441334768	0.206789227541292
0.18514531754574812	0.20672298567777958
0.18568353067814855	0.20664673903642336
0.18622174381054898	0.20508375010965363
0.18675995694294942	0.20503735412520369
0.18729817007534985	0.2048820395220429
0.18783638320775026	0.20405350813933218
0.1883745963401507	0.2043243157148323
0.18891280947255112	0.20426518840665991
0.18945102260495156	0.20362803193629575
0.189989235737352	0.2035805835997354
0.19052744886975242	0.20347839109542765
0.19106566200215286	0.20335262321967418
0.1916038751345533	0.20341309121935228
0.19214208826695373	0.20332210922351748
0.19268030139935413	0.2033439786789395
0.19321851453175456	0.2032644566765546
0.193756727664155	0.20319423556005348
0.19429494079655543	0.20310456681235647
0.19483315392895587	0.2016988993719636
0.1953713670613563	0.20171240967570908
0.19590958019375673	0.20161704777860207
0.19644779332615717	0.1976052253415744
0.1969860064585576	0.19752449500242864
0.197524219590958	0.19748973177110032
0.19806243272335844	0.19738135147209065
0.19860064585575887	0.19731376034438453
0.1991388589881593	0.19757914536166007
0.19967707212055974	0.1975701253126756
0.20021528525296017	0.19719181839831879
0.2007534983853606	0.197142524932712
0.20129171151776104	0.19717939289971803
0.20182992465016147	0.19694146728966888
0.2023681377825619	0.19688955929409765
0.2029063509149623	0.1967782282739395
0.20344456404736275	0.1970443245934445
0.20398277717976318	0.19731096102726514
0.20452099031216361	0.19757813903813481
0.20505920344456405	0.19744676665723213
0.20559741657696448	0.1974799698139744
0.20613562970936491	0.1974308555485144
0.20667384284176535	0.19769892188327137
0.20721205597416578	0.19760262786299107
0.2077502691065662	0.19755362543065824
0.20828848223896662	0.19729387780822058
0.20882669537136705	0.1972081142300231
0.2093649085037675	0.19715885973788722
0.20990312163616792	0.1971097521476178
0.21044133476856836	0.19706079219786551
0.2109795479009688	0.19696970194261854
0.21151776103336922	0.1969268247381825
0.21205597416576966	0.19673410817071255
0.21259418729817006	0.196682366599387
0.2131324004305705	0.1966431307307045
0.21367061356297093	0.19659169443331864
0.21420882669537136	0.1965529974321704
0.2147470398277718	0.19651447952888126
0.21528525296017223	0.19647614157029558
0.21582346609257266	0.19642454830135156
0.2163616792249731	0.19637321438140684
0.21689989235737353	0.19645188988190562
0.21743810548977396	0.19652288297240625
0.21797631862217437	0.19648693934677167
0.2185145317545748	0.19644203995536694
0.21905274488697524	0.19638765670268304
0.21959095801937567	0.19634307411778032
0.2201291711517761	0.1962936915520404
0.22066738428417654	0.19624446232796536
0.22120559741657697	0.1961873363994753
0.2217438105489774	0.19613127405783265
0.22228202368137784	0.19602724814186406
0.22282023681377824	0.1959754549792639
0.22335844994617868	0.1959757033276414
0.2238966630785791	0.1959219080772745
0.22443487621097954	0.19587023229100073
0.22497308934337998	0.19581672773844394
0.2255113024757804	0.19576534966615178
0.22604951560818085	0.1956933131427
0.22658772874058128	0.19573349096601272
0.2271259418729817	0.19561695282898336
0.22766415500538212	0.19557222616807615
0.22820236813778255	0.1954830196933624
0.22874058127018299	0.19546976213044107
0.22927879440258342	0.19542504531941746
0.22981700753498385	0.19506882536945191
0.2303552206673843	0.1949786449717828
0.23089343379978472	0.19453835938943317
0.23143164693218515	0.19453124678329484
0.2319698600645856	0.19449004634897218
0.232508073196986	0.19445670320478126
0.23304628632938643	0.1943449830864975
0.23358449946178686	0.1943380572751089
0.2341227125941873	0.1943314140862147
0.23466092572658773	0.19432505473371925
0.23519913885898816	0.1943189804366967
0.2357373519913886	0.19427106627751445
0.23627556512378903	0.19267019388715342
0.23681377825618946	0.19261373238191085
0.2373519913885899	0.1925227691279477
0.2378902045209903	0.1924512262595996
0.23842841765339073	0.192329022015257
0.23896663078579117	0.19154931849878443
0.2395048439181916	0.1914671524892751
0.24004305705059203	0.19138506318773338
0.24058127018299247	0.1910166158424975
0.2411194833153929	0.1909623607864124
0.24165769644779334	0.1908871624166037
0.24219590958019377	0.1908252113715822
0.24273412271259417	0.19076106407325857
0.2432723358449946	0.1906970471694209
0.24381054897739504	0.19064711235756826
0.24434876210979548	0.19091888300953913
0.2448869752421959	0.19119123519642864
0.24542518837459634	0.19112464136098897
0.24596340150699678	0.19139767656293324
0.2465016146393972	0.18932030711784212
0.24703982777179764	0.1890127597822176
0.24757804090419805	0.1889230439114478
0.24811625403659848	0.18885600489970447
0.24865446716899892	0.1887869955680559
0.24919268030139935	0.18874268131253302
0.24973089343379978	0.1887036058708709
0.2502691065662002	0.18866469419798784
0.25080731969860065	0.18860798215315458
0.2513455328310011	0.1885528204659647
0.2518837459634015	0.1884958407401163
0.25242195909580195	0.18841418820707428
0.2529601722282024	0.1883458942239348
0.2534983853606028	0.1881772212514239
0.25403659849300325	0.18794336271394874
0.2545748116254037	0.18779473930807786
0.25511302475780406	0.1877120509540513
0.2556512378902045	0.18761906314906762
0.25618945102260493	0.18692312140890308
0.25672766415500536	0.18685650609910112
0.2572658772874058	0.18677549080006675
0.25780409041980623	0.18680404141226037
0.25834230355220666	0.18671315111347822
0.2588805166846071	0.18630005090228213
0.25941872981700753	0.18593443890331648
0.25995694294940797	0.18584122177920004
0.2604951560818084	0.18574584723535273
0.26103336921420883	0.18567686364475158
0.26157158234660927	0.18557663923306497
0.2621097954790097	0.18542451446138403
0.26264800861141013	0.18515856787634166
0.26318622174381057	0.18508713253682962
0.263724434876211	0.18505993102832038
0.26426264800861143	0.18498881643760756
0.26480086114101187	0.18491783126409192
0.26533907427341225	0.18483567854566765
0.2658772874058127	0.18449123289664124
0.2664155005382131	0.18442371641036198
0.26695371367061355	0.1843650075877644
0.267491926803014	0.18395250836549065
0.2680301399354144	0.18391852534748065
0.26856835306781485	0.18380779833873037
0.2691065662002153	0.18371279467043167
0.2696447793326157	0.1836101598872137
0.27018299246501615	0.18346935853115529
0.2707212055974166	0.1833913021862342
0.271259418729817	0.1833438886704746
0.27179763186221745	0.18325433538667227
0.2723358449946179	0.18275482893676337
0.2728740581270183	0.18010840706054426
0.27341227125941875	0.1797775043944175
0.2739504843918192	0.17974477986589713
0.2744886975242196	0.17970353190038368
0.27502691065662	0.17959689867255577
0.2755651237890204	0.17948762710145216
0.27610333692142086	0.1782944871519291
0.2766415500538213	0.17822062099405547
0.27717976318622173	0.1781554856305474
0.27771797631862216	0.17765685144896898
0.2782561894510226	0.1773004236868832
0.27879440258342303	0.177175955775987
0.27933261571582346	0.17709840579597708
0.2798708288482239	0.1770298462165471
0.28040904198062433	0.17680120771270613
0.28094725511302476	0.17660830172961073
0.2814854682454252	0.17651914956847792
0.28202368137782563	0.17641467339532615
0.28256189451022606	0.1762707015532539
0.2831001076426265	0.17618019222513445
0.28363832077502693	0.17609011358247845
0.28417653390742736	0.1758568283439486
0.2847147470398278	0.17576109242081497
0.2852529601722282	0.1751500239241624
0.2857911733046286	0.17502720064340213
0.28632938643702904	0.17466884225932708
0.2868675995694295	0.17438745894824678
0.2874058127018299	0.17414686487587086
0.28794402583423034	0.17390648379180657
0.2884822389666308	0.17382393073609403
0.2890204520990312	0.1734128541796217
0.28955866523143164	0.17331113092800757
0.2900968783638321	0.17326838297750471
0.2906350914962325	0.1732258816044074
0.29117330462863295	0.17318362808091925
0.2917115177610334	0.17313816068693216
0.2922497308934338	0.17304780156879065
0.29278794402583425	0.172930074196019
0.2933261571582347	0.1728885353595523
0.2938643702906351	0.17281692442728527
0.29440258342303555	0.17272318310859724
0.294940796555436	0.17263827742393295
0.29547900968783636	0.17149882852432308
0.2960172228202368	0.17006669196349858
0.2965554359526372	0.1699044373823476
0.29709364908503766	0.1698321611063774
0.2976318622174381	0.1694525442766083
0.2981700753498385	0.16756244314017313
0.29870828848223896	0.16741543760924332
0.2992465016146394	0.16542475533178186
0.2997847147470398	0.165135593134224
0.30032292787944026	0.16501620769688913
0.3008611410118407	0.16484837310979275
0.3013993541442411	0.16474164687398132
0.30193756727664156	0.1639891528794464
0.302475780409042	0.16390157965015706
0.30301399354144243	0.163827875413332
0.30355220667384286	0.16374146638794282
0.3040904198062433	0.16365287771105305
0.30462863293864373	0.16356525228903204
0.3051668460710441	0.16270272181458323
0.30570505920344454	0.16258666230433189
0.306243272335845	0.1624706486862976
0.3067814854682454	0.16142307752437504
0.30731969860064584	0.1612954334086071
0.3078579117330463	0.1611923782182749
0.3083961248654467	0.16108941254964854
0.30893433799784714	0.1602730919833184
0.3094725511302476	0.16008715581303942
0.310010764262648	0.1599210110229233
0.31054897739504844	0.1597566516798557
0.3110871905274489	0.15955810860132272
0.3116254036598493	0.1594476152124424
0.31216361679224974	0.15934289187776401
0.3127018299246502	0.15923956217315577
0.3132400430570506	0.1591363270775589
0.31377825618945104	0.15903318741822206
0.3143164693218515	0.15893014402689065
0.3148546824542519	0.1588365053654146
0.3153928955866523	0.15500611434810363
0.3159311087190527	0.15478086829337823
0.31646932185145316	0.15472218059386253
0.3170075349838536	0.15455846599924958
0.317545748116254	0.15378259192704766
0.31808396124865446	0.15276517477140666
0.3186221743810549	0.1511583858486318
0.3191603875134553	0.15100755948927264
0.31969860064585576	0.15076919130077068
0.3202368137782562	0.15067080075781888
0.3207750269106566	0.1505554808597635
0.32131324004305706	0.15032018145802672
0.3218514531754575	0.15019916301058164
0.3223896663078579	0.15008272369955583
0.32292787944025836	0.14934744597202756
0.3234660925726588	0.14923393641462232
0.3240043057050592	0.14908881641781968
0.32454251883745966	0.14677754011841965
0.32508073196986004	0.14659232289396498
0.32561894510226047	0.1461819714446013
0.3261571582346609	0.14582097166897265
0.32669537136706134	0.14568723664028005
0.32723358449946177	0.14592052284787058
0.3277717976318622	0.14615436983961397
0.32831001076426264	0.14471984607812327
0.32884822389666307	0.14454726108410323
0.3293864370290635	0.14444593537314837
0.32992465016146394	0.14438009942009963
0.3304628632938644	0.1443076348193503
0.3310010764262648	0.14387646448091546
0.33153928955866524	0.1441083363011909
0.3320775026910657	0.1443407691016767
0.3326157158234661	0.14426825744268643
0.33315392895586654	0.14362580555021734
0.333692142088267	0.14290528787661547
0.3342303552206674	0.142686274112851
0.33476856835306784	0.14223981306753294
0.3353067814854682	0.14215054950182618
0.33584499461786865	0.14206146662060076
0.3363832077502691	0.14197256565638988
0.3369214208826695	0.14188384784830405
0.33745963401506995	0.1417953144420748
0.3379978471474704	0.1417069666900849
0.3385360602798708	0.14120763045417814
0.33907427341227125	0.14103720729136535
0.3396124865446717	0.1409165858719094
0.3401506996770721	0.1403480928788084
0.34068891280947255	0.14015507205286004
0.341227125941873	0.1400675134547614
0.3417653390742734	0.1399923064531162
0.34230355220667386	0.13983424879940376
0.3428417653390743	0.13978451347002416
0.3433799784714747	0.13918940581088862
0.34391819160387516	0.13910032724926363
0.3444564047362756	0.13889902837880824
0.344994617868676	0.1387818212263535
0.3455328310010764	0.13868895027771586
0.34607104413347684	0.13808109772583632
0.34660925726587727	0.1379623346952678
0.3471474703982777	0.13783148406692922
0.34768568353067814	0.13778417495115444
0.34822389666307857	0.13747803659539357
0.348762109795479	0.13722899923608503
0.34930032292787944	0.1367375156906091
0.34983853606027987	0.13640168725585067
0.3503767491926803	0.13631973569919276
0.35091496232508074	0.1346639979335237
0.35145317545748117	0.13452002659055504
0.3519913885898816	0.13474366753251774
0.35252960172228204	0.13464236469304058
0.35306781485468247	0.13435426155711636
0.3536060279870829	0.13364597921024687
0.35414424111948334	0.13352608346440847
0.35468245425188377	0.1334352034473275
0.35522066738428415	0.13331234556870675
0.3557588805166846	0.133200976324594
0.356297093649085	0.1323638429968552
0.35683530678148545	0.13209637691755705
0.3573735199138859	0.1307497496401738
0.3579117330462863	0.13062400214060363
0.35844994617868675	0.13049813163529791
0.3589881593110872	0.13071745622628161
0.3595263724434876	0.13030329640301214
0.36006458557588805	0.13018995331551228
0.3606027987082885	0.13003531849548255
0.3611410118406889	0.12988247243573986
0.36167922497308935	0.12939026124463587
0.3622174381054898	0.12929382784650514
0.3627556512378902	0.1277825040390157
0.36329386437029065	0.1268692804539967
0.3638320775026911	0.12584769073588076
0.3643702906350915	0.12569532469846176
0.36490850376749195	0.12559312624355112
0.36544671689989233	0.12472140310623304
0.36598493003229277	0.12447820750467979
0.3665231431646932	0.12436902848168692
0.36706135629709363	0.12338407776782269
0.36759956942949407	0.12216155730036202
0.3681377825618945	0.12198515708830213
0.36867599569429493	0.12219332288538114
0.36921420882669537	0.12186330643718503
0.3697524219590958	0.12176099841481826
0.37029063509149623	0.1219693149219437
0.37082884822389667	0.12047925163990571
0.3713670613562971	0.12040493143309099
0.37190527448869753	0.12010521266621353
0.37244348762109797	0.11992270520994222
0.3729817007534984	0.11973411735536793
0.37351991388589884	0.11994002297420778
0.37405812701829927	0.11988778774120536
0.3745963401506997	0.11919867622789385
0.3751345532831001	0.11862350809354918
0.3756727664155005	0.11834159171816946
0.37621097954790095	0.11817720380495789
0.3767491926803014	0.11800764241041123
0.3772874058127018	0.11784783478046942
0.37782561894510225	0.11805190029524079
0.3783638320775027	0.11781737751952592
0.3789020452099031	0.11681890693687472
0.37944025834230355	0.11403507737627054
0.379978471474704	0.11294420406465439
0.3805166846071044	0.11233700279419903
0.38105489773950485	0.11208201263807328
0.3815931108719053	0.11189488583835554
0.3821313240043057	0.11175209952187162
0.38266953713670615	0.10813034834730072
0.3832077502691066	0.10831922231821303
0.383745963401507	0.10850859158800012
0.38428417653390745	0.10869845788999137
0.3848223896663079	0.10888882296510519
0.38536060279870826	0.10799400993413845
0.3858988159311087	0.1081834731094615
0.38643702906350913	0.10806587805457442
0.38697524219590956	0.10768568590240822
0.38751345532831	0.10564209173370447
0.38805166846071043	0.1040941470356768
0.38858988159311086	0.10427757284543131
0.3891280947255113	0.10446148390865076
0.38966630785791173	0.10464588193849833
0.39020452099031216	0.10403472929587156
0.3907427341227126	0.1038894701651115
0.39128094725511303	0.10374431649214971
0.39181916038751347	0.10328737316885121
0.3923573735199139	0.10347050680922151
0.39289558665231433	0.10343920163259428
0.39343379978471477	0.10362293023229693
0.3939720129171152	0.10180192942134379
0.39451022604951563	0.09940035640491957
0.395048439181916	0.09933087951009091
0.39558665231431644	0.09934736064641006
0.3961248654467169	0.09836338168370008
0.3966630785791173	0.09831380282988357
0.39720129171151775	0.09824593310751947
0.3977395048439182	0.09842168611844526
0.3982777179763186	0.0952127611597586
0.39881593110871905	0.09392235438273308
0.3993541442411195	0.09409082497355413
0.3998923573735199	0.0940691887864565
0.40043057050592035	0.09423822596307188
0.4009687836383208	0.09440771917523567
0.4015069967707212	0.09457767006484005
0.40204520990312165	0.09474808028117311
0.4025834230355221	0.0949189514809588
0.4031216361679225	0.09509028532839736
0.40365984930032295	0.09526208349520567
0.4041980624327234	0.09543434766065811
0.4047362755651238	0.09521951000800774
0.4052744886975242	0.09539200912034108
0.4058127018299246	0.09556497740523745
0.40635091496232506	0.09573841656568252
0.4068891280947255	0.09591232831239584
0.4074273412271259	0.09578636089941409
0.40796555435952636	0.09020814207738619
0.4085037674919268	0.0903724556330827
0.40904198062432723	0.09053721854216762
0.40958019375672766	0.08948444116565908
0.4101184068891281	0.08917526498522611
0.41065662002152853	0.08905125817353644
0.41119483315392896	0.08921420649590339
0.4117330462863294	0.08909035553721766
0.41227125941872983	0.08894003885622963
0.41280947255113026	0.08881683610579282
0.4133476856835307	0.08870936725643473
0.41388589881593113	0.08860219737943803
0.41442411194833156	0.08775103086699959
0.414962325080732	0.08763248300539811
0.4155005382131324	0.08728742767727542
0.4160387513455328	0.08716268291349746
0.41657696447793324	0.08703818051652862
0.4171151776103337	0.08661110084482569
0.4176533907427341	0.08676792354974584
0.41819160387513454	0.08669705944534174
0.418729817007535	0.08685775835070846
0.4192680301399354	0.08701890447009752
0.41980624327233584	0.08718049946447097
0.4203444564047363	0.08705663185352151
0.4208826695371367	0.08589792716892482
0.42142088266953714	0.0840882626098259
0.4219590958019376	0.08077165864180406
0.422497308934338	0.08064192785447097
0.42303552206673845	0.08051244283677354
0.4235737351991389	0.08038320564609479
0.4241119483315393	0.08025421835263494
0.42465016146393975	0.08012548303950068
0.4251883745963401	0.0800849972022434
0.42572658772874056	0.0799962127685799
0.426264800861141	0.07989641477716102
0.4268030139935414	0.07979698290185179
0.42734122712594186	0.0799471183353454
0.4278794402583423	0.08009767788023306
0.4284176533907427	0.07996825432879066
0.42895586652314316	0.07983745898299209
0.4294940796555436	0.07948821668053592
0.430032292787944	0.07942207127457543
0.43057050592034446	0.07929059042186253
0.4311087190527449	0.07756671830991226
0.4316469321851453	0.077464136227401
0.43218514531754576	0.07761112699823099
0.4327233584499462	0.07688229179651944
0.4332615715823466	0.07633126528807407
0.43379978471474706	0.07623687670776434
0.4343379978471475	0.07481097489023354
0.43487621097954793	0.07446916526340518
0.4354144241119483	0.07434321636248226
0.43595263724434874	0.07423552808254803
0.4364908503767492	0.0741282053330559
0.4370290635091496	0.07376800132453154
0.43756727664155004	0.07364546009669401
0.4381054897739505	0.07331558700318686
0.4386437029063509	0.07324599803990547
0.43918191603875134	0.07338672041846438
0.4397201291711518	0.07339439739941507
0.4402583423035522	0.07327476362471513
0.44079655543595264	0.07315545995588399
0.4413347685683531	0.07306144863999031
0.4418729817007535	0.07297408612825905
0.44241119483315394	0.07227920479454492
0.4429494079655544	0.07212753281806625
0.4434876210979548	0.07201116864999238
0.44402583423035524	0.07215072517838383
0.4445640473627557	0.07167718148247516
0.44510226049515605	0.07152712743947838
0.4456404736275565	0.07165985995937098
0.4461786867599569	0.07164082883582606
0.44671689989235736	0.0715579623790474
0.4472551130247578	0.07068064974940731
0.4477933261571582	0.070542573561218
0.44833153928955866	0.07048281299792127
0.4488697524219591	0.0699544845407371
0.4494079655543595	0.06978711579355454
0.44994617868675996	0.06975039060247652
0.4504843918191604	0.06961142595018499
0.4510226049515608	0.0694359002241205
0.45156081808396126	0.06936235900175725
0.4520990312163617	0.06923179437548276
0.4526372443487621	0.06913586773015153
0.45317545748116256	0.06902430681755829
0.453713670613563	0.06916044943455545
0.4542518837459634	0.0689916035380261
0.45479009687836386	0.06801277013546278
0.45532831001076424	0.06797583752980785
0.45586652314316467	0.06793902714184812
0.4564047362755651	0.06773598995654287
0.45694294940796554	0.06761686637717489
0.45748116254036597	0.06741407560174414
0.4580193756727664	0.06729182206718425
0.45855758880516684	0.06726671994858148
0.45909580193756727	0.06740071739867826
0.4596340150699677	0.06706919693531856
0.46017222820236814	0.06578430558444381
0.4607104413347686	0.0659157427584387
0.461248654467169	0.0658541626328092
0.46178686759956944	0.06582897010232042
0.4623250807319699	0.06571375218782859
0.4628632938643703	0.06559894471522999
0.46340150699677074	0.0657306695038148
0.4639397201291712	0.06586279145256618
0.4644779332615716	0.0659953121597142
0.465016146393972	0.06612823323153638
0.4655543595263724	0.06625478847766585
0.46609257265877285	0.06305003796527779
0.4666307857911733	0.06317741177934906
0.4671689989235737	0.06329597994362388
0.46770721205597415	0.06316290824190116
0.4682454251883746	0.06303019290231285
0.468783638320775	0.06294795767579829
0.46932185145317545	0.06307577078783036
0.4698600645855759	0.06215188091177135
0.4703982777179763	0.061939617246437505
0.47093649085037675	0.06158517117642139
0.4714747039827772	0.061466385295610305
0.4720129171151776	0.06159182689825441
0.47255113024757806	0.06171765289804655
0.4730893433799785	0.06184386486716321
0.4736275565123789	0.061289411872482685
0.47416576964477936	0.06141290750858731
0.4747039827771798	0.06140554925291581
0.47524219590958017	0.06130249686871109
0.4757804090419806	0.06119853952015904
0.47631862217438103	0.06132129037546022
0.47685683530678147	0.06123300059767815
0.4773950484391819	0.06135713077186427
0.47793326157158234	0.06148377087665656
0.47847147470398277	0.06161080346111246
0.4790096878363832	0.06173823014872593
0.47954790096878364	0.0618660525713941
0.48008611410118407	0.06199427236946953
0.4806243272335845	0.06212289119181283
0.48116254036598494	0.06204599664300063
0.48170075349838537	0.06192304411903366
0.4822389666307858	0.06180052728412579
0.48277717976318624	0.06192927838263439
0.48331539289558667	0.0620584322478745
0.4838536060279871	0.062187990561544386
0.48439181916038754	0.06213130997879334
0.48493003229278797	0.062261291798832656
0.48546824542518835	0.062391681938725504
0.4860064585575888	0.06004540574935616
0.4865446716899892	0.058716203306600566
0.48708288482238965	0.05861367124835851
0.4876210979547901	0.058736938695778826
0.4881593110871905	0.05886059540882257
0.48869752421959095	0.05898464302822999
0.4892357373519914	0.05910908320339504
0.4897739504843918	0.05923391759242016
0.49031216361679225	0.05935914786217157
0.4908503767491927	0.0594847756883349
0.4913885898815931	0.059610802755471204
0.49192680301399355	0.059737230757073476
0.492465016146394	0.05985843270460939
0.4930032292787944	0.059985655728423654
0.49354144241119485	0.06011328478316498
0.4940796555435953	0.060241321598464584
0.4946178686759957	0.06011875032324762
0.4951560818083961	0.056385611042035454
0.49569429494079653	0.056352707394471485
0.49623250807319697	0.05580935474773731
0.4967707212055974	0.055449353336229384
0.49730893433799783	0.05556821582998336
0.49784714747039827	0.055460244375368915
0.4983853606027987	0.05468584459044749
0.49892357373519913	0.054686364005312474
0.49946178686759957	0.05458007863140666
0.5	0.05469422828492868
0.5005382131324004	0.05481223093495011
0.5010764262648009	0.05493061588297375
0.5016146393972013	0.054841078394608625
0.5021528525296017	0.05495978202749739
0.5026910656620022	0.054870834403423344
0.5032292787944026	0.05498986007458045
0.503767491926803	0.05510927345150679
0.5043057050592035	0.05522907621987963
0.5048439181916039	0.055349270074547485
0.5053821313240043	0.05546985671959007
0.5059203444564048	0.055590837868378706
0.5064585575888052	0.055712215243637175
0.5069967707212056	0.05583399057750305
0.5075349838536061	0.05595616561158949
0.5080731969860065	0.05554037958502889
0.5086114101184069	0.05470721271650509
0.5091496232508074	0.054827316366815745
0.5096878363832078	0.05494781596322633
0.5102260495156081	0.054866482023195155
0.5107642626480086	0.053394026797618406
0.511302475780409	0.05351176445318096
0.5118406889128094	0.05362989196853015
0.5123789020452099	0.05374841106680314
0.5129171151776103	0.05386732348066775
0.5134553283100107	0.053986630952385734
0.5139935414424112	0.05389650289205265
0.5145317545748116	0.053857244424413295
0.515069967707212	0.05397692718980088
0.5156081808396125	0.05409700934150233
0.5161463939720129	0.054217492658521264
0.5166846071044133	0.05416603738977409
0.5172228202368138	0.05411546171908078
0.5177610333692142	0.05406577192817759
0.5182992465016146	0.05401697434182264
0.5188374596340151	0.053969075328118433
0.5193756727664155	0.05352040729604168
0.5199138858988159	0.05303159320079404
0.5204520990312164	0.053150765320346384
0.5209903121636168	0.05314534794590496
0.5215285252960172	0.05319833004186926
0.5220667384284177	0.05317567110533597
0.5226049515608181	0.05329570648029158
0.5231431646932185	0.04470655571595038
0.523681377825619	0.04449528723445393
0.5242195909580194	0.04448141568904604
0.5247578040904198	0.04457586049315251
0.5252960172228203	0.044104090609899754
0.5258342303552207	0.044001292953177416
0.5263724434876211	0.04389920625941444
0.5269106566200216	0.04379783618631566
0.527448869752422	0.043696269308547905
0.5279870828848224	0.04349587748245796
0.5285252960172229	0.04322911320218656
0.5290635091496233	0.04065740408865466
0.5296017222820237	0.040619555120674215
0.5301399354144241	0.04054888569957458
0.5306781485468245	0.04043460587067846
0.5312163616792249	0.04033787521961019
0.5317545748116254	0.0401992787008363
0.5322927879440258	0.04029190376696726
0.5328310010764262	0.040233906900019344
0.5333692142088267	0.039828404858902676
0.5339074273412271	0.039736617206184335
0.5344456404736275	0.03963718513611256
0.534983853606028	0.039379219203819524
0.5355220667384284	0.03947058630174022
0.5360602798708288	0.03842677004364488
0.5365984930032293	0.03851613462514173
0.5371367061356297	0.0384244671251942
0.5376749192680301	0.03824684096076721
0.5382131324004306	0.03833337850988102
0.538751345532831	0.03841612670065455
0.5392895586652314	0.03785863157801126
0.5398277717976319	0.03774909467045581
0.5403659849300323	0.03783760368492347
0.5409041980624327	0.03792642435085052
0.5414424111948332	0.03801555813310869
0.5419806243272336	0.037818339660975524
0.542518837459634	0.03762008665143235
0.5430570505920345	0.03742218240972537
0.5435952637244349	0.03751054647680854
0.5441334768568353	0.03759922389164733
0.5446716899892358	0.037545779043518426
0.5452099031216362	0.03749337763178089
0.5457481162540366	0.037025334552411505
0.5462863293864371	0.037113280715243835
0.5468245425188375	0.03718506509428845
0.5473627556512379	0.037258501780803865
0.5479009687836384	0.0373444803876938
0.5484391819160388	0.03727903651162194
0.5489773950484392	0.037368114257169426
0.5495156081808397	0.037454653422544885
0.55005382131324	0.03754006754242359
0.5505920344456404	0.03743622318285284
0.5511302475780409	0.037231686985826976
0.5516684607104413	0.034651464711929626
0.5522066738428417	0.03473486173891381
0.5527448869752422	0.034818560200935295
0.5532831001076426	0.03416617885070488
0.553821313240043	0.03403405693900556
0.5543595263724435	0.03410468121727549
0.5548977395048439	0.034174083945906646
0.5554359526372443	0.03424959291454505
0.5559741657696448	0.034332722994434725
0.5565123789020452	0.03441615610013201
0.5570505920344456	0.03449989370621506
0.5575888051668461	0.03458393729624238
0.5581270182992465	0.03409427566581314
0.5586652314316469	0.03417753397024736
0.5592034445640474	0.034261097622986354
0.5597416576964478	0.034344968119003456
0.5602798708288482	0.034429146962432385
0.5608180839612487	0.03451363566663467
0.5613562970936491	0.03459843575426768
0.5618945102260495	0.03374096487822843
0.56243272335845	0.03213312117543706
0.5629709364908504	0.0315118989285578
0.5635091496232508	0.031586661529313026
0.5640473627556513	0.031664749691313804
0.5645855758880517	0.031211532657328445
0.5651237890204521	0.03128888465895751
0.5656620021528526	0.031358837490784996
0.566200215285253	0.030371671090196995
0.5667384284176534	0.030409265298949252
0.5672766415500539	0.029817249545219825
0.5678148546824543	0.02989160677600591
0.5683530678148547	0.029766743133085662
0.5688912809472552	0.029678622899074195
0.5694294940796556	0.029550141285067617
0.569967707212056	0.029435656697592454
0.5705059203444564	0.029506378212938743
0.5710441334768568	0.029580514841614468
0.5715823466092572	0.02965493123115312
0.5721205597416577	0.029399343429107078
0.5726587728740581	0.02923933451869606
0.5731969860064585	0.029078423862340944
0.573735199138859	0.029151947057947367
0.5742734122712594	0.029225749455562423
0.5748116254036598	0.029299832470658906
0.5753498385360603	0.029222050997121645
0.5758880516684607	0.02917555946927054
0.5764262648008611	0.029067008724266454
0.5769644779332616	0.02801665555785649
0.577502691065662	0.02807458616992666
0.5780409041980624	0.02814629647942839
0.5785791173304629	0.027169362287115473
0.5791173304628633	0.02723893811883664
0.5796555435952637	0.02730878154991058
0.5801937567276642	0.027378893954403287
0.5807319698600646	0.027283782230518937
0.581270182992465	0.02718974453158525
0.5818083961248655	0.027096790108380408
0.5823466092572659	0.027004928285742868
0.5828848223896663	0.02691416846322148
0.5834230355220668	0.02650882905670439
0.5839612486544672	0.025168550778679626
0.5844994617868676	0.025233838848144424
0.5850376749192681	0.025299381286711033
0.5855758880516685	0.02535898708360507
0.5861141011840689	0.025235654764327584
0.5866523143164694	0.02517135484144291
0.5871905274488698	0.025237076394553724
0.5877287405812702	0.02530305567924537
0.5882669537136707	0.025052255980134566
0.5888051668460711	0.02496762209410627
0.5893433799784715	0.024716424407892373
0.589881593110872	0.02478138215929288
0.5904198062432723	0.024846596322869965
0.5909580193756727	0.024912068249939454
0.5914962325080731	0.024848528827136982
0.5920344456404736	0.024908950589373587
0.592572658772874	0.024962615765878444
0.5931108719052745	0.021730528880797254
0.5936490850376749	0.02177880081727142
0.5941872981700753	0.021821968726182396
0.5947255113024758	0.021876473905644744
0.5952637244348762	0.02193473348994739
0.5958019375672766	0.021736785591323006
0.596340150699677	0.021794827742434682
0.5968783638320775	0.020327392288183282
0.5974165769644779	0.020374657604104895
0.5979547900968784	0.02042928135103279
0.5984930032292788	0.020484125059357712
0.5990312163616792	0.020370578483273123
0.5995694294940797	0.020425411803551112
0.6001076426264801	0.020378510109276837
0.6006458557588805	0.020333099706634616
0.601184068891281	0.02038805403016606
0.6017222820236814	0.020443231442967592
0.6022604951560818	0.020498633154195145
0.6027987082884823	0.020168943837930723
0.6033369214208827	0.020223750750533797
0.6038751345532831	0.019088496493505094
0.6044133476856836	0.018953334553740892
0.604951560818084	0.019005048972714263
0.6054897739504844	0.01905697533602769
0.6060279870828849	0.016853708374140658
0.6065662002152853	0.01689988291763145
0.6071044133476857	0.016942489282251286
0.6076426264800862	0.016546624189047624
0.6081808396124866	0.016592144475674992
0.608719052744887	0.01652973916728312
0.6092572658772875	0.01657533844774459
0.6097954790096879	0.01662112667550079
0.6103336921420882	0.016667104895903284
0.6108719052744886	0.016713274161542904
0.6114101184068891	0.016759635532310014
0.6119483315392895	0.01677922135916621
0.61248654467169	0.016816236655791867
0.6130247578040904	0.016863078540626943
0.6135629709364908	0.016910116416611956
0.6141011840688912	0.01519900440584335
0.6146393972012917	0.01510403126196643
0.6151776103336921	0.014955367054491277
0.6157158234660925	0.014997317593213553
0.616254036598493	0.015039444889823703
0.6167922497308934	0.015081749938740225
0.6173304628632938	0.015021510827931236
0.6178686759956943	0.014923882324782447
0.6184068891280947	0.014746317150612837
0.6189451022604952	0.014567288800419794
0.6194833153928956	0.014608555907503136
0.620021528525296	0.01464999861929747
0.6205597416576965	0.014691617933556838
0.6210979547900969	0.014616001654584541
0.6216361679224973	0.014657642684939482
0.6221743810548978	0.013368961654376023
0.6227125941872982	0.01340715868767424
0.6232508073196986	0.013445519656737685
0.623789020452099	0.013484045501026332
0.6243272335844995	0.013522737166739462
0.6248654467168999	0.013450440951959434
0.6254036598493004	0.013379740044100186
0.6259418729817008	0.013310649134777707
0.6264800861141012	0.01324318304540367
0.6270182992465017	0.013177356728448253
0.6275565123789021	0.013215496690035657
0.6280947255113025	0.013249607758694038
0.628632938643703	0.013288068158574137
0.6291711517761034	0.013175007488339208
0.6297093649085038	0.012942299532149829
0.6302475780409041	0.01283062208864021
0.6307857911733046	0.012714992885940392
0.631324004305705	0.012593764594244695
0.6318622174381054	0.012257568828997404
0.6324004305705059	0.012293514778642559
0.6329386437029063	0.012329619080488791
0.6334768568353067	0.012352925941479607
0.6340150699677072	0.012378482511003161
0.6345532831001076	0.01240630839422102
0.635091496232508	0.01244295923142699
0.6356297093649085	0.012479772720277366
0.6361679224973089	0.012516749824633744
0.6367061356297093	0.012553891515508028
0.6372443487621098	0.01259119877112618
0.6377825618945102	0.012624250302882384
0.6383207750269106	0.01252091745394748
0.6388589881593111	0.012558293326944338
0.6393972012917115	0.012586912814836957
0.639935414424112	0.012590883847389753
0.6404736275565124	0.012621904461678678
0.6410118406889128	0.012659808078680716
0.6415500538213132	0.012697882689443666
0.6420882669537137	0.012736129324050424
0.6426264800861141	0.012693048019123356
0.6431646932185145	0.012731395596220406
0.643702906350915	0.012769917216783857
0.6442411194833154	0.012808613935622595
0.6447793326157158	0.012847486815548613
0.6453175457481163	0.012886536927449975
0.6458557588805167	0.012820336260951921
0.6463939720129172	0.008844471702251038
0.6469321851453176	0.008526480217273431
0.647470398277718	0.008545551788776171
0.6480086114101185	0.008567041834108512
0.6485468245425189	0.008586274814114302
0.6490850376749193	0.008466857665353671
0.6496232508073198	0.008492909535093221
0.6501614639397201	0.008519081829500287
0.6506996770721205	0.008058247240678905
0.6512378902045209	0.008083156814838654
0.6517761033369214	0.007958684747483725
0.6523143164693218	0.007971362935723215
0.6528525296017222	0.007996118721237884
0.6533907427341227	0.008020990008084658
0.6539289558665231	0.008045977515898006
0.6544671689989235	0.008071081969925769
0.655005382131324	0.008096304101081787
0.6555435952637244	0.0081216446459991
0.6560818083961248	0.008147104347083737
0.6566200215285253	0.008172683952569088
0.6571582346609257	0.008193447553952272
0.6576964477933261	0.008199444843331332
0.6582346609257266	0.008207923183456601
0.658772874058127	0.00821890600173375
0.6593110871905274	0.008134069605213633
0.6598493003229279	0.008051161772399893
0.6603875134553283	0.007970202151018669
0.6609257265877287	0.007995544606188839
0.6614639397201292	0.007999911718532898
0.6620021528525296	0.007974963427070778
0.66254036598493	0.007952362715650502
0.6630785791173305	0.00793213250363406
0.6636167922497309	0.007914295931988191
0.6641550053821313	0.007826385542770218
0.6646932185145318	0.007792196849914595
0.6652314316469322	0.007317841405714396
0.6657696447793326	0.007284307456895887
0.6663078579117331	0.007253124334394854
0.6668460710441335	0.007224315387732733
0.667384284176534	0.007247732941663796
0.6679224973089344	0.007181308737592801
0.6684607104413348	0.007191464403216057
0.6689989235737352	0.007214889368698845
0.6695371367061357	0.007233115224730117
0.670075349838536	0.007211298749218961
0.6706135629709364	0.007234903655108385
0.6711517761033369	0.0072586246506989045
0.6716899892357373	0.007282462498484451
0.6722282023681377	0.00730101653260843
0.6727664155005382	0.006977064547324878
0.6733046286329386	0.0068908590504819026
0.673842841765339	0.0069136387498223385
0.6743810548977395	0.006936531593364797
0.6749192680301399	0.006959538331651247
0.6754574811625403	0.006982659721457398
0.6759956942949408	0.007005896525854926
0.6765339074273412	0.00692392001293829
0.6770721205597416	0.006933126201072759
0.6776103336921421	0.0069563139141198245
0.6781485468245425	0.006738365700399927
0.6786867599569429	0.006760977665837511
0.6792249730893434	0.006783703641184863
0.6797631862217438	0.006806544394185486
0.6803013993541442	0.0067224900336794735
0.6808396124865447	0.00674520114865812
0.6813778256189451	0.0067680275484843745
0.6819160387513455	0.0067909700147504234
0.682454251883746	0.006814029335683361
0.6829924650161464	0.006837206306212897
0.6835306781485468	0.006848912765367917
0.6840688912809473	0.00686356650767577
0.6846071044133477	0.006887031692317397
0.6851453175457481	0.006714513419817224
0.6856835306781486	0.00656211395273634
0.686221743810549	0.006551262660792067
0.6867599569429494	0.006573814339486704
0.6872981700753499	0.006156529304342193
0.6878363832077503	0.0061040526450567255
0.6883745963401507	0.006125173934485987
0.6889128094725512	0.0061464050399781395
0.6894510226049516	0.00616774672414473
0.689989235737352	0.006189199756228713
0.6905274488697524	0.00621076491217376
0.6910656620021528	0.006232442974694437
0.6916038751345532	0.006248132633004276
0.6921420882669537	0.006245523615981504
0.6926803013993541	0.006267437733932316
0.6932185145317545	0.006289467392048071
0.693756727664155	0.006311613403991902
0.6942949407965554	0.006333876590602103
0.6948331539289558	0.006356257779968188
0.6953713670613563	0.006378757807507899
0.6959095801937567	0.00640137751604516
0.6964477933261571	0.006282399755813429
0.6969860064585576	0.006148106799169009
0.697524219590958	0.0060852308502031315
0.6980624327233584	0.006025049738762469
0.6986006458557589	0.006046606267344803
0.6991388589881593	0.006068278691242096
0.6996770721205597	0.006073980637212979
0.7002152852529602	0.006082913429890398
0.7007534983853606	0.006095111886478765
0.701291711517761	0.006076461527725039
0.7018299246501615	0.0060609005879633205
0.7023681377825619	0.006048463014419436
0.7029063509149623	0.006039183125311091
0.7034445640473628	0.006033095614352812
0.7039827771797632	0.006030235555322471
0.7045209903121636	0.005890591694907423
0.7050592034445641	0.005912129507320247
0.7055974165769645	0.005546726040126591
0.7061356297093649	0.005545237398246761
0.7066738428417654	0.00435227837312296
0.7072120559741658	0.004368308864368348
0.7077502691065662	0.004365740053085889
0.7082884822389667	0.004375058802079979
0.7088266953713671	0.004347904516316933
0.7093649085037675	0.004364037742722562
0.709903121636168	0.004281338535188787
0.7104413347685683	0.004290361263217499
0.7109795479009687	0.004306370073901147
0.7115177610333692	0.004322468653616665
0.7120559741657696	0.004338657674791259
0.71259418729817	0.004354937816160082
0.7131324004305705	0.004371309762837375
0.7136706135629709	0.004387774206388552
0.7142088266953713	0.0044043318449032256
0.7147470398277718	0.004406716521422102
0.7152852529601722	0.004423408629457792
0.7158234660925726	0.004440195758981351
0.7163616792249731	0.004431826289532957
0.7168998923573735	0.004448709437302607
0.7174381054897739	0.004465689244315212
0.7179763186221744	0.004482766449838406
0.7185145317545748	0.004467341784104065
0.7190527448869752	0.004425414008002765
0.7195909580193757	0.004387132381374237
0.7201291711517761	0.004404038479183001
0.7206673842841765	0.004421042488755136
0.721205597416577	0.004438145167628464
0.7217438105489774	0.004455347280681287
0.7222820236813778	0.004472649600217914
0.7228202368137783	0.004490052906055338
0.7233584499461787	0.004507557985611109
0.7238966630785791	0.004525165633992402
0.7244348762109796	0.004542876654086306
0.72497308934338	0.00456069185665135
0.7255113024757804	0.004578612060410295
0.7260495156081809	0.004596638092144193
0.7265877287405813	0.004614770786787761
0.7271259418729817	0.004625214993107984
0.7276641550053822	0.004627878936962033
0.7282023681377826	0.00463445664294322
0.728740581270183	0.004644994733037919
0.7292787944025835	0.004643699178482527
0.7298170075349839	0.004662236899753914
0.7303552206673842	0.004680885847352929
0.7308934337997847	0.004699646912873382
0.7314316469321851	0.004718520996860825
0.7319698600645855	0.004737509008920627
0.732508073196986	0.004756611867827566
0.7330462863293864	0.00477583050163697
0.7335844994617868	0.004795165847797444
0.7341227125941873	0.004814618853265181
0.7346609257265877	0.004834190474619918
0.7351991388589881	0.004853881678182525
0.7357373519913886	0.00487369344013429
0.736275565123789	0.004893626746637907
0.7368137782561894	0.0049136825939601935
0.7373519913885899	0.00493386198859658
0.7378902045209903	0.004954165947397389
0.7384284176533907	0.004974595497695935
0.7389666307857912	0.004899280663104483
0.7395048439181916	0.004911012195032537
0.740043057050592	0.004931389838995328
0.7405812701829925	0.004943268013807448
0.7411194833153929	0.004963864963864979
0.7416576964477933	0.004962844219107282
0.7421959095801938	0.0047731771668494995
0.7427341227125942	0.004720803086635584
0.7432723358449946	0.004740638393722288
0.7438105489773951	0.004760598976432697
0.7443487621097955	0.004685638145997926
0.7448869752421959	0.004577738357544089
0.7454251883745964	0.004597135553974361
0.7459634015069968	0.004616656299426481
0.7465016146393972	0.004627266997506888
0.7470398277717977	0.004646999479372589
0.7475780409041981	0.0046668584515066605
0.7481162540365985	0.004686844997337524
0.748654467168999	0.004706960211918371
0.7491926803013994	0.0047272052020771605
0.7497308934337998	0.004747581086568873
0.7502691065662002	0.004768088996230077
0.7508073196986006	0.004788730074135834
0.751345532831001	0.004809505475758984
0.7518837459634015	0.004830416369131849
0.7524219590958019	0.004851463935010419
0.7529601722282023	0.004872649367041032
0.7534983853606028	0.004855752320707957
0.7540365984930032	0.004843458939105627
0.7545748116254036	0.004864748868508289
0.7551130247578041	0.004847451688232075
0.7556512378902045	0.004854266200066612
0.7561894510226049	0.004875745254049208
0.7567276641550054	0.0048777451054593515
0.7572658772874058	0.004899423972594726
0.7578040904198062	0.004921247687394703
0.7583423035522067	0.004933274813266085
0.7588805166846071	0.004955347631222533
0.7594187298170075	0.004838960092218004
0.759956942949408	0.004860708227463928
0.7604951560818084	0.004882603309569621
0.7610333692142088	0.0048325978348551886
0.7615715823466093	0.004854464793383945
0.7621097954790097	0.004861089735039332
0.7626480086114101	0.004872878444307033
0.7631862217438106	0.004895078346103421
0.763724434876211	0.004917430302021701
0.7642626480086114	0.004939935703861617
0.7648008611410119	0.004962595959383918
0.7653390742734123	0.004843052479876286
0.7658772874058127	0.0048388862404435415
0.7664155005382132	0.0048612367542562145
0.7669537136706136	0.004883742479970363
0.767491926803014	0.004906404858067674
0.7680301399354145	0.0049292253457796165
0.7685683530678149	0.004952205417321712
0.7691065662002153	0.004975346564131627
0.7696447793326158	0.004998650295111166
0.7701829924650161	0.005022118136872251
0.7707212055974165	0.005045751633986944
0.771259418729817	0.0050695523492416
0.7717976318622174	0.005093521863895225
0.7723358449946178	0.005117661777942121
0.7728740581270183	0.005141973710378901
0.7734122712594187	0.005019605625306353
0.7739504843918191	0.00489885214228891
0.7744886975242196	0.004922291626223307
0.77502691065662	0.004831158996247988
0.7755651237890204	0.004854385722191488
0.7761033369214209	0.004836461229533528
0.7766415500538213	0.004848185010573706
0.7771797631862217	0.0048599657663769774
0.7777179763186222	0.004865926953305603
0.7782561894510226	0.004877794313341059
0.778794402583423	0.004901588431942723
0.7793326157158235	0.004925557079531686
0.7798708288482239	0.004949701967176448
0.7804090419806243	0.0049740248269660135
0.7809472551130248	0.004998527412320526
0.7814854682454252	0.0050232114983072935
0.7820236813778256	0.00504807888196228
0.7825618945102261	0.00505470522238329
0.7831001076426265	0.004984383294445895
0.7836383207750269	0.005009243061500488
0.7841765339074274	0.0050342892768079905
0.7847147470398278	0.0048903508771929935
0.7852529601722282	0.004456702896269151
0.7857911733046287	0.004391605382074099
0.7863293864370291	0.004413785207236089
0.7868675995694295	0.004436133486766399
0.78740581270183	0.004432949945383282
0.7879440258342304	0.004436134898800068
0.7884822389666308	0.004445785947966974
0.7890204520990313	0.004455477843311238
0.7895586652314317	0.00439416792357969
0.790096878363832	0.0044167600465801
0.7906350914962325	0.004439526850943915
0.7911733046286329	0.004462470142163263
0.7917115177610333	0.004485591749117477
0.7922497308934338	0.004463584774465604
0.7927879440258342	0.004473304473304475
0.7933261571582346	0.004496663765593271
0.7938643702906351	0.004486031559425679
0.7944025834230355	0.0043778886277958725
0.7949407965554359	0.004400930146889535
0.7954790096878364	0.00442415405267787
0.7960172228202368	0.0044475622751788116
0.7965554359526372	0.004471156770007346
0.7970936490850377	0.004494939518783981
0.7976318622174381	0.00443049645390071
0.7981700753498385	0.004454188948306597
0.798708288482239	0.004478071998967758
0.7992465016146394	0.004502147654876187
0.7997847147470398	0.004446714778425067
0.8003229278794403	0.004470751074524661
0.8008611410118407	0.004480333992529117
0.8013993541442411	0.004504683633792862
0.8019375672766416	0.004529232318445684
0.802475780409042	0.004539092628162179
0.8030139935414424	0.004548993188112885
0.8035522066738429	0.004573987656179439
0.8040904198062433	0.004599188690097783
0.8046286329386437	0.004586548559426512
0.8051668460710442	0.0046119588007529745
0.8057050592034446	0.004637580794090492
0.806243272335845	0.0046634168987929455
0.8067814854682455	0.00468946950716609
0.8073196986006459	0.004715741045021362
0.8078579117330463	0.004742233972240583
0.8083961248654468	0.0047689507833517985
0.8089343379978472	0.004795894008116498
0.8094725511302476	0.004823066212128489
0.810010764262648	0.004850469997424674
0.8105489773950484	0.004861920486920489
0.8110871905274488	0.004889702889702892
0.8116254036598493	0.004917724109701189
0.8121636167922497	0.004945986891940851
0.8127018299246501	0.004974494021001029
0.8132400430570506	0.005003248321700457
0.813778256189451	0.005032252659797272
0.8143164693218514	0.00506150994270307
0.8148546824542519	0.005091023120211542
0.8153928955866523	0.005120795185242019
0.8159311087190527	0.005073656771449643
0.8164693218514532	0.0051035018112817
0.8170075349838536	0.0051336109665105
0.817545748116254	0.005146532614197695
0.8180839612486545	0.005177075834459996
0.8186221743810549	0.005207891762046067
0.8191603875134553	0.005194562899786783
0.8196986006458558	0.005225668066851374
0.8202368137782562	0.0052570534606462774
0.8207750269106566	0.005288722457397158
0.8213132400430571	0.005320678484330072
0.8218514531754575	0.005352925020598739
0.8223896663078579	0.005385465598231558
0.8229278794402584	0.005418303803098824
0.8234660925726588	0.0054514432759006515
0.8240043057050592	0.005466126339093077
0.8245425188374597	0.005499764039641343
0.8250807319698601	0.00553371320037987
0.8256189451022605	0.005520200282842184
0.826157158234661	0.0055352575812933884
0.8266953713670614	0.0055407209612817095
0.8272335844994618	0.0055558800623052955
0.8277717976318623	0.005538466562173457
0.8283100107642627	0.005573299685205994
0.8288482238966631	0.005608462459245149
0.8293864370290636	0.0056439590570884724
0.829924650161464	0.005117205813408342
0.8304628632938643	0.005028477066693625
0.8310010764262648	0.0050606079105702615
0.8315392895586652	0.005093047704868789
0.8320775026910656	0.005125800423228074
0.832615715823466	0.005158870103377932
0.8331539289558665	0.005192260848383615
0.8336921420882669	0.005225976827918573
0.8342303552206674	0.005260022279566251
0.8347685683530678	0.005294401510151652
0.8353067814854682	0.005329118897103466
0.8358449946178687	0.005299467932125393
0.8363832077502691	0.005280166174512185
0.8369214208826695	0.005260492936710887
0.83745963401507	0.005295446378150826
0.8379978471474704	0.0052753783684016215
0.8385360602798708	0.005310665180230395
0.8390742734122713	0.005346307228419861
0.8396124865446717	0.005382309297298109
0.8401506996770721	0.005418676252009583
0.8406889128094726	0.0054554130401588
0.841227125941873	0.005492524693493214
0.8417653390742734	0.005530016329626274
0.8423035522066739	0.005567893153801796
0.8428417653390743	0.005606160460700778
0.8433799784714747	0.005644823636291817
0.8439181916038752	0.005683888159726363
0.8444564047362756	0.005723359605280018
0.844994617868676	0.005763243644341202
0.8455328310010765	0.005803546047448484
0.8460710441334769	0.005844272686377947
0.8466092572658773	0.005885429536282017
0.8471474703982778	0.005927022677881183
0.8476856835306782	0.0059690582997101276
0.8482238966630786	0.006011542700419808
0.8487621097954791	0.006054482291137093
0.8493003229278795	0.006097883597883595
0.8498385360602799	0.00614175326405542
0.8503767491926802	0.006186098052965567
0.8509149623250807	0.006230924850450825
0.8514531754574811	0.006276240667545012
0.8519913885898815	0.006322052643220524
0.852529601722282	0.006368368047200161
0.8530678148546824	0.006415194282841339
0.8536060279870828	0.006367574705158813
0.8541442411194833	0.0064147419251970265
0.8546824542518837	0.0064624351737115025
0.8552206673842842	0.006510662301873529
0.8557588805166846	0.006559431307880072
0.856297093649085	0.006608750340270148
0.8568353067814855	0.0066586277013287905
0.8573735199138859	0.006709071850581281
0.8579117330462863	0.006644870760840339
0.8584499461786868	0.006623032343579172
0.8589881593110872	0.006571417429537985
0.8595263724434876	0.006489340799685624
0.860064585575888	0.006242451242451239
0.8606027987082885	0.006290842337353962
0.8611410118406889	0.0063397983088508796
0.8616792249730894	0.006315864137483783
0.8622174381054898	0.006365400326797382
0.8627556512378902	0.006415521589213109
0.8632938643702907	0.006466237174898588
0.8638320775026911	0.006517556517556513
0.8643702906350915	0.006569489238811944
0.864908503767492	0.00662204515272244
0.8654467168998924	0.006675234270414989
0.8659849300322928	0.00672906680485382
0.8665231431646933	0.006783553175743325
0.8670613562970937	0.0068387040145705055
0.8675995694294941	0.006894530169791489
0.8681377825618946	0.00695104271216683
0.868675995694295	0.007008252940250507
0.8692142088266954	0.007066172386037702
0.8697524219590959	0.007124812820776603
0.8702906350914962	0.00706892577224527
0.8708288482238966	0.007128079962807991
0.871367061356297	0.007187979794428227
0.8719052744886975	0.007213180630902145
0.8724434876210979	0.00727430928031657
0.8729817007534983	0.007246063228753453
0.8735199138858988	0.0072716251439655655
0.8740581270182992	0.00733404252717557
0.8745963401506996	0.007397267031720187
0.8751345532831001	0.007461312633726422
0.8756727664155005	0.007526193613150131
0.876210979547901	0.00743370672742231
0.8767491926803014	0.007498914681171628
0.8772874058127018	0.007564984414045388
0.8778256189451022	0.007631931178771453
0.8783638320775027	0.007699770567027199
0.8789020452099031	0.007768518518518513
0.8794402583423035	0.007838191330343792
0.879978471474704	0.007908805666653196
0.8805166846071044	0.007980378568613857
0.8810548977395048	0.008052927464692165
0.8815931108719053	0.008022692680226923
0.8821313240043057	0.00799156577716336
0.8826695371367062	0.00806522076128468
0.8832077502691066	0.008139898731296577
0.883745963401507	0.008215618719494684
0.8842841765339075	0.008292400202854447
0.8848223896663079	0.008370263115557306
0.8853606027987083	0.008449227861930489
0.8858988159311088	0.008529315329816085
0.8864370290635092	0.008610546904385763
0.8869752421959096	0.008692944482418162
0.88751345532831	0.008776530487056799
0.8880516684607105	0.008861327883067009
0.8885898815931109	0.008947360192611348
0.8891280947255114	0.009034651511563654
0.8896663078579118	0.009123226526382906
0.8902045209903121	0.009213110531568945
0.8907427341227125	0.009304329447723093
0.891280947255113	0.009347651183028745
0.8918191603875134	0.009441127694859034
0.8923573735199138	0.009536013400335004
0.8928955866523143	0.009632336768015155
0.8934337997847147	0.009730126989010232
0.8939720129171151	0.009829413999102173
0.8945102260495156	0.009930228501657068
0.895048439181916	0.010032601991364873
0.8955866523143164	0.010136566778840157
0.8961248654467169	0.00983736327000575
0.8966630785791173	0.009558609656777189
0.8972012917115177	0.00930100119408468
0.8977395048439182	0.00906525573192239
0.8982777179763186	0.008852114525873386
0.898815931108719	0.008662343080365606
0.8993541442411195	0.008496732026143788
0.8998923573735199	0.008181730117213988
0.9004305705059203	0.00800626713670192
0.9009687836383208	0.008004672527124416
0.9015069967707212	0.008092635961488421
0.9020452099031216	0.008182057353328073
0.9025834230355221	0.008272969101698384
0.9031216361679225	0.008365404510655908
0.903659849300323	0.008459397819764401
0.9041980624327234	0.008554984235806936
0.9047362755651238	0.008652199965759288
0.9052744886975242	0.008686147186147186
0.9058127018299247	0.008785987958401752
0.9063509149623251	0.008754678537417227
0.9068891280947255	0.008856477125061614
0.907427341227126	0.008960061652840112
0.9079655543595264	0.009065474142873524
0.9085037674919269	0.009172757860540667
0.9090419806243273	0.009281957358880436
0.9095801937567277	0.009393118524855052
0.910118406889128	0.00950628862756415
0.9106566200215285	0.009621516368504321
0.9111948331539289	0.009738851933973886
0.9117330462863293	0.009858347049728168
0.9122712594187298	0.00986644449493802
0.9128094725511302	0.009989009022825448
0.9133476856835306	0.010113871635610767
0.9138858988159311	0.010241090146750524
0.9144241119483315	0.010291112703341033
0.9149623250807319	0.010422209680453657
0.9155005382131324	0.010555827753279986
0.9160387513455328	0.010692031982354567
0.9165769644779332	0.010830889540566964
0.9171151776103337	0.010887587358175597
0.9176533907427341	0.011030845086572644
0.9181916038751345	0.01117694899500407
0.918729817007535	0.011325974981604125
0.9192680301399354	0.011478001491424314
0.9198062432723358	0.011633109619686804
0.9203444564047363	0.011699454556597417
0.9208826695371367	0.011859721057372725
0.9214208826695371	0.012023303416784762
0.9219590958019376	0.011807151979565776
0.922497308934338	0.011972286972286975
0.9230355220667384	0.012140910732460031
0.9235737351991389	0.012313122232211237
0.9241119483315393	0.012489023978385683
0.9246501614639397	0.012668722165125046
0.9251883745963402	0.01285232683418483
0.9257265877287406	0.012669699213653516
0.926264800861141	0.01178259625017891
0.9268030139935415	0.0105119825708061
0.9273412271259419	0.010668877833056938
0.9278794402583423	0.010829312086185613
0.9284176533907428	0.01099339257233994
0.9289558665231432	0.011161230626879482
0.9294940796555436	0.011332941867293013
0.930032292787944	0.011508646392367322
0.9305705059203444	0.011688468992248062
0.9311087190527448	0.01187253937007874
0.9316469321851453	0.011498562679665042
0.9321851453175457	0.011682539682539683
0.9327233584499461	0.011870967741935483
0.9332615715823466	0.012063991607658012
0.933799784714747	0.012261761961881914
0.9343379978471474	0.01212572822110825
0.9348762109795479	0.012327823691460056
0.9354144241119483	0.012535014005602241
0.9359526372443487	0.012747471870103973
0.9364908503767492	0.012965377372157033
0.9370290635091496	0.013188918361332154
0.93756727664155	0.013418290854572714
0.9381054897739505	0.012967200610221205
0.9386437029063509	0.012808570097810898
0.9391819160387513	0.012510535187526338
0.9397201291711518	0.012575075075075076
0.9402583423035522	0.012394212394212395
0.9407965554359526	0.01187100361412288
0.9413347685683531	0.012090837014384416
0.9418729817007535	0.012316833967924311
0.9424111948331539	0.012549227061658732
0.9429494079655544	0.01278825995807128
0.9434876210979548	0.013034188034188035
0.9440258342303552	0.013287279063978094
0.9445640473627557	0.013071895424836602
0.9451022604951561	0.013330744839189803
0.9456404736275565	0.0131023102310231
0.946178686759957	0.012457912457912458
0.9467168998923574	0.012299869442726584
0.9472551130247578	0.012553474998246722
0.9477933261571583	0.012815005727376861
0.9483315392895587	0.013084795321637427
0.9488697524219591	0.013363195222097796
0.9494079655543596	0.013650575764508503
0.94994617868676	0.013947327411563034
0.9504843918191603	0.014253862079949036
0.9510226049515608	0.01457061457061457
0.9515608180839612	0.014898044111527257
0.9520990312163616	0.015236636023152877
0.9526372443487621	0.015586903517938
0.9531754574811625	0.01594938964626214
0.9537136706135629	0.01632466940264478
0.9542518837459634	0.016713352007469654
0.9547900968783638	0.01711608338114362
0.9553283100107642	0.017533548829464198
0.9558665231431647	0.01676201947204657
0.9564047362755651	0.015792181069958847
0.9569429494079655	0.014926160337552742
0.957481162540366	0.015308882397489992
0.9580193756727664	0.015706515706515704
0.9585575888051668	0.015607199817726132
0.9590958019375673	0.01567251461988304
0.9596340150699677	0.016096096096096094
0.9601722282023681	0.016537085030235713
0.9607104413347686	0.016996448503297817
0.961248654467169	0.01617110067814293
0.9617868675995694	0.01663313212608987
0.9623250807319699	0.017115251897860593
0.9628632938643703	0.01619778346121057
0.9634015069967707	0.01624231782265145
0.9639397201291712	0.016734509271822705
0.9644779332615716	0.01724941724941725
0.965016146393972	0.01730769230769231
0.9655543595263725	0.017857142857142856
0.9660925726587729	0.018433179723502304
0.9666307857911733	0.019037546271813855
0.9671689989235738	0.019672131147540985
0.9677072120559742	0.020338983050847456
0.9682454251883746	0.02104032729398013
0.9687836383207751	0.021778584392014518
0.9693218514531755	0.022556390977443608
0.9698600645855759	0.023376623376623377
0.9703982777179763	0.024242424242424242
0.9709364908503767	0.02410901467505241
0.9714747039827771	0.024310595065312045
0.9720129171151776	0.02526395173453997
0.972551130247578	0.02627450980392157
0.9730893433799784	0.027346938775510202
0.9736275565123789	0.027210884353741496
0.9741657696447793	0.0274822695035461
0.9747039827771797	0.0272895467160037
0.9752421959095802	0.02753623188405797
0.9757804090419806	0.02878787878787879
0.976318622174381	0.030126849894291756
0.9768568353067815	0.029900332225913623
0.9773950484391819	0.030197444831591175
0.9779332615715823	0.03048780487804878
0.9784714747039828	0.03205128205128205
0.9790096878363832	0.033738191632928474
0.9795479009687836	0.03556187766714083
0.9800861141011841	0.03753753753753754
0.9806243272335845	0.03968253968253968
0.9811625403659849	0.040336134453781515
0.9817007534983854	0.0427807486631016
0.9822389666307858	0.043560606060606064
0.9827771797631862	0.046370967741935484
0.9833153928955867	0.047311827956989246
0.9838536060279871	0.05057471264367816
0.9843918191603875	0.054187192118226604
0.984930032292788	0.051587301587301584
0.9854682454251884	0.05128205128205128
0.9860064585575888	0.052307692307692305
0.9865446716899893	0.05333333333333334
0.9870828848223897	0.057971014492753624
0.9876210979547901	0.05928853754940711
0.9881593110871906	0.06493506493506493
0.988697524219591	0.06666666666666667
0.9892357373519914	0.07368421052631578
0.9897739504843919	0.07602339181286549
0.9903121636167922	0.08496732026143791
0.9908503767491926	0.08823529411764706
0.9913885898815931	0.1
0.9919268030139935	0.11428571428571428
0.9924650161463939	0.12087912087912088
0.9930032292787944	0.14102564102564102
0.9935414424111948	0.15151515151515152
0.9940796555435952	0.18181818181818182
0.9946178686759957	0.2
0.9951560818083961	0.25
0.9956942949407965	0.2857142857142857
0.996232508073197	0.38095238095238093
0.9967707212055974	0.4
0.9973089343379978	0.5
0.9978471474703983	0.8333333333333334
0.9983853606027987	0.8333333333333334
0.9989235737351991	1.0
0.9994617868675996	0.0
1.0	0.0
