Fraction_of_nodes	Efficiency
0.0005382131324004305	0.29004927994682467
0.001076426264800861	0.287120841996294
0.0016146393972012918	0.28472790353929067
0.002152852529601722	0.28320909619738105
0.002691065662002153	0.2805578694252338
0.0032292787944025836	0.27799363369539953
0.003767491926803014	0.2765078114211217
0.004305705059203444	0.27600937079161536
0.004843918191603875	0.27528430366053286
0.005382131324004306	0.2745754443597672
0.005920344456404736	0.27414925149182684
0.006458557588805167	0.2723762773221371
0.006996770721205597	0.27162502460264953
0.007534983853606028	0.2708411493405508
0.008073196986006458	0.26828454014912995
0.008611410118406888	0.26619330673626634
0.00914962325080732	0.26444422191231315
0.00968783638320775	0.26262786241017005
0.01022604951560818	0.26180994646133565
0.010764262648008612	0.26111336019011366
0.011302475780409042	0.2603587509607529
0.011840688912809472	0.25999206421408805
0.012378902045209902	0.2591752111525862
0.012917115177610334	0.25759338446976676
0.013455328310010764	0.2549010437502061
0.013993541442411194	0.25400438643557055
0.014531754574811625	0.25328190369437187
0.015069967707212056	0.2526072510396137
0.015608180839612486	0.24971046004322595
0.016146393972012917	0.24705521336500652
0.016684607104413347	0.24658418557320022
0.017222820236813777	0.24548394740125667
0.01776103336921421	0.24251340147208805
0.01829924650161464	0.24218587688133805
0.01883745963401507	0.24001286824536516
0.0193756727664155	0.23877434517871046
0.01991388589881593	0.2381478999392623
0.02045209903121636	0.23760759196601705
0.02099031216361679	0.23702569506268842
0.021528525296017224	0.23631087020207947
0.022066738428417654	0.23497371224775743
0.022604951560818085	0.23399367569152224
0.023143164693218515	0.2315249633272821
0.023681377825618945	0.2312614860423116
0.024219590958019375	0.23103131784931485
0.024757804090419805	0.2291315902113104
0.02529601722282024	0.22717780434595694
0.02583423035522067	0.22699597512912903
0.0263724434876211	0.22653447695572887
0.02691065662002153	0.22611452933784665
0.02744886975242196	0.2253994611925231
0.02798708288482239	0.22512250352174545
0.02852529601722282	0.22479395813489145
0.02906350914962325	0.22296296609854707
0.029601722282023683	0.2227613048154133
0.030139935414424113	0.22226665726105777
0.030678148546824543	0.22170032398218897
0.031216361679224973	0.22097313910298033
0.031754574811625406	0.22077105597598057
0.03229278794402583	0.2194571549130206
0.03283100107642627	0.21855485309942607
0.03336921420882669	0.21769001037009658
0.03390742734122713	0.2174726852043425
0.03444564047362755	0.21732284391543624
0.03498385360602799	0.21711591979676967
0.03552206673842842	0.21588750972157653
0.03606027987082885	0.21472472268051215
0.03659849300322928	0.2137384280572944
0.03713670613562971	0.2125175565849582
0.03767491926803014	0.21225086272479876
0.03821313240043057	0.21164619709265808
0.038751345532831	0.21118740670136738
0.039289558665231435	0.2091911384180933
0.03982777179763186	0.20876801660507163
0.040365984930032295	0.20722316361446366
0.04090419806243272	0.20507430566892018
0.041442411194833155	0.20481666920979713
0.04198062432723358	0.20433467730768523
0.042518837459634015	0.2011981438455782
0.04305705059203445	0.2009241579644369
0.043595263724434875	0.20019955658494887
0.04413347685683531	0.1998958031634255
0.044671689989235736	0.19846530826534187
0.04520990312163617	0.19700861670108338
0.045748116254036596	0.1958138549899015
0.04628632938643703	0.1949274698950269
0.04682454251883746	0.19473445869279077
0.04736275565123789	0.1934405148009602
0.04790096878363832	0.19314491075002918
0.04843918191603875	0.1928406390148977
0.04897739504843918	0.19232277757799926
0.04951560818083961	0.19124618713371233
0.05005382131324004	0.1910184902139834
0.05059203444564048	0.19060316621105228
0.051130247578040904	0.19039289159944287
0.05166846071044134	0.1892417222023528
0.052206673842841764	0.1885190346194662
0.0527448869752422	0.18802974475952453
0.053283100107642624	0.18788374379564055
0.05382131324004306	0.1875293342224934
0.05435952637244349	0.18634545721427792
0.05489773950484392	0.18515812998623007
0.05543595263724435	0.18393117652696786
0.05597416576964478	0.1827308386567525
0.05651237890204521	0.1822320202964679
0.05705059203444564	0.18198531481867847
0.05758880516684607	0.18065992374727435
0.0581270182992465	0.17984744253106938
0.05866523143164693	0.17968661574343062
0.059203444564047365	0.17927075677340054
0.05974165769644779	0.17850221512935155
0.060279870828848225	0.17810281129482958
0.06081808396124865	0.1754137654279128
0.061356297093649086	0.17487724330391383
0.06189451022604951	0.17403010441910646
0.062432723358449946	0.17327728000846926
0.06297093649085038	0.17091257228146145
0.06350914962325081	0.17064697900947726
0.06404736275565123	0.17050763812063083
0.06458557588805167	0.1695565732864227
0.0651237890204521	0.16907410349880644
0.06566200215285253	0.16788044175127242
0.06620021528525297	0.16639289500401455
0.06673842841765339	0.165963640377035
0.06727664155005382	0.16587808865771198
0.06781485468245425	0.16555577971418411
0.06835306781485469	0.1619681509070147
0.0688912809472551	0.1613335159821481
0.06942949407965554	0.1608093429697825
0.06996770721205597	0.15993980185380116
0.07050592034445641	0.15944038958378617
0.07104413347685684	0.15848922155808548
0.07158234660925726	0.1573680252987533
0.0721205597416577	0.15367125302919363
0.07265877287405813	0.15348274615506574
0.07319698600645856	0.15318973167340894
0.073735199138859	0.15262724250210122
0.07427341227125941	0.1493924901809446
0.07481162540365985	0.14900325457312388
0.07534983853606028	0.1489039474342135
0.07588805166846072	0.14785068162276685
0.07642626480086114	0.14770670416857967
0.07696447793326157	0.14692601354495063
0.077502691065662	0.1460736064790592
0.07804090419806244	0.1440284082215848
0.07857911733046287	0.14372913229058285
0.07911733046286329	0.14311361740950954
0.07965554359526372	0.14271621874553758
0.08019375672766416	0.14262533386936088
0.08073196986006459	0.14212347996666494
0.08127018299246501	0.1417667801569824
0.08180839612486544	0.14163992348128585
0.08234660925726588	0.14147937140888303
0.08288482238966631	0.14048081087545936
0.08342303552206674	0.13924601220739163
0.08396124865446716	0.13881450089941552
0.0844994617868676	0.13797714908570033
0.08503767491926803	0.1377134489071833
0.08557588805166846	0.13764094868019414
0.0861141011840689	0.1369285426841874
0.08665231431646932	0.13651574376012487
0.08719052744886975	0.13639727021148698
0.08772874058127018	0.13596457956998512
0.08826695371367062	0.13583333403585432
0.08880516684607104	0.13572512277888232
0.08934337997847147	0.13518483689412186
0.0898815931108719	0.13469808523277185
0.09041980624327234	0.1345922665742719
0.09095801937567277	0.13441579588360175
0.09149623250807319	0.13406043965268197
0.09203444564047362	0.13374808702185106
0.09257265877287406	0.13372491176311152
0.09311087190527449	0.13248477762780234
0.09364908503767493	0.1309669372984187
0.09418729817007535	0.1307348251030445
0.09472551130247578	0.13048099323923795
0.09526372443487621	0.1302172771120596
0.09580193756727665	0.1300516241946288
0.09634015069967707	0.12887003518340392
0.0968783638320775	0.12836993942371105
0.09741657696447793	0.1268188733159538
0.09795479009687837	0.1255904458301182
0.0984930032292788	0.12551794104784234
0.09903121636167922	0.12546407616422675
0.09956942949407965	0.12505346547064022
0.10010764262648009	0.12478517867551717
0.10064585575888052	0.1242112407034055
0.10118406889128095	0.12272231986595003
0.10172228202368137	0.1226205513733976
0.10226049515608181	0.12237004445960323
0.10279870828848224	0.12202253085272764
0.10333692142088267	0.12087053010953881
0.1038751345532831	0.12070738953681984
0.10441334768568353	0.12042820133702606
0.10495156081808396	0.12008695196053115
0.1054897739504844	0.11999333273329471
0.10602798708288483	0.11890044640642936
0.10656620021528525	0.11883957902329616
0.10710441334768568	0.11874235950041302
0.10764262648008611	0.11856008652141727
0.10818083961248655	0.11759596604831729
0.10871905274488698	0.11561155337382314
0.1092572658772874	0.11541265590600566
0.10979547900968784	0.11460052038775995
0.11033369214208827	0.11387041767783893
0.1108719052744887	0.1131982437786496
0.11141011840688912	0.11182005924871559
0.11194833153928956	0.11156446562917091
0.11248654467168999	0.1113921942239473
0.11302475780409042	0.11128945103633914
0.11356297093649086	0.11052419312208488
0.11410118406889128	0.10946519131840438
0.11463939720129171	0.10901142325533572
0.11517761033369214	0.1085314198325775
0.11571582346609258	0.10799893619817434
0.116254036598493	0.107802863020658
0.11679224973089343	0.1075958124872865
0.11733046286329386	0.10752032723803964
0.1178686759956943	0.10719642119219502
0.11840688912809473	0.10609733168915869
0.11894510226049515	0.10600567812169735
0.11948331539289558	0.10571581514653405
0.12002152852529602	0.10422053312888732
0.12055974165769645	0.1040373000137288
0.12109795479009688	0.10395609053275076
0.1216361679224973	0.10348951154637792
0.12217438105489774	0.10336012298391807
0.12271259418729817	0.10332266291159123
0.1232508073196986	0.10211049889592526
0.12378902045209902	0.1015129590022338
0.12432723358449946	0.09969568138290966
0.12486544671689989	0.0996520371284247
0.12540365984930033	0.09938481325121688
0.12594187298170076	0.09939493635901969
0.1264800861141012	0.09859333650689135
0.12701829924650163	0.09832332573940493
0.12755651237890203	0.09823680207292818
0.12809472551130247	0.09823691608436357
0.1286329386437029	0.09780165429325637
0.12917115177610333	0.09755096011430876
0.12970936490850377	0.09701259055664496
0.1302475780409042	0.09667071573262663
0.13078579117330463	0.09645741039684946
0.13132400430570507	0.09613264413055944
0.1318622174381055	0.09499664635014865
0.13240043057050593	0.09490918789173666
0.13293864370290634	0.09462048213298575
0.13347685683530677	0.09457295873666947
0.1340150699677072	0.09448379761164397
0.13455328310010764	0.09275372741112377
0.13509149623250807	0.09247963172161229
0.1356297093649085	0.09196330437623683
0.13616792249730894	0.091618620226851
0.13670613562970937	0.090969537146892
0.1372443487621098	0.09061744684975986
0.1377825618945102	0.09047044154042874
0.13832077502691065	0.09037386859741729
0.13885898815931108	0.0900997213824557
0.13939720129171151	0.08981168707499276
0.13993541442411195	0.08970838428861891
0.14047362755651238	0.08934074695264357
0.14101184068891282	0.08915927820091588
0.14155005382131325	0.08902400075192611
0.14208826695371368	0.0886397332439095
0.1426264800861141	0.08791708679758883
0.14316469321851452	0.08771967174791633
0.14370290635091496	0.08731902181349166
0.1442411194833154	0.08548473868844002
0.14477933261571582	0.08559160948449535
0.14531754574811626	0.08538611038373675
0.1458557588805167	0.08535764792019566
0.14639397201291712	0.08526659914195298
0.14693218514531756	0.0852041638378364
0.147470398277718	0.08514402371385951
0.1480086114101184	0.0852516647046482
0.14854682454251883	0.08440369405254039
0.14908503767491926	0.08373909827205746
0.1496232508073197	0.08323596864215965
0.15016146393972013	0.08308689062389148
0.15069967707212056	0.0828091441881775
0.151237890204521	0.08260516822245845
0.15177610333692143	0.08271006367416951
0.15231431646932186	0.08244099994398887
0.15285252960172227	0.08228638811780127
0.1533907427341227	0.08217317150458871
0.15392895586652314	0.08188516516360256
0.15446716899892357	0.08167267496754446
0.155005382131324	0.08160421655444307
0.15554359526372444	0.08138139454792613
0.15608180839612487	0.08134780287551255
0.1566200215285253	0.08101067129935208
0.15715823466092574	0.08098764526462172
0.15769644779332614	0.08074143620229479
0.15823466092572658	0.08038350275066268
0.158772874058127	0.08020777763447359
0.15931108719052745	0.07970307763264245
0.15984930032292788	0.07926520428264092
0.1603875134553283	0.07906446848655657
0.16092572658772875	0.07868461105818207
0.16146393972012918	0.07851672097314635
0.1620021528525296	0.07842115541424394
0.16254036598493002	0.07832569242128933
0.16307857911733045	0.07769903442179321
0.16361679224973089	0.07762303292863452
0.16415500538213132	0.07678040485904433
0.16469321851453175	0.07637271677334041
0.1652314316469322	0.07627847145914382
0.16576964477933262	0.07622878164875314
0.16630785791173305	0.07621109819111213
0.1668460710441335	0.07619372292623386
0.16738428417653392	0.07607360846935149
0.16792249730893433	0.07617208563241862
0.16846071044133476	0.07611948917650936
0.1689989235737352	0.07602339587770618
0.16953713670613563	0.07596009350028637
0.17007534983853606	0.07537913807549232
0.1706135629709365	0.07517043632051297
0.17115177610333693	0.0742129048553983
0.17168998923573736	0.07383638386281327
0.1722282023681378	0.0737835377751138
0.1727664155005382	0.07370902453714867
0.17330462863293863	0.07365948987925196
0.17384284176533907	0.07358762160617094
0.1743810548977395	0.07316971115521212
0.17491926803013993	0.07198921286906079
0.17545748116254037	0.07197136388425696
0.1759956942949408	0.07158672400460883
0.17653390742734124	0.07148538554195923
0.17707212055974167	0.071578952800522
0.17761033369214208	0.07125319715366413
0.1781485468245425	0.0711592680820705
0.17868675995694294	0.07106546111285567
0.17922497308934338	0.07050082173080871
0.1797631862217438	0.06978530783126849
0.18030139935414424	0.06987700994405598
0.18083961248654468	0.06871134876862468
0.1813778256189451	0.06880002827438358
0.18191603875134554	0.0668141315855195
0.18245425188374598	0.06690216074439372
0.18299246501614638	0.0668276458344748
0.18353067814854682	0.06679146903584884
0.18406889128094725	0.0666192932115335
0.18460710441334768	0.0664000706991307
0.18514531754574812	0.06611828335990964
0.18568353067814855	0.06547752071291082
0.18622174381054898	0.06556418851001593
0.18675995694294942	0.06516818690864948
0.18729817007534985	0.06510081114055434
0.18783638320775026	0.06477249858573117
0.1883745963401507	0.0648564072722796
0.18891280947255112	0.06494092236160241
0.18945102260495156	0.06489276298404396
0.189989235737352	0.06401636162340778
0.19052744886975242	0.061887258719233
0.19106566200215286	0.06084695100291036
0.1916038751345533	0.060085269207405714
0.19214208826695373	0.05972494517672239
0.19268030139935413	0.05904775718952837
0.19321851453175456	0.058981249193421605
0.193756727664155	0.05862859288909038
0.19429494079655543	0.058416194649135805
0.19483315392895587	0.05838293554360467
0.1953713670613563	0.05814587486943452
0.19590958019375673	0.05822077738525501
0.19644779332615717	0.05829882132276876
0.1969860064585576	0.05837402545918718
0.197524219590958	0.05815733910349379
0.19806243272335844	0.05771369973666574
0.19860064585575887	0.05746005132928232
0.1991388589881593	0.05736337613718138
0.19967707212055974	0.057438318450433706
0.20021528525296017	0.05587930798436119
0.2007534983853606	0.05557274195219375
0.20129171151776104	0.055358256812710165
0.20182992465016147	0.05496752828744042
0.2023681377825619	0.05451893832458191
0.2029063509149623	0.05459261256556108
0.20344456404736275	0.05445973591625058
0.20398277717976318	0.05441439289360388
0.20452099031216361	0.05420416229165201
0.20505920344456405	0.05418270677211553
0.20559741657696448	0.0506221353528751
0.20613562970936491	0.05067886340719102
0.20667384284176535	0.05010399871001848
0.20721205597416578	0.05017207479522231
0.2077502691065662	0.049928772556862344
0.20828848223896662	0.04986862669436968
0.20882669537136705	0.04881595952979459
0.2093649085037675	0.048454304299552
0.20990312163616792	0.04850875463073607
0.21044133476856836	0.04856377345137748
0.2109795479009688	0.04791431690196571
0.21151776103336922	0.04772859516666026
0.21205597416576966	0.0475059231901768
0.21259418729817006	0.04530181339197832
0.2131324004305705	0.04523805023793412
0.21367061356297093	0.04515596951630631
0.21420882669537136	0.04372735609622181
0.2147470398277718	0.043786398558686365
0.21528525296017223	0.043844149719864174
0.21582346609257266	0.04380499775095134
0.2163616792249731	0.04335620183376883
0.21689989235737353	0.04310044241012024
0.21743810548977396	0.04282812603737294
0.21797631862217437	0.04230955826718581
0.2185145317545748	0.04228907376855062
0.21905274488697524	0.04164906157607469
0.21959095801937567	0.041642188469426945
0.2201291711517761	0.041437468394232325
0.22066738428417654	0.04118519579485281
0.22120559741657697	0.04114841980821227
0.2217438105489774	0.04120537263839665
0.22228202368137784	0.04094541077580012
0.22282023681377824	0.040786800558611926
0.22335844994617868	0.0403727286388345
0.2238966630785791	0.04031743128147685
0.22443487621097954	0.04026242332604685
0.22497308934337998	0.040195532555601515
0.2255113024757804	0.04015073043089328
0.22604951560818085	0.040206611753692015
0.22658772874058128	0.04018172439453655
0.2271259418729817	0.040122038966175465
0.22766415500538212	0.03938527865713751
0.22820236813778255	0.03887841443686045
0.22874058127018299	0.038534098146197494
0.22927879440258342	0.038299876878522536
0.22981700753498385	0.037974623963103464
0.2303552206673843	0.03802777249209311
0.23089343379978472	0.03798176598344037
0.23143164693218515	0.03777988139065178
0.2319698600645856	0.03767186695057732
0.232508073196986	0.03772473974629743
0.23304628632938643	0.037777723931334356
0.23358449946178686	0.03773048786187253
0.2341227125941873	0.037781083693293416
0.23466092572658773	0.037828320391971294
0.23519913885898816	0.03787614828868853
0.2357373519913886	0.03792456974256891
0.23627556512378903	0.037969611259981245
0.23681377825618946	0.03770384907553299
0.2373519913885899	0.037757103099650975
0.2378902045209903	0.037593971648799546
0.23842841765339073	0.037419261908264764
0.23896663078579117	0.037471225175539725
0.2395048439181916	0.037524300565306784
0.24004305705059203	0.03757748880140219
0.24058127018299247	0.037533448372749995
0.2411194833153929	0.03699529441852027
0.24165769644779334	0.03658570855002595
0.24219590958019377	0.03479444764959679
0.24273412271259417	0.03410247770660998
0.2432723358449946	0.03343175357070399
0.24381054897739504	0.03320777140547287
0.24434876210979548	0.03223774301942554
0.2448869752421959	0.032283731240565945
0.24542518837459634	0.03217427690225418
0.24596340150699678	0.03090344166602183
0.2465016146393972	0.02996046822803998
0.24703982777179764	0.029929998451241464
0.24757804090419805	0.029318818248760415
0.24811625403659848	0.029359796756833874
0.24865446716899892	0.029087497276122178
0.24919268030139935	0.028142964228769857
0.24973089343379978	0.028183370494712093
0.2502691065662002	0.02806720615643196
0.25080731969860065	0.028107561593033587
0.2513455328310011	0.0273861773486795
0.2518837459634015	0.02736689574084675
0.25242195909580195	0.026956006898390446
0.2529601722282024	0.02699487641086109
0.2534983853606028	0.02682705370269947
0.25403659849300325	0.026041830597833257
0.2545748116254037	0.026079463301009315
0.25511302475780406	0.025150900728325046
0.2556512378902045	0.02518729855861206
0.25618945102260493	0.02489025500382371
0.25672766415500536	0.02492370423947555
0.2572658772874058	0.024877465890156235
0.25780409041980623	0.024913572516992458
0.25834230355220666	0.02445458060764714
0.2588805166846071	0.02309111702799116
0.25941872981700753	0.022808455274570195
0.25995694294940797	0.0218442351200225
0.2604951560818084	0.021757015044066432
0.26103336921420883	0.02178873080943679
0.26157158234660927	0.021820515974731374
0.2621097954790097	0.021851305932939054
0.26264800861141013	0.02188322895110259
0.26318622174381057	0.021800676953216455
0.263724434876211	0.021832572603477197
0.26426264800861143	0.02041474869838826
0.26480086114101187	0.020371897479745188
0.26533907427341225	0.02032922587539877
0.2658772874058127	0.020293691078739216
0.2664155005382131	0.020260627535920887
0.26695371367061355	0.020283747259840508
0.267491926803014	0.02025411015667364
0.2680301399354144	0.02018911507131375
0.26856835306781485	0.020213972003262453
0.2691065662002153	0.020243764150651197
0.2696447793326157	0.020189904118656583
0.27018299246501615	0.020215441398172142
0.2707212055974166	0.01933480878964507
0.271259418729817	0.01936338943826243
0.27179763186221745	0.019392033505478794
0.2723358449946179	0.019420741179062034
0.2728740581270183	0.019442293486542934
0.27341227125941875	0.019150653460629177
0.2739504843918192	0.019179066893063347
0.2744886975242196	0.019207543607084227
0.27502691065662	0.01923608379075003
0.2755651237890204	0.019264687632818057
0.27610333692142086	0.019211465581571028
0.2766415500538213	0.019240075359056613
0.27717976318622173	0.019188009569616422
0.27771797631862216	0.019146869877058326
0.2782561894510226	0.018934048147247834
0.27879440258342303	0.018908872207104886
0.27933261571582346	0.01892429877411132
0.2798708288482239	0.01894030935461146
0.28040904198062433	0.01895690651960148
0.28094725511302476	0.01897409285155566
0.2814854682454252	0.017976720484223066
0.28202368137782563	0.01691223461062543
0.28256189451022606	0.01693762835628703
0.2831001076426265	0.01696307933803953
0.28363832077502693	0.016988587728021542
0.28417653390742736	0.01684140821269138
0.2847147470398278	0.01686677177927676
0.2852529601722282	0.016890490322919543
0.2857911733046286	0.01673758061527888
0.28632938643702904	0.01660086781888675
0.2868675995694295	0.013972876225833188
0.2874058127018299	0.013992857464256119
0.28794402583423034	0.014011167922225069
0.2884822389666308	0.014032380894098233
0.2890204520990312	0.013989343276293165
0.28955866523143164	0.013993918137633685
0.2900968783638321	0.014011893594612076
0.2906350914962325	0.014033172096654008
0.29117330462863295	0.014046421430997505
0.2917115177610334	0.013862225102078983
0.2922497308934338	0.013869627678227022
0.29278794402583425	0.013888435839176008
0.2933261571582347	0.013901673749616084
0.2938643702906351	0.013919974567228195
0.29440258342303555	0.01393041558402008
0.294940796555436	0.013951699641444097
0.29547900968783636	0.013973032515513585
0.2960172228202368	0.013949848950908443
0.2965554359526372	0.013960041586915405
0.29709364908503766	0.013958944554821655
0.2976318622174381	0.01398035397898549
0.2981700753498385	0.014001812695760603
0.29870828848223896	0.014023320856583584
0.2992465016146394	0.013093406613121965
0.2997847147470398	0.01311355031560369
0.30032292787944026	0.013131371853366804
0.3008611410118407	0.013129403983535529
0.3013993541442411	0.013066001321928436
0.30193756727664156	0.013076507448421518
0.302475780409042	0.013054155254410763
0.30301399354144243	0.01307433169220738
0.30355220667384286	0.01309455494308473
0.3040904198062433	0.013101456349412554
0.30462863293864373	0.012995926794547722
0.3051668460710441	0.013016075518260199
0.30570505920344454	0.012701325500624309
0.306243272335845	0.012713378444916011
0.3067814854682454	0.01273313505477602
0.30731969860064584	0.011193791440707559
0.3078579117330463	0.011136104797987503
0.3083961248654467	0.011153450755616768
0.30893433799784714	0.011170837272772835
0.3094725511302476	0.01021318599161801
0.310010764262648	0.010226087018922478
0.31054897739504844	0.010234136903621129
0.3110871905274489	0.010229584402595414
0.3116254036598493	0.0102455931418796
0.31216361679224974	0.010261639489791707
0.3127018299246502	0.010277723564227117
0.3132400430570506	0.010293845483543552
0.31377825618945104	0.010278922359489944
0.3143164693218515	0.010244783886523268
0.3148546824542519	0.010260892037288243
0.3153928955866523	0.010101324817211085
0.3159311087190527	0.010049177272672835
0.31646932185145316	0.009996653292116514
0.3170075349838536	0.010011177947049482
0.317545748116254	0.009988159523058125
0.31808396124865446	0.00999521054619336
0.3186221743810549	0.009997067903885022
0.3191603875134553	0.010000857397345443
0.31969860064585576	0.009620125926820482
0.3202368137782562	0.009634116989085851
0.3207750269106566	0.009649397111193838
0.32131324004305706	0.00966471361454494
0.3218514531754575	0.009638234143965313
0.3223896663078579	0.009653557250712475
0.32292787944025836	0.009668916928120132
0.3234660925726588	0.009402270244859241
0.3240043057050592	0.009362294528039404
0.32454251883745966	0.009293479592322686
0.32508073196986004	0.008969887160484028
0.32561894510226047	0.008984216053711639
0.3261571582346609	0.008998579308793513
0.32669537136706134	0.009003917616556193
0.32723358449946177	0.00898700216190275
0.3277717976318622	0.00872756896856972
0.32831001076426264	0.008363835654045582
0.32884822389666307	0.008375973552978101
0.3293864370290635	0.008389428932179673
0.32992465016146394	0.007983804971771346
0.3304628632938644	0.007996650997470094
0.3310010764262648	0.008009528052216422
0.33153928955866524	0.007901363289954753
0.3320775026910657	0.00791410742429339
0.3326157158234661	0.00792688241610016
0.33315392895586654	0.007935776721286017
0.333692142088267	0.00794534242963632
0.3342303552206674	0.007955582765485738
0.33476856835306784	0.007968466300328629
0.3353067814854682	0.007971429210252668
0.33584499461786865	0.007826880357102977
0.3363832077502691	0.007839586331708663
0.3369214208826695	0.007786707605827828
0.33745963401506995	0.0077993689190080364
0.3379978471474704	0.007812061138567041
0.3385360602798708	0.00777200603331229
0.33907427341227125	0.007784674339805057
0.3396124865446717	0.007794936191589617
0.3401506996770721	0.007798007858894443
0.34068891280947255	0.0078107497018011325
0.341227125941873	0.007823522800250522
0.3417653390742734	0.007836327256552077
0.34230355220667386	0.007849163173434226
0.3428417653390743	0.007849566625188946
0.3433799784714747	0.007746486089721128
0.34391819160387516	0.0077592060997206695
0.3444564047362756	0.007771957465537794
0.344994617868676	0.00778474029031664
0.3455328310010764	0.007797554677625803
0.34607104413347684	0.007810400731460442
0.34660925726587727	0.007823278556244383
0.3471474703982777	0.007836188256832246
0.34768568353067814	0.007837093226995655
0.34822389666307857	0.007838672942638838
0.348762109795479	0.007851640143536504
0.34930032292787944	0.007854368895520146
0.34983853606027987	0.007814665656190328
0.3503767491926803	0.007816862581139849
0.35091496232508074	0.007819744166215186
0.35145317545748117	0.007823313814258293
0.3519913885898816	0.0078275749450678
0.35252960172228204	0.007830823500766818
0.35306781485468247	0.00783127974357415
0.3536060279870829	0.007844331876480107
0.35414424111948334	0.007732802269290565
0.35468245425188377	0.00770548162295418
0.35522066738428415	0.007690826843200522
0.3557588805166846	0.00769389526665853
0.356297093649085	0.007697662881062746
0.35683530678148545	0.007704482717777052
0.3573735199138859	0.007710612583411022
0.3579117330462863	0.007717455390555992
0.35844994617868675	0.007725014704950009
0.3589881593110872	0.007302340134607088
0.3595263724434876	0.007314623297154787
0.36006458557588805	0.007285338787837601
0.3606027987082885	0.007295486576422624
0.3611410118406889	0.007300141287497035
0.36167922497308935	0.007309378877809185
0.3622174381054898	0.0073217258015892675
0.3627556512378902	0.00731336059174237
0.36329386437029065	0.007317868482833477
0.3638320775026911	0.0073276344863112425
0.3643702906350915	0.007020232099263815
0.36490850376749195	0.007032140889932626
0.36544671689989233	0.007009571340503385
0.36598493003229277	0.0070214822518721255
0.3665231431646932	0.007033423548218847
0.36706135629709363	0.007045395332981772
0.36759956942949407	0.007009831406576954
0.3681377825618945	0.007021783378284672
0.36867599569429493	0.007033765943776625
0.36921420882669537	0.006778263176674823
0.3697524219590958	0.006789849951335806
0.37029063509149623	0.006801466461090016
0.37082884822389667	0.0067657796723328304
0.3713670613562971	0.006269246528898231
0.37190527448869753	0.0062785301455359046
0.37244348762109797	0.006258470343292007
0.3729817007534984	0.0062692237287615814
0.37351991388589884	0.006276311359725847
0.37405812701829927	0.006235824654025161
0.3745963401506997	0.005279777925043595
0.3751345532831001	0.005281455762477102
0.3756727664155005	0.005283985140074147
0.37621097954790095	0.005260550815590013
0.3767491926803014	0.005261682896669091
0.3772874058127018	0.005270786154275785
0.37782561894510225	0.005279913056707431
0.3783638320775027	0.005259356760625178
0.3789020452099031	0.005266976544899433
0.37944025834230355	0.0052761206014009954
0.379978471474704	0.0052852884912383555
0.3805166846071044	0.005294480297310075
0.38105489773950485	0.005303696102875453
0.3815931108719053	0.005309145390427733
0.3821313240043057	0.00531840283661854
0.38266953713670615	0.00532083760925343
0.3832077502691066	0.005330131648745576
0.383745963401507	0.005333342631030691
0.38428417653390745	0.00533757638381683
0.3848223896663079	0.005310091186818084
0.38536060279870826	0.005319398971545197
0.3858988159311087	0.005328731250442645
0.38643702906350913	0.0053255861199940245
0.38697524219590956	0.005334945673807722
0.38751345532831	0.005344329923014068
0.38805166846071043	0.00535373895456867
0.38858988159311086	0.005356451174769476
0.3891280947255113	0.0053658981786050474
0.38966630785791173	0.005360582155894577
0.39020452099031216	0.005356018674194957
0.3907427341227126	0.005321281306686908
0.39128094725511303	0.00532835214095193
0.39181916038751347	0.005333872004123626
0.3923573735199139	0.0053018476541817905
0.39289558665231433	0.0053112564344021665
0.39343379978471477	0.005319114240775317
0.3939720129171152	0.005328570443870029
0.39451022604951563	0.005328904660423642
0.395048439181916	0.004600135365747684
0.39558665231431644	0.004598494027556811
0.3961248654467169	0.0046066982987924155
0.3966630785791173	0.004027479147588668
0.39720129171151775	0.004029358126447288
0.3977395048439182	0.003959922513975819
0.3982777179763186	0.003967012796006214
0.39881593110871905	0.003963292438566993
0.3993541442411195	0.003970401483299848
0.3998923573735199	0.0039775296726774064
0.40043057050592035	0.003932252731896542
0.4009687836383208	0.0039291715267107214
0.4015069967707212	0.00382774596895649
0.40204520990312165	0.003542482142842187
0.4025834230355221	0.0035488707490510998
0.4031216361679225	0.0035552766529302533
0.40365984930032295	0.003550285843756352
0.4041980624327234	0.0035542555947393906
0.4047362755651238	0.003560688636539824
0.4052744886975242	0.0035541601662740846
0.4058127018299246	0.0035606046996671473
0.40635091496232506	0.003567066777162006
0.4068891280947255	0.003546614067737428
0.4074273412271259	0.003548933978708578
0.40796555435952636	0.0035553924572867554
0.4085037674919268	0.003554410236838887
0.40904198062432723	0.003559230042535246
0.40958019375672766	0.0035640615261379404
0.4101184068891281	0.003570571227555544
0.41065662002152853	0.0035754292334393167
0.41119483315392896	0.003555480039328583
0.4117330462863294	0.003559478410051006
0.41227125941872983	0.0035643248399213996
0.41280947255113026	0.0035708648854992373
0.4133476856835307	0.003577422947731559
0.41388589881593113	0.0035839990928560653
0.41442411194833156	0.003588902278588901
0.414962325080732	0.00359381745184326
0.4155005382131324	0.0035843500927392447
0.4160387513455328	0.003590963284792269
0.41657696447793324	0.0035975947959368533
0.4171151776103337	0.0035871770222849
0.4176533907427341	0.0035351063753771843
0.41819160387513454	0.0035382266857752766
0.418729817007535	0.00354478502995651
0.4192680301399354	0.003547922723669549
0.41980624327233584	0.003551927286429977
0.4203444564047363	0.003526860109063909
0.4208826695371367	0.0034853219602506633
0.42142088266953714	0.0034874816261070943
0.4219590958019376	0.003248780237799709
0.422497308934338	0.003250494536521314
0.42303552206673845	0.003234544967058881
0.4235737351991389	0.0032199387632776077
0.4241119483315393	0.0032259629705054423
0.42465016146393975	0.0032320040996636924
0.4251883745963401	0.003238062214189772
0.42572658772874056	0.0032313892509141192
0.426264800861141	0.003237457587535554
0.4268030139935414	0.003228834902296738
0.42734122712594186	0.0032050551100410098
0.4278794402583423	0.0032110909953706537
0.4284176533907427	0.003217143947294067
0.42895586652314316	0.003221435714989333
0.4294940796555436	0.0032239562877224015
0.430032292787944	0.0032273731604876587
0.43057050592034446	0.003231691407557415
0.4311087190527449	0.003219893970947565
0.4316469321851453	0.003224202832130461
0.43218514531754576	0.0032231264253711023
0.4327233584499462	0.0032274461971127087
0.4332615715823466	0.0032335820263847863
0.43379978471474706	0.003235213151353143
0.4343379978471475	0.0032395631291920663
0.43487621097954793	0.003245739607989382
0.4354144241119483	0.0032519337675466138
0.43595263724434874	0.0032581456754120323
0.4364908503767492	0.003264375399456797
0.4370290635091496	0.0031196676601820046
0.43756727664155004	0.0031080639862194203
0.4381054897739505	0.0031121871110134547
0.4386437029063509	0.003116320343912035
0.43918191603875134	0.0031195418251733285
0.4397201291711518	0.003125540944067893
0.4402583423035522	0.0031269301544436805
0.44079655543595264	0.0031329550680360575
0.4413347685683531	0.0031062473330075112
0.4418729817007535	0.0030695019966958384
0.44241119483315394	0.003075433401520371
0.4429494079655544	0.0030795131884190966
0.4434876210979548	0.0030807943466329064
0.44402583423035524	0.0030867648783124276
0.4445640473627557	0.0030861737861884618
0.44510226049515605	0.00309216635664708
0.4456404736275565	0.003098176398156598
0.4461786867599569	0.003104203978697759
0.44671689989235736	0.0031102491665822725
0.4472551130247578	0.0031163120304547524
0.4477933261571582	0.0031138346589780186
0.44833153928955866	0.003119916367296335
0.4488697524219591	0.003126015910536406
0.4494079655543595	0.003125438035854632
0.44994617868675996	0.0031315603434664925
0.4504843918191604	0.003129378687222798
0.4510226049515608	0.0031355207454901637
0.45156081808396126	0.003115684977356453
0.4520990312163617	0.003121812184784882
0.4526372443487621	0.0031169890913985508
0.45317545748116256	0.0031182824099604003
0.453713670613563	0.0031244328683626894
0.4542518837459634	0.0031306015413505722
0.45479009687836386	0.0030951749419963104
0.45532831001076424	0.0028242924920479947
0.45586652314316467	0.0028298851504480896
0.4564047362755651	0.0028354944371685024
0.45694294940796554	0.0028345656544545347
0.45748116254036597	0.002829686926278664
0.4580193756727664	0.0028183339808623086
0.45855758880516684	0.002823942605699845
0.45909580193756727	0.002826594807477271
0.4596340150699677	0.0028203146463405744
0.46017222820236814	0.0028259440168921525
0.4607104413347686	0.0028266052237589903
0.461248654467169	0.0028322584342065082
0.46178686759956944	0.0028379286212619767
0.4623250807319699	0.0028245587196823203
0.4628632938643703	0.002830224835469045
0.46340150699677074	0.0028308728319906638
0.4639397201291712	0.002836563028637881
0.4644779332615716	0.0028422703989168306
0.465016146393972	0.0028479950120062904
0.4655543595263724	0.0028537369374337226
0.46609257265877285	0.002842203513720978
0.4666307857911733	0.0028479453390012222
0.4671689989235737	0.0028537045813450063
0.46770721205597415	0.0028594813112667572
0.4682454251883746	0.0028652755996381187
0.468783638320775	0.002871087517690123
0.46932185145317545	0.0028748578501464244
0.4698600645855759	0.0028655689261421723
0.4703982777179763	0.0028634731071584536
0.47093649085037675	0.0028693050279469637
0.4714747039827772	0.00286667735097266
0.4720129171151776	0.0028704473700729206
0.47255113024757806	0.0028742268168692586
0.4730893433799785	0.002759775639169295
0.4736275565123789	0.002765425128707001
0.47416576964477936	0.0027239000107286333
0.4747039827771798	0.0027095211255047393
0.47524219590958017	0.0027098197262468383
0.4757804090419806	0.0026988585403044858
0.47631862217438103	0.00270441174717754
0.47685683530678147	0.0027099821112293995
0.4773950484391819	0.0027155697032113157
0.47793326157158234	0.0027211745942396157
0.47847147470398277	0.0027267968557979617
0.4790096878363832	0.002732436559739633
0.47954790096878364	0.0027380937782898185
0.48008611410118407	0.002743768584047932
0.4806243272335845	0.0027494610499899405
0.48116254036598494	0.0027551712494707087
0.48170075349838537	0.002760899256226365
0.4822389666307858	0.002760155023422455
0.48277717976318624	0.0027604856446883023
0.48331539289558667	0.002760811648813477
0.4838536060279871	0.0027665753474540064
0.48439181916038754	0.0027505422481567928
0.48493003229278797	0.0027475523191410984
0.48546824542518835	0.002750020412674579
0.4860064585575888	0.002737675081347905
0.4865446716899892	0.002743420464519674
0.48708288482238965	0.0027444076457254626
0.4876210979547901	0.002745024737741381
0.4881593110871905	0.002723537885915433
0.48869752421959095	0.0027030635790549224
0.4892357373519914	0.0027065431630196634
0.4897739504843918	0.0027122591992668013
0.49031216361679225	0.0026912106093386163
0.4908503767491927	0.0026969062931679042
0.4913885898815931	0.0026981361748983435
0.49192680301399355	0.0027038586270190183
0.492465016146394	0.002700218151819284
0.4930032292787944	0.002705957191461833
0.49354144241119485	0.0027117145471883476
0.4940796555435953	0.0027174902970226148
0.4946178686759957	0.002723284519404326
0.4951560818083961	0.002729097293191742
0.49569429494079653	0.002732648279161968
0.49623250807319697	0.0027384935161227425
0.4967707212055974	0.0027443575279345682
0.49730893433799783	0.0027502403950898408
0.49784714747039827	0.0027561421985127805
0.4983853606027987	0.0027620630195622172
0.49892357373519913	0.002768002940034394
0.49946178686759957	0.0027739620421657917
0.5	0.002779940408635977
0.5005382131324004	0.0027859381225704663
0.5010764262648009	0.002791955267543621
0.5016146393972013	0.002797991927581553
0.5021528525296017	0.0027651038625064604
0.5026910656620022	0.002733239245494599
0.5032292787944026	0.002702404968605217
0.503767491926803	0.0026726079693004806
0.5043057050592035	0.00264385523077636
0.5048439181916039	0.0025649280673645594
0.5053821313240043	0.002543411441972686
0.5059203444564048	0.002522982788269571
0.5064585575888052	0.0025036493864026236
0.5069967707212056	0.002484822005546469
0.5075349838536061	0.0024755517878881244
0.5080731969860065	0.0024809746833709023
0.5086114101184069	0.002486415417325663
0.5091496232508074	0.0024918740680772013
0.5096878363832078	0.0024852881337121585
0.5102260495156081	0.0024907563144243965
0.5107642626480086	0.0024962425618129964
0.511302475780409	0.0025017469555545903
0.5118406889128094	0.0025072695757655276
0.5123789020452099	0.0025128105030047887
0.5129171151776103	0.002518369818276923
0.5134553283100107	0.0025239476030350116
0.5139935414424112	0.002529543939183648
0.5145317545748116	0.002516701959302076
0.515069967707212	0.0025050298627805113
0.5156081808396125	0.002494535552748383
0.5161463939720129	0.0024852269853520943
0.5166846071044133	0.0024771121701498387
0.5172228202368138	0.0024701991705097306
0.5177610333692142	0.0024644961040112693
0.5182992465016146	0.0024525123614021686
0.5188374596340151	0.002401011992014348
0.5193756727664155	0.0024063954269740217
0.5199138858988159	0.00241179698797733
0.5204520990312164	0.002405867306937941
0.5209903121636168	0.002411279831812942
0.5215285252960172	0.0024167106422449533
0.5220667384284177	0.002422159820694209
0.5226049515608181	0.0024276274500862954
0.5231431646932185	0.0023603701353634454
0.523681377825619	0.002365710339289607
0.5242195909580194	0.002329660213878458
0.5247578040904198	0.0023349428901004044
0.5252960172228203	0.002340243555004151
0.5258342303552207	0.002331373868108987
0.5263724434876211	0.0023366784730421133
0.5269106566200216	0.00226274729897609
0.527448869752422	0.0022679074980615542
0.5279870828848224	0.002273085369061695
0.5285252960172229	0.002278280992762407
0.5290635091496233	0.002283494450411749
0.5296017222820237	0.0022847939860608296
0.5301399354144241	0.002286093483601292
0.5306781485468245	0.00225618868556703
0.5312163616792249	0.002261375326223506
0.5317545748116254	0.002261289077090044
0.5322927879440258	0.002209006212827022
0.5328310010764262	0.0022141019595694144
0.5333692142088267	0.002059656901749973
0.5339074273412271	0.002055074442704773
0.5344456404736275	0.0020558174297336204
0.534983853606028	0.002057899492357783
0.5355220667384284	0.002062674201156757
0.5360602798708288	0.0020674655465717554
0.5365984930032293	0.002068222070450421
0.5371367061356297	0.002073037488542273
0.5376749192680301	0.0020557730976822996
0.5382131324004306	0.002060570701177474
0.538751345532831	0.00206265880762059
0.5392895586652314	0.002067483740503913
0.5398277717976319	0.0020654779024062942
0.5403659849300323	0.00206620249237435
0.5409041980624327	0.0020683007777025633
0.5414424111948332	0.0020731616490955187
0.5419806243272336	0.002078039676505155
0.542518837459634	0.002082934940760762
0.5430570505920345	0.0020878475231682165
0.5435952637244349	0.00208581619923816
0.5441334768568353	0.0020907472068013707
0.5446716899892358	0.002095695720900309
0.5452099031216362	0.0021006618245043383
0.5457481162540366	0.002092996126449777
0.5462863293864371	0.0020866969284565142
0.5468245425188375	0.002081774044585544
0.5473627556512379	0.002078237359152942
0.5479009687836384	0.0020760968272887288
0.5484391819160388	0.0020810517123180574
0.5489773950484392	0.0020860243567919355
0.5495156081808397	0.0020910148456837825
0.55005382131324	0.0020960232644758395
0.5505920344456404	0.0021010496991628316
0.5511302475780409	0.0021060942362556598
0.5516684607104413	0.0021111569627851206
0.5522066738428417	0.002116237966305662
0.5527448869752422	0.0021213373348991696
0.5532831001076426	0.002126455157178782
0.553821313240043	0.0021315915222927403
0.5543595263724435	0.002136746519928273
0.5548977395048439	0.0021419202403155082
0.5554359526372443	0.0021471127742314247
0.5559741657696448	0.0021523242130038313
0.5565123789020452	0.0021575546485153837
0.5570505920344456	0.0020730291625893505
0.5575888051668461	0.0020780791727296414
0.5581270182992465	0.0020831476585167867
0.5586652314316469	0.0020882347101859365
0.5592034445640474	0.0020933404185237993
0.5597416576964478	0.002098464874872695
0.5602798708288482	0.002092108263133902
0.5608180839612487	0.0020972422711415927
0.5613562970936491	0.002102395200554717
0.5618945102260495	0.002086412141762706
0.56243272335845	0.002091551087924683
0.5629709364908504	0.0020921534564759298
0.5635091496232508	0.0020973192674795743
0.5640473627556513	0.0021025042347662974
0.5645855758880517	0.0021077084531691843
0.5651237890204521	0.0021129320181088847
0.5656620021528526	0.002118175025597989
0.566200215285253	0.0021234375722454374
0.5667384284176534	0.002128719755260973
0.5672766415500539	0.0021340216724596308
0.5678148546824543	0.0021393434222662633
0.5683530678148547	0.0021446851037201114
0.5688912809472552	0.0021469257178526953
0.5694294940796556	0.00215229974968712
0.569967707212056	0.002157693984648742
0.5705059203444564	0.0020889477981864005
0.5710441334768568	0.002094196410744658
0.5715823466092572	0.0020994648293880406
0.5721205597416577	0.0021047531538953153
0.5726587728740581	0.0021100614846743704
0.5731969860064585	0.0021153899227669823
0.573735199138859	0.0021207385698536244
0.5742734122712594	0.002126107528258317
0.5748116254036598	0.002131496900953522
0.5753498385360603	0.002136906791565079
0.5758880516684607	0.0021423373043771886
0.5764262648008611	0.002147788544337436
0.5769644779332616	0.0021532606170618627
0.577502691065662	0.002158753628840082
0.5780409041980624	0.0021642676866404395
0.5785791173304629	0.002169802898115223
0.5791173304628633	0.0021458558371854103
0.5796555435952637	0.002140414358724228
0.5801937567276642	0.002145909645909656
0.5807319698600646	0.0021514261231484985
0.581270182992465	0.002156963899527259
0.5818083961248655	0.0021625230848353193
0.5823466092572659	0.002168103789570378
0.5828848223896663	0.0021637036243187884
0.5834230355220668	0.0021693018225705835
0.5839612486544672	0.0021749217754787977
0.5844994617868676	0.00215197034237982
0.5850376749192681	0.0021575598757366506
0.5855758880516685	0.0021631712148152894
0.5861141011840689	0.002168804473187204
0.5866523143164694	0.002174459765164224
0.5871905274488698	0.002176733077958914
0.5877287405812702	0.002182423883391487
0.5882669537136707	0.0021881370349186896
0.5888051668460711	0.0021938726496891184
0.5893433799784715	0.002199630845620061
0.589881593110872	0.0022054117414035566
0.5904198062432723	0.0022060283758015375
0.5909580193756727	0.0022118413622990384
0.5914962325080731	0.0022176773553394054
0.5920344456404736	0.0022148227300317134
0.592572658772874	0.0022206820494233316
0.5931108719052745	0.0022265646508787575
0.5936490850376749	0.002223687479453647
0.5941872981700753	0.002229593687898411
0.5947255113024758	0.00222551620603033
0.5952637244348762	0.002224360258594765
0.5958019375672766	0.0022302918859510175
0.596340150699677	0.002236247271494278
0.5968783638320775	0.0022422265422736743
0.5974165769644779	0.0022482298261887307
0.5979547900968784	0.0022542572519962073
0.5984930032292788	0.0022549110329127342
0.5990312163616792	0.002235714629360449
0.5995694294940797	0.0022417327037328864
0.6001076426264801	0.002247775109942409
0.6006458557588805	0.002253841979334966
0.601184068891281	0.0022599334441439794
0.6017222820236814	0.002266049637497549
0.6022604951560818	0.0022721906934257264
0.6027987082884823	0.0022746796408973425
0.6033369214208827	0.0022771737374673875
0.6038751345532831	0.0022833701285897476
0.6044133476856836	0.002289591845561382
0.604951560818084	0.0022958390265861058
0.6054897739504844	0.002302111810811751
0.6060279870828849	0.002308410338337912
0.6065662002152853	0.002314734750223769
0.6071044133476857	0.002321085188495988
0.6076426264800862	0.002327461796156691
0.6081808396124866	0.00233386471719151
0.608719052744887	0.0023402940965777125
0.6092572658772875	0.002109835479741448
0.6097954790096879	0.002111853504976017
0.6103336921420882	0.0021119642388641377
0.6108719052744886	0.0021139831817295405
0.6114101184068891	0.002119847212746821
0.6119483315392895	0.002100422693349196
0.61248654467169	0.002106265315583825
0.6130247578040904	0.0021121323498890726
0.6135629709364908	0.0021180239324550113
0.6141011840688912	0.0021239402004227625
0.6146393972012917	0.002129881291892477
0.6151776103336921	0.0021358473459313914
0.6157158234660925	0.00214183850258197
0.616254036598493	0.0021399755514983267
0.6167922497308934	0.0021459951733028225
0.6173304628632938	0.002148078343478605
0.6178686759956943	0.0021541378028396164
0.6184068891280947	0.0021602229378758866
0.6189451022604952	0.0021583427799715406
0.6194833153928956	0.002164457065467211
0.620021528525296	0.0021705973691990327
0.6205597416576965	0.0021767638389978937
0.6210979547900969	0.002178915501283935
0.6216361679224973	0.002166886377412707
0.6221743810548978	0.0021439418966760996
0.6227125941872982	0.002150067444952317
0.6232508073196986	0.0021562192831352995
0.623789020452099	0.002158298378031042
0.6243272335844995	0.002164491486719797
0.6248654467168999	0.002152502436354426
0.6254036598493004	0.002158696687969834
0.6259418729817008	0.0021649177158890556
0.6264800861141012	0.0021711656746650704
0.6270182992465017	0.0021732701955658323
0.6275565123789021	0.00217956041320857
0.6280947255113025	0.002185877979623667
0.628632938643703	0.002192223053584839
0.6291711517761034	0.0021985957950196784
0.6297093649085038	0.0022049963650197357
0.6302475780409041	0.002211424925850697
0.6307857911733046	0.0022178816409626698
0.631324004305705	0.0022243666750005726
0.6318622174381054	0.00223088019381463
0.6324004305705059	0.002233128731499311
0.6329386437029063	0.0022310746269819876
0.6334768568353067	0.002231158248908975
0.6340150699677072	0.002233398514044807
0.6345532831001076	0.002198570028017302
0.635091496232508	0.0022007078235101517
0.6356297093649085	0.0022072187934021937
0.6361679224973089	0.0022137587009382
0.6367061356297093	0.0022203277178549307
0.6372443487621098	0.0022269260171650495
0.6377825618945102	0.0022335537731685167
0.6383207750269106	0.002196817624218103
0.6388589881593111	0.0022033752887680082
0.6393972012917115	0.002209962359885401
0.639935414424112	0.0022165790136575133
0.6404736275565124	0.0022232254274915687
0.6410118406889128	0.002229901780126679
0.6415500538213132	0.0022366082516458567
0.6420882669537137	0.0022433450234881636
0.6426264800861141	0.0022296685124466946
0.6431646932185145	0.0022364046710945697
0.643702906350915	0.002220318542744977
0.6442411194833154	0.0022270467807532952
0.6447793326157158	0.0022338056480696936
0.6453175457481163	0.0022359830187846388
0.6458557588805167	0.002242789664199508
0.6463939720129172	0.002234855314958899
0.6469321851453176	0.002213053346454956
0.647470398277718	0.002179668888822198
0.6480086114101185	0.002186344750656263
0.6485468245425189	0.0021860050402220167
0.6490850376749193	0.002169946413818518
0.6496232508073198	0.0021561418612109913
0.6501614639397201	0.0021457977051197443
0.6506996770721205	0.0021524205375429532
0.6512378902045209	0.002159074078617275
0.6517761033369214	0.002165758518489155
0.6523143164693218	0.002172474048779044
0.6528525296017222	0.0021792208625951276
0.6533907427341227	0.0021546051648058014
0.6539289558665231	0.0021322479855059376
0.6544671689989235	0.0021121708241716446
0.655005382131324	0.002070019407919178
0.6555435952637244	0.0020764983419032756
0.6560818083961248	0.002083007741094195
0.6566200215285253	0.0020895477967962177
0.6571582346609257	0.0020961187018175894
0.6576964477933261	0.002015785762628733
0.6582346609257266	0.0020221447082521674
0.658772874058127	0.0020285337910586516
0.6593110871905274	0.002024954601593877
0.6598493003229279	0.0020313728412185805
0.6603875134553283	0.0020378216438891156
0.6609257265877287	0.0020443012039650745
0.6614639397201292	0.0020508117173534983
0.6620021528525296	0.002057353381523685
0.66254036598493	0.0020639263955221634
0.6630785791173305	0.002070530959987834
0.6636167922497309	0.0020694749694749747
0.6641550053821313	0.0020606845446331855
0.6646932185145318	0.0017573061234320696
0.6652314316469322	0.0017257716265125771
0.6657696447793326	0.0017313386317593918
0.6663078579117331	0.0017186930011986055
0.6668460710441335	0.0017242551144710928
0.667384284176534	0.0017298442720544676
0.6679224973089344	0.001735460649561138
0.6684607104413348	0.0017411044240312555
0.6689989235737352	0.0017467757739466666
0.6695371367061357	0.0017471611288531355
0.670075349838536	0.0017528708057448124
0.6706135629709364	0.0017586085170565792
0.6711517761033369	0.0017643744466206992
0.6716899892357373	0.001770168779778731
0.6722282023681377	0.0017678895514648713
0.6727664155005382	0.0017737145582242284
0.6733046286329386	0.001779568401650711
0.673842841765339	0.0017854512723999695
0.6743810548977395	0.0017913633627059298
0.6749192680301399	0.0017973048663964966
0.6754574811625403	0.0018032759789094418
0.6759956942949408	0.0018092768973084748
0.6765339074273412	0.0018153078202995032
0.6770721205597416	0.0018074568725653891
0.6776103336921421	0.0018135018788281495
0.6781485468245425	0.001802770821778908
0.6786867599569429	0.0017947680235630074
0.6792249730893434	0.0018008008572556562
0.6797631862217438	0.0018068641598053385
0.6803013993541442	0.001812958136735542
0.6808396124865447	0.0018190829953055945
0.6813778256189451	0.0017640737183884415
0.6819160387513455	0.0017432867781314837
0.682454251883746	0.0017434510277881702
0.6829924650161464	0.0017436063276470757
0.6835306781485468	0.0017495470647089055
0.6840688912809473	0.0017555182151004036
0.6846071044133477	0.0017615199867759604
0.6851453175457481	0.0017675525894703986
0.6856835306781486	0.0017736162347172955
0.686221743810549	0.0017797111358675267
0.6867599569429494	0.0017858375081080346
0.6872981700753499	0.0017919955684808208
0.6878363832077503	0.0017981855359021708
0.6883745963401507	0.0018044076311821092
0.6889128094725512	0.0018106620770440922
0.6894510226049516	0.0018109313819885753
0.689989235737352	0.0018172302737520139
0.6905274488697524	0.0018235620865525437
0.6910656620021528	0.0018299270502054321
0.6916038751345532	0.0018363253965348217
0.6921420882669537	0.0018366338856706643
0.6926803013993541	0.0018277158161018436
0.6932185145317545	0.0018341401247700397
0.693756727664155	0.0018405983646459906
0.6942949407965554	0.0018470907751032958
0.6948331539289558	0.0018536175976301625
0.6953713670613563	0.0018601790758518621
0.6959095801937567	0.0018667754555534645
0.6964477933261571	0.0018671084069217185
0.6969860064585576	0.0018737529208253546
0.697524219590958	0.0018611909338306675
0.6980624327233584	0.0018211527035056439
0.6986006458557589	0.00180530709600477
0.6991388589881593	0.0018117777307574752
0.6996770721205597	0.0018182832163257247
0.7002152852529602	0.0018248238034348102
0.7007534983853606	0.0018151964914554838
0.701291711517761	0.0018022354484448343
0.7018299246501615	0.0018087534789997886
0.7023681377825619	0.0018054791169815924
0.7029063509149623	0.0018054569206624746
0.7034445640473628	0.0018120222185557928
0.7039827771797632	0.0018186233923938831
0.7045209903121636	0.0018252607040449556
0.7050592034445641	0.001831934417770897
0.7055974165769645	0.0018386448002535743
0.7061356297093649	0.0018453921206214772
0.7066738428417654	0.0018319391976974264
0.7072120559741658	0.0018217600115552643
0.7077502691065662	0.0018114932530540753
0.7082884822389667	0.001818190085782556
0.7088266953713671	0.0018249241231373062
0.7093649085037675	0.0018316956412194484
0.709903121636168	0.0018385049186961007
0.7104413347685683	0.001845352236829047
0.7109795479009687	0.0018274549042496993
0.7115177610333692	0.0018342865113683898
0.7120559741657696	0.0018411564983023536
0.71259418729817	0.0018480651530802237
0.7131324004305705	0.0018550127664376682
0.7136706135629709	0.0018018209365220942
0.7142088266953713	0.0018086202608108568
0.7147470398277718	0.0018154581445946408
0.7152852529601722	0.0018223348799908325
0.7158234660925726	0.001829250761888331
0.7163616792249731	0.0018362060879791612
0.7168998923573735	0.0018432011587905103
0.7174381054897739	0.0018502362777171916
0.7179763186221744	0.0018573117510545423
0.7185145317545748	0.0018644278880317628
0.7190527448869752	0.0018715850008457042
0.7195909580193757	0.001878783404695111
0.7201291711517761	0.0018860234178153233
0.7206673842841765	0.0018933053615134518
0.721205597416577	0.0019006295602040262
0.7217438105489774	0.001907996341445127
0.7222820236813778	0.001915406035975011
0.7228202368137783	0.0019228589777492329
0.7233584499461787	0.0019303555039782746
0.7238966630785791	0.0019378959551656898
0.7244348762109796	0.0019454806751467689
0.72497308934338	0.0019531100111277366
0.7255113024757804	0.001960784313725488
0.7260495156081809	0.001968503937007872
0.7265877287405813	0.00197626923853453
0.7271259418729817	0.001976284584980235
0.7276641550053822	0.001984111454623721
0.7282023681377826	0.00199198491277699
0.728740581270183	0.0019999053299252084
0.7292787944025835	0.0020078730802436354
0.7298170075349839	0.002015888541641814
0.7303552206673842	0.002023952095808381
0.7308934337997847	0.0020240480961923827
0.7314316469321851	0.0020321768034060063
0.7319698600645855	0.0020403545772627713
0.732508073196986	0.0020485818134614114
0.7330462863293864	0.0020568589116976193
0.7335844994617868	0.002065186275712589
0.7341227125941873	0.002073564313342255
0.7346609257265877	0.0020613796401655676
0.7351991388589881	0.0020697762985776476
0.7357373519913886	0.002020034082879585
0.736275565123789	0.0020282959809690723
0.7368137782561894	0.002036608669415667
0.7373519913885899	0.0020449725653886265
0.7378902045209903	0.0019688865228449973
0.7384284176533907	0.0019770056425268325
0.7389666307857912	0.0019851750873306623
0.7395048439181916	0.0019933952740276836
0.740043057050592	0.002001666623712446
0.7405812701829925	0.0020099895618567805
0.7411194833153929	0.002018364518364517
0.7416576964477933	0.0020180932498260248
0.7421959095801938	0.0020265371546370125
0.7427341227125942	0.002035034165767566
0.7432723358449946	0.0020435847294892786
0.7438105489773951	0.0020521892967713387
0.7443487621097955	0.002060848323339994
0.7448869752421959	0.0020695622697388945
0.7454251883745964	0.0020783316013903304
0.7459634015069968	0.002087156788657381
0.7465016146393972	0.002096038306906987
0.7470398277717977	0.002091366873837498
0.7475780409041981	0.002100304339110308
0.7481162540365985	0.0020807786867744027
0.748654467168999	0.0020897090674043355
0.7491926803013994	0.0020986970633931714
0.7497308934337998	0.0021077431714250387
0.7502691065662002	0.002116847893547825
0.7508073196986006	0.0021166618358842964
0.751345532831001	0.0021258447505735994
0.7518837459634015	0.0021350875538369628
0.7524219590958019	0.0021443907675791716
0.7529601722282023	0.0021537549194026616
0.7534983853606028	0.002163180542682323
0.7540365984930032	0.002158272230539878
0.7545748116254036	0.00216775914144335
0.7551130247578041	0.0021773087411853915
0.7556512378902045	0.00218692158330983
0.7561894510226049	0.0021965982274837676
0.7567276641550054	0.002206339239579039
0.7572658772874058	0.002201363225753468
0.7578040904198062	0.0022012703126288854
0.7583423035522067	0.002176297857673134
0.7588805166846071	0.00218603520826675
0.7594187298170075	0.002195838056734314
0.759956942949408	0.002160360088006582
0.7604951560818084	0.0021700914397543595
0.7610333692142088	0.002159552328852553
0.7615715823466093	0.002154002771450652
0.7621097954790097	0.0021637714915025822
0.7626480086114101	0.002173606816463958
0.7631862217438106	0.002183509353213224
0.763724434876211	0.0021934797155566633
0.7642626480086114	0.002193069531084012
0.7648008611410119	0.0022031294830614613
0.7653390742734123	0.002202713627895531
0.7658772874058127	0.0022022706004908438
0.7664155005382132	0.0022018000376042525
0.7669537136706136	0.002211993556296865
0.767491926803014	0.002222258027555783
0.7680301399354145	0.0022325941114048798
0.7685683530678149	0.0022430024755606135
0.7691065662002153	0.0022534837955398685
0.7696447793326158	0.00223667987188747
0.7701829924650161	0.0022196933880147904
0.7707212055974165	0.002185952315198379
0.771259418729817	0.0021333703292637798
0.7717976318622174	0.0021434571866125445
0.7723358449946178	0.0021536157514780068
0.7728740581270183	0.0021638467051667385
0.7734122712594187	0.002174150737096104
0.7739504843918191	0.0021845285449104052
0.7744886975242196	0.0021949808345989716
0.77502691065662	0.002205508320616233
0.7755651237890204	0.0022045824878558678
0.7761033369214209	0.0022152069817732455
0.7766415500538213	0.002225908464776981
0.7771797631862217	0.002236687682524085
0.7777179763186222	0.002247545389720804
0.7782561894510226	0.002258482350254725
0.778794402583423	0.0022694993373291385
0.7793326157158235	0.0022686703639652524
0.7798708288482239	0.002279791297121945
0.7804090419806243	0.0022909942027589075
0.7809472551130248	0.002302279888486784
0.7814854682454252	0.002313649171886719
0.7820236813778256	0.0023251028806584354
0.7825618945102261	0.002336641852770884
0.7831001076426265	0.002348266936615515
0.7836383207750269	0.002359978991162226
0.7841765339074274	0.002371778886118037
0.7847147470398278	0.002383667502088554
0.7852529601722282	0.002395645730742265
0.7857911733046287	0.0024077144749777425
0.7863293864370291	0.0024198746490937915
0.7868675995694295	0.002432127178962621
0.78740581270183	0.002444473002206086
0.7879440258342304	0.0024569130683750736
0.7884822389666308	0.0024694483391320896
0.7890204520990313	0.0024494580440871994
0.7895586652314317	0.0024620193673902105
0.790096878363832	0.0024417199481466824
0.7906350914962325	0.002454306133446408
0.7911733046286329	0.0024669898860740377
0.7917115177610333	0.0024797722170899657
0.7922497308934338	0.002492654150685238
0.7927879440258342	0.0025056367243867237
0.7933261571582346	0.0025187209892660275
0.7938643702906351	0.0025319080101522374
0.7944025834230355	0.0025451988658485745
0.7949407965554359	0.0025585946493530405
0.7954790096878364	0.002572096468083136
0.7960172228202368	0.0025857054441047397
0.7965554359526372	0.002585388217572125
0.7970936490850377	0.0025850311341874058
0.7976318622174381	0.002598817966903072
0.7981700753498385	0.0026127153891859762
0.798708288482239	0.0026267245869832203
0.7992465016146394	0.0026408467621820545
0.7997847147470398	0.002655083132867672
0.8003229278794403	0.0026694349335858758
0.8008611410118407	0.0026839034156107317
0.8013993541442411	0.0026984898472173116
0.8019375672766416	0.0027131955139596403
0.802475780409042	0.002728021718953955
0.8030139935414424	0.0027429697831674016
0.8035522066738429	0.0027580410457122774
0.8040904198062433	0.0027732368641459537
0.8046286329386437	0.0027885586147765942
0.8051668460710442	0.002804007692974803
0.8057050592034446	0.002819585513491329
0.806243272335845	0.002835293510780975
0.8067814854682455	0.0028511331393328235
0.8073196986006459	0.002867105874006957
0.8078579117330463	0.002801382725374792
0.8083961248654468	0.0028171651632642276
0.8089343379978472	0.0028330813506273022
0.8094725511302476	0.0028491328030387886
0.810010764262648	0.0028653210576015087
0.8105489773950484	0.002881647673314338
0.8110871905274488	0.0028981142314475627
0.8116254036598493	0.0029147223359257722
0.8121636167922497	0.002931473613718449
0.8127018299246501	0.0029483697152384403
0.8132400430570506	0.0029654123147484887
0.813778256189451	0.0029826031107760163
0.8143164693218514	0.002999943826536342
0.8148546824542519	0.0030174362103645423
0.8153928955866523	0.0030350820361561477
0.8159311087190527	0.0030528831038168875
0.8164693218514532	0.003070841239721693
0.8170075349838536	0.003088958297183178
0.817545748116254	0.003107236156929824
0.8180839612486545	0.0031256767275940956
0.8186221743810549	0.0031177876689746104
0.8191603875134553	0.0031364013266998317
0.8196986006458558	0.0031551821729674957
0.8202368137782562	0.0031741322160483815
0.8207750269106566	0.0031932534944583116
0.8213132400430571	0.003212548077506398
0.8218514531754575	0.0032320180658549215
0.8223896663078579	0.0032516655920911217
0.8229278794402584	0.0032714928213111896
0.8234660925726588	0.0032915019517167623
0.8240043057050592	0.0032929338411411893
0.8245425188374597	0.0032943212207015866
0.8250807319698601	0.0033146565368787568
0.8256189451022605	0.0033351807259615973
0.826157158234661	0.0033558961341973834
0.8266953713670614	0.0033768051443792985
0.8272335844994618	0.003397910176531669
0.8277717976318623	0.0034192136886102378
0.8283100107642627	0.0034407181772178495
0.8288482238966631	0.003462426178335943
0.8293864370290636	0.0034843402680722465
0.829924650161464	0.003506463063425086
0.8304628632938643	0.0035287972230647366
0.8310010764262648	0.0035513454481322427
0.8315392895586652	0.0035741104830561672
0.8320775026910656	0.0035970951163877183
0.832615715823466	0.0036203021816547357
0.8331539289558665	0.0036437345582350255
0.8336921420882669	0.003625366004006778
0.8342303552206674	0.0036489840235768545
0.8347685683530678	0.0036728335923584027
0.8353067814854682	0.003643344405157324
0.8358449946178687	0.0036673137762438857
0.8363832077502691	0.0036915204678362543
0.8369214208826695	0.0037159676232523886
0.83745963401507	0.00374065843802483
0.8379978471474704	0.003765596160944995
0.8385360602798708	0.003790784095131918
0.8390742734122713	0.0038162255991260924
0.8396124865446717	0.003841924088009096
0.8401506996770721	0.003867883034549698
0.8406889128094726	0.0038941059703771538
0.841227125941873	0.003897536415696219
0.8417653390742734	0.0039009232817131373
0.8423035522066739	0.003927641934327611
0.8428417653390743	0.003954636036969038
0.8433799784714747	0.0039582098984871795
0.8439181916038752	0.003985602354532073
0.8444564047362756	0.004013280148660769
0.844994617868676	0.004041247257710669
0.8455328310010765	0.004069507728044311
0.8460710441334769	0.0040980656770130425
0.8466092572658773	0.004126925294456796
0.8471474703982778	0.004156090844240943
0.8476856835306782	0.004185566665831304
0.8482238966630786	0.004215357175908396
0.8487621097954791	0.0042454668700220265
0.8493003229278795	0.004275900324287418
0.8498385360602799	0.004306662197124018
0.8503767491926802	0.00433775723103827
0.8509149623250807	0.004369190254451591
0.8514531754574811	0.004400966183574876
0.8519913885898815	0.0044330900243308964
0.852529601722282	0.00443882962131137
0.8530678148546824	0.004471468074409247
0.8536060279870828	0.004504467838796032
0.8541442411194833	0.004537834267231557
0.8546824542518837	0.004571572811969338
0.8552206673842842	0.004605689026984035
0.8557588805166846	0.004640188570257324
0.856297093649085	0.004675077206123921
0.8568353067814855	0.004710360807679573
0.8573735199138859	0.0047460453592529026
0.8579117330462863	0.004782136958943039
0.8584499461786868	0.00478961677260809
0.8589881593110872	0.004826318816842635
0.8595263724434876	0.004863444346202963
0.860064585575888	0.004900999900999898
0.8606027987082885	0.00493899214829447
0.8611410118406889	0.004871856744990394
0.8616792249730894	0.004790856031128402
0.8622174381054898	0.004828431372549018
0.8627556512378902	0.004866450517214758
0.8632938643702907	0.004764868818275184
0.8638320775026911	0.004802685237467844
0.8643702906350915	0.00484095364573452
0.864908503767492	0.004879681274900396
0.8654467168998924	0.004886746987951805
0.8659849300322928	0.004926156237854642
0.8665231431646933	0.004966044142614599
0.8670613562970937	0.004924130212962047
0.8675995694294941	0.004964327194292349
0.8681377825618946	0.005005018400802942
0.868675995694295	0.004995614922755176
0.8692142088266954	0.005036900996496954
0.8697524219590959	0.005044408627962004
0.8702906350914962	0.005086445366528354
0.8708288482238966	0.005129009762900976
0.871367061356297	0.005172110685278296
0.8719052744886975	0.0052157571889515295
0.8724434876210979	0.005099048845026103
0.8729817007534983	0.005142445005409304
0.8735199138858988	0.005186397526823059
0.8740581270182992	0.0051942335204137775
0.8745963401506996	0.005239011395589759
0.8751345532831001	0.00528437080161218
0.8756727664155005	0.005330321852060982
0.876210979547901	0.005376874881336624
0.8767491926803014	0.00529635588242805
0.8772874058127018	0.004821341164953501
0.8778256189451022	0.004864007900926541
0.8783638320775027	0.004907243526712555
0.8789020452099031	0.004951058201058203
0.8794402583423035	0.004995462310484733
0.879978471474704	0.005040466475444055
0.8805166846071044	0.005086081556669794
0.8810548977395048	0.0051323186617304286
0.8815931108719053	0.005179189151791893
0.8821313240043057	0.005226704648597324
0.8826695371367062	0.005274877041671953
0.8832077502691066	0.005323718495761508
0.883745963401507	0.005373241458512778
0.8842841765339075	0.005423458668405421
0.8848223896663079	0.005474383162944439
0.8853606027987083	0.00552602828712316
0.8858988159311088	0.005578407702166981
0.8864370290635092	0.005631535394568571
0.8869752421959096	0.005594288752183491
0.88751345532831	0.005648079990185255
0.8880516684607105	0.005702650811346466
0.8885898815931109	0.005758016353204198
0.8891280947255114	0.005814192122503751
0.8896663078579118	0.00587119400605771
0.8902045209903121	0.005929038281979461
0.8907427341227125	0.00598774163130599
0.891280947255113	0.006047321150025453
0.8918191603875134	0.006107794361525707
0.8923573735199138	0.006169179229480739
0.8928955866523143	0.006104597059370932
0.8934337997847147	0.006166572664034596
0.8939720129171151	0.006177699506198422
0.8945102260495156	0.006241060526774815
0.895048439181916	0.006305401356947751
0.8955866523143164	0.006370742303651873
0.8961248654467169	0.006437104202648247
0.8966630785791173	0.0065045084351367105
0.8972012917115177	0.006572976944980255
0.8977395048439182	0.006642532256567348
0.8982777179763186	0.0067131974933393405
0.898815931108719	0.006784996397011419
0.8993541442411195	0.006857953347516918
0.8998923573735199	0.00693209338370629
0.9004305705059203	0.0069486878182530385
0.9009687836383208	0.0070246297616219245
0.9015069967707212	0.007101823495266122
0.9020452099031216	0.007180296683059117
0.9025834230355221	0.00726007775731533
0.9031216361679225	0.007279122698117115
0.903659849300323	0.007360910593601577
0.9041980624327234	0.007444084724602724
0.9047362755651238	0.00752867659647321
0.9052744886975242	0.007614718614718618
0.9058127018299247	0.007702244116037223
0.9063509149623251	0.007791287400615688
0.9068891280947255	0.007881883765739126
0.907427341227126	0.00797406954077701
0.9079655543595264	0.008067882123609682
0.9085037674919269	0.008163360018563642
0.9090419806243273	0.008260542875927495
0.9095801937567277	0.008359471533124233
0.910118406889128	0.008460188057619705
0.9106566200215285	0.008051600340756972
0.9111948331539289	0.008149790588814983
0.9117330462863293	0.00824978801935259
0.9122712594187298	0.008351637254159413
0.9128094725511302	0.008455384300794934
0.9133476856835306	0.00856107660455487
0.9138858988159311	0.008668763102725371
0.9144241119483315	0.008778494281240883
0.9149623250807319	0.008809696578784706
0.9155005382131324	0.008922641406717844
0.9160387513455328	0.009037772263578719
0.9165769644779332	0.00806451612903226
0.9171151776103337	0.008169934640522876
0.9176533907427341	0.008277433780529756
0.9181916038751345	0.008387068665040085
0.918729817007535	0.00849889624724062
0.9192680301399354	0.008612975391498882
0.9198062432723358	0.008729366950843462
0.9203444564047363	0.008848133848133849
0.9208826695371367	0.008596589320659771
0.9214208826695371	0.008715162966461977
0.9219590958019376	0.008836206896551726
0.922497308934338	0.008959790209790212
0.9230355220667384	0.008938244853737813
0.9235737351991389	0.009065028468684448
0.9241119483315393	0.00919452887537994
0.9246501614639397	0.009326824254881811
0.9251883745963402	0.008966739651756855
0.9257265877287406	0.009097640960541628
0.926264800861141	0.00923142979819665
0.9268030139935415	0.008877995642701525
0.9273412271259419	0.009010503040353786
0.9278794402583423	0.009033778476040848
0.9284176533907428	0.009170653907496013
0.9289558665231432	0.009310663890816563
0.9294940796555436	0.009453904873752202
0.930032292787944	0.009600477042337508
0.9305705059203444	0.008902616279069768
0.9311087190527448	0.00904281496062992
0.9316469321851453	0.009186351706036745
0.9321851453175457	0.009333333333333334
0.9327233584499461	0.008580645161290323
0.9332615715823466	0.008720167846839759
0.933799784714747	0.008863121418099426
0.9343379978471474	0.009009619292778756
0.9348762109795479	0.009159779614325068
0.9354144241119483	0.009313725490196078
0.9359526372443487	0.009471585244267198
0.9364908503767492	0.009633492684340142
0.9370290635091496	0.009799587385794282
0.93756727664155	0.009370314842578711
0.9381054897739505	0.009534706331045004
0.9386437029063509	0.009703462195311287
0.9391819160387513	0.009876738305941846
0.9397201291711518	0.010054697554697555
0.9402583423035522	0.010237510237510237
0.9407965554359526	0.009869335557408952
0.9413347685683531	0.010052101030694302
0.9418729817007535	0.010239990769585785
0.9424111948331539	0.010433198142596837
0.9429494079655544	0.010631925726265349
0.9434876210979548	0.010378510378510378
0.9440258342303552	0.010580034851879512
0.9445640473627557	0.010787486515641855
0.9451022604951561	0.01051575745809875
0.9456404736275565	0.010726072607260726
0.946178686759957	0.010942760942760942
0.9467168998923574	0.011166082594654023
0.9472551130247578	0.01139631110176029
0.9477933261571583	0.011633734249713631
0.9483315392895587	0.011549707602339181
0.9488697524219591	0.011571481896229936
0.9494079655543596	0.01182033096926714
0.94994617868676	0.012077294685990338
0.9504843918191603	0.012342729734034082
0.9510226049515608	0.012617012617012617
0.9515608180839612	0.01290054099042863
0.9520990312163616	0.013193735103847463
0.9526372443487621	0.013497039359108324
0.9531754574811625	0.013810923995366656
0.9537136706135629	0.014135886912904697
0.9542518837459634	0.014472455648926236
0.9547900968783638	0.0148211895199847
0.9553283100107642	0.0151826819473014
0.9558665231431647	0.015557562983037237
0.9564047362755651	0.01594650205761317
0.9569429494079655	0.016350210970464133
0.957481162540366	0.016769447149193983
0.9580193756727664	0.017205017205017204
0.9585575888051668	0.017657780815675553
0.9590958019375673	0.018128654970760234
0.9596340150699677	0.018258258258258258
0.9601722282023681	0.01875848451190917
0.9607104413347686	0.019279553526128868
0.961248654467169	0.0198226395409494
0.9617868675995694	0.019382964453386987
0.9623250807319699	0.01932367149758454
0.9628632938643703	0.01946575731741972
0.9634015069967707	0.020046824700029265
0.9639397201291712	0.02065430423639379
0.9644779332615716	0.02128982128982129
0.965016146393972	0.021955128205128203
0.9655543595263725	0.022652116402116403
0.9660925726587729	0.023382829834442738
0.9666307857911733	0.024149479992949054
0.9671689989235738	0.024954462659380693
0.9677072120559742	0.025800376647834272
0.9682454251883746	0.02669004480810442
0.9687836383207751	0.027626537608388787
0.9693218514531755	0.028613199665831243
0.9698600645855759	0.02965367965367965
0.9703982777179763	0.030751964085297418
0.9709364908503767	0.0319124155602143
0.9714747039827771	0.03180938558297049
0.9720129171151776	0.031925590749120165
0.972551130247578	0.03058823529411765
0.9730893433799784	0.031020408163265307
0.9736275565123789	0.03231292517006803
0.9741657696447793	0.03368794326241135
0.9747039827771797	0.033765032377428304
0.9752421959095802	0.033816425120772944
0.9757804090419806	0.03535353535353535
0.976318622174381	0.03699788583509514
0.9768568353067815	0.03709856035437431
0.9773950484391819	0.03368176538908246
0.9779332615715823	0.03048780487804878
0.9784714747039828	0.03076923076923077
0.9790096878363832	0.0310391363022942
0.9795479009687836	0.031294452347083924
0.9800861141011841	0.03153153153153153
0.9806243272335845	0.03333333333333333
0.9811625403659849	0.03361344537815126
0.9817007534983854	0.035650623885918005
0.9822389666307858	0.03598484848484849
0.9827771797631862	0.038306451612903226
0.9833153928955867	0.03870967741935484
0.9838536060279871	0.041379310344827586
0.9843918191603875	0.04187192118226601
0.984930032292788	0.04497354497354497
0.9854682454251884	0.04843304843304843
0.9860064585575888	0.052307692307692305
0.9865446716899893	0.05333333333333334
0.9870828848223897	0.057971014492753624
0.9876210979547901	0.05928853754940711
0.9881593110871906	0.06493506493506493
0.988697524219591	0.07142857142857142
0.9892357373519914	0.07368421052631578
0.9897739504843919	0.08187134502923976
0.9903121636167922	0.08496732026143791
0.9908503767491926	0.09558823529411764
0.9913885898815931	0.1
0.9919268030139935	0.11428571428571428
0.9924650161463939	0.12087912087912088
0.9930032292787944	0.14102564102564102
0.9935414424111948	0.15151515151515152
0.9940796555435952	0.18181818181818182
0.9946178686759957	0.2
0.9951560818083961	0.25
0.9956942949407965	0.2857142857142857
0.996232508073197	0.38095238095238093
0.9967707212055974	0.4
0.9973089343379978	0.5
0.9978471474703983	0.8333333333333334
0.9983853606027987	0.8333333333333334
0.9989235737351991	1.0
0.9994617868675996	0.0
1.0	0.0
