Fraction_of_nodes	Efficiency
0.0008517887563884157	0.05935529073248669
0.0017035775127768314	0.05683738104527843
0.002555366269165247	0.05677144906356813
0.0034071550255536627	0.056004731845904814
0.004258943781942078	0.0559969231900093
0.005110732538330494	0.05593866114104491
0.00596252129471891	0.0559142585597066
0.0068143100511073255	0.05588774646948457
0.007666098807495741	0.05566559908876164
0.008517887563884156	0.05478821949452477
0.009369676320272573	0.05235493272233918
0.010221465076660987	0.052266837027679224
0.011073253833049404	0.045754540240788476
0.01192504258943782	0.04567007118703612
0.012776831345826235	0.04564548477535705
0.013628620102214651	0.04572438794696527
0.014480408858603067	0.04578018445718985
0.015332197614991482	0.045564250383951885
0.016183986371379896	0.04511237263132196
0.017035775127768313	0.04491043673604738
0.01788756388415673	0.0447910206724775
0.018739352640545145	0.04472057106030694
0.019591141396933562	0.04479834596649878
0.020442930153321975	0.044801253365294495
0.02129471890971039	0.044675415031819016
0.022146507666098807	0.04466918539166666
0.022998296422487224	0.04468133330611469
0.02385008517887564	0.044143035458239
0.024701873935264053	0.04410205452854049
0.02555366269165247	0.04393508474114035
0.026405451448040886	0.04332414613030913
0.027257240204429302	0.043133184109887326
0.028109028960817718	0.043125863670480505
0.028960817717206135	0.04307473846500634
0.029812606473594547	0.04291950607098768
0.030664395229982964	0.042988046440858116
0.03151618398637138	0.04304286270172394
0.03236797274275979	0.04275978565375013
0.03321976149914821	0.042835199737795544
0.034071550255536626	0.04290795967367665
0.03492333901192504	0.04273768410015573
0.03577512776831346	0.042811696994716306
0.036626916524701875	0.04247712276230046
0.03747870528109029	0.04242540162228391
0.03833049403747871	0.04249669781490963
0.039182282793867124	0.04245260894543224
0.04003407155025554	0.042223981159227895
0.04088586030664395	0.04224067771464388
0.041737649063032366	0.042249999043148925
0.04258943781942078	0.04225796640733724
0.0434412265758092	0.042266813751403697
0.044293015332197615	0.04228543371869212
0.04514480408858603	0.042360943421761214
0.04599659284497445	0.0423444228607422
0.046848381601362864	0.0424201731699743
0.04770017035775128	0.04249612692676924
0.048551959114139696	0.04247471383064877
0.049403747870528106	0.042413600361740585
0.05025553662691652	0.04241748136721719
0.05110732538330494	0.042474696088684524
0.051959114139693355	0.04236405566989735
0.05281090289608177	0.04222140779460486
0.05366269165247019	0.04229748240324378
0.054514480408858604	0.04226435750268324
0.05536626916524702	0.041664871067631434
0.056218057921635436	0.04174014635411315
0.05706984667802385	0.04048759619538801
0.05792163543441227	0.04054158174798102
0.05877342419080068	0.04014898797145686
0.059625212947189095	0.04001750138529815
0.06047700170357751	0.04000472765814947
0.06132879045996593	0.040012995703881636
0.062180579216354344	0.04000829025116797
0.06303236797274275	0.040075903850160695
0.06388415672913117	0.040148901853530754
0.06473594548551959	0.03998069969642061
0.065587734241908	0.04005365717761846
0.06643952299829642	0.04012681454232644
0.06729131175468483	0.04009478754660591
0.06814310051107325	0.040152649286523186
0.06899488926746167	0.04015041989106627
0.06984667802385008	0.03984458226271416
0.0706984667802385	0.039811152397644115
0.07155025553662692	0.039301449599491146
0.07240204429301533	0.0387418998224823
0.07325383304940375	0.037842733234179006
0.07410562180579217	0.037845186824544894
0.07495741056218058	0.037796447243085195
0.075809199318569	0.0378636316688486
0.07666098807495741	0.03774345982316528
0.07751277683134583	0.03772514321262254
0.07836456558773425	0.037694986121813344
0.07921635434412266	0.03776479165166855
0.08006814310051108	0.03783479126548073
0.08091993185689948	0.037826994296858416
0.0817717206132879	0.0375315696044576
0.08262350936967632	0.0371961731718103
0.08347529812606473	0.03719858835016934
0.08432708688245315	0.03709058526975762
0.08517887563884156	0.03715971963186342
0.08603066439522998	0.03226118619487446
0.0868824531516184	0.03224241349587601
0.08773424190800681	0.03114052939072081
0.08858603066439523	0.031122762701285063
0.08943781942078365	0.03109976177150661
0.09028960817717206	0.031001488730524947
0.09114139693356048	0.031022360008731823
0.0919931856899489	0.031077975465169105
0.09284497444633731	0.030382170826654776
0.09369676320272573	0.030369413299098147
0.09454855195911414	0.030042848775453813
0.09540034071550256	0.030074449137037555
0.09625212947189098	0.030062757254774534
0.09710391822827939	0.030081274653738173
0.09795570698466781	0.030138139067072273
0.09880749574105621	0.030191081316867183
0.09965928449744463	0.02955514023131605
0.10051107325383304	0.029093181545463104
0.10136286201022146	0.029148386823537986
0.10221465076660988	0.029201046342851214
0.1030664395229983	0.02924190739010776
0.10391822827938671	0.0292813938709194
0.10477001703577513	0.02933535562155754
0.10562180579216354	0.029389469967923985
0.10647359454855196	0.029345351965929
0.10732538330494037	0.028895060163543314
0.10817717206132879	0.02871415612812533
0.10902896081771721	0.028766366887381406
0.10988074957410562	0.02872906871948469
0.11073253833049404	0.02605928871717538
0.11158432708688246	0.0261040311486035
0.11243611584327087	0.026131171640566667
0.11328790459965929	0.026173264825764354
0.1141396933560477	0.026157516058027665
0.11499148211243612	0.025973652704013153
0.11584327086882454	0.026020959485110146
0.11669505962521294	0.025876599300152087
0.11754684838160136	0.02573651622770406
0.11839863713798977	0.02575535483942546
0.11925042589437819	0.025781793483978063
0.1201022146507666	0.025821127113735336
0.12095400340715502	0.025869336880691086
0.12180579216354344	0.025851857706689296
0.12265758091993186	0.02582766835181487
0.12350936967632027	0.02568740807313371
0.12436115843270869	0.025737432236859384
0.1252129471890971	0.025785704600216886
0.1260647359454855	0.025810488063557804
0.12691652470187392	0.025719674315327398
0.12776831345826234	0.025676269896696052
0.12862010221465076	0.025662017063809873
0.12947189097103917	0.025710368765049042
0.1303236797274276	0.025524217890029496
0.131175468483816	0.02557431449040247
0.13202725724020442	0.025551072969607007
0.13287904599659284	0.02547082586123487
0.13373083475298125	0.025517416684498334
0.13458262350936967	0.0255676973085072
0.1354344122657581	0.025507905196658284
0.1362862010221465	0.025180359197897746
0.13713798977853492	0.025163832855975864
0.13798977853492334	0.025203220016544813
0.13884156729131175	0.025189095509212812
0.13969335604770017	0.02523902434074743
0.14054514480408858	0.025094144917504717
0.141396933560477	0.025142013996800553
0.14224872231686542	0.025186239885614845
0.14310051107325383	0.025234383575366788
0.14395229982964225	0.025272461225945134
0.14480408858603067	0.02508295621698364
0.14565587734241908	0.025130036941050263
0.1465076660988075	0.025102879946873734
0.14735945485519591	0.025037229635535778
0.14821124361158433	0.0250843512163877
0.14906303236797275	0.025129605422227152
0.14991482112436116	0.02515392584552488
0.15076660988074958	0.025137524585650717
0.151618398637138	0.025188052273260066
0.1524701873935264	0.025238732458920547
0.15332197614991483	0.024080398713723947
0.15417376490630325	0.024128947904679038
0.15502555366269166	0.024175609626956637
0.15587734241908008	0.024222410693403775
0.1567291311754685	0.02418838718721488
0.1575809199318569	0.024237351533747703
0.15843270868824533	0.024154375578817125
0.15928449744463374	0.024114870037006603
0.16013628620102216	0.02415913220177673
0.16098807495741055	0.024208236129016115
0.16183986371379896	0.024181209309769854
0.16269165247018738	0.024157263785083358
0.1635434412265758	0.024138385031733774
0.1643952299829642	0.024154215367960554
0.16524701873935263	0.024131696113349723
0.16609880749574105	0.024181045185156166
0.16695059625212946	0.024072246910506204
0.16780238500851788	0.02411545780737375
0.1686541737649063	0.024134273485395603
0.1695059625212947	0.023396659209413844
0.17035775127768313	0.023383916762609914
0.17120954003407154	0.023351117596586448
0.17206132879045996	0.02328336154910786
0.17291311754684838	0.02332924504484335
0.1737649063032368	0.023309139361442882
0.1746166950596252	0.02333406823373791
0.17546848381601363	0.023305999669010934
0.17632027257240204	0.023352111208360043
0.17717206132879046	0.023396575976473787
0.17802385008517888	0.02344511659053286
0.1788756388415673	0.02349380842145816
0.1797274275979557	0.02354265209801005
0.18057921635434412	0.023354595147569122
0.18143100511073254	0.02311064385933472
0.18228279386712096	0.02286857625469787
0.18313458262350937	0.022778106775089138
0.1839863713798978	0.022138097407217627
0.1848381601362862	0.02208715954114666
0.18568994889267462	0.02207485483824981
0.18654173764906304	0.022034488888956223
0.18739352640545145	0.0220807312580831
0.18824531516183987	0.02201262890169109
0.1890971039182283	0.021916932190843362
0.1899488926746167	0.021881254812842702
0.19080068143100512	0.02192515075221867
0.19165247018739354	0.02190154805488026
0.19250425894378195	0.021947802644225307
0.19335604770017037	0.021991971431614642
0.19420783645655879	0.021982190426270497
0.1950596252129472	0.022026520912219853
0.19591141396933562	0.02206155388430034
0.196763202725724	0.022061176481872426
0.19761499148211242	0.02202061476433839
0.19846678023850084	0.022065206073930362
0.19931856899488926	0.022032906082714028
0.20017035775127767	0.022076478496345704
0.2010221465076661	0.022123600115334704
0.2018739352640545	0.022170872765153796
0.20272572402044292	0.022122915717787305
0.20357751277683134	0.0221702881283179
0.20442930153321975	0.022186829295990623
0.20528109028960817	0.022100178346908222
0.2061328790459966	0.022141217123516608
0.206984667802385	0.021944561014308757
0.20783645655877342	0.02198833207520971
0.20868824531516184	0.022035720721923523
0.20954003407155025	0.021938265799177414
0.21039182282793867	0.021923293322428615
0.21124361158432708	0.02193340457723075
0.2120954003407155	0.021980879478913067
0.21294718909710392	0.022026163614117078
0.21379897785349233	0.021886525300761777
0.21465076660988075	0.021934053043000133
0.21550255536626917	0.021904020827197255
0.21635434412265758	0.02179366726844446
0.217206132879046	0.021526665457949505
0.21805792163543442	0.021475516702631686
0.21890971039182283	0.021480713868503986
0.21976149914821125	0.021495278105879683
0.22061328790459966	0.021542313725367385
0.22146507666098808	0.02156260309018272
0.2223168654173765	0.02142583985208284
0.2231686541737649	0.020877211051093445
0.22402044293015333	0.020923095031425518
0.22487223168654175	0.020651197674008324
0.22572402044293016	0.02057421118245606
0.22657580919931858	0.020619578792560704
0.227427597955707	0.020595514200340736
0.2282793867120954	0.020641029148849774
0.22913117546848383	0.02061662497389905
0.22998296422487224	0.020662287487683985
0.23083475298126066	0.020585332023108485
0.23168654173764908	0.020626514734979586
0.23253833049403747	0.02060437359977184
0.23339011925042588	0.020647740145909015
0.2342419080068143	0.02069372620414044
0.23509369676320271	0.02073614169485389
0.23594548551959113	0.02078242772542276
0.23679727427597955	0.02082886890469745
0.23764906303236796	0.020872966333039603
0.23850085178875638	0.020828492677434425
0.2393526405451448	0.02069761105135198
0.2402044293015332	0.02072981048060004
0.24105621805792163	0.02066744200051307
0.24190800681431004	0.020645939674748665
0.24275979557069846	0.02010002803720853
0.24361158432708688	0.01675989201251848
0.2444633730834753	0.016797724725865024
0.2453151618398637	0.016572575005457883
0.24616695059625213	0.01639690606714049
0.24701873935264054	0.016403259011362203
0.24787052810902896	0.0163949412642812
0.24872231686541738	0.0164295863367357
0.2495741056218058	0.016421536456151742
0.2504258943781942	0.016458900589157773
0.2512776831345826	0.016413282752019084
0.252129471890971	0.01643902505079668
0.25298126064735943	0.016420843266251265
0.25383304940374785	0.0163824445972143
0.25468483816013626	0.01641993302878687
0.2555366269165247	0.016452307836368394
0.2563884156729131	0.016406422423258057
0.2572402044293015	0.016440145130346532
0.2580919931856899	0.01634990237087776
0.25894378194207834	0.016384886207663762
0.25979557069846676	0.015967874608858342
0.2606473594548552	0.01600205177350918
0.2614991482112436	0.016033458539838067
0.262350936967632	0.016070530120277
0.2632027257240204	0.016107730421481344
0.26405451448040884	0.015486844791008689
0.26490630323679726	0.015476111514982353
0.2657580919931857	0.015501255979052869
0.2666098807495741	0.015534604387874316
0.2674616695059625	0.01557077343185074
0.2683134582623509	0.015556340270941977
0.26916524701873934	0.015567150257748661
0.27001703577512776	0.015584079847243183
0.2708688245315162	0.015617801146771066
0.2717206132879046	0.015612372918805708
0.272572402044293	0.015570061351717382
0.2734241908006814	0.015606610791510147
0.27427597955706984	0.015640530654897507
0.27512776831345825	0.01563574755665017
0.27597955706984667	0.015258641110218631
0.2768313458262351	0.015294628471327638
0.2776831345826235	0.015289817151322596
0.2785349233390119	0.015316659606808166
0.27938671209540034	0.015278978469292066
0.28023850085178875	0.015234054363878473
0.28109028960817717	0.015250853427874798
0.2819420783645656	0.015086361819690667
0.282793867120954	0.014935167752075061
0.2836456558773424	0.014956005972106452
0.28449744463373083	0.014983759282973247
0.28534923339011925	0.014986916391925757
0.28620102214650767	0.015019876007145563
0.2870528109028961	0.015055808724866008
0.2879045996592845	0.01508900545894041
0.2887563884156729	0.0151181538371716
0.28960817717206133	0.014997608059895844
0.29045996592844975	0.015013026749046164
0.29131175468483816	0.015046266469075337
0.2921635434412266	0.015074279141549905
0.293015332197615	0.015110646521867275
0.2938671209540034	0.01514714566805536
0.29471890971039183	0.01512238747542274
0.29557069846678025	0.015159003425726427
0.29642248722316866	0.01519575252494031
0.2972742759795571	0.01521733680217795
0.2981260647359455	0.01525431696451617
0.2989778534923339	0.015288475723970766
0.29982964224872233	0.015271881102784227
0.30068143100511074	0.015264365259299922
0.30153321976149916	0.015274698313824353
0.3023850085178876	0.015312044764469401
0.303236797274276	0.015271494036199587
0.3040885860306644	0.015308924168641254
0.3049403747870528	0.015283300888572379
0.30579216354344124	0.015277642491374437
0.30664395229982966	0.015315225867736981
0.3074957410562181	0.015316780951232617
0.3083475298126065	0.015354553530643796
0.3091993185689949	0.015369946886628726
0.3100511073253833	0.015356617087363323
0.31090289608177174	0.015274331097359437
0.31175468483816016	0.014951338830890972
0.3126064735945486	0.014958769098229708
0.313458262350937	0.01496696081695675
0.3143100511073254	0.014985126393384573
0.3151618398637138	0.015015220965006371
0.31601362862010224	0.014966831105625269
0.31686541737649065	0.014940465574832877
0.31771720613287907	0.01497313509082987
0.3185689948892675	0.015010614778166115
0.3194207836456559	0.015048235366582572
0.3202725724020443	0.015081280626603806
0.32112436115843274	0.0151016242329439
0.3219761499148211	0.015139615740448161
0.3228279386712095	0.015043950308274032
0.32367972742759793	0.01507130414811138
0.32453151618398635	0.015075323508830266
0.32538330494037476	0.015113440635274844
0.3262350936967632	0.015151702510300857
0.3270868824531516	0.015117156816254189
0.32793867120954	0.015147483184297044
0.3287904599659284	0.015182752428645979
0.32964224872231684	0.01521815218538427
0.33049403747870526	0.015256924547640027
0.3313458262350937	0.015295845273526865
0.3321976149914821	0.015320688485231476
0.3330494037478705	0.01531438001186071
0.3339011925042589	0.015348685316455038
0.33475298126064734	0.015382021899727023
0.33560477001703576	0.015408621782598251
0.3364565587734242	0.015448232635509814
0.3373083475298126	0.01534398785916549
0.338160136286201	0.015380217206000966
0.3390119250425894	0.015419908089113227
0.33986371379897784	0.015448638923274192
0.34071550255536626	0.015446752979236441
0.3415672913117547	0.015486770474001302
0.3424190800681431	0.015526943678862525
0.3432708688245315	0.015212897445954427
0.3441226575809199	0.015214462457904246
0.34497444633730834	0.015254083453888371
0.34582623509369675	0.01516517838534781
0.34667802385008517	0.015067342446180965
0.3475298126064736	0.015079830705216625
0.348381601362862	0.01511006740401382
0.3492333901192504	0.015149674395898522
0.35008517887563884	0.01518943732082214
0.35093696763202725	0.015225908020855819
0.35178875638841567	0.01525277384442941
0.3526405451448041	0.015264198605829756
0.3534923339011925	0.015304473536188147
0.3543441226575809	0.015344908076574376
0.35519591141396933	0.015299465399294708
0.35604770017035775	0.015320955509349471
0.35689948892674617	0.015361594648631566
0.3577512776831346	0.01539887309405436
0.358603066439523	0.01543982754377259
0.3594548551959114	0.01546340802172368
0.36030664395229983	0.015481659254928403
0.36115843270868825	0.015514098042435993
0.36201022146507666	0.015550224854776806
0.3628620102214651	0.015574975914361695
0.3637137989778535	0.015598966450260439
0.3645655877342419	0.015625154640203618
0.36541737649063033	0.015667157744075132
0.36626916524701875	0.015679869607556192
0.36712095400340716	0.015657120878438364
0.3679727427597956	0.015675183449833444
0.368824531516184	0.01571754881050867
0.3696763202725724	0.01575460029030159
0.37052810902896083	0.015797295684042242
0.37137989778534924	0.01584016487178727
0.37223168654173766	0.015859978267434297
0.3730834752981261	0.015899437539856735
0.3739352640545145	0.015942760257948985
0.3747870528109029	0.015986260285937935
0.3756388415672913	0.016014407439722135
0.37649063032367974	0.01605261599543172
0.37734241908006816	0.016048854140293747
0.3781942078364566	0.016087246622103767
0.379045996592845	0.016131442354582075
0.3798977853492334	0.016172041573236692
0.3807495741056218	0.016216592651950842
0.38160136286201024	0.016257528326940177
0.38245315161839866	0.01630243862618587
0.3833049403747871	0.016343714485540152
0.3841567291311755	0.01638898793286852
0.3850085178875639	0.016416072183944055
0.3858603066439523	0.01615491541133366
0.38671209540034074	0.016195989198600547
0.38756388415672915	0.016181575690753285
0.38841567291311757	0.016178487026766473
0.389267461669506	0.016223678331310512
0.3901192504258944	0.016256032239486004
0.3909710391822828	0.01630156734379829
0.39182282793867124	0.016269496051965787
0.39267461669505965	0.01631519688357243
0.393526405451448	0.015352863950305488
0.39437819420783643	0.015383560763466125
0.39522998296422485	0.015403910140868806
0.39608177172061326	0.0151241883240309
0.3969335604770017	0.015160979114006101
0.3977853492333901	0.015191201462585915
0.3986371379897785	0.015213070642764219
0.39948892674616693	0.015193932448463919
0.40034071550255534	0.015237158429825124
0.40119250425894376	0.015280569137602404
0.4020442930153322	0.015253439559156468
0.4028960817717206	0.015297020815039771
0.403747870528109	0.015321509872484535
0.4045996592844974	0.015347852876069414
0.40545144804088584	0.015391892626072481
0.40630323679727426	0.015425815304383353
0.4071550255536627	0.015455597137338436
0.4080068143100511	0.015500137763094453
0.4088586030664395	0.015484505709575077
0.4097103918228279	0.01552508809184841
0.41056218057921634	0.015557893697193582
0.41141396933560476	0.015546152763289686
0.4122657580919932	0.01558496913402934
0.4131175468483816	0.015630274276860822
0.41396933560477	0.01560857219505351
0.4148211243611584	0.01555099915639633
0.41567291311754684	0.015574207302556967
0.41652470187393525	0.015595645233923273
0.41737649063032367	0.015641313301958188
0.4182282793867121	0.01563599789444825
0.4190800681431005	0.01563367997543992
0.4199318568994889	0.01567966138713239
0.42078364565587734	0.015692948611518476
0.42163543441226575	0.015739240495328266
0.42248722316865417	0.01578138027152218
0.4233390119250426	0.01579404666028542
0.424190800681431	0.015840843835575154
0.4250425894378194	0.015873562022580386
0.42589437819420783	0.015920734569452838
0.42674616695059625	0.01594807006541932
0.42759795570698467	0.01599116984135769
0.4284497444633731	0.015981367240672624
0.4293015332197615	0.015980071230505412
0.4301533219761499	0.016027915755147646
0.43100511073253833	0.0160714866989771
0.43185689948892675	0.01611974942179685
0.43270868824531517	0.016139855632285153
0.4335604770017036	0.016188469655273964
0.434412265758092	0.016224766971423533
0.4352640545144804	0.016269227609929524
0.43611584327086883	0.01631388314273377
0.43696763202725725	0.016358734730123614
0.43781942078364566	0.01639190450797135
0.4386712095400341	0.016441727925928712
0.4395229982964225	0.016367958825852357
0.4403747870528109	0.01636211205652663
0.44122657580919933	0.016407418077328532
0.44207836456558774	0.016457593667779078
0.44293015332197616	0.016479744704047332
0.4437819420783646	0.016525598541887523
0.444633730834753	0.01655398662934764
0.4454855195911414	0.016592396863523266
0.4463373083475298	0.016397155618996677
0.44718909710391824	0.01644776412399358
0.44804088586030666	0.016498607289755537
0.4488926746166951	0.01646590702314343
0.4497444633730835	0.016490998592622517
0.4505962521294719	0.016542212873966067
0.4514480408858603	0.01658102800888376
0.45229982964224874	0.01662541496551575
0.45315161839863716	0.01665558591211082
0.4540034071550256	0.01669040892905861
0.454855195911414	0.01674264808063626
0.4557069846678024	0.016754220063786907
0.4565587734241908	0.016806823580470694
0.45741056218057924	0.016850624678816047
0.45826235093696766	0.016903697512450112
0.45911413969335607	0.016888845260267366
0.4599659284497445	0.016910917095185156
0.4608177172061329	0.01695943335551497
0.4616695059625213	0.016982511527664952
0.46252129471890974	0.016969341425274523
0.46337308347529815	0.01701825093191356
0.46422487223168657	0.01706738604596667
0.46507666098807493	0.017116748181080128
0.46592844974446335	0.017166338762068443
0.46678023850085176	0.017221271046107062
0.4676320272572402	0.017261510162707834
0.4684838160136286	0.01729482470473409
0.469335604770017	0.017267980650685834
0.47018739352640543	0.01732359411493925
0.47103918228279384	0.017266212191281025
0.47189097103918226	0.017222674102054854
0.4727427597955707	0.017197700021530486
0.4735945485519591	0.01717975664114726
0.4744463373083475	0.01722457223668839
0.4752981260647359	0.017268532764428163
0.47614991482112434	0.017209442929018607
0.47700170357751276	0.0172035061232212
0.4778534923339012	0.01722892049924059
0.4787052810902896	0.017159924473793428
0.479557069846678	0.017149828488732886
0.4804088586030664	0.017206149764557952
0.48126064735945484	0.017227995980316557
0.48211243611584326	0.017284760382228637
0.4829642248722317	0.01731421183870671
0.4838160136286201	0.017307755868055517
0.4846678023850085	0.01729092424387288
0.4855195911413969	0.017326058085276593
0.48637137989778534	0.017383619740044955
0.48722316865417375	0.017382007475429617
0.48807495741056217	0.017429779262226067
0.4889267461669506	0.01748797552019677
0.489778534923339	0.0175464637326389
0.4906303236797274	0.017599643708953686
0.49148211243611584	0.017509326878517004
0.49233390119250425	0.017389756796292528
0.49318568994889267	0.017347519371104465
0.4940374787052811	0.017341783389633613
0.4948892674616695	0.01719802278499186
0.4957410562180579	0.017212560297285635
0.49659284497444633	0.01724560008361959
0.49744463373083475	0.01728161767956025
0.49829642248722317	0.01734039869207576
0.4991482112436116	0.017330912089482176
0.5	0.01739006196009474
0.5008517887563884	0.0174349298245597
0.5017035775127768	0.017383479206551398
0.5025553662691652	0.01744311378358931
0.5034071550255537	0.01750305575535422
0.504258943781942	0.017540141428136372
0.5051107325383305	0.017522460773200837
0.5059625212947189	0.017582987407996003
0.5068143100511073	0.017643828194874884
0.5076660988074957	0.017704985311668208
0.5085178875638842	0.0177664609551115
0.5093696763202725	0.01782221869369933
0.510221465076661	0.017878257328747822
0.5110732538330494	0.017931538365085098
0.5119250425894378	0.017994236051676306
0.5127768313458262	0.01805726314817955
0.5136286201022147	0.018096581031058517
0.514480408858603	0.018160189400236226
0.5153321976149915	0.018135415518656384
0.5161839863713799	0.018081275608855772
0.5170357751277683	0.01805124139290183
0.5178875638841567	0.018115139592522724
0.5187393526405452	0.018169963253288263
0.5195911413969335	0.018228211614239945
0.520442930153322	0.01827464446615901
0.5212947189097104	0.018333451186428366
0.5221465076660988	0.01839256161497169
0.5229982964224872	0.018443778719310123
0.5238500851788757	0.018456990145220713
0.524701873935264	0.018506639554612424
0.5255536626916525	0.018423760738552668
0.5264054514480409	0.018490152669142047
0.5272572402044293	0.018547147073353004
0.5281090289608177	0.018614225362949217
0.5289608177172062	0.018595685260955744
0.5298126064735945	0.018663183211086256
0.530664395229983	0.018649027511257524
0.5315161839863713	0.01866226041834192
0.5323679727427598	0.01862119903581757
0.5332197614991482	0.018471582457922804
0.5340715502555367	0.01853924393212765
0.534923339011925	0.018543700674429286
0.5357751277683135	0.018611876044555865
0.5366269165247018	0.018680428074185906
0.5374787052810903	0.01859894584512242
0.5383304940374787	0.01859928109335412
0.5391822827938672	0.018661321286901775
0.5400340715502555	0.018647856352233202
0.540885860306644	0.018704534775311327
0.5417376490630323	0.018586880104622002
0.5425894378194208	0.018622605611699053
0.5434412265758092	0.01869222282893905
0.5442930153321976	0.0187552305590905
0.545144804088586	0.018749155031029748
0.5459965928449745	0.01881258729577843
0.5468483816013628	0.018883444498399064
0.5477001703577513	0.01887514849945912
0.5485519591141397	0.018915878827851333
0.5494037478705281	0.018987529884017435
0.5502555366269165	0.019030102441851812
0.551107325383305	0.01908478360567355
0.5519591141396933	0.01911198079374698
0.5528109028960818	0.018980230300219836
0.5536626916524702	0.019020806004039558
0.5545144804088586	0.01905979189492783
0.555366269165247	0.019132958082624288
0.5562180579216355	0.019206546382942075
0.5570698466780238	0.019280560049157652
0.5579216354344123	0.019159978100705903
0.5587734241908007	0.01922289579975794
0.5596252129471891	0.019039208764304604
0.5604770017035775	0.019039163192949207
0.561328790459966	0.0186645040084926
0.5621805792163543	0.018737270105991598
0.5630323679727428	0.018650729829828065
0.5638841567291312	0.018723726815463398
0.5647359454855196	0.018744013081207378
0.565587734241908	0.018817663427302494
0.5664395229982965	0.018891748716386363
0.5672913117546848	0.018931975631552442
0.5681431005110733	0.018999009580342095
0.5689948892674617	0.018985008514936924
0.5698466780238501	0.01906034585031366
0.5706984667802385	0.019105233253212863
0.5715502555366269	0.019077573544725262
0.5724020442930153	0.01766557458353101
0.5732538330494037	0.017718006675610975
0.5741056218057922	0.01773902789315568
0.5749574105621805	0.017802220744067825
0.575809199318569	0.0178335910752696
0.5766609880749574	0.01785580701274415
0.5775127768313458	0.017902757347832633
0.5783645655877342	0.017967059191264324
0.5792163543441227	0.018039947869525032
0.580068143100511	0.017745999781417464
0.5809199318568995	0.017711524274159614
0.5817717206132879	0.01778381620997251
0.5826235093696763	0.017765704107373936
0.5834752981260647	0.01776576685781529
0.5843270868824532	0.017826103598538128
0.5851788756388415	0.017860792522717394
0.58603066439523	0.017934445275388393
0.5868824531516184	0.017949826964199066
0.5877342419080068	0.01799055327272439
0.5885860306643952	0.018029755413172113
0.5894378194207837	0.018096096646504717
0.590289608177172	0.01748411646735058
0.5911413969335605	0.01755711904132699
0.5919931856899489	0.01741591709307218
0.5928449744463373	0.017462450351193558
0.5936967632027257	0.017515709124374904
0.5945485519591142	0.017589459478582797
0.5954003407155025	0.017654793640273465
0.596252129471891	0.01763777489565297
0.5971039182282794	0.017712511229956585
0.5979557069846678	0.01773029679229426
0.5988074957410562	0.017805744863750833
0.5996592844974447	0.017827940772252387
0.600511073253833	0.017748722076509005
0.6013628620102215	0.017661741719944665
0.6022146507666098	0.017707674882797824
0.6030664395229983	0.017671260075672924
0.6039182282793867	0.017738159741368036
0.6047700170357752	0.017814782461633125
0.6056218057921635	0.017877877879991996
0.606473594548552	0.0177204293544511
0.6073253833049403	0.01772050861170554
0.6081771720613288	0.017777988015210806
0.6090289608177172	0.017801587560995334
0.6098807495741057	0.017855605382777185
0.610732538330494	0.017924322144072524
0.6115843270868825	0.01771756258772945
0.6124361158432708	0.017795613524239272
0.6132879045996593	0.017864456660453106
0.6141396933560477	0.017867380226296307
0.6149914821124361	0.01793189816933622
0.6158432708688245	0.017993528647198127
0.616695059625213	0.01807367799529255
0.6175468483816013	0.018139449962957667
0.6183986371379898	0.018056101728971766
0.6192504258943782	0.018137070795020967
0.6201022146507666	0.01820347008533768
0.620954003407155	0.01814880484130103
0.6218057921635435	0.018230740754805776
0.6226575809199318	0.018303018602822473
0.6235093696763203	0.01833428318126503
0.6243611584327087	0.017878596464601413
0.6252129471890971	0.017960047929132625
0.6260647359454855	0.01802298806609351
0.626916524701874	0.017981043042840476
0.6277683134582623	0.018015588936895588
0.6286201022146508	0.018098419230858327
0.6294718909710392	0.018171228303006465
0.6303236797274276	0.017657075571103534
0.631175468483816	0.017700941114891823
0.6320272572402045	0.017734593276077137
0.6328790459965928	0.01773187582147257
0.6337308347529813	0.01777406558967229
0.6345826235093697	0.01767190094883801
0.6354344122657581	0.0176772515538216
0.6362862010221465	0.017175457999895446
0.637137989778535	0.01725628368460084
0.6379897785349233	0.017317333487404635
0.6388415672913118	0.017366550458998944
0.6396933560477002	0.01742551449954462
0.6405451448040886	0.017508296041110153
0.641396933560477	0.017233197169130958
0.6422487223168655	0.017294620165809006
0.6431005110732538	0.017365950239114945
0.6439522998296422	0.017432029056825758
0.6448040885860307	0.017460304391750472
0.645655877342419	0.01754445043701192
0.6465076660988075	0.017611745087280934
0.6473594548551959	0.01757949432132567
0.6482112436115843	0.017664831672400065
0.6490630323679727	0.01770157893791824
0.6499148211243612	0.01778792810346906
0.6507666098807495	0.01786298386734791
0.651618398637138	0.017913193533859718
0.6524701873935264	0.017983152860373844
0.6533219761499148	0.018059636359897838
0.6541737649063032	0.018148819749329432
0.6550255536626917	0.018238665391652847
0.65587734241908	0.018329179860097775
0.6567291311754685	0.0184203698096505
0.6575809199318569	0.017962445659507803
0.6584327086882453	0.017883928710747975
0.6592844974446337	0.01793305450211347
0.6601362862010222	0.01801057605406298
0.6609880749574105	0.018101309434687983
0.661839863713799	0.018088053106829087
0.6626916524701874	0.018166852097115552
0.6635434412265758	0.018205508518570335
0.6643952299829642	0.01829815741688367
0.6652470187393527	0.018301505452423355
0.666098807495741	0.01839511929105468
0.6669505962521295	0.01845950591718713
0.6678023850085179	0.018392029691379836
0.6686541737649063	0.018442222266622715
0.6695059625212947	0.018400657384277146
0.6703577512776832	0.018495997577978065
0.6712095400340715	0.018592080682279247
0.67206132879046	0.018688914435832787
0.6729131175468483	0.01876610850599379
0.6737649063032368	0.018839298754164915
0.6746166950596252	0.01879209261039388
0.6754684838160137	0.018856463204185298
0.676320272572402	0.0189559696063182
0.6771720613287905	0.01902718149987631
0.6780238500851788	0.01906249347454072
0.6788756388415673	0.019069574286234577
0.6797274275979557	0.01914527395429544
0.6805792163543442	0.019247655098436057
0.6814310051107325	0.0193365229713958
0.682282793867121	0.01944048277231728
0.6831345826235093	0.019504287243484037
0.6839863713798978	0.01958300447571247
0.6848381601362862	0.01968914542138029
0.6856899488926746	0.018798590008645522
0.686541737649063	0.01879021641235731
0.6873935264054515	0.018803309468694615
0.6882453151618398	0.01890634130139979
0.6890971039182283	0.01899516885785035
0.6899488926746167	0.01906198448864769
0.6908006814310051	0.01916729932007668
0.6916524701873935	0.019184469178009696
0.692504258943782	0.019291049562331974
0.6933560477001703	0.01933389368746739
0.6942078364565588	0.019441904266726984
0.6950596252129472	0.01949225158351386
0.6959114139693356	0.019521177068905195
0.696763202725724	0.019407340732359404
0.6976149914821125	0.019493114679363262
0.6984667802385008	0.019216537732946896
0.6993185689948893	0.01932572260642955
0.7001703577512777	0.019435840683959062
0.7010221465076661	0.019546902630724543
0.7018739352640545	0.019658919264711503
0.702725724020443	0.019538743336601928
0.7035775127768313	0.019536920799777507
0.7044293015332198	0.019615146686139354
0.7052810902896082	0.019698140862566774
0.7061328790459966	0.019787386878704037
0.706984667802385	0.019885814926135628
0.7078364565587735	0.019976532102062957
0.7086882453151618	0.020093696513218753
0.7095400340715503	0.020131927257143058
0.7103918228279387	0.020218887554455157
0.7112436115843271	0.020133155587219197
0.7120954003407155	0.02014009263976356
0.712947189097104	0.020233479866335564
0.7137989778534923	0.02030598505631836
0.7146507666098807	0.020286303825918776
0.7155025553662692	0.020145006099651
0.7163543441226575	0.020266361558082632
0.717206132879046	0.02036151738448098
0.7180579216354344	0.020466610532046
0.7189097103918228	0.020591027617347192
0.7197614991482112	0.02071658266379443
0.7206132879045997	0.020843289591401734
0.721465076660988	0.020624058091823126
0.7223168654173765	0.02071636785311809
0.7231686541737649	0.020825253314699553
0.7240204429301533	0.02087807693470926
0.7248722316865417	0.020972500054848055
0.7257240204429302	0.02107414563093329
0.7265758091993185	0.021205859041126623
0.727427597955707	0.02131921865893933
0.7282793867120954	0.021384382907112025
0.7291311754684838	0.021499460060544588
0.7299829642248722	0.021635532592573354
0.7308347529812607	0.021736064940693096
0.731686541737649	0.021837440476493025
0.7325383304940375	0.0219464524280125
0.7333901192504259	0.022056414736728158
0.7342419080068143	0.02217764487519503
0.7350936967632027	0.022320726455035002
0.7359454855195912	0.022465197176426813
0.7367972742759795	0.022590060496048465
0.737649063032368	0.022705499783513727
0.7385008517887564	0.022805290188235915
0.7393526405451448	0.022922689069573128
0.7402044293015332	0.02307349623450453
0.7410562180579217	0.023008893583723027
0.74190800681431	0.022952540880203397
0.7427597955706985	0.022990640533584437
0.7436115843270868	0.023121763076233582
0.7444633730834753	0.023254127154781413
0.7453151618398637	0.023351995370453855
0.7461669505962522	0.023444468828834754
0.7470187393526405	0.023602877402002554
0.747870528109029	0.02373999264962034
0.7487223168654173	0.023901489198257214
0.7495741056218058	0.023732686766339158
0.7504258943781942	0.023231625460273145
0.7512776831345827	0.023355987241433982
0.752129471890971	0.023517063015512835
0.7529812606473595	0.02355452747737894
0.7538330494037478	0.023682056755564312
0.7546848381601363	0.023822891839420355
0.7555366269165247	0.023989485488647072
0.7563884156729132	0.024076043199760318
0.7572402044293015	0.02424559279975863
0.75809199318569	0.024379613313249185
0.7589437819420783	0.0245149272136489
0.7597955706984668	0.024664171540502055
0.7606473594548552	0.02481492477392557
0.7614991482112436	0.024992809539330054
0.762350936967632	0.02517261392450509
0.7632027257240205	0.025328393647410123
0.7640545144804088	0.025457432304528297
0.7649063032367973	0.02561622680560997
0.7657580919931857	0.025241777395796968
0.7666098807495741	0.025426698841920024
0.7674616695059625	0.025586726012353227
0.768313458262351	0.0257077263779751
0.7691652470187393	0.02567629620664163
0.7700170357751278	0.02586719803717428
0.7708688245315162	0.026032494499250512
0.7717206132879046	0.026159016622504996
0.772572402044293	0.02635570095801255
0.7734241908006815	0.026554611908639062
0.7742759795570698	0.026755783210977237
0.7751277683134583	0.026646200568461058
0.7759795570698467	0.026820581631053726
0.7768313458262351	0.027026103329375977
0.7776831345826235	0.027204523988644102
0.778534923339012	0.027304707423067856
0.7793867120954003	0.02742957406047992
0.7802385008517888	0.027612870597975892
0.7810902896081772	0.02782859614952258
0.7819420783645656	0.028046859648734518
0.782793867120954	0.028236822570161947
0.7836456558773425	0.028428915966969427
0.7844974446337308	0.028654542284167597
0.7853492333901193	0.028882865330256583
0.7862010221465077	0.0274019309769135
0.787052810902896	0.02720998757884455
0.7879045996592845	0.027370045668422185
0.7887563884156729	0.02759166547140536
0.7896081771720613	0.027815987954912722
0.7904599659284497	0.027697802379112155
0.7913117546848382	0.02792483354615406
0.7921635434412265	0.028104070521977494
0.793015332197615	0.028302325432593436
0.7938671209540034	0.02845889857553623
0.7947189097103918	0.0286960560636657
0.7955706984667802	0.028936190424031102
0.7964224872231687	0.028930884100226612
0.797274275979557	0.029175026582085064
0.7981260647359455	0.029347777349682178
0.7989778534923339	0.029597545667551812
0.7998296422487223	0.029850516143342855
0.8006814310051107	0.03010674374972348
0.8015332197614992	0.029898356921746843
0.8023850085178875	0.029442416972901356
0.803236797274276	0.027167702022102218
0.8040885860306644	0.027348016108492322
0.8049403747870528	0.02758791098663699
0.8057921635434412	0.02777301198767854
0.8066439522998297	0.027979806019926914
0.807495741056218	0.02814657505934364
0.8083475298126065	0.028397883765230638
0.8091993185689949	0.028519111849394575
0.8100511073253833	0.028776040784974706
0.8109028960817717	0.028995692697015168
0.8117546848381602	0.028718721743158357
0.8126064735945485	0.027601343840383836
0.813458262350937	0.02582856244800535
0.8143100511073254	0.025711966282411115
0.8151618398637138	0.02584550002039043
0.8160136286201022	0.026042856954257967
0.8168654173764907	0.026242779329618344
0.817717206132879	0.026408749293341083
0.8185689948892675	0.026657888437617887
0.8194207836456558	0.026865859122978487
0.8202725724020443	0.027121724447959236
0.8211243611584327	0.02376850178913225
0.8219761499148212	0.02369333098674501
0.8228279386712095	0.02362721631797064
0.823679727427598	0.023809704652374274
0.8245315161839863	0.023915701928799677
0.8253833049403748	0.023845974746097117
0.8262350936967632	0.02397063646322599
0.8270868824531517	0.024207969497515355
0.82793867120954	0.024448844815898593
0.8287904599659285	0.024618706398385936
0.8296422487223168	0.024866130583294337
0.8304940374787053	0.02294381249386496
0.8313458262350937	0.02317674460040166
0.8321976149914821	0.023144203994747006
0.8330494037478705	0.023381580445975183
0.833901192504259	0.023331349643830917
0.8347529812606473	0.02336726191224259
0.8356047700170358	0.02361067089049512
0.8364565587734242	0.023712469654909845
0.8373083475298126	0.023847258763245713
0.838160136286201	0.024043915915293427
0.8390119250425895	0.02351076530196773
0.8398637137989778	0.023594168170485298
0.8407155025553663	0.023361780039803284
0.8415672913117547	0.022974852410336394
0.8424190800681431	0.023224579066970483
0.8432708688245315	0.023216064923566808
0.84412265758092	0.023361096242108772
0.8449744463373083	0.02361922990224257
0.8458262350936968	0.023686445792799486
0.8466780238500852	0.02382177955501987
0.8475298126064736	0.023909870965140658
0.848381601362862	0.023651039231404963
0.8492333901192505	0.023919801040852746
0.8500851788756388	0.02419317019560535
0.8509369676320273	0.024405571166655
0.8517887563884157	0.024621275730006137
0.8526405451448041	0.02480674963115487
0.8534923339011925	0.02488587041575626
0.854344122657581	0.024988791642558496
0.8551959114139693	0.025156891972938
0.8560477001703578	0.02528614303498082
0.8568994889267462	0.02558897109527999
0.8577512776831345	0.02589727195184963
0.858603066439523	0.026211178278538718
0.8594548551959114	0.026530826794130654
0.8603066439522998	0.026781541712149307
0.8611584327086882	0.02688345142616907
0.8620102214650767	0.027014202068837527
0.862862010221465	0.0272354199673688
0.8637137989778535	0.02739456571119314
0.8645655877342419	0.027741332365765203
0.8654173764906303	0.027858575150561025
0.8662691652470187	0.028008866099875483
0.8671209540034072	0.02828755783780605
0.8679727427597955	0.02837563811694525
0.868824531516184	0.028506431769100518
0.8696763202725724	0.028673684726961333
0.8705281090289608	0.029053468630629697
0.8713798977853492	0.029352547991620882
0.8722316865417377	0.02974654192439432
0.873083475298126	0.029902026923839004
0.8739352640545145	0.030094357007622315
0.8747870528109029	0.030506608473480152
0.8756388415672913	0.030682433480024366
0.8764906303236797	0.03078929358742569
0.8773424190800682	0.030981956590202395
0.8781942078364565	0.03131982911974035
0.879045996592845	0.03176408201505582
0.8798977853492334	0.031986513852015244
0.8807495741056218	0.03244675146139676
0.8816013628620102	0.03269977670587605
0.8824531516183987	0.032983203750420374
0.883304940374787	0.03330723755396348
0.8841567291311755	0.033691745648444855
0.8850085178875639	0.03419460752379478
0.8858603066439523	0.024587191633538792
0.8867120954003407	0.024579399929707462
0.8875638841567292	0.023417242214952092
0.8884156729131175	0.02293902450390996
0.889267461669506	0.023022356627007752
0.8901192504258943	0.022978189984003906
0.8909710391822828	0.023217019747531525
0.8918228279386712	0.022528086766931892
0.8926746166950597	0.022459813555051635
0.893526405451448	0.022136047107014833
0.8943781942078365	0.022299287316989904
0.8952299829642248	0.022387182693060333
0.8960817717206133	0.02275721877063158
0.8969335604770017	0.022516671039398316
0.8977853492333902	0.02240023787292694
0.8986371379897785	0.022779902921620618
0.899488926746167	0.02287957386827443
0.9003407155025553	0.023126687063468664
0.9011925042589438	0.022606851336236636
0.9020442930153322	0.02285090746189144
0.9028960817717206	0.023255348301924914
0.903747870528109	0.02338090472177071
0.9045996592844975	0.023560869543012397
0.9054514480408858	0.023825448825448823
0.9063032367972743	0.02426261302408091
0.9071550255536627	0.023828468413075964
0.9080068143100511	0.024273860346030657
0.9088586030664395	0.024467354096167366
0.909710391822828	0.024933398936094364
0.9105621805792163	0.0254128873771731
0.9114139693356048	0.025906341501001705
0.9122657580919932	0.025668703295773553
0.9131175468483816	0.026176994450145305
0.91396933560477	0.026502514537168013
0.9148211243611585	0.023344717011383697
0.9156729131175468	0.023511925212605502
0.9165247018739353	0.02345319080012959
0.9173764906303237	0.023941798941798955
0.9182282793867121	0.024445836814257882
0.9190800681431005	0.024406050587461578
0.919931856899489	0.023016780875394473
0.9207836456558773	0.023030157988082257
0.9216354344122658	0.023297423763262277
0.9224872231686542	0.023204643680834164
0.9233390119250426	0.023726096347819203
0.924190800681431	0.024009963195356462
0.9250425894378195	0.024082989169196073
0.9258943781942078	0.024086166588171403
0.9267461669505963	0.024151303932425684
0.9275979557069847	0.02346583077675515
0.9284497444633731	0.021581564352648686
0.9293015332197615	0.021495739053776077
0.9301533219761499	0.0215748268593797
0.9310051107325383	0.021651234567901228
0.9318568994889267	0.021882911392405058
0.9327086882453152	0.022119441739694896
0.9335604770017035	0.020646020646020637
0.934412265758092	0.02056277056277056
0.9352640545144804	0.02046783625730994
0.9361158432708688	0.019399399399399397
0.9369676320272572	0.019930889793903492
0.9378194207836457	0.01991374936580416
0.938671209540034	0.019887845592070942
0.9395229982964225	0.020456069751844396
0.9403747870528109	0.021048999309868872
0.9412265758091993	0.021668087524865015
0.9420783645655877	0.022314896107696807
0.9429301533219762	0.02099351726217398
0.9437819420783645	0.019580419580419582
0.944633730834753	0.01971153846153846
0.9454855195911414	0.019593253968253968
0.9463373083475298	0.01945724526369688
0.9471890971039182	0.01956636700158646
0.9480408858603067	0.019672131147540985
0.948892674616695	0.01977401129943503
0.9497444633730835	0.019871420222092345
0.9505962521294719	0.019963702359346643
0.9514480408858603	0.020050125313283207
0.9522998296422487	0.01861471861471861
0.9531516183986372	0.018630751964085295
0.9540034071550255	0.017004425809457255
0.954855195911414	0.016932752781809387
0.9557069846678024	0.015082956259426848
0.9565587734241908	0.014901960784313726
0.9574105621805792	0.015510204081632653
0.9582623509369677	0.016156462585034014
0.959114139693356	0.015957446808510637
0.9599659284497445	0.01572617946345976
0.9608177172061328	0.014009661835748793
0.9616695059625213	0.012121212121212121
0.9625212947189097	0.012684989429175475
0.9633730834752982	0.013289036544850499
0.9642248722316865	0.013937282229965157
0.965076660988075	0.014634146341463415
0.9659284497444633	0.015384615384615385
0.9667802385008518	0.016194331983805668
0.9676320272572402	0.017069701280227598
0.9684838160136287	0.018018018018018018
0.969335604770017	0.01904761904761905
0.9701873935264055	0.020168067226890758
0.9710391822827938	0.0213903743315508
0.9718909710391823	0.022727272727272728
0.9727427597955707	0.024193548387096774
0.9735945485519591	0.025806451612903226
0.9744463373083475	0.027586206896551724
0.975298126064736	0.029556650246305417
0.9761499148211243	0.031746031746031744
0.9770017035775128	0.03418803418803419
0.9778534923339012	0.036923076923076927
0.9787052810902896	0.04
0.979557069846678	0.043478260869565216
0.9804088586030665	0.043478260869565216
0.9812606473594548	0.047619047619047616
0.9821124361158433	0.047619047619047616
0.9829642248722317	0.05263157894736842
0.9838160136286201	0.05263157894736842
0.9846678023850085	0.058823529411764705
0.985519591141397	0.058823529411764705
0.9863713798977853	0.06666666666666667
0.9872231686541738	0.06666666666666667
0.9880749574105622	0.07692307692307693
0.9889267461669506	0.07692307692307693
0.989778534923339	0.09090909090909091
0.9906303236797275	0.09090909090909091
0.9914821124361158	0.1111111111111111
0.9923339011925043	0.1111111111111111
0.9931856899488927	0.14285714285714285
0.9940374787052811	0.14285714285714285
0.9948892674616695	0.2
0.995741056218058	0.2
0.9965928449744463	0.3333333333333333
0.9974446337308348	0.3333333333333333
0.9982964224872232	1.0
0.9991482112436116	0.0
1.0	0.0
