Fraction_of_nodes	Efficiency
0.0008517887563884157	0.05942960860097062
0.0017035775127768314	0.059041206964099084
0.002555366269165247	0.05851940068822191
0.0034071550255536627	0.057637909678672
0.004258943781942078	0.05750045663556326
0.005110732538330494	0.05656227556994282
0.00596252129471891	0.05627940811489565
0.0068143100511073255	0.05497512472663891
0.007666098807495741	0.0541043538854484
0.008517887563884156	0.05304531589481524
0.009369676320272573	0.05223826440602054
0.010221465076660987	0.05167995394902982
0.011073253833049404	0.05118086657746271
0.01192504258943782	0.04776596832267057
0.012776831345826235	0.04738134923161169
0.013628620102214651	0.046344022783386285
0.014480408858603067	0.0458620216560357
0.015332197614991482	0.04482219279252829
0.016183986371379896	0.04451645101292437
0.017035775127768313	0.04379166036953627
0.01788756388415673	0.04342965884051095
0.018739352640545145	0.04265493055087974
0.019591141396933562	0.0424531958268091
0.020442930153321975	0.04219507207695265
0.02129471890971039	0.041253396165560806
0.022146507666098807	0.04102779496931544
0.022998296422487224	0.04074255991102355
0.02385008517887564	0.040411885921221524
0.024701873935264053	0.04027428398481415
0.02555366269165247	0.03990282218929293
0.026405451448040886	0.03966914140631292
0.027257240204429302	0.039610982921243466
0.028109028960817718	0.039471545107044134
0.028960817717206135	0.03889269413449059
0.029812606473594547	0.038544795894937055
0.030664395229982964	0.03754906017411561
0.03151618398637138	0.031373893073584215
0.03236797274275979	0.03118476329771746
0.03321976149914821	0.030591919368204653
0.034071550255536626	0.0302765550974003
0.03492333901192504	0.029965842630616586
0.03577512776831346	0.029686706560050506
0.036626916524701875	0.029111290737513174
0.03747870528109029	0.02815967757143753
0.03833049403747871	0.027962231922544437
0.039182282793867124	0.027767031079600088
0.04003407155025554	0.027736121194155496
0.04088586030664395	0.027472171345643236
0.041737649063032366	0.026972198241724137
0.04258943781942078	0.02509738495534802
0.0434412265758092	0.024678775536813545
0.044293015332197615	0.02454628523394279
0.04514480408858603	0.024401655864556775
0.04599659284497445	0.023783930966280526
0.046848381601362864	0.023806494906981696
0.04770017035775128	0.023501117987200573
0.048551959114139696	0.02269967313836559
0.049403747870528106	0.022595423616235694
0.05025553662691652	0.01606582405537588
0.05110732538330494	0.01581251746307329
0.051959114139693355	0.015603128576389883
0.05281090289608177	0.015471440372962404
0.05366269165247019	0.015476380185502979
0.054514480408858604	0.0151335826309898
0.05536626916524702	0.014555806199673872
0.056218057921635436	0.014399294868695043
0.05706984667802385	0.013503221085031825
0.05792163543441227	0.013204520218937482
0.05877342419080068	0.013164459894269781
0.059625212947189095	0.01301141155424258
0.06047700170357751	0.012868852377641035
0.06132879045996593	0.011814634380359127
0.062180579216354344	0.011074140062564845
0.06303236797274275	0.010968716201291095
0.06388415672913117	0.010904379721150314
0.06473594548551959	0.010830993620885186
0.065587734241908	0.010845213335349945
0.06643952299829642	0.01073335491317906
0.06729131175468483	0.010542056550233766
0.06814310051107325	0.010447040823623112
0.06899488926746167	0.009857970249116183
0.06984667802385008	0.009854008957785558
0.0706984667802385	0.009829175561458497
0.07155025553662692	0.009747562833606836
0.07240204429301533	0.009741155148491432
0.07325383304940375	0.009081590898566463
0.07410562180579217	0.009001121187678653
0.07495741056218058	0.009000145582973284
0.075809199318569	0.00901009081277731
0.07666098807495741	0.009011510957563888
0.07751277683134583	0.008915370446287008
0.07836456558773425	0.008856530162305106
0.07921635434412266	0.008868648415475102
0.08006814310051108	0.008859949166284938
0.08091993185689948	0.008853215271391924
0.0817717206132879	0.008822629404029636
0.08262350936967632	0.008726773921832616
0.08347529812606473	0.008653687801234123
0.08432708688245315	0.008462770056318082
0.08517887563884156	0.008370580070246334
0.08603066439522998	0.008279628744165983
0.0868824531516184	0.008024826388826147
0.08773424190800681	0.007902656391707447
0.08858603066439523	0.00787661751542578
0.08943781942078365	0.007853972786160684
0.09028960817717206	0.007743104488036878
0.09114139693356048	0.0077240663687191185
0.0919931856899489	0.007684949893906831
0.09284497444633731	0.007672853066922815
0.09369676320272573	0.007533390371864194
0.09454855195911414	0.007294003887794907
0.09540034071550256	0.00699090463386313
0.09625212947189098	0.006936826471059059
0.09710391822827939	0.006915798232428369
0.09795570698466781	0.006896435976255895
0.09880749574105621	0.006622203572165261
0.09965928449744463	0.0064809560195378925
0.10051107325383304	0.006455069047717967
0.10136286201022146	0.006420526057439701
0.10221465076660988	0.006414201048852976
0.1030664395229983	0.006329377801879647
0.10391822827938671	0.006226810209256242
0.10477001703577513	0.006235952300742679
0.10562180579216354	0.006231812973425779
0.10647359454855196	0.0061013454553252595
0.10732538330494037	0.006105041116812671
0.10817717206132879	0.005574406358028305
0.10902896081771721	0.005578976048381463
0.10988074957410562	0.0054915260878433455
0.11073253833049404	0.005485648222825285
0.11158432708688246	0.0054466255155432505
0.11243611584327087	0.005293623936043506
0.11328790459965929	0.005079856647535032
0.1141396933560477	0.005028636174252106
0.11499148211243612	0.004961283300849077
0.11584327086882454	0.004842280950954752
0.11669505962521294	0.004851628983678602
0.11754684838160136	0.004857118238698388
0.11839863713798977	0.00484589588476107
0.11925042589437819	0.004852469396672337
0.1201022146507666	0.004855619826956354
0.12095400340715502	0.00485034597714311
0.12180579216354344	0.0048534862469708775
0.12265758091993186	0.004843630849391703
0.12350936967632027	0.0047391922940534
0.12436115843270869	0.004615053103071024
0.1252129471890971	0.004504607984781571
0.1260647359454855	0.004448741972371223
0.12691652470187392	0.004443591848388633
0.12776831345826234	0.004436369113325204
0.12862010221465076	0.004433841881139849
0.12947189097103917	0.004393561445838905
0.1303236797274276	0.004376077954925629
0.131175468483816	0.004345681418103004
0.13202725724020442	0.004327008992089118
0.13287904599659284	0.004327082841728316
0.13373083475298125	0.004304603419970479
0.13458262350936967	0.004301201876435135
0.1354344122657581	0.0042414050940333715
0.1362862010221465	0.004162468530091315
0.13713798977853492	0.00415661559444897
0.13798977853492334	0.004152132292160668
0.13884156729131175	0.004100700001832337
0.13969335604770017	0.004106865712420901
0.14054514480408858	0.004096300405023132
0.141396933560477	0.004100331192437678
0.14224872231686542	0.004031085715611381
0.14310051107325383	0.004007710273899459
0.14395229982964225	0.003905423540520215
0.14480408858603067	0.003909569890119523
0.14565587734241908	0.0038515410748066544
0.1465076660988075	0.0038319778158335265
0.14735945485519591	0.003835079666903089
0.14821124361158433	0.0037776290806123118
0.14906303236797275	0.0037737866926075645
0.14991482112436116	0.0037419600956205227
0.15076660988074958	0.0037307048169255724
0.151618398637138	0.0036983745152402133
0.1524701873935264	0.0036894025244532743
0.15332197614991483	0.003687985359717913
0.15417376490630325	0.0036903449605166488
0.15502555366269166	0.003672260470674262
0.15587734241908008	0.003604832865889693
0.1567291311754685	0.0035366439255994473
0.1575809199318569	0.003497110759671232
0.15843270868824533	0.0034614358707204308
0.15928449744463374	0.003462871532418949
0.16013628620102216	0.0034647545264798944
0.16098807495741055	0.00346663802944837
0.16183986371379896	0.0034705897034779647
0.16269165247018738	0.0034505096486564485
0.1635434412265758	0.003432012551056771
0.1643952299829642	0.0034286924691429637
0.16524701873935263	0.0034124496026043797
0.16609880749574105	0.003408565977271885
0.16695059625212946	0.0034026708338102465
0.16780238500851788	0.0034052738928385933
0.1686541737649063	0.003366804215488852
0.1695059625212947	0.0033350678605058
0.17035775127768313	0.003336647167283951
0.17120954003407154	0.0033364636619409934
0.17206132879045996	0.003338497349467902
0.17291311754684838	0.003337064060924189
0.1737649063032368	0.003340759979001274
0.1746166950596252	0.0033325591906924593
0.17546848381601363	0.0033362468275359605
0.17632027257240204	0.003339942598928192
0.17717206132879046	0.0033399276904164748
0.17802385008517888	0.0033414821595353274
0.1788756388415673	0.0032297826112843335
0.1797274275979557	0.0031143650113402833
0.18057921635434412	0.0030796817303606365
0.18143100511073254	0.003083929853285707
0.18228279386712096	0.003061134843793576
0.18313458262350937	0.003052105550888572
0.1839863713798978	0.0030563025502924833
0.1848381601362862	0.003042329786018587
0.18568994889267462	0.003043224586069921
0.18654173764906304	0.0030474092908230064
0.18739352640545145	0.0030483051233884794
0.18824531516183987	0.0030547091257485393
0.1890971039182283	0.0030589242444818325
0.1899488926746167	0.003013486098312102
0.19080068143100512	0.002987489515620017
0.19165247018739354	0.0029794321862099764
0.19250425894378195	0.0029834967688193437
0.19335604770017037	0.0029875718862817915
0.19420783645655879	0.002956796863875462
0.1950596252129472	0.002958951019787553
0.19591141396933562	0.0029618565722137244
0.196763202725724	0.0029625163240280714
0.19761499148211242	0.00295602736890414
0.19846678023850084	0.002952142008726282
0.19931856899488926	0.002956163972989311
0.20017035775127767	0.002956790320872526
0.2010221465076661	0.002952330540162518
0.2018739352640545	0.002949707299618194
0.20272572402044292	0.002952588889344513
0.20357751277683134	0.0029455900778268505
0.20442930153321975	0.0029519043116485585
0.20528109028960817	0.002954022158893439
0.2061328790459966	0.0029440412332164823
0.206984667802385	0.002926841546502509
0.20783645655877342	0.002921105149725417
0.20868824531516184	0.0029183144218789835
0.20954003407155025	0.002897210195922504
0.21039182282793867	0.0029034676693478222
0.21124361158432708	0.0028965140633590287
0.2120954003407155	0.0028992735708086755
0.21294718909710392	0.00290203824458426
0.21379897785349233	0.0029059831786969487
0.21465076660988075	0.0029073868758888273
0.21550255536626917	0.00286691642933801
0.21635434412265758	0.002855061286143102
0.217206132879046	0.002848953959390678
0.21805792163543442	0.0028211194019718247
0.21890971039182283	0.0028021705046189843
0.21976149914821125	0.0027844728761771916
0.22061328790459966	0.0027565615635363173
0.22146507666098808	0.0027582060901665843
0.2223168654173765	0.002756248280043289
0.2231686541737649	0.002670943308943713
0.22402044293015333	0.002652022038701514
0.22487223168654175	0.002632008419192924
0.22572402044293016	0.002637805794565596
0.22657580919931858	0.0026436223453805145
0.227427597955707	0.002636518166211367
0.2282793867120954	0.0026423447256947075
0.22913117546848383	0.00263230053163211
0.22998296422487224	0.002624900419127565
0.23083475298126066	0.0026307205974404864
0.23168654173764908	0.0026320484559804137
0.23253833049403747	0.0026354310571860824
0.23339011925042588	0.00263882220278358
0.2342419080068143	0.0026207099420112027
0.23509369676320271	0.0026155870276226307
0.23594548551959113	0.002621425391523574
0.23679727427597955	0.0026247893109938585
0.23764906303236796	0.0026149555139858612
0.23850085178875638	0.002603502393443485
0.2393526405451448	0.002603062820173922
0.2402044293015332	0.002600517684467737
0.24105621805792163	0.0026017376946154756
0.24190800681431004	0.002605063098865188
0.24275979557069846	0.0026109303580968664
0.24361158432708688	0.0026142782819570036
0.2444633730834753	0.0025809899727372715
0.2453151618398637	0.002573559273258488
0.24616695059625213	0.0025612737365954008
0.24701873935264054	0.002564512812511909
0.24787052810902896	0.0025677600006780202
0.24872231686541738	0.00256142156174735
0.2495741056218058	0.0025497930576755673
0.2504258943781942	0.0025469760252974033
0.2512776831345826	0.0025527777930087867
0.252129471890971	0.002554703333594865
0.25298126064735943	0.0025605359896076385
0.25383304940374785	0.002532017817342218
0.25468483816013626	0.002535196674720902
0.2555366269165247	0.002541004685430457
0.2563884156729131	0.00253807522085362
0.2572402044293015	0.0025302101748572023
0.2580919931856899	0.002499033324778595
0.25894378194207834	0.002494423699038587
0.25979557069846676	0.002485606946511999
0.2606473594548552	0.0024781855900403806
0.2614991482112436	0.0024675268371177573
0.262350936967632	0.0024665573360990387
0.2632027257240204	0.002367868028995193
0.26405451448040884	0.00236441459524696
0.26490630323679726	0.0023631791966769746
0.2657580919931857	0.002368668579247653
0.2666098807495741	0.0023263462281775216
0.2674616695059625	0.002327701665154625
0.2683134582623509	0.002317750345014117
0.26916524701873934	0.0023033846025906474
0.27001703577512776	0.00223479646735353
0.2708688245315162	0.002225814081651104
0.2717206132879046	0.00221210096615824
0.272572402044293	0.0021969446791194522
0.2734241908006814	0.0021642329561356016
0.27427597955706984	0.0021601245422433408
0.27512776831345825	0.002158294905097973
0.27597955706984667	0.0021606078010151996
0.2768313458262351	0.002100749849141409
0.2776831345826235	0.0020912307803750414
0.2785349233390119	0.002086870904014432
0.27938671209540034	0.0020772621437777357
0.28023850085178875	0.0020697987259724842
0.28109028960817717	0.002071898286121357
0.2819420783645656	0.002074001988415224
0.282793867120954	0.002071873286508619
0.2836456558773424	0.002073975221376276
0.28449744463373083	0.0020663853255799463
0.28534923339011925	0.002068472414392237
0.28620102214650767	0.002069137877428655
0.2870528109028961	0.0020712297308908604
0.2879045996592845	0.0020666404827508478
0.2887563884156729	0.002064416570296898
0.28960817717206133	0.0020693731526985715
0.29045996592844975	0.002018961441937364
0.29131175468483816	0.0019973522127871624
0.2921635434412266	0.0019963657389171735
0.293015332197615	0.001998275380562068
0.2938671209540034	0.0020001884307141223
0.29471890971039183	0.001999670940359304
0.29557069846678025	0.001984422333579563
0.29642248722316866	0.0019760259225370413
0.2972742759795571	0.0019547359982046678
0.2981260647359455	0.001956537076613404
0.2989778534923339	0.001953413862177423
0.29982964224872233	0.0019333772903391611
0.30068143100511074	0.001919299016607477
0.30153321976149916	0.001895200479360225
0.3023850085178876	0.0018749564458745292
0.303236797274276	0.0018605929089300513
0.3040885860306644	0.0018576532456671454
0.3049403747870528	0.0018592045660342346
0.30579216354344124	0.001863772636221051
0.30664395229982966	0.0018438278334286424
0.3074957410562181	0.0018237214274969024
0.3083475298126065	0.0018206262454833555
0.3091993185689949	0.0018035560061865075
0.3100511073253833	0.0018003845259716743
0.31090289608177174	0.0017842575697279628
0.31175468483816016	0.0017752859889118167
0.3126064735945486	0.001750143491912939
0.313458262350937	0.0017514092029758733
0.3143100511073254	0.0017338774551159872
0.3151618398637138	0.0017335492006037205
0.31601362862010224	0.0017176861186078537
0.31686541737649065	0.0017173049998290314
0.31771720613287907	0.0017093739593739637
0.3185689948892675	0.001708959376043235
0.3194207836456559	0.0017132424822488574
0.3202725724020443	0.0017070596291547076
0.32112436115843274	0.0017081961982121539
0.3219761499148211	0.0017124935471384737
0.3228279386712095	0.0017120545070737595
0.32367972742759793	0.0017084314046714945
0.32453151618398635	0.001712745625390362
0.32538330494037476	0.0017170762085139785
0.3262350936967632	0.0017214232368899633
0.3270868824531516	0.0017225781176303432
0.32793867120954	0.001726950143309608
0.3287904599659284	0.001728113839905071
0.32964224872231684	0.001732511076138926
0.33049403747870526	0.001732062959271599
0.3313458262350937	0.0017364814872289243
0.3321976149914821	0.00174091694441214
0.3330494037478705	0.0017393811261583309
0.3339011925042589	0.001740560662003764
0.33475298126064734	0.001745023638060184
0.33560477001703576	0.001749503801444164
0.3364565587734242	0.0017507012481124092
0.3373083475298126	0.00175520755763136
0.338160136286201	0.001739331654648302
0.3390119250425894	0.0017388318919745642
0.33986371379897784	0.0017383237473260031
0.34071550255536626	0.0017394785573732045
0.3415672913117547	0.0017356063446928108
0.3424190800681431	0.0017401085660798219
0.3432708688245315	0.0017446283285891201
0.3441226575809199	0.0017097423786833258
0.34497444633730834	0.0017064624783659293
0.34582623509369675	0.0017025937907823548
0.34667802385008517	0.0017036350775342724
0.3475298126064736	0.0017080890254493949
0.348381601362862	0.001712560462688791
0.3492333901192504	0.0017170494809396137
0.35008517887563884	0.0017163962670201042
0.35093696763202725	0.0017122847200345772
0.35178875638841567	0.0017167907324557208
0.3526405451448041	0.0017213145552026398
0.3534923339011925	0.0017223799681275716
0.3543441226575809	0.0017269305096549892
0.35519591141396933	0.001722762310189712
0.35604770017035775	0.0017220699534375604
0.35689948892674617	0.0017231245068650917
0.3577512776831346	0.0017188946918305396
0.358603066439523	0.0017234662202662591
0.3594548551959114	0.0017280560104667019
0.36030664395229983	0.0017326641598279465
0.36115843270868825	0.0017372907663962454
0.36201022146507666	0.001730036521701706
0.3628620102214651	0.0017310891003522544
0.3637137989778535	0.0017357300898974345
0.3645655877342419	0.0017367911570549406
0.36541737649063033	0.001741459950487884
0.36626916524701875	0.0017425295976722243
0.36712095400340716	0.001747226442948969
0.3679727427597956	0.00174830476291677
0.368824531516184	0.0017530299109246531
0.3696763202725724	0.001752288376104349
0.37052810902896083	0.0017503140086943781
0.37137989778534924	0.0017550638431820156
0.37223168654173766	0.0017598330384080536
0.3730834752981261	0.001764621699737055
0.3739352640545145	0.001769429933251325
0.3747870528109029	0.0017742578457567856
0.3756388415672913	0.001779105544788908
0.37649063032367974	0.0017783666260937508
0.37734241908006816	0.0017794909482033569
0.3781942078364566	0.001780614755979776
0.379045996592845	0.00178550655475994
0.3798977853492334	0.0017847502053632972
0.3807495741056218	0.0017858775728204085
0.38160136286201024	0.0017870043786259277
0.38245315161839866	0.0017919408548099773
0.3833049403747871	0.0017968978142976952
0.3841567291311755	0.0017961283101913716
0.3850085178875639	0.0018011106356010565
0.3858603066439523	0.001802261046944362
0.38671209540034074	0.0017992255602362276
0.38756388415672915	0.0017971347185165554
0.38841567291311757	0.0017963202086930293
0.389267461669506	0.0017974420524618083
0.3901192504258944	0.0018024698623987645
0.3909710391822828	0.0018075187975875567
0.39182282793867124	0.0018066960162732599
0.39267461669505965	0.001811771005083016
0.393526405451448	0.001794953243893655
0.39437819420783643	0.0017927459913553731
0.39522998296422485	0.0017918435088025305
0.39608177172061326	0.001792920927653546
0.3969335604770017	0.0017979928397544047
0.3977853492333901	0.0017970759901913796
0.3986371379897785	0.0017981558352844023
0.39948892674616693	0.001803264232543733
0.40034071550255534	0.001808394429506873
0.40119250425894376	0.0018036175930912807
0.4020442930153322	0.0018046992369388979
0.4028960817717206	0.001809855520473009
0.403747870528109	0.0018089027261314235
0.4045996592844974	0.0018099866446460674
0.40545144804088584	0.0018151802935546643
0.40630323679727426	0.00181283793686703
0.4071550255536627	0.0018118528016816313
0.4080068143100511	0.0018170742794962759
0.4088586030664395	0.001811922097112414
0.4097103918228279	0.001817158866179213
0.41056218057921634	0.0018224183708570108
0.41141396933560476	0.0018277007429464513
0.4122657580919932	0.0018287992201035704
0.4131175468483816	0.0018341154969061973
0.41396933560477	0.001839454988891368
0.4148211243611584	0.001844817831424579
0.41567291311754684	0.0018502041608593953
0.41652470187393525	0.0018513455355560647
0.41737649063032367	0.001842496490720274
0.4182282793867121	0.0018436060732639162
0.4190800681431005	0.001849020481702283
0.4199318568994889	0.0018544587772367014
0.42078364565587734	0.001851979779728201
0.42163543441226575	0.0018574428469250394
0.42248722316865417	0.0018629301226914354
0.4233390119250426	0.0018640716175087294
0.424190800681431	0.0018695947926717182
0.4250425894378194	0.0018685484204772063
0.42589437819420783	0.0018696921616220938
0.42674616695059625	0.0018752567216269215
0.42759795570698467	0.0018741929775568293
0.4284497444633731	0.001875338888039916
0.4293015332197615	0.0018809452823240413
0.4301533219761499	0.0018865768550256103
0.43100511073253833	0.0018877449835623466
0.43185689948892675	0.001893413887416888
0.43270868824531517	0.0018945925712843027
0.4335604770017036	0.0019002991754146772
0.434412265758092	0.001906031601283198
0.4352640545144804	0.001904954828359842
0.43611584327086883	0.001906148113716069
0.43696763202725725	0.001911924320121269
0.43781942078364566	0.0019131284864489467
0.4386712095400341	0.001918943466650919
0.4395229982964225	0.00191784547032913
0.4403747870528109	0.0019190521028142164
0.44122657580919933	0.0019202571771925732
0.44207836456558774	0.0019261295233001959
0.44293015332197616	0.0019273456872681363
0.4437819420783646	0.0019110228328653922
0.444633730834753	0.001912181912747349
0.4454855195911414	0.0019133390930625967
0.4463373083475298	0.0019121238289189
0.44718909710391824	0.0019132697912016539
0.44804088586030666	0.0019191840718545184
0.4488926746166951	0.0019203406942005204
0.4497444633730835	0.0019262952389887391
0.4505962521294719	0.0019274626540262843
0.4514480408858603	0.0019334578722347642
0.45229982964224874	0.001930598805644228
0.45315161839863716	0.0019293325036395894
0.4540034071550256	0.0019304864727056627
0.454855195911414	0.0019316382300537242
0.4557069846678024	0.0019286995842252156
0.4565587734241908	0.0019257329794083692
0.45741056218057924	0.0019194470869480509
0.45826235093696766	0.0019254925895841077
0.45911413969335607	0.001931566698699515
0.4599659284497445	0.0019181507714406494
0.4608177172061329	0.0019242208688186263
0.4616695059625213	0.001922797107003411
0.46252129471890974	0.001923870157965699
0.46337308347529815	0.001924940328301674
0.46422487223168657	0.001926007574190415
0.46507666098807493	0.0019321511390203686
0.46592844974446335	0.0019306808726990033
0.46678023850085176	0.0019317472304053783
0.4676320272572402	0.0019379387279387288
0.4684838160136286	0.0019364430379679185
0.469335604770017	0.0019375083325060883
0.47018739352640543	0.0019437482949296184
0.47103918228279384	0.001950018450719714
0.47189097103918226	0.0019511076760021476
0.4727427597955707	0.001957421940325779
0.4735945485519591	0.001933257726242889
0.4744463373083475	0.0019342723761886459
0.4752981260647359	0.001930884024643924
0.47614991482112434	0.001931877079251355
0.47700170357751276	0.0019381801039797444
0.4778534923339012	0.001939182910298927
0.4787052810902896	0.001937507632125906
0.479557069846678	0.0019384940138340912
0.4804088586030664	0.0019213512357338575
0.48126064735945484	0.0019177688399233644
0.48211243611584326	0.001918668451118811
0.4829642248722317	0.0019250006902314144
0.4838160136286201	0.0019231816924313446
0.4846678023850085	0.001929549843730786
0.4855195911413969	0.0019277127164840913
0.48637137989778534	0.0019341170776684237
0.48722316865417375	0.001935025521959812
0.48807495741056217	0.0019414756070330111
0.4889267461669506	0.0019198953522826642
0.489778534923339	0.0019135675483211228
0.4906303236797274	0.0019199781598732873
0.49148211243611584	0.0019264210396044057
0.49233390119250425	0.00191879680487204
0.49318568994889267	0.0019252574001746394
0.4940374787052811	0.0019317506797705067
0.4948892674616695	0.0019325797677399697
0.4957410562180579	0.0019391198007949273
0.49659284497444633	0.001945693088255249
0.49744463373083475	0.0019522998559573044
0.49829642248722317	0.0019589403316578394
0.4991482112436116	0.001965614745053607
0.5	0.0019723233278012304
0.5008517887563884	0.0019703151102468505
0.5017035775127768	0.0019712086492908406
0.5025553662691652	0.001977970943113451
0.5034071550255537	0.0019788737097007503
0.504258943781942	0.001985685667393352
0.5051107325383305	0.0019925328593498807
0.5059625212947189	0.0019934599575478613
0.5068143100511073	0.002000357742868096
0.5076660988074957	0.001978906095473713
0.5085178875638842	0.0019732403885350147
0.5093696763202725	0.0019690329799025444
0.510221465076661	0.0019668041901036897
0.5110732538330494	0.0019675882875255326
0.5119250425894378	0.0019683658665096073
0.5127768313458262	0.0019691368441567447
0.5136286201022147	0.0019632440970813163
0.514480408858603	0.0019639782205687294
0.5153321976149915	0.0019708936368383377
0.5161839863713799	0.001977845642612018
0.5170357751277683	0.0019848344964728377
0.5178875638841567	0.0019918604592922104
0.5187393526405452	0.0019989237942542397
0.5195911413969335	0.0020060247668803647
0.520442930153322	0.0020131636450543165
0.5212947189097104	0.0020203406990473797
0.5221465076660988	0.0020211900187072063
0.5229982964224872	0.0020284214677902374
0.5238500851788757	0.0020356917956317793
0.524701873935264	0.0020365663992234894
0.5255536626916525	0.002037434148370174
0.5264054514480409	0.0019864725979833885
0.5272572402044293	0.001983886929735304
0.5281090289608177	0.00197413517342229
0.5289608177172062	0.0019652357365620974
0.5298126064735945	0.0019657934190799326
0.530664395229983	0.0019729417587856777
0.5315161839863713	0.001963570127504552
0.5323679727427598	0.0019707364418385105
0.5332197614991482	0.00195570174853325
0.5340715502555367	0.00195616895799711
0.534923339011925	0.0019480010305698364
0.5357751277683135	0.0019551627990645783
0.5366269165247018	0.0019522081392409618
0.5374787052810903	0.0019594118593119617
0.5383304940374787	0.001959834755464004
0.5391822827938672	0.0019670934027064633
0.5400340715502555	0.001974392450582925
0.540885860306644	0.0019817321994698503
0.5417376490630323	0.00198219028565231
0.5425894378194208	0.001976847605547679
0.5434412265758092	0.001960989445296878
0.5442930153321976	0.0019683339750545445
0.545144804088586	0.0019686929799289333
0.5459965928449745	0.001969040800876486
0.5468483816013628	0.0019693773039000497
0.5477001703577513	0.001976808916367597
0.5485519591141397	0.001973582527850101
0.5494037478705281	0.0019810582192434727
0.5502555366269165	0.0019813888409713817
0.551107325383305	0.0019889226388457976
0.5519591141396933	0.0019964994869937818
0.5528109028960818	0.002004119714043376
0.5536626916524702	0.0020044857666914775
0.5545144804088586	0.002012165788786081
0.555366269165247	0.0020125360650875227
0.5562180579216355	0.0020202765884147823
0.5570698466780238	0.002028061854651448
0.5579216354344123	0.002035892209302612
0.5587734241908007	0.0020362999086403323
0.5596252129471891	0.002036695505275414
0.5604770017035775	0.0020195178244399267
0.561328790459966	0.002008487275383122
0.5621805792163543	0.0020163176351312042
0.5630323679727428	0.0020241938758934356
0.5638841567291312	0.0020244720319634686
0.5647359454855196	0.0020324111379711684
0.565587734241908	0.0020403970363521945
0.5664395229982965	0.0020484300955504317
0.5672913117546848	0.0020487453861166745
0.5681431005110733	0.002056843193966938
0.5689948892674617	0.002057162237962925
0.5698466780238501	0.0020653255801770633
0.5706984667802385	0.002053814678069149
0.5715502555366269	0.0020540766028001953
0.5724020442930153	0.0020622765093982003
0.5732538330494037	0.002070525615435793
0.5741056218057922	0.002078824315297259
0.5749574105621805	0.0020791247823625813
0.575809199318569	0.0020558424172881984
0.5766609880749574	0.0020519623115034273
0.5775127768313458	0.002043282285217767
0.5783645655877342	0.0020345151924099276
0.5792163543441227	0.0020277132212650506
0.580068143100511	0.002027710439376197
0.5809199318568995	0.0020276908471732356
0.5817717206132879	0.002027654238884962
0.5826235093696763	0.002023426957695142
0.5834752981260647	0.0020233385854928634
0.5843270868824532	0.0020316479842012528
0.5851788756388415	0.0020400086754942624
0.58603066439523	0.0020290469927736043
0.5868824531516184	0.0020196813495782554
0.5877342419080068	0.0019995266042696857
0.5885860306643952	0.0019992325512801774
0.5894378194207837	0.002007545368541218
0.590289608177172	0.0020159101409101396
0.5911413969335605	0.0020243273022500564
0.5919931856899489	0.0020327972909624
0.5928449744463373	0.002032548851053626
0.5936967632027257	0.0020322804174080517
0.5945485519591142	0.0020408373875866123
0.5954003407155025	0.002049448515804277
0.596252129471891	0.0020447334695200443
0.5971039182282794	0.00204443926852283
0.5979557069846678	0.0020531205393021206
0.5988074957410562	0.0020618572224480867
0.5996592844974447	0.002070649790560872
0.600511073253833	0.0020703867718793074
0.6013628620102215	0.0020583588035408148
0.6022146507666098	0.0020480466129343526
0.6030664395229983	0.0020399341609365134
0.6039182282793867	0.002031732789519218
0.6047700170357752	0.0020265447729698855
0.6056218057921635	0.0020353176940649934
0.606473594548552	0.0020441477057529106
0.6073253833049403	0.0020436040114433012
0.6081771720613288	0.0020525086040857556
0.6090289608177172	0.0020614715237542523
0.6098807495741057	0.0020609378931643932
0.610732538330494	0.00205238204921494
0.6115843270868825	0.0020469442837863882
0.6124361158432708	0.0020462797114779484
0.6132879045996593	0.0020553140589899925
0.6141396933560477	0.0020644083689855233
0.6149914821124361	0.0020735631732825767
0.6158432708688245	0.0020729243656072917
0.616695059625213	0.0020821578817124464
0.6175468483816013	0.002081510499522748
0.6183986371379898	0.002090823745605624
0.6192504258943782	0.0021001996368415236
0.6201022146507666	0.002109638736332946
0.620954003407155	0.0021191416135236353
0.6218057921635435	0.002128708844284464
0.6226575809199318	0.0020932283314437075
0.6235093696763203	0.0020924609159903274
0.6243611584327087	0.002091664948807806
0.6252129471890971	0.002090840063505211
0.6260647359454855	0.002078717716686949
0.626916524701874	0.0020725578090550973
0.6277683134582623	0.002071568030567043
0.6286201022146508	0.002081092481282294
0.6294718909710392	0.0020800889877641815
0.6303236797274276	0.0020896967890933465
0.631175468483816	0.002099371311265075
0.6320272572402045	0.0020930007733952045
0.6328790459965928	0.002091944099714023
0.6337308347529813	0.0020908548815525554
0.6345826235093697	0.0020897326972093323
0.6354344122657581	0.0020995206723719052
0.6362862010221465	0.002098382645600378
0.637137989778535	0.0021082573874620265
0.6379897785349233	0.0021071032186459485
0.6388415672913118	0.002100338998171194
0.6396933560477002	0.0020990891062485292
0.6405451448040886	0.002109061025993178
0.641396933560477	0.0021191041737360023
0.6422487223168655	0.0021292192294578927
0.6431005110732538	0.0021222779230567193
0.6439522998296422	0.00212098263972554
0.6448040885860307	0.0020808353317346116
0.645655877342419	0.002052247451343836
0.6465076660988075	0.0020505209242768167
0.6473594548551959	0.0020214603486526845
0.6482112436115843	0.00200972440975732
0.6490630323679727	0.0020017874156489416
0.6499148211243612	0.0019996835004846393
0.6507666098807495	0.002009461903909992
0.651618398637138	0.002007326973169055
0.6524701873935264	0.0019951100833453766
0.6533219761499148	0.0019928347514554406
0.6541737649063032	0.001955036591051916
0.6550255536626917	0.0019463798231675014
0.65587734241908	0.0019560392763842134
0.6567291311754685	0.001934907760617919
0.6575809199318569	0.0019445581733890807
0.6584327086882453	0.0019542809642560262
0.6592844974446337	0.0019515455304928984
0.6601362862010222	0.0019325953073638866
0.6609880749574105	0.0019233446831132994
0.661839863713799	0.0019203368699590362
0.6626916524701874	0.0019108809615138729
0.6635434412265758	0.0019205808648718112
0.6643952299829642	0.0019303548132935508
0.6652470187393527	0.0018969292551626246
0.666098807495741	0.0019066322181046328
0.6669505962521295	0.001903294205084486
0.6678023850085179	0.0019130797794036866
0.6686541737649063	0.0019229410153799942
0.6695059625212947	0.001902465879929318
0.6703577512776832	0.001884430520410759
0.6712095400340715	0.0018695466881995383
0.67206132879046	0.0018454635642135644
0.6729131175468483	0.0018551004496663768
0.6737649063032368	0.0018648130174656772
0.6746166950596252	0.0018608603243966235
0.6754684838160137	0.0018706543261039741
0.676320272572402	0.0018805258528908025
0.6771720613287905	0.0018695350709422832
0.6780238500851788	0.001865418532085199
0.6788756388415673	0.0018200801399627523
0.6797274275979557	0.0018085106382978728
0.6805792163543442	0.0018039215686274513
0.6814310051107325	0.0018135940703359096
0.682282793867121	0.001801723889417395
0.6831345826235093	0.001811436686664928
0.6839863713798978	0.0018212282363225763
0.6848381601362862	0.0018310993920750023
0.6856899488926746	0.0018189584069753743
0.686541737649063	0.0018288709868498996
0.6873935264054515	0.001823975223716145
0.6882453151618398	0.0018339696085036307
0.6890971039182283	0.0018289929248833361
0.6899488926746167	0.001839070020888203
0.6908006814310051	0.0017896189418037738
0.6916524701873935	0.0017995337281849582
0.692504258943782	0.0017864471119318768
0.6933560477001703	0.001780924378417415
0.6942078364565588	0.0017908736766208643
0.6950596252129472	0.001785257864784648
0.6959114139693356	0.0017716824557538376
0.696763202725724	0.0017658384765521975
0.6976149914821125	0.001775814965120289
0.6984667802385008	0.001752532769962069
0.6993185689948893	0.0017624903425186716
0.7001703577512777	0.001772533022533023
0.7010221465076661	0.0017663817663817669
0.7018739352640545	0.0017765042979942698
0.702725724020443	0.0017867140928103289
0.7035775127768313	0.0017804498327205279
0.7044293015332198	0.0017907414502507043
0.7052810902896082	0.0018011225601072302
0.7061328790459966	0.0018115942028985512
0.706984667802385	0.0018052071326869624
0.7078364565587735	0.0017845066180189706
0.7086882453151618	0.0017692487981112771
0.7095400340715503	0.0017624058421022372
0.7103918228279387	0.001772803516686911
0.7112436115843271	0.0017469294188150557
0.7120954003407155	0.0017251066669007784
0.712947189097104	0.0017177123074749192
0.7137989778534923	0.0017013148542999292
0.7146507666098807	0.0016936276700330684
0.7155025553662692	0.001703799607991225
0.7163543441226575	0.0016959730815152504
0.717206132879046	0.0017062206530047686
0.7180579216354344	0.0017165613842351005
0.7189097103918228	0.001726996407847472
0.7197614991482112	0.0017189932537623252
0.7206132879045997	0.0017108599985082421
0.721465076660988	0.0017213560721187223
0.7223168654173765	0.0017130722038697502
0.7231686541737649	0.0017236467236467238
0.7240204429301533	0.0017343194587776634
0.7248722316865417	0.0017258619695017599
0.7257240204429302	0.0017366150035796524
0.7265758091993185	0.001698792834890966
0.727427597955707	0.0017094435736677118
0.7282793867120954	0.001700479091500562
0.7291311754684838	0.0016913675773267468
0.7299829642248722	0.0017020724354110933
0.7308347529812607	0.0016927868193690981
0.731686541737649	0.001683348498635123
0.7325383304940375	0.001694104719073686
0.7333901192504259	0.0016844843122798398
0.7342419080068143	0.0016953170088218322
0.7350936967632027	0.0016682225218684094
0.7359454855195912	0.0016477015694052965
0.7367972742759795	0.0016373863461242102
0.737649063032368	0.001648053358151078
0.7385008517887564	0.0015754401652083201
0.7393526405451448	0.001553626915246973
0.7402044293015332	0.0015422778257118206
0.7410562180579217	0.001552457877366684
0.74190800681431	0.0015627390553624898
0.7427597955706985	0.001518118413236232
0.7436115843270868	0.001528239202657807
0.7444633730834753	0.0015161649944258637
0.7453151618398637	0.001526340598415299
0.7461669505962522	0.001502722979233046
0.7470187393526405	0.0014901264901264898
0.747870528109029	0.001477324782409528
0.7487223168654173	0.0014873746108612933
0.7495741056218058	0.0014394836432866658
0.7504258943781942	0.001425966618355229
0.7512776831345827	0.0014357670762133404
0.752129471890971	0.0014219694276573051
0.7529812606473595	0.0014318100465338262
0.7538330494037478	0.0014417531718569777
0.7546848381601363	0.0014518002322880367
0.7555366269165247	0.0014619526814648762
0.7563884156729132	0.001447675131885658
0.7572402044293015	0.0014578700271806275
0.75809199318569	0.0014681729955705965
0.7589437819420783	0.0014785855700072674
0.7597955706984668	0.0014049788411869125
0.7606473594548552	0.0013895949839010334
0.7614991482112436	0.0013995562382659154
0.762350936967632	0.0014096249881814975
0.7632027257240205	0.0014198027859301005
0.7640545144804088	0.0014039310068190932
0.7649063032367973	0.001414141414141414
0.7657580919931857	0.001384649413846494
0.7666098807495741	0.001394793365596285
0.7674616695059625	0.0013781153487035839
0.768313458262351	0.0013882859416829462
0.7691652470187393	0.001330235524577468
0.7700170357751278	0.0013401257515259994
0.7708688245315162	0.0013223843607242597
0.7717206132879046	0.0013043397245979839
0.772572402044293	0.0013141467901964649
0.7734241908006815	0.001295692060339528
0.7742759795570698	0.001305507909281494
0.7751277683134583	0.001315435726082114
0.7759795570698467	0.0012964521715573872
0.7768313458262351	0.0013063866709562945
0.7776831345826235	0.0012722271342960998
0.778534923339012	0.0012523512523512524
0.7793867120954003	0.0012321291391058833
0.7802385008517888	0.001241717692717602
0.7810902896081772	0.0012514186121919584
0.7819420783645656	0.0012612336601307188
0.782793867120954	0.0012711646338325355
0.7836456558773425	0.0012034068863921656
0.7844974446337308	0.0012129577346968654
0.7853492333901193	0.0012226227365669598
0.7862010221465077	0.0012005312084993362
0.787052810902896	0.001210174029451138
0.7879045996592845	0.0011875458824545495
0.7887563884156729	0.0011971616385877848
0.7896081771720613	0.0011575216966744567
0.7904599659284497	0.0011337868480725626
0.7913117546848382	0.0011430801828928294
0.7921635434412265	0.0011187568868200322
0.793015332197615	0.0011280028115044952
0.7938671209540034	0.001137363830687105
0.7947189097103918	0.001112263715998156
0.7955706984667802	0.0011215713621571363
0.7964224872231687	0.0011309963315870282
0.797274275979557	0.0011405406044274252
0.7981260647359455	0.0011144484969844335
0.7989778534923339	0.0011239331650438754
0.7998296422487223	0.0011335394314117718
0.8006814310051107	0.0011432693836127314
0.8015332197614992	0.0011531251541611169
0.8023850085178875	0.0011257899188933673
0.803236797274276	0.0011355793964489616
0.8040885860306644	0.0011454971204354154
0.8049403747870528	0.001155545340790112
0.8057921635434412	0.0011657263570085273
0.8066439522998297	0.0011760425194599301
0.807495741056218	0.0011864962307440185
0.8083475298126065	0.0011574074074074076
0.8091993185689949	0.001034326286568439
0.8100511073253833	0.0010032453978642318
0.8109028960817717	0.0010123245417363064
0.8117546848381602	0.000980392156862745
0.8126064735945485	0.0009893455098934551
0.813458262350937	0.0009984220742044042
0.8143100511073254	0.001007624120971265
0.8151618398637138	0.0010169539739432211
0.8160136286201022	0.0009833476887740453
0.8168654173764907	0.0009925378540896906
0.817717206132879	0.0008556008950901672
0.8185689948892675	0.0008193816989990256
0.8194207836456558	0.0007600822677278011
0.8202725724020443	0.0007221846084405326
0.8211243611584327	0.0007290954659375712
0.8219761499148212	0.000736105999263894
0.8228279386712095	0.0007432181345224824
0.823679727427598	0.0007035317292809906
0.8245315161839863	0.0007103954534690978
0.8253833049403748	0.0006695361071257771
0.8262350936967632	0.000676132521974307
0.8270868824531517	0.0006828269033799932
0.82793867120954	0.0006896212009260628
0.8287904599659285	0.0006965174129353234
0.8296422487223168	0.0007035175879396985
0.8304940374787053	0.0007106238262017156
0.8313458262350937	0.0007178382812900579
0.8321976149914821	0.0007251631617113851
0.8330494037478705	0.0007326007326007326
0.833901192504259	0.0006872852233676976
0.8347529812606473	0.0006944073500347204
0.8356047700170358	0.0007016407599309154
0.8364565587734242	0.0006544502617801048
0.8373083475298126	0.0006613392119041059
0.838160136286201	0.0006683375104427736
0.8390119250425895	0.0006754474839581223
0.8398637137989778	0.0006826715212197064
0.8407155025553663	0.0006900120752113162
0.8415672913117547	0.0006974716652136007
0.8424190800681431	0.0007050528789659225
0.8432708688245315	0.0007127583749109052
0.84412265758092	0.0007205908845253108
0.8449744463373083	0.0007285532147410601
0.8458262350936968	0.0007366482504604051
0.8466780238500852	0.0007448789571694599
0.8475298126064736	0.00075324838365451
0.848381601362862	0.0007617596648257475
0.8492333901192505	0.0007704160246533128
0.8500851788756388	0.0007792207792207792
0.8509369676320273	0.0007881773399014779
0.8517887563884157	0.0007972892166633447
0.8526405451448041	0.0008065600215082673
0.8534923339011925	0.0008159934720522236
0.854344122657581	0.000825593395252838
0.8551959114139693	0.0008353637312913331
0.8560477001703578	0.0008453085376162299
0.8568994889267462	0.000855431993156544
0.8577512776831345	0.000865738402712647
0.858603066439523	0.0008762322015334064
0.8594548551959114	0.0008869179600886918
0.8603066439522998	0.0008978003890468353
0.8611584327086882	0.0009088843444671666
0.8620102214650767	0.0008434935971167856
0.862862010221465	0.0008540372670807453
0.8637137989778535	0.0008647798742138365
0.8645655877342419	0.0008757264549000876
0.8654173764906303	0.0008868822059179231
0.8662691652470187	0.0008982524906091785
0.8671209540034072	0.0009098428453267163
0.8679727427597955	0.0009216589861751152
0.868824531516184	0.0009337068160597573
0.8696763202725724	0.0009459924320605435
0.8705281090289608	0.0009585221331474381
0.8713798977853492	0.0009713024282560706
0.8722316865417377	0.0009843400447427293
0.873083475298126	0.0009976419372392526
0.8739352640545145	0.0010112152969295827
0.8747870528109029	0.0010250675612710838
0.8756388415672913	0.0010392064241851677
0.8764906303236797	0.001053639846743295
0.8773424190800682	0.0010683760683760685
0.8781942078364565	0.0010834236186348862
0.879045996592845	0.0010987913295375088
0.8798977853492334	0.0011144883485309017
0.8807495741056218	0.0011305241521068858
0.8816013628620102	0.001146908560108435
0.8824531516183987	0.0011636517507669522
0.883304940374787	0.0011807642765135251
0.8841567291311755	0.0011982570806100218
0.8850085178875639	0.0012161415146489773
0.8858603066439523	0.0012344293569745259
0.8867120954003407	0.0012531328320802004
0.8875638841567292	0.001272264631043257
0.8884156729131175	0.001291837933059307
0.889267461669506	0.0013118664281454979
0.8901192504258943	0.0013323643410852713
0.8909710391822828	0.0013533464566929134
0.8918228279386712	0.0013748281464816899
0.8926746166950597	0.0013968253968253967
0.893526405451448	0.0014193548387096775
0.8943781942078365	0.0014424337791765014
0.8952299829642248	0.0014660802345728375
0.8960817717206133	0.0014903129657228018
0.8969335604770017	0.0015151515151515152
0.8977853492333902	0.0015406162464985994
0.8986371379897785	0.0015667283862697621
0.899488926746167	0.0015935100680863393
0.9003407155025553	0.0016209843796050692
0.9011925042589438	0.001649175412293853
0.9020442930153322	0.0015255530129672007
0.9028960817717206	0.0015525539512498058
0.903747870528109	0.0015802781289506952
0.9045996592844975	0.0016087516087516086
0.9054514480408858	0.001638001638001638
0.9063032367972743	0.0016680567139282735
0.9071550255536627	0.0016989466530750934
0.9080068143100511	0.0017307026652821046
0.9088586030664395	0.0017633574325515782
0.909710391822828	0.0017969451931716084
0.9105621805792163	0.0018315018315018315
0.9114139693356048	0.0018670649738610904
0.9122657580919932	0.0019036740909956216
0.9131175468483816	0.0019413706076490001
0.91396933560477	0.0019801980198019802
0.9148211243611585	0.00202020202020202
0.9156729131175468	0.0020614306328592042
0.9165247018739353	0.0018935409215232485
0.9173764906303237	0.0019329896907216496
0.9182282793867121	0.001973684210526316
0.9190800681431005	0.002015677491601344
0.919931856899489	0.002059025394646534
0.9207836456558773	0.0021037868162692847
0.9216354344122658	0.002150023889154324
0.9224872231686542	0.002197802197802198
0.9233390119250426	0.0022471910112359553
0.924190800681431	0.0022982635342185904
0.9250425894378195	0.0023510971786833857
0.9258943781942078	0.0024057738572574178
0.9267461669505963	0.0024623803009575923
0.9275979557069847	0.0025210084033613447
0.9284497444633731	0.0025817555938037868
0.9293015332197615	0.002644725242433147
0.9301533219761499	0.0027100271002710027
0.9310051107325383	0.002777777777777778
0.9318568994889267	0.002848101265822785
0.9327086882453152	0.0029211295034079843
0.9335604770017035	0.002997002997002997
0.934412265758092	0.0030758714969241286
0.9352640545144804	0.003157894736842105
0.9361158432708688	0.003243243243243243
0.9369676320272572	0.0033320992225101815
0.9378194207836457	0.003424657534246575
0.938671209540034	0.0035211267605633804
0.9395229982964225	0.0036217303822937627
0.9403747870528109	0.0037267080745341614
0.9412265758091993	0.0038363171355498722
0.9420783645655877	0.003950834064969272
0.9429301533219762	0.004070556309362279
0.9437819420783645	0.004195804195804196
0.944633730834753	0.004326923076923077
0.9454855195911414	0.004464285714285714
0.9463373083475298	0.004608294930875576
0.9471890971039182	0.004759386567953464
0.9480408858603067	0.004918032786885246
0.948892674616695	0.005084745762711864
0.9497444633730835	0.005260081823495032
0.9505962521294719	0.004839685420447671
0.9514480408858603	0.005012531328320802
0.9522998296422487	0.005194805194805195
0.9531516183986372	0.0053872053872053875
0.9540034071550255	0.005590496156533892
0.954855195911414	0.005805515239477504
0.9557069846678024	0.006033182503770739
0.9565587734241908	0.006274509803921568
0.9574105621805792	0.006530612244897959
0.9582623509369677	0.006802721088435374
0.959114139693356	0.0070921985815602835
0.9599659284497445	0.0074005550416281225
0.9608177172061328	0.007729468599033816
0.9616695059625213	0.00808080808080808
0.9625212947189097	0.008456659619450317
0.9633730834752982	0.008859357696566999
0.9642248722316865	0.009291521486643438
0.965076660988075	0.00975609756097561
0.9659284497444633	0.010256410256410256
0.9667802385008518	0.010796221322537112
0.9676320272572402	0.011379800853485065
0.9684838160136287	0.012012012012012012
0.969335604770017	0.012698412698412698
0.9701873935264055	0.013445378151260505
0.9710391822827938	0.012477718360071301
0.9718909710391823	0.013257575757575758
0.9727427597955707	0.014112903225806451
0.9735945485519591	0.012903225806451613
0.9744463373083475	0.013793103448275862
0.975298126064736	0.014778325123152709
0.9761499148211243	0.015873015873015872
0.9770017035775128	0.014245014245014245
0.9778534923339012	0.015384615384615385
0.9787052810902896	0.016666666666666666
0.979557069846678	0.018115942028985508
0.9804088586030665	0.015810276679841896
0.9812606473594548	0.017316017316017316
0.9821124361158433	0.01904761904761905
0.9829642248722317	0.021052631578947368
0.9838160136286201	0.017543859649122806
0.9846678023850085	0.0196078431372549
0.985519591141397	0.022058823529411766
0.9863713798977853	0.025
0.9872231686541738	0.02857142857142857
0.9880749574105622	0.03296703296703297
0.9889267461669506	0.038461538461538464
0.989778534923339	0.045454545454545456
0.9906303236797275	0.05454545454545454
0.9914821124361158	0.06666666666666667
0.9923339011925043	0.05555555555555555
0.9931856899488927	0.07142857142857142
0.9940374787052811	0.047619047619047616
0.9948892674616695	0.06666666666666667
0.995741056218058	0.0
0.9965928449744463	0.0
0.9974446337308348	0.0
0.9982964224872232	0.0
0.9991482112436116	0.0
1.0	0.0
