Fraction_of_nodes	Efficiency
0.0008517887563884157	0.05852897872239675
0.0017035775127768314	0.05760196496618466
0.002555366269165247	0.0504328954203212
0.0034071550255536627	0.050247075536760506
0.004258943781942078	0.050333115049665915
0.005110732538330494	0.05017215123464338
0.00596252129471891	0.04886256398557426
0.0068143100511073255	0.04894644821559241
0.007666098807495741	0.049013169879189765
0.008517887563884156	0.04907892643018207
0.009369676320272573	0.049143216237680275
0.010221465076660987	0.049186236323406934
0.011073253833049404	0.04854315460679578
0.01192504258943782	0.04853601614908666
0.012776831345826235	0.048427634424191277
0.013628620102214651	0.048507366167438525
0.014480408858603067	0.04849295113298045
0.015332197614991482	0.04659430763716016
0.016183986371379896	0.04636836958866486
0.017035775127768313	0.0464488004118889
0.01788756388415673	0.04650158308784824
0.018739352640545145	0.04550948876630146
0.019591141396933562	0.045567032519107216
0.020442930153321975	0.045613187852787215
0.02129471890971039	0.04542014336164332
0.022146507666098807	0.044982796363321566
0.022998296422487224	0.04444369941260385
0.02385008517887564	0.04409091127875629
0.024701873935264053	0.0436019267975651
0.02555366269165247	0.043434361299223796
0.026405451448040886	0.04333216369715889
0.027257240204429302	0.043181173437931535
0.028109028960817718	0.042503160107763935
0.028960817717206135	0.0421480602160622
0.029812606473594547	0.04222213413559833
0.030664395229982964	0.04229228161459572
0.03151618398637138	0.041834861226612396
0.03236797274275979	0.04152549534067291
0.03321976149914821	0.041594070867188804
0.034071550255536626	0.04166593712782785
0.03492333901192504	0.04173955185773568
0.03577512776831346	0.04168803952550522
0.036626916524701875	0.04162906734439625
0.03747870528109029	0.041602096536151476
0.03833049403747871	0.040956564087661004
0.039182282793867124	0.0400310705937626
0.04003407155025554	0.03906604314258321
0.04088586030664395	0.0391354938859478
0.041737649063032366	0.03920354834323794
0.04258943781942078	0.038200695501494804
0.0434412265758092	0.03658675471079307
0.044293015332197615	0.035969374984598644
0.04514480408858603	0.03603201304589235
0.04599659284497445	0.03564124607414937
0.046848381601362864	0.03570500501167021
0.04770017035775128	0.03547696016325169
0.048551959114139696	0.035538934544999956
0.049403747870528106	0.0345890593603466
0.05025553662691652	0.03455899341812041
0.05110732538330494	0.034599886670198074
0.051959114139693355	0.031186909485948378
0.05281090289608177	0.031210545445220908
0.05366269165247019	0.031064974699302587
0.054514480408858604	0.030972719744608558
0.05536626916524702	0.0309094753673518
0.056218057921635436	0.03067177504351744
0.05706984667802385	0.030635909364203642
0.05792163543441227	0.03047938643180566
0.05877342419080068	0.030522946990199095
0.059625212947189095	0.026175828911784927
0.06047700170357751	0.025958395262305495
0.06132879045996593	0.025748977178416215
0.062180579216354344	0.025775081905920802
0.06303236797274275	0.025539070657752943
0.06388415672913117	0.025562998359244034
0.06473594548551959	0.025531797340705657
0.065587734241908	0.025349006166331317
0.06643952299829642	0.02537016586344151
0.06729131175468483	0.02437336292100795
0.06814310051107325	0.02441628933663204
0.06899488926746167	0.02437335497727711
0.06984667802385008	0.024303850065234237
0.0706984667802385	0.024348444285537417
0.07155025553662692	0.024305668187401194
0.07240204429301533	0.02330345661800841
0.07325383304940375	0.022865304664025744
0.07410562180579217	0.02281082688142852
0.07495741056218058	0.02279855087221482
0.075809199318569	0.022814843094430878
0.07666098807495741	0.02266724045163113
0.07751277683134583	0.022294451849368617
0.07836456558773425	0.02232458516691541
0.07921635434412266	0.022319523321263413
0.08006814310051108	0.02210449377101687
0.08091993185689948	0.022117520386436405
0.0817717206132879	0.019324920160027553
0.08262350936967632	0.01935911424005219
0.08347529812606473	0.019368301816954998
0.08432708688245315	0.019116525980825312
0.08517887563884156	0.019082296298102992
0.08603066439522998	0.018881222662681853
0.0868824531516184	0.018697388123502887
0.08773424190800681	0.01873059126613362
0.08858603066439523	0.01851705591712188
0.08943781942078365	0.01827839628334183
0.09028960817717206	0.018312657569721107
0.09114139693356048	0.018337281509149535
0.0919931856899489	0.01812412426470459
0.09284497444633731	0.018147740861867385
0.09369676320272573	0.018028410797352443
0.09454855195911414	0.018039250798396904
0.09540034071550256	0.017127216959589565
0.09625212947189098	0.017135800062743033
0.09710391822827939	0.017168162291378998
0.09795570698466781	0.01720061628436837
0.09880749574105621	0.017221357273378535
0.09965928449744463	0.017130108415045444
0.10051107325383304	0.01699207467228855
0.10136286201022146	0.017006132610664734
0.10221465076660988	0.016979023681278793
0.1030664395229983	0.016985163686756153
0.10391822827938671	0.016947404209487912
0.10477001703577513	0.016971680508989534
0.10562180579216354	0.016984070046239
0.10647359454855196	0.01679679578082382
0.10732538330494037	0.016757288010706927
0.10817717206132879	0.01663918149119815
0.10902896081771721	0.016050819796232903
0.10988074957410562	0.016038166520270975
0.11073253833049404	0.015249194125319549
0.11158432708688246	0.015123429637743071
0.11243611584327087	0.014793671428209879
0.11328790459965929	0.014796228063938117
0.1141396933560477	0.014824709734898536
0.11499148211243612	0.014834830308969892
0.11584327086882454	0.01456323155717288
0.11669505962521294	0.014569052132770016
0.11754684838160136	0.014409619266635665
0.11839863713798977	0.014417160874505423
0.11925042589437819	0.014443201615814482
0.1201022146507666	0.013961649271004559
0.12095400340715502	0.013965541797605913
0.12180579216354344	0.013992659354494468
0.12265758091993186	0.014019855971315644
0.12350936967632027	0.013979879007448598
0.12436115843270869	0.013061231574965014
0.1252129471890971	0.013071326706055918
0.1260647359454855	0.01304196931262385
0.12691652470187392	0.01306553642113269
0.12776831345826234	0.013027596313981088
0.12862010221465076	0.012963104048156477
0.12947189097103917	0.012948289730787661
0.1303236797274276	0.0129672770183024
0.131175468483816	0.012937874708759843
0.13202725724020442	0.012963292930191592
0.13287904599659284	0.012778462874255157
0.13373083475298125	0.012740904430183077
0.13458262350936967	0.012749415940049033
0.1354344122657581	0.012348205188126836
0.1362862010221465	0.012372584665299842
0.13713798977853492	0.012387013935925272
0.13798977853492334	0.012374068336684165
0.13884156729131175	0.012380445719732036
0.13969335604770017	0.012349935402667574
0.14054514480408858	0.012361931348943865
0.141396933560477	0.01223460149371153
0.14224872231686542	0.012169806994690696
0.14310051107325383	0.01146729589123401
0.14395229982964225	0.01144223669996066
0.14480408858603067	0.011452573540461865
0.14565587734241908	0.011469104382080621
0.1465076660988075	0.011453469516231782
0.14735945485519591	0.011472713451601245
0.14821124361158433	0.011493679844897743
0.14906303236797275	0.011516713271440625
0.14991482112436116	0.011503491745688004
0.15076660988074958	0.011479966686675346
0.151618398637138	0.011503041996598311
0.1524701873935264	0.010672416842633248
0.15332197614991483	0.010687624243459893
0.15417376490630325	0.010701572595088424
0.15502555366269166	0.010532477477630761
0.15587734241908008	0.010546337965693655
0.1567291311754685	0.010419380797466448
0.1575809199318569	0.010402470289862605
0.15843270868824533	0.010185452415383843
0.15928449744463374	0.010089430830454727
0.16013628620102216	0.009911577530729068
0.16098807495741055	0.009895081185763445
0.16183986371379896	0.009799386718166445
0.16269165247018738	0.009807239026141562
0.1635434412265758	0.009799722240721504
0.1643952299829642	0.009799052420531015
0.16524701873935263	0.009769379847069522
0.16609880749574105	0.009783050040822177
0.16695059625212946	0.00979473911364137
0.16780238500851788	0.009808476346155484
0.1686541737649063	0.00980232475496975
0.1695059625212947	0.009814482376886379
0.17035775127768313	0.009615092367219216
0.17120954003407154	0.009395533020861456
0.17206132879045996	0.009235748547123472
0.17291311754684838	0.009204283059801708
0.1737649063032368	0.009171666219411167
0.1746166950596252	0.009161881816325549
0.17546848381601363	0.00917392248112524
0.17632027257240204	0.009016744117593843
0.17717206132879046	0.008928545120711761
0.17802385008517888	0.008932928121354773
0.1788756388415673	0.008951480412364857
0.1797274275979557	0.00895186857791351
0.18057921635434412	0.008952844223272161
0.18143100511073254	0.008960114608501442
0.18228279386712096	0.00897238377293095
0.18313458262350937	0.008984739083425872
0.1839863713798978	0.00899712646262705
0.1848381601362862	0.009015948902925433
0.18568994889267462	0.009034830471308522
0.18654173764906304	0.00899794836372226
0.18739352640545145	0.008936834624144078
0.18824531516183987	0.008907591563149212
0.1890971039182283	0.008846562688687729
0.1899488926746167	0.008751165829709182
0.19080068143100512	0.008760967603139408
0.19165247018739354	0.0087628834045893
0.19250425894378195	0.00877561371510729
0.19335604770017037	0.00878776701443585
0.19420783645655879	0.008775612576758025
0.1950596252129472	0.008787791393902953
0.19591141396933562	0.00880007347871584
0.196763202725724	0.008812387931250125
0.19761499148211242	0.008831117767448318
0.19846678023850084	0.008537493319343538
0.19931856899488926	0.008540420630849333
0.20017035775127767	0.008464427496989241
0.2010221465076661	0.008476805687585678
0.2018739352640545	0.008361561247515602
0.20272572402044292	0.008332773223563841
0.20357751277683134	0.008307741033951207
0.20442930153321975	0.008325549696403407
0.20528109028960817	0.00833567226746284
0.2061328790459966	0.0083535791896271
0.206984667802385	0.008303612774117482
0.20783645655877342	0.008315817734659932
0.20868824531516184	0.008326973426748267
0.20954003407155025	0.008344938849459697
0.21039182282793867	0.008335502813727568
0.21124361158432708	0.008320502681715794
0.2120954003407155	0.00831901240828009
0.21294718909710392	0.008308271280800035
0.21379897785349233	0.00831980823960563
0.21465076660988075	0.008331473872439078
0.21550255536626917	0.008342993558729158
0.21635434412265758	0.0083547210908557
0.217206132879046	0.008365590942142478
0.21805792163543442	0.00834072333093139
0.21890971039182283	0.008358934517243467
0.21976149914821125	0.008345822246392246
0.22061328790459966	0.008351648859383718
0.22146507666098808	0.008361275766592766
0.2223168654173765	0.008367121745664317
0.2231686541737649	0.008381077591608412
0.22402044293015333	0.008377945731564805
0.22487223168654175	0.008384947073306151
0.22572402044293016	0.007985233855180926
0.22657580919931858	0.007999199128557611
0.227427597955707	0.008016857404779592
0.2282793867120954	0.007900833900041083
0.22913117546848383	0.007885424628176232
0.22998296422487224	0.007779478886786874
0.23083475298126066	0.007752976963638146
0.23168654173764908	0.007748202401468645
0.23253833049403747	0.007748379011541899
0.23339011925042588	0.007753151435142274
0.2342419080068143	0.007763853955736019
0.23509369676320271	0.007774726832435614
0.23594548551959113	0.007785362308747266
0.23679727427597955	0.007796293143458412
0.23764906303236796	0.007805944114417435
0.23850085178875638	0.007820921440020471
0.2393526405451448	0.007835946329283593
0.2402044293015332	0.007835752556626904
0.24105621805792163	0.007840246069856466
0.24190800681431004	0.007854092757846185
0.24275979557069846	0.007837725850802023
0.24361158432708688	0.00785539828789515
0.2444633730834753	0.007862526766762707
0.2453151618398637	0.007747594482222277
0.24616695059625213	0.007760436182208046
0.24701873935264054	0.007763851228181236
0.24787052810902896	0.0072769039642211686
0.24872231686541738	0.007275639439232606
0.2495741056218058	0.007255643379060421
0.2504258943781942	0.007272152237715849
0.2512776831345826	0.0072887175047721495
0.252129471890971	0.007301443363971139
0.25298126064735943	0.007304576101224546
0.25383304940374785	0.007318663012286964
0.25468483816013626	0.007332795291164377
0.2555366269165247	0.007349594363996369
0.2563884156729131	0.0067981565803822246
0.2572402044293015	0.006795082907926372
0.2580919931856899	0.006712615207986352
0.25894378194207834	0.006712676868407979
0.25979557069846676	0.0067214267500594164
0.2606473594548552	0.006730420628040729
0.2614991482112436	0.0067389941861353145
0.262350936967632	0.006748034405508668
0.2632027257240204	0.006757098443618185
0.26405451448040884	0.006765605230850007
0.26490630323679726	0.006774715837066985
0.2657580919931857	0.006780482091305307
0.2666098807495741	0.006787934288119844
0.2674616695059625	0.006768023474393958
0.2683134582623509	0.0067666328556290276
0.26916524701873934	0.006729644223958068
0.27001703577512776	0.006742641380688055
0.2708688245315162	0.006638698465490971
0.2717206132879046	0.006419050143940048
0.272572402044293	0.006429982406221196
0.2734241908006814	0.0064204921279412035
0.27427597955706984	0.006285729722280518
0.27512776831345825	0.006254424579143109
0.27597955706984667	0.006260702055526625
0.2768313458262351	0.006268661852971852
0.2776831345826235	0.006260259533793137
0.2785349233390119	0.00627087254376331
0.27938671209540034	0.006173787339197544
0.28023850085178875	0.006188417167015548
0.28109028960817717	0.0061750359645723115
0.2819420783645656	0.006182894136105006
0.282793867120954	0.006190066149390667
0.2836456558773424	0.006197490735479524
0.28449744463373083	0.00620540612667975
0.28534923339011925	0.006213720953135128
0.28620102214650767	0.006222057821725917
0.2870528109028961	0.006230035721064858
0.2879045996592845	0.006238416022269553
0.2887563884156729	0.006246818624389809
0.28960817717206133	0.006255243615679583
0.29045996592844975	0.006263691084855312
0.29131175468483816	0.006256540460171389
0.2921635434412266	0.0062589545017695085
0.293015332197615	0.006255161086089315
0.2938671209540034	0.0062378076206750345
0.29471890971039183	0.006193728149091509
0.29557069846678025	0.006208725069549358
0.29642248722316866	0.006210171082086549
0.2972742759795571	0.006215991952336165
0.2981260647359455	0.006215761848668333
0.2989778534923339	0.00605115760638735
0.29982964224872233	0.006019610427655713
0.30068143100511074	0.006034292404308531
0.30153321976149916	0.005857642991040535
0.3023850085178876	0.005824881889447368
0.303236797274276	0.005823351341792187
0.3040885860306644	0.00583762426174756
0.3049403747870528	0.005753262295391306
0.30579216354344124	0.005729107740385592
0.30664395229982966	0.005740179343120854
0.3074957410562181	0.00554246279042825
0.3083475298126065	0.005546737822296012
0.3091993185689949	0.005548407470722379
0.3100511073253833	0.0054717606876303355
0.31090289608177174	0.005467966698380761
0.31175468483816016	0.005481518040879846
0.3126064735945486	0.00548809895578281
0.313458262350937	0.005494027805430209
0.3143100511073254	0.005167447375730069
0.3151618398637138	0.005122889754285577
0.31601362862010224	0.005129971511720625
0.31686541737649065	0.005114740824226035
0.31771720613287907	0.005124406577659882
0.3185689948892675	0.005096365330243172
0.3194207836456559	0.004777439609594436
0.3202725724020443	0.00478628354128205
0.32112436115843274	0.004782411643649421
0.3219761499148211	0.004794442867910175
0.3228279386712095	0.004806519550197103
0.32367972742759793	0.004804612783673235
0.32453151618398635	0.004804273295700143
0.32538330494037476	0.004809769634297435
0.3262350936967632	0.00481447828525167
0.3270868824531516	0.00481999754376514
0.32793867120954	0.004824725126481477
0.3287904599659284	0.004830267441854814
0.32964224872231684	0.004835822363088883
0.33049403747870526	0.004841389932638985
0.3313458262350937	0.004846970193147851
0.3321976149914821	0.004852563187446646
0.3330494037478705	0.004858168958555984
0.3339011925042589	0.004863787549686959
0.33475298126064734	0.004300626736308482
0.33560477001703576	0.004272837337365508
0.3364565587734242	0.00428382149504511
0.3373083475298126	0.004252298442378623
0.338160136286201	0.004241697385875712
0.3390119250425894	0.004247655341218045
0.33986371379897784	0.004185196169389895
0.34071550255536626	0.00418839190833703
0.3415672913117547	0.004199242664576245
0.3424190800681431	0.004210135641656858
0.3432708688245315	0.004188282265191329
0.3441226575809199	0.004199175066921345
0.34497444633730834	0.004210110418658119
0.34582623509369675	0.004203037061065171
0.34667802385008517	0.00418592699344502
0.3475298126064736	0.004186911866682179
0.348381601362862	0.004194450406797887
0.3492333901192504	0.004170810447033495
0.35008517887563884	0.004174590920705087
0.35093696763202725	0.004173745396289386
0.35178875638841567	0.0041651332985644714
0.3526405451448041	0.0041761086168742596
0.3534923339011925	0.004151205460404922
0.3543441226575809	0.004156944730259148
0.35519591141396933	0.004052960004137466
0.35604770017035775	0.00406019234501531
0.35689948892674617	0.004070962085983521
0.3577512776831346	0.004081774734286265
0.358603066439523	0.004053242029106744
0.3594548551959114	0.004060494904726089
0.36030664395229983	0.004071322891138692
0.36115843270868825	0.004065401486605311
0.36201022146507666	0.004076271544056128
0.3628620102214651	0.004083605876447918
0.3637137989778535	0.00409455388147861
0.3645655877342419	0.0040779566219249
0.36541737649063033	0.004088918870908569
0.36626916524701875	0.00409992538200119
0.36712095400340716	0.0041109763938125135
0.3679727427597956	0.004115403321621426
0.368824531516184	0.004114368126406735
0.3696763202725724	0.004113312276939623
0.37052810902896083	0.004117736348285302
0.37137989778534924	0.00412216930578789
0.37223168654173766	0.004126611172952925
0.3730834752981261	0.004131061973344673
0.3739352640545145	0.004135521730586051
0.3747870528109029	0.0041399904683585495
0.3756388415672913	0.0041444682104021515
0.37649063032367974	0.004148954980515257
0.37734241908006816	0.004153450802554586
0.3781942078364566	0.00415795570043508
0.379045996592845	0.0041624696981298155
0.3798977853492334	0.0041669928196698845
0.3807495741056218	0.004171525089144295
0.38160136286201024	0.0041760665306998564
0.38245315161839866	0.004180617168541061
0.3833049403747871	0.004185177026929949
0.3841567291311755	0.00418974613018599
0.3850085178875639	0.004194324502685945
0.3858603066439523	0.004198912168863719
0.38671209540034074	0.004203509153210223
0.38756388415672915	0.004195072501721804
0.38841567291311757	0.004168377897241294
0.389267461669506	0.004171905139159392
0.3901192504258944	0.004174654487701425
0.3909710391822828	0.0041863481977510095
0.39182282793867124	0.004189906442905468
0.39267461669505965	0.00415223291316798
0.393526405451448	0.004154365228657752
0.39437819420783643	0.0041578137353998615
0.39522998296422485	0.004165569343386248
0.39608177172061326	0.004173352202447952
0.3969335604770017	0.004175835041634778
0.3977853492333901	0.004163353450946283
0.3986371379897785	0.004147998191069059
0.39948892674616693	0.004151722960269186
0.40034071550255534	0.004155115400261329
0.40119250425894376	0.00397917631948218
0.4020442930153322	0.0038759588168551878
0.4028960817717206	0.003791803248039218
0.403747870528109	0.003783188318596024
0.4045996592844974	0.003665528359165589
0.40545144804088584	0.003663175049396374
0.40630323679727426	0.0036642877807907567
0.4071550255536627	0.00365333245248277
0.4080068143100511	0.003629763734722978
0.4088586030664395	0.003636080737737469
0.4097103918228279	0.003618393917702011
0.41056218057921634	0.003607117341871764
0.41141396933560476	0.0036070859573344768
0.4122657580919932	0.0036133495584811113
0.4131175468483816	0.0036238534816162306
0.41396933560477	0.0035908751905692417
0.4148211243611584	0.003563433437744342
0.41567291311754684	0.003569581488810685
0.41652470187393525	0.003580018861584985
0.41737649063032367	0.0035458667395619767
0.4182282793867121	0.0035167501218281824
0.4190800681431005	0.00348415942984262
0.4199318568994889	0.003482745905491418
0.42078364565587734	0.003474955905270798
0.42163543441226575	0.003465656680137877
0.42248722316865417	0.0034588290942782897
0.4233390119250426	0.0034625071173037605
0.424190800681431	0.003402407506779617
0.4250425894378194	0.003412503671488162
0.42589437819420783	0.0034226448413885724
0.42674616695059625	0.003407108389961009
0.42759795570698467	0.0034106105226966816
0.4284497444633731	0.0033618462353142034
0.4293015332197615	0.0033718965977516152
0.4301533219761499	0.00337378728046942
0.43100511073253833	0.0033734297791453228
0.43185689948892675	0.003383560198902516
0.43270868824531517	0.0033674694514293385
0.4335604770017036	0.003370818338036825
0.434412265758092	0.003267940264853248
0.4352640545144804	0.0032709780196143933
0.43611584327086883	0.0032542895853658097
0.43696763202725725	0.003255746295046246
0.43781942078364566	0.003254131325417012
0.4386712095400341	0.003229847265724128
0.4395229982964225	0.0032350530204480806
0.4403747870528109	0.0032207856086837526
0.44122657580919933	0.003210294865305564
0.44207836456558774	0.003196567881594837
0.44293015332197616	0.0031946503866857284
0.4437819420783646	0.0031927061120425333
0.444633730834753	0.0031938761432909117
0.4454855195911414	0.003196613769991998
0.4463373083475298	0.0031993531273488544
0.44718909710391824	0.0032020941923284504
0.44804088586030666	0.0032048369415634236
0.4488926746166951	0.0032075813513480047
0.4497444633730835	0.003210327397633895
0.4505962521294719	0.0032130750560260845
0.4514480408858603	0.0032158243017786263
0.45229982964224874	0.003218575109790349
0.45315161839863716	0.0032213274546005186
0.4540034071550256	0.003224081310384445
0.454855195911414	0.0032268366509490298
0.4557069846678024	0.0032295934497282557
0.4565587734241908	0.0032323516797786328
0.45741056218057924	0.0032351113137745603
0.45826235093696766	0.0032378723240036548
0.45911413969335607	0.003240634682361995
0.4599659284497445	0.0032433983603493356
0.4608177172061329	0.0032461633290642253
0.4616695059625213	0.0032489295591990753
0.46252129471890974	0.003251697021035189
0.46337308347529815	0.00325446568443768
0.46422487223168657	0.003257235518850364
0.46507666098807493	0.0032600064932905657
0.46592844974446335	0.0032627785763438655
0.46678023850085176	0.003265551736158773
0.4676320272572402	0.003268325940441333
0.4684838160136286	0.0032711011564496646
0.469335604770017	0.0032738773509884246
0.47018739352640543	0.003276654490403199
0.47103918228279384	0.0032794325405748285
0.47189097103918226	0.0032822114669136494
0.4727427597955707	0.003270003773281858
0.4735945485519591	0.0032753583301568514
0.4744463373083475	0.0032859926104495687
0.4752981260647359	0.0032870000970650444
0.47614991482112434	0.003289762232917881
0.47700170357751276	0.003295181801393588
0.4778534923339012	0.003297953695988125
0.4787052810902896	0.0032989432573447964
0.479557069846678	0.0032963442089169997
0.4804088586030664	0.0032948768027101357
0.48126064735945484	0.0032958125831068033
0.48211243611584326	0.0032967366743948223
0.4829642248722317	0.0032994613179176276
0.4838160136286201	0.00329218499151403
0.4846678023850085	0.0032930521503259885
0.4855195911413969	0.003298483072419697
0.48637137989778534	0.003299340644797759
0.48722316865417375	0.0033103201477754553
0.48807495741056217	0.0032763369849476503
0.4889267461669506	0.0032687269062477904
0.489778534923339	0.0032633740648352672
0.4906303236797274	0.0032687044945242444
0.49148211243611584	0.0032712418827136876
0.49233390119250425	0.0032634381876528555
0.49318568994889267	0.003265937951236329
0.4940374787052811	0.0032547144201206055
0.4948892674616695	0.0032552653995529383
0.4957410562180579	0.00323655636948786
0.49659284497444633	0.0032417919931901013
0.49744463373083475	0.003247044545784169
0.49829642248722317	0.0032465393036319383
0.4991482112436116	0.0032518062849999896
0.5	0.003237224961690214
0.5008517887563884	0.0032482923974566764
0.5017035775127768	0.0032416592029781543
0.5025553662691652	0.0032380943223097834
0.5034071550255537	0.0032403802175778105
0.504258943781942	0.0032515347105815206
0.5051107325383305	0.0032538442937428236
0.5059625212947189	0.003265083824982004
0.5068143100511073	0.0032674174244624633
0.5076660988074957	0.0032697476210486673
0.5085178875638842	0.0032750831952431656
0.5093696763202725	0.003273894273667844
0.510221465076661	0.0032792418828625643
0.5110732538330494	0.0032780193394145443
0.5119250425894378	0.003269140611019955
0.5127768313458262	0.00328059119109358
0.5136286201022147	0.003280836278117152
0.514480408858603	0.0032923682158258237
0.5153321976149915	0.003297772789669266
0.5161839863713799	0.003278665149659653
0.5170357751277683	0.0032902505388810654
0.5178875638841567	0.0032925162870595993
0.5187393526405452	0.003304191876730024
0.5195911413969335	0.0032802377401504584
0.520442930153322	0.0032855901914169
0.5212947189097104	0.003256070597450712
0.5221465076660988	0.00325815014675788
0.5229982964224872	0.0032602237736565785
0.5238500851788757	0.0032558795150885653
0.524701873935264	0.003251483079816527
0.5255536626916525	0.0032631790621180253
0.5264054514480409	0.0032684569645001476
0.5272572402044293	0.0032802564481265017
0.5281090289608177	0.003270359194151979
0.5289608177172062	0.0032701965457587133
0.5298126064735945	0.0032601477225382546
0.530664395229983	0.003265403234137783
0.5315161839863713	0.003277299056484369
0.5323679727427598	0.0032892600019459907
0.5332197614991482	0.003301286546742868
0.5340715502555367	0.003306682638251452
0.534923339011925	0.0032964135613092332
0.5357751277683135	0.0032984140024244083
0.5366269165247018	0.0033105628569453085
0.5374787052810903	0.003310320267925635
0.5383304940374787	0.0033157372801908514
0.5391822827938672	0.003310902706825912
0.5400340715502555	0.0033231880600979938
0.540885860306644	0.0033182994695261153
0.5417376490630323	0.0033202741264360103
0.5425894378194208	0.003325714711262549
0.5434412265758092	0.003314899044864888
0.5442930153321976	0.0033168135045169773
0.545144804088586	0.003318719038252332
0.5459965928449745	0.003307684490678344
0.5468483816013628	0.003309523042913741
0.5477001703577513	0.0033113519647471434
0.5485519591141397	0.00331673782301526
0.5494037478705281	0.0033293012238600145
0.5502555366269165	0.00334193614311565
0.551107325383305	0.003343820691909829
0.5519591141396933	0.003356559056450438
0.5528109028960818	0.003358465225150085
0.5536626916524702	0.0033713083044049613
0.5545144804088586	0.0033732364249825586
0.555366269165247	0.003386185509147559
0.5562180579216355	0.0033992092995673573
0.5570698466780238	0.003404897670960384
0.5579216354344123	0.00341060468021659
0.5587734241908007	0.003416330416192275
0.5596252129471891	0.003415827436058213
0.5604770017035775	0.0034215666319414527
0.561328790459966	0.003434880120781692
0.5621805792163543	0.0034482714662818154
0.5630323679727428	0.003454126754279825
0.5638841567291312	0.0034600015165274956
0.5647359454855196	0.0034620586960290153
0.565587734241908	0.0034641053845376234
0.5664395229982965	0.0034584066208720276
0.5672913117546848	0.0034642839490135026
0.5681431005110733	0.003470180776528295
0.5689948892674617	0.0034760971970888817
0.5698466780238501	0.0034820333049352574
0.5706984667802385	0.003487989194878829
0.5715502555366269	0.0034939649623063284
0.5724020442930153	0.003499960703183759
0.5732538330494037	0.0035059765140603664
0.5741056218057922	0.0035120124920726323
0.5749574105621805	0.0035180687349482967
0.575809199318569	0.003524145341010406
0.5766609880749574	0.0035302424091813844
0.5775127768313458	0.0035363600389871374
0.5783645655877342	0.0035424983305611655
0.5792163543441227	0.003548657384648733
0.580068143100511	0.0035548373026110316
0.5809199318568995	0.0035610381864293926
0.5817717206132879	0.0035672601387095105
0.5826235093696763	0.003573503262685702
0.5834752981260647	0.0035797676622251876
0.5843270868824532	0.003586053441832401
0.5851788756388415	0.003592360706653318
0.58603066439523	0.0035986895624798296
0.5868824531516184	0.0036050401157541137
0.5877342419080068	0.0036114124735730567
0.5885860306643952	0.003617806743692691
0.5894378194207837	0.0036242230345326586
0.590289608177172	0.003630661455180701
0.5911413969335605	0.0036371221153971823
0.5919931856899489	0.003643605125619622
0.5928449744463373	0.0036501105969672727
0.5936967632027257	0.0036566386412457057
0.5945485519591142	0.0036631893709514374
0.5954003407155025	0.003669762899276571
0.596252129471891	0.0036763593401134688
0.5971039182282794	0.0036829788080594474
0.5979557069846678	0.003689621418421496
0.5988074957410562	0.003696287287221031
0.5996592844974447	0.0037029765311986556
0.600511073253833	0.0037096892678189614
0.6013628620102215	0.00371642561527535
0.6022146507666098	0.0037231856924948735
0.6030664395229983	0.003729969619143105
0.6039182282793867	0.0037367775156290296
0.6047700170357752	0.0037436095031099623
0.6056218057921635	0.0037504657034964865
0.606473594548552	0.003757346239457416
0.6073253833049403	0.0037642512344247827
0.6081771720613288	0.0037711808125988414
0.6090289608177172	0.0037781350989531037
0.6098807495741057	0.0037851142192393884
0.610732538330494	0.0037921182999928952
0.6115843270868825	0.003799147468537302
0.6124361158432708	0.0038062018529898796
0.6132879045996593	0.0038132815822666285
0.6141396933560477	0.0038203867860874376
0.6149914821124361	0.003827517594981258
0.6158432708688245	0.0038346741402913004
0.616695059625213	0.0038418565541802493
0.6175468483816013	0.0038490649696354966
0.6183986371379898	0.00385629952047439
0.6192504258943782	0.003863560341349502
0.6201022146507666	0.0038708475677539144
0.620954003407155	0.003878161336026518
0.6218057921635435	0.0038855017833573273
0.6226575809199318	0.0039030832393906183
0.6235093696763203	0.003910523782703438
0.6243611584327087	0.0039128381610601904
0.6252129471890971	0.0039203101924421176
0.6260647359454855	0.003903539853472778
0.626916524701874	0.003910956031187385
0.6277683134582623	0.003918399272066911
0.6286201022146508	0.003925869714781465
0.6294718909710392	0.003928070608111939
0.6303236797274276	0.0039302500511140415
0.631175468483816	0.003937753667914703
0.6320272572402045	0.003939913906641813
0.6328790459965928	0.00394744752660364
0.6337308347529813	0.003955008674068697
0.6345826235093697	0.003973490023012944
0.6354344122657581	0.0039921012175001235
0.6362862010221465	0.004010843476737213
0.637137989778535	0.0040297180342748
0.6379897785349233	0.004048726138210059
0.6388415672913118	0.004056717795761699
0.6396933560477002	0.004064739841268374
0.6405451448040886	0.0040727924379183635
0.641396933560477	0.004080875749946003
0.6422487223168655	0.004088989942638097
0.6431005110732538	0.004108554487818184
0.6439522998296422	0.004111048673628288
0.6448040885860307	0.004119284092565096
0.645655877342419	0.004121758862983389
0.6465076660988075	0.004130029975586126
0.6473594548551959	0.004150030120746349
0.6482112436115843	0.004158421978099228
0.6490630323679727	0.004178657608162972
0.6499148211243612	0.004187172571986543
0.6507666098807495	0.0042076477434876995
0.651618398637138	0.0042162882335290055
0.6524701873935264	0.00422496296493624
0.6533219761499148	0.004233672129999953
0.6541737649063032	0.004242415922310114
0.6550255536626917	0.00426341798133145
0.65587734241908	0.004284576383223914
0.6567291311754685	0.004293547461856054
0.6575809199318569	0.004314961663660823
0.6584327086882453	0.004324067644048952
0.6592844974446337	0.004345742168580526
0.6601362862010222	0.004354985769105249
0.6609880749574105	0.004364267496838423
0.661839863713799	0.00437358757668277
0.6626916524701874	0.00439573232390648
0.6635434412265758	0.004418045685956767
0.6643952299829642	0.004440529379015071
0.6652470187393527	0.0044502028489994
0.666098807495741	0.004453392988317837
0.6669505962521295	0.0044565574798704904
0.6678023850085179	0.004466287325195774
0.6686541737649063	0.004489309424810185
0.6695059625212947	0.004499190509240063
0.6703577512776832	0.00450911388323527
0.6712095400340715	0.00451907980691374
0.67206132879046	0.004542616680908083
0.6729131175468483	0.0045527391352905445
0.6737649063032368	0.004576575465841804
0.6746166950596252	0.004600599484035199
0.6754684838160137	0.004610999102814276
0.676320272572402	0.004635331551905645
0.6771720613287905	0.004659857115672341
0.6780238500851788	0.004670543346283321
0.6788756388415673	0.0046953866619550404
0.6797274275979557	0.004706244326989009
0.6805792163543442	0.004717151159397152
0.6814310051107325	0.004742444195104375
0.682282793867121	0.004746320520233001
0.6831345826235093	0.004771907153765255
0.6839863713798978	0.0047977012464883095
0.6848381601362862	0.004823705047282284
0.6856899488926746	0.004835192427429079
0.686541737649063	0.004846733577963582
0.6873935264054515	0.004873218460903274
0.6882453151618398	0.0048849498473347505
0.6890971039182283	0.004911790231111315
0.6899488926746167	0.003573645515794269
0.6908006814310051	0.003593389413671586
0.6916524701873935	0.003613297388262564
0.692504258943782	0.0036333712626418005
0.6933560477001703	0.003638137800161934
0.6942078364565588	0.003642901054239184
0.6950596252129472	0.0036633094635066302
0.6959114139693356	0.0036681532220197055
0.696763202725724	0.003672993585163225
0.6976149914821125	0.0036937449613505882
0.6984667802385008	0.0036986678293635536
0.6993185689948893	0.003703587185270155
0.7001703577512777	0.0037246902461548852
0.7010221465076661	0.0037459741904186275
0.7018739352640545	0.0037674410912233187
0.702725724020443	0.003789093051517706
0.7035775127768313	0.0038109322045523897
0.7044293015332198	0.003816302654402962
0.7052810902896082	0.003838426148051675
0.7061328790459966	0.003860742579144999
0.706984667802385	0.0038832541976822873
0.7078364565587735	0.0039059632865576224
0.7086882453151618	0.003928872162138605
0.7095400340715503	0.003951983174857068
0.7103918228279387	0.003917368949904081
0.7112436115843271	0.003940548647832508
0.7120954003407155	0.003946376355643639
0.712947189097104	0.003969866691093899
0.7137989778534923	0.003934318563849473
0.7146507666098807	0.003957877357644979
0.7155025553662692	0.00398164839282603
0.7163543441226575	0.00398754384698159
0.717206132879046	0.003993438080541775
0.7180579216354344	0.003955822728138018
0.7189097103918228	0.003979870282716365
0.7197614991482112	0.00398560416445359
0.7206132879045997	0.003991333972873459
0.721465076660988	0.003949530495936746
0.7223168654173765	0.003973835298988665
0.7231686541737649	0.003998365146513286
0.7240204429301533	0.00376909048219677
0.7248722316865417	0.003792500982086191
0.7257240204429302	0.0038161302716942045
0.7265758091993185	0.0038399810858922934
0.727427597955707	0.003743562472010742
0.7282793867120954	0.0037671068900737028
0.7291311754684838	0.003790874125973221
0.7299829642248722	0.0038148670001882418
0.7308347529812607	0.0038390883779672144
0.731686541737649	0.0038635411701835663
0.7325383304940375	0.0038882283342102984
0.7333901192504259	0.0038926728223852764
0.7342419080068143	0.003917706088124089
0.7350936967632027	0.003942981611273276
0.7359454855195912	0.003968502527851097
0.7367972742759795	0.003994272024785195
0.737649063032368	0.004020293340907573
0.7385008517887564	0.004046569767972329
0.7393526405451448	0.00405167531493471
0.7402044293015332	0.004078331073585596
0.7410562180579217	0.004083538053053419
0.74190800681431	0.003996927601937105
0.7427597955706985	0.004023485260421737
0.7436115843270868	0.004050308495491216
0.7444633730834753	0.0040774008600095515
0.7453151618398637	0.004104765966452568
0.7461669505962522	0.004080810232935508
0.7470187393526405	0.003945955334844221
0.747870528109029	0.0037789211729889667
0.7487223168654173	0.0038046281197439934
0.7495741056218058	0.0038305982775579455
0.7504258943781942	0.003856835252061767
0.7512776831345827	0.003883342710838824
0.752129471890971	0.0038173013804012703
0.7529812606473595	0.0038437186909922824
0.7538330494037478	0.00382035030787914
0.7546848381601363	0.0038469729581082626
0.7555366269165247	0.0038738748669062224
0.7563884156729132	0.0039010599536915295
0.7572402044293015	0.003797159173363767
0.75809199318569	0.0038239942205253482
0.7589437819420783	0.0038051699975615444
0.7597955706984668	0.0038322530580424093
0.7606473594548552	0.003859626294171284
0.7614991482112436	0.0038872938661725118
0.762350936967632	0.003915260009094616
0.7632027257240205	0.003943529034431039
0.7640545144804088	0.0038543844088499545
0.7649063032367973	0.003882416295459772
0.7657580919931857	0.003870940900137979
0.7666098807495741	0.0038591935620089935
0.7674616695059625	0.003847169209564167
0.768313458262351	0.003848428977987259
0.7691652470187393	0.0038769358593056832
0.7700170357751278	0.003850687000211991
0.7708688245315162	0.0033722562616198557
0.7717206132879046	0.003397516608148843
0.772572402044293	0.003352661124900715
0.7734241908006815	0.0033779642277301544
0.7742759795570698	0.0033297031410238986
0.7751277683134583	0.0033550240774575402
0.7759795570698467	0.003380634948277827
0.7768313458262351	0.003333421539967124
0.7776831345826235	0.0033590632441207174
0.778534923339012	0.003310751882180456
0.7793867120954003	0.003336416625453173
0.7802385008517888	0.003299540992962405
0.7810902896081772	0.0033253186569699236
0.7819420783645656	0.003320762332710864
0.782793867120954	0.003316031574484564
0.7836456558773425	0.003311122670930958
0.7844974446337308	0.003306031825700565
0.7853492333901193	0.0033007551552419723
0.7862010221465077	0.00318373490166319
0.787052810902896	0.0031504047937782886
0.7879045996592845	0.003175811284050694
0.7887563884156729	0.003201526355176611
0.7896081771720613	0.0032275550247308923
0.7904599659284497	0.003204126404723718
0.7913117546848382	0.0029446860711497707
0.7921635434412265	0.0028986484967055692
0.793015332197615	0.002860252355201849
0.7938671209540034	0.0028211195317947475
0.7947189097103918	0.0028446288612263707
0.7955706984667802	0.0028161320316132023
0.7964224872231687	0.002787056245092178
0.797274275979557	0.00277511848621305
0.7981260647359455	0.002762878733700445
0.7989778534923339	0.002786392595263853
0.7998296422487223	0.0025059101654846326
0.8006814310051107	0.0025274201239866467
0.8015332197614992	0.002549208228503773
0.8023850085178875	0.002341767427974324
0.803236797274276	0.0023621306230001875
0.8040885860306644	0.002344788304537687
0.8049403747870528	0.0023270512525856123
0.8057921635434412	0.002289589612798516
0.8066439522998297	0.0022513742154301975
0.807495741056218	0.002271386430678466
0.8083475298126065	0.0022519841269841266
0.8091993185689949	0.0022721812940422804
0.8100511073253833	0.002292651395790409
0.8109028960817717	0.0022726346255758016
0.8117546848381602	0.0022521596051007812
0.8126064735945485	0.00218624602186246
0.813458262350937	0.0021295016267996033
0.8143100511073254	0.0021491283699037475
0.8151618398637138	0.002126358309154008
0.8160136286201022	0.0019559287970140685
0.8168654173764907	0.0019742085053973775
0.817717206132879	0.0017989557281383002
0.8185689948892675	0.001771636105943839
0.8194207836456558	0.0017437181436108379
0.8202725724020443	0.001715188445046265
0.8211243611584327	0.0016860332649806333
0.8219761499148212	0.0014952153110047847
0.8228279386712095	0.0014399851356373095
0.823679727427598	0.0014070634585619812
0.8245315161839863	0.0012629252506117293
0.8253833049403748	0.0012274828630639246
0.8262350936967632	0.001078592356482823
0.8270868824531517	0.0010404981384837992
0.82793867120954	0.0008866558297620806
0.8287904599659285	0.000845771144278607
0.8296422487223168	0.0008542713567839196
0.8304940374787053	0.0008629003603877976
0.8313458262350937	0.0008716607701379275
0.8321976149914821	0.0008805552677923961
0.8330494037478705	0.0007587650444793302
0.833901192504259	0.0006344171292624901
0.8347529812606473	0.0006409914000320495
0.8356047700170358	0.0006476683937823834
0.8364565587734242	0.0006544502617801048
0.8373083475298126	0.0006613392119041059
0.838160136286201	0.0006683375104427736
0.8390119250425895	0.0006754474839581223
0.8398637137989778	0.0006826715212197064
0.8407155025553663	0.0006900120752113162
0.8415672913117547	0.0006974716652136007
0.8424190800681431	0.0007050528789659225
0.8432708688245315	0.0007127583749109052
0.84412265758092	0.0007205908845253108
0.8449744463373083	0.0007285532147410601
0.8458262350936968	0.0007366482504604051
0.8466780238500852	0.0007448789571694599
0.8475298126064736	0.00075324838365451
0.848381601362862	0.0007617596648257475
0.8492333901192505	0.0007704160246533128
0.8500851788756388	0.0007792207792207792
0.8509369676320273	0.0007881773399014779
0.8517887563884157	0.0007972892166633447
0.8526405451448041	0.0008065600215082673
0.8534923339011925	0.0008159934720522236
0.854344122657581	0.000825593395252838
0.8551959114139693	0.0008353637312913331
0.8560477001703578	0.0008453085376162299
0.8568994889267462	0.000855431993156544
0.8577512776831345	0.0007935935358199264
0.858603066439523	0.0008032128514056225
0.8594548551959114	0.0008130081300813008
0.8603066439522998	0.000822983689959599
0.8611584327086882	0.000833143982428236
0.8620102214650767	0.0008434935971167856
0.862862010221465	0.0008540372670807453
0.8637137989778535	0.0008647798742138365
0.8645655877342419	0.0008757264549000876
0.8654173764906303	0.0008868822059179231
0.8662691652470187	0.0008982524906091785
0.8671209540034072	0.0009098428453267163
0.8679727427597955	0.0009216589861751152
0.868824531516184	0.0009337068160597573
0.8696763202725724	0.0009459924320605435
0.8705281090289608	0.0009585221331474381
0.8713798977853492	0.0009713024282560706
0.8722316865417377	0.0009843400447427293
0.873083475298126	0.0009976419372392526
0.8739352640545145	0.0010112152969295827
0.8747870528109029	0.0010250675612710838
0.8756388415672913	0.0010392064241851677
0.8764906303236797	0.001053639846743295
0.8773424190800682	0.0010683760683760685
0.8781942078364565	0.0010834236186348862
0.879045996592845	0.0010987913295375088
0.8798977853492334	0.0011144883485309017
0.8807495741056218	0.0011305241521068858
0.8816013628620102	0.001146908560108435
0.8824531516183987	0.0011636517507669522
0.883304940374787	0.0011807642765135251
0.8841567291311755	0.0011982570806100218
0.8850085178875639	0.0012161415146489773
0.8858603066439523	0.0012344293569745259
0.8867120954003407	0.0012531328320802004
0.8875638841567292	0.001272264631043257
0.8884156729131175	0.001291837933059307
0.889267461669506	0.0013118664281454979
0.8901192504258943	0.0013323643410852713
0.8909710391822828	0.0013533464566929134
0.8918228279386712	0.0013748281464816899
0.8926746166950597	0.0013968253968253967
0.893526405451448	0.0014193548387096775
0.8943781942078365	0.0014424337791765014
0.8952299829642248	0.0014660802345728375
0.8960817717206133	0.0014903129657228018
0.8969335604770017	0.0015151515151515152
0.8977853492333902	0.0015406162464985994
0.8986371379897785	0.001424298532972511
0.899488926746167	0.0014486455164421266
0.9003407155025553	0.0014736221632773356
0.9011925042589438	0.0014992503748125937
0.9020442930153322	0.0015255530129672007
0.9028960817717206	0.0015525539512498058
0.903747870528109	0.0015802781289506952
0.9045996592844975	0.0016087516087516086
0.9054514480408858	0.001638001638001638
0.9063032367972743	0.0016680567139282735
0.9071550255536627	0.0016989466530750934
0.9080068143100511	0.0017307026652821046
0.9088586030664395	0.0017633574325515782
0.909710391822828	0.0017969451931716084
0.9105621805792163	0.0018315018315018315
0.9114139693356048	0.0018670649738610904
0.9122657580919932	0.0019036740909956216
0.9131175468483816	0.0017472335468841002
0.91396933560477	0.0017821782178217822
0.9148211243611585	0.0018181818181818182
0.9156729131175468	0.0018552875695732839
0.9165247018739353	0.0018935409215232485
0.9173764906303237	0.0019329896907216496
0.9182282793867121	0.001973684210526316
0.9190800681431005	0.002015677491601344
0.919931856899489	0.002059025394646534
0.9207836456558773	0.0021037868162692847
0.9216354344122658	0.002150023889154324
0.9224872231686542	0.002197802197802198
0.9233390119250426	0.0022471910112359553
0.924190800681431	0.0022982635342185904
0.9250425894378195	0.0023510971786833857
0.9258943781942078	0.0024057738572574178
0.9267461669505963	0.0024623803009575923
0.9275979557069847	0.0025210084033613447
0.9284497444633731	0.0025817555938037868
0.9293015332197615	0.002644725242433147
0.9301533219761499	0.0027100271002710027
0.9310051107325383	0.002777777777777778
0.9318568994889267	0.002848101265822785
0.9327086882453152	0.0029211295034079843
0.9335604770017035	0.002997002997002997
0.934412265758092	0.0030758714969241286
0.9352640545144804	0.003157894736842105
0.9361158432708688	0.003243243243243243
0.9369676320272572	0.0033320992225101815
0.9378194207836457	0.003424657534246575
0.938671209540034	0.0035211267605633804
0.9395229982964225	0.0036217303822937627
0.9403747870528109	0.0037267080745341614
0.9412265758091993	0.0038363171355498722
0.9420783645655877	0.003950834064969272
0.9429301533219762	0.004070556309362279
0.9437819420783645	0.004195804195804196
0.944633730834753	0.004326923076923077
0.9454855195911414	0.004464285714285714
0.9463373083475298	0.004608294930875576
0.9471890971039182	0.004759386567953464
0.9480408858603067	0.004918032786885246
0.948892674616695	0.004519774011299435
0.9497444633730835	0.004675628287551139
0.9505962521294719	0.004839685420447671
0.9514480408858603	0.005012531328320802
0.9522998296422487	0.005194805194805195
0.9531516183986372	0.0053872053872053875
0.9540034071550255	0.005590496156533892
0.954855195911414	0.005805515239477504
0.9557069846678024	0.006033182503770739
0.9565587734241908	0.006274509803921568
0.9574105621805792	0.006530612244897959
0.9582623509369677	0.006802721088435374
0.959114139693356	0.0070921985815602835
0.9599659284497445	0.0074005550416281225
0.9608177172061328	0.007729468599033816
0.9616695059625213	0.00808080808080808
0.9625212947189097	0.008456659619450317
0.9633730834752982	0.008859357696566999
0.9642248722316865	0.009291521486643438
0.965076660988075	0.00975609756097561
0.9659284497444633	0.010256410256410256
0.9667802385008518	0.010796221322537112
0.9676320272572402	0.011379800853485065
0.9684838160136287	0.012012012012012012
0.969335604770017	0.012698412698412698
0.9701873935264055	0.013445378151260505
0.9710391822827938	0.012477718360071301
0.9718909710391823	0.013257575757575758
0.9727427597955707	0.014112903225806451
0.9735945485519591	0.012903225806451613
0.9744463373083475	0.013793103448275862
0.975298126064736	0.014778325123152709
0.9761499148211243	0.015873015873015872
0.9770017035775128	0.014245014245014245
0.9778534923339012	0.015384615384615385
0.9787052810902896	0.016666666666666666
0.979557069846678	0.018115942028985508
0.9804088586030665	0.015810276679841896
0.9812606473594548	0.017316017316017316
0.9821124361158433	0.01904761904761905
0.9829642248722317	0.021052631578947368
0.9838160136286201	0.017543859649122806
0.9846678023850085	0.0196078431372549
0.985519591141397	0.022058823529411766
0.9863713798977853	0.025
0.9872231686541738	0.02857142857142857
0.9880749574105622	0.03296703296703297
0.9889267461669506	0.038461538461538464
0.989778534923339	0.045454545454545456
0.9906303236797275	0.05454545454545454
0.9914821124361158	0.06666666666666667
0.9923339011925043	0.05555555555555555
0.9931856899488927	0.07142857142857142
0.9940374787052811	0.047619047619047616
0.9948892674616695	0.06666666666666667
0.995741056218058	0.0
0.9965928449744463	0.0
0.9974446337308348	0.0
0.9982964224872232	0.0
0.9991482112436116	0.0
1.0	0.0
