-19.20414767774799	0.125
-18.07588532448137	0.0947368421052631
-16.396699071973416	0.0666666666666666
-16.22262288943296	0.0766666666666666
-14.704930939927545	0.1568627450980392
-22.35078661565569	0.1448717948717948
-15.166312989549766	0.1363636363636363
-27.530836215456755	0.1193277310924369
-17.744056144437913	0.1557971014492753
-14.66735855019026	0.1123188405797101
-5.5	0.0
-11.7791389187565	0.2666666666666666
-20.73434370712213	0.1450924608819345
-16.567313667588596	0.1985294117647058
-17.626532884780186	0.0471014492753623
-14.642654760192023	0.0915032679738562
-16.611188475276826	0.0952380952380952
-8.109772228646445	1.0
-9.076242033826372	0.0952380952380952
-11.518220669365911	0.0909090909090909
-16.935640947042863	0.1
-17.75979063997568	0.1310483870967742
-13.661983217845783	0.2
-15.58615975828151	0.0779220779220779
-11.917395433491874	0.1067193675889328
-13.63246693072661	0.0989010989010989
-12.5700418434059	0.0512820512820512
-16.766000721682317	0.1515151515151515
-10.877830803910216	0.1428571428571428
-15.556443879398476	0.2307692307692307
-19.12149338021092	0.2101449275362318
-10.153830817701872	0.3818181818181818
0.93314588503849	0.5833333333333334
-5.882903139537609	0.8
-10.629180170031123	0.6666666666666666
-2.2948941898965103	0.5333333333333333
-8.032977179724377	0.2
-9.18614895308362	0.3333333333333333
-1.4078696592893796	0.4761904761904761
-3.434642747508488	0.5
-22.59505803118008	0.1003787878787878
-20.68419405011372	0.4
-13.551548706576067	0.125
-7.12133971556891	0.0
-15.137408241935653	0.1521739130434782
-14.565759251756388	0.1298701298701298
-10.721621854277242	0.238095238095238
-19.742287548965297	0.0735930735930736
-19.601491623925817	0.0682788051209103
-19.39913228055768	0.1243589743589743
-16.800233441243808	0.0960591133004926
-3.546183278567665	0.5
-24.290523006616368	0.032051282051282
-9.746258479056332	0.2424242424242424
-21.05549349596093	0.0459770114942528
-12.299386128914565	0.1
-9.789846983628996	0.3055555555555556
-24.781667209466928	0.1388888888888889
-6.0	0.0
-20.92129094807344	0.1117424242424242
-27.02359259218312	0.024024024024024
-11.536249606949267	0.1666666666666666
-14.898601210648756	0.2246153846153846
-3.088207591740076	0.6190476190476191
-20.914962095821966	0.1938461538461538
-16.05563111219195	0.1969230769230769
-15.520518995200892	0.6
-15.940761601059858	0.1830065359477124
-31.230300144631247	0.0756302521008403
-8.7617672507559	0.6666666666666666
-6.761591111801905	0.3333333333333333
-14.197039611652231	0.1818181818181818
-9.61146894751644	0.3333333333333333
-3.920631800714608	0.5
-8.941323358439641	0.2363636363636363
-11.89671148708241	0.4166666666666667
-4.979754589694544	0.3777777777777777
-7.19460928409414	0.3454545454545454
-18.77149903984525	0.2123076923076923
-7.105704909111084	0.5833333333333334
-25.794650547769244	0.0786267995570321
-13.783775010544815	0.3676470588235294
-19.54007659243656	0.2163742690058479
-3.4292119096034432	0.5164835164835165
-16.907693918773216	0.2857142857142857
-15.232101119319744	0.3333333333333333
-13.659973177833017	0.1272727272727272
-14.632254888381688	0.3214285714285714
-13.39019521902797	0.2888888888888888
-15.907499384421646	0.1503267973856209
-13.897232541975017	0.3186813186813186
-14.90379299404661	0.2391304347826087
-14.817495984587133	0.1904761904761904
-6.5	0.0
-4.784409627617335	0.1
-12.368760363723943	0.2163742690058479
-8.722862808557714	0.1
-10.627768565020284	0.3181818181818182
-15.773664701501684	0.1929824561403508
-16.179920154321334	0.2575757575757575
-14.367884690041812	0.2282608695652173
-8.094102004933008	0.5
-16.73033608297346	0.1523809523809524
-17.842326346867424	0.0808823529411764
-22.81812181960127	0.2
-7.670782441744818	0.0
-20.82978423916776	0.3333333333333333
-26.37480496819052	0.0494949494949494
-2.3679038474974905	0.6
-21.92318472772769	0.1818181818181818
-16.64749305622142	0.1
-3.1029750991634364	0.3333333333333333
-8.165800128231215	0.1
-18.66725058349605	0.1333333333333333
-14.816653826391969	1.0
-10.09389472650497	0.0952380952380952
-19.323065819125866	0.1428571428571428
-9.73514926539279	0.1454545454545454
-13.953890643821651	0.4
-14.103091835694242	0.2571428571428571
-16.058483776464353	0.1944444444444444
-12.438617115286132	0.1333333333333333
-12.514714581030525	0.1428571428571428
-19.221277908701257	0.1729055258467023
-1.5	0.0
-16.7195573790321	0.0881720430107526
-18.700195185211992	0.083743842364532
-8.20608413464453	0.2121212121212121
-26.78960718428727	0.128735632183908
-16.63136385853407	0.0277777777777777
-4.454745555494559	0.2444444444444444
-11.705076991630012	0.2
-13.349003408983735	0.1318681318681318
-19.438116207233136	0.0444444444444444
-4.376499648714684	0.2179487179487179
-18.816523212283457	0.0583333333333333
-4.32842712474619	0.0
-14.778351021962276	0.2
-9.454518945203535	0.0952380952380952
-14.437667011051955	0.0578947368421052
-20.964553076163224	0.0262096774193548
-14.408440754609469	0.1272727272727272
-11.952161639579304	0.2222222222222222
-7.325744103733801	0.4666666666666667
-11.157754965960104	0.2571428571428571
-26.73673849239299	0.1954022988505747
-15.639057645800822	0.1380952380952381
-19.22538712053134	0.213768115942029
-15.228338896979269	0.238095238095238
-6.173579690746341	0.2
-16.459426047064017	0.2272727272727272
-6.192570472521337	0.5
-17.221386960446868	0.0578947368421052
-18.759381460326868	0.0444444444444444
-20.503940727831395	0.0329670329670329
-6.932378424818189	0.1969696969696969
-4.5	0.0
-4.0	0.0
-17.662857914560735	0.0989010989010989
-15.539855207010635	0.0666666666666666
-5.708376029854894	0.1333333333333333
-11.140453777799484	0.1636363636363636
-16.278096288810044	0.0692640692640692
-18.60091122721733	0.0
-2.2969269785875017	0.1666666666666666
1.0	0.0
-16.319705149024927	0.0
-24.07381638741192	0.0555555555555555
-16.450671499554367	0.3
-14.41677536417161	0.1904761904761904
-6.673260731861635	0.2222222222222222
-15.933819056955866	0.0476190476190476
-13.763397030544246	0.2
-5.036614052005109	0.1666666666666666
-11.56706152575907	0.0454545454545454
-19.65097772343067	0.2666666666666666
-14.552830892988167	0.0329670329670329
-19.34073322925568	0.1111111111111111
-10.909318910703654	0.0714285714285714
-17.599873142778094	0.0745967741935483
-18.134929308808328	0.0766666666666666
-12.662367915985756	0.3
-17.655442350423932	0.1428571428571428
-4.281672892230642	0.6666666666666666
-1.0	0.0
-1.0	0.0
-6.571309189230731	0.0666666666666666
-8.364391566240384	0.3333333333333333
-17.385836409738843	0.1264822134387351
-10.0	0.0
-9.25378510216071	0.6666666666666666
-14.38917076938264	0.1396011396011396
-13.661013602699905	0.2
-19.99589100302984	0.1255411255411255
-5.323609664156433	0.2222222222222222
-14.427407185040952	0.0797101449275362
-21.35946199291988	0.083743842364532
-9.0	0.0
-5.623979067451232	0.3464052287581699
-6.288745371912774	0.3169230769230769
-12.79799466554706	0.2602150537634408
-24.74321226102108	0.1565452091767881
-6.151295526437235	0.2727272727272727
-4.920452425202258	0.3484848484848485
-12.408466643205724	0.2857142857142857
-13.189246873899592	0.2948717948717949
-12.92569606419508	0.3181818181818182
-16.77277103938919	0.2492307692307692
-8.769121033686437	0.2476190476190476
-8.44464843062701	0.3333333333333333
-14.524529574447415	0.3611111111111111
-3.691385469894176	0.6666666666666666
-9.44423135413743	0.4175824175824176
-15.769016055387096	0.2216748768472906
-13.555061567239791	0.2810457516339869
-18.8489212602359	0.1402298850574712
-11.0199785392273	0.2666666666666666
-7.5	0.0
-14.454129196616904	0.1684210526315789
-5.066084380618437	1.0
-15.94227177282773	0.0952380952380952
-8.176174977679906	0.0
-5.961394884541778	0.3055555555555556
-4.914213562373095	0.0
-13.878054835447267	0.0897435897435897
-17.266823131493254	0.1666666666666666
-10.5105772112976	0.1666666666666666
-8.020699255079208	0.6666666666666666
-16.425080890912444	0.1185770750988142
-1.0	0.0
-0.531128874149275	1.0
-5.52428171124739	0.238095238095238
-13.1483270006889	0.3888888888888889
1.0	0.0
-12.188027399097964	0.0
-4.0	0.0
-14.600440707692275	0.0384615384615384
-10.448987550050152	0.5333333333333333
-15.43724060296677	0.4363636363636363
-5.548579543734791	0.25
-15.651479045507411	0.4181818181818181
-4.444170183163372	0.5357142857142857
-4.226028152084434	0.4181818181818181
-12.0	0.0
-11.578847718117938	0.0952380952380952
-3.118033988749895	0.0
-17.263068332199985	0.0947368421052631
-13.67357870082631	0.1523809523809524
-12.331243458185131	0.2197802197802197
-21.295326339023017	0.2651515151515151
0.8738558827326663	1.0
1.86574258967788	0.9393939393939394
-7.394236462920534	0.8333333333333334
1.865742589677876	0.9393939393939394
-27.70587995133052	0.0708898944193061
-28.89876772979709	0.126855600539811
-22.66244888875089	0.1269841269841269
-17.649368229735803	0.0989010989010989
-13.587027329091224	0.1071428571428571
-19.582265165864644	0.1773399014778325
-17.36708557554551	0.4333333333333333
-16.007554226479705	0.2222222222222222
-18.22039213013472	0.1748768472906404
-13.858681515763193	0.175
-12.708162663915058	0.4105263157894737
-3.749247146721163	0.5384615384615384
-17.487135086707035	0.2962962962962963
-12.523206832843869	0.7564102564102564
-16.02612402673797	0.3675889328063241
-10.600617958052222	0.219047619047619
-19.276151872343632	0.1848739495798319
-8.900448042075585	0.4102564102564102
-15.249828000118551	0.1969696969696969
-12.805117372020389	0.2
-22.28215110778931	0.1022067363530778
-14.643357205874327	0.238095238095238
-16.98119231647623	0.0935960591133004
-11.760094371306336	0.5714285714285714
-14.261581764842717	0.1818181818181818
-5.208292640019401	0.1666666666666666
-7.6154877079472465	0.2416666666666666
-8.0	0.0
-12.258661520696462	0.2179487179487179
-5.424069744364748	0.2666666666666666
-28.95551629692488	0.1088709677419354
-16.112869775737252	0.0809523809523809
-12.613667689971065	0.3461538461538461
-5.920044113436505	0.5333333333333333
-7.217386630049758	0.3484848484848485
-18.5	0.0
-13.622982376720891	0.5
-16.396987696452317	0.1228070175438596
-4.83236766610478	0.3
-14.81882960450232	1.0
-13.231461865641457	0.1923076923076923
-18.94048165735031	0.1904761904761904
-14.873640498906294	0.2077922077922078
-21.789759048866955	0.1818181818181818
-19.371330622688262	0.1697478991596638
-15.111462540477463	0.1253561253561253
-21.84758050089969	0.0
-11.15138769011676	0.1176470588235294
-11.72141277782195	0.1666666666666666
-18.561758281609908	0.1380952380952381
-9.653343843004672	0.1071428571428571
-16.371160694530246	0.2363636363636363
-15.87941004346371	0.2666666666666666
0.0707848169025651	0.6666666666666666
-3.308688103428985	0.5
-5.920731316156893	0.2307692307692307
-6.030237258516872	0.3333333333333333
-8.899701102381343	0.6
-14.592010735187213	0.0769230769230769
-19.332813434598247	0.1111111111111111
-23.41830313134317	0.0666666666666666
-14.746796573894123	0.1923076923076923
-15.15652990264362	0.1428571428571428
-13.62056297081891	0.1212121212121212
-8.321157369468972	0.0
-35.700858546283776	0.1050301810865191
-8.029409230714549	0.1948051948051948
-13.163029358275	0.3406593406593406
-7.411340307521895	0.5555555555555556
-9.985970211490782	0.3428571428571428
-14.561659180872772	0.1045751633986928
-20.726086623943743	0.2428571428571428
-20.982086678390903	0.2924901185770751
-17.554603794970696	0.0883190883190883
-15.364671367760122	0.4358974358974359
-9.505272821964168	0.1333333333333333
-15.454211156003833	0.1948051948051948
-7.803718970087869	0.7
-9.16294496640874	0.2666666666666666
-11.0	1.0
-5.740662631355512	0.303030303030303
-11.555559952857916	0.1071428571428571
-7.248833891871409	0.3555555555555555
-1.5	0.0
-2.5	0.0
-5.0	0.0
-11.378270073660136	0.4
-11.077667526087916	0.1777777777777777
-13.30151762263229	0.2416666666666666
-11.324309256720754	0.2545454545454545
-5.5	0.0
-4.165085682192967	0.3076923076923077
-2.2244369957146968	0.4065934065934066
-27.11001540431882	0.1458823529411764
-18.154172261039104	0.1976284584980237
-11.994596018078935	0.2578947368421053
-7.903742305575384	0.3052631578947368
-17.935377207404624	0.0545454545454545
-18.99365925996142	0.019047619047619
-10.108819024218898	0.2575757575757575
-7.668204146373139	0.3939393939393939
-12.552805049887194	0.2666666666666666
-15.291670880364055	0.245014245014245
-10.315299492999406	0.1666666666666666
-11.723075961069362	0.2514619883040935
-26.94608183221026	0.2510822510822511
-15.720719756247409	0.1038961038961039
-6.397765695225482	0.375
-14.874518941598025	0.1984126984126984
-9.528763152742023	0.4166666666666667
-14.991874602311745	0.2142857142857142
-5.931747345987254	1.0
-11.382067164826848	0.2363636363636363
-16.70714640702025	0.0476190476190476
-14.764960264607687	0.1268115942028985
-13.431235012077025	0.1333333333333333
-12.351831165163984	0.3333333333333333
-26.23277678872144	0.2857142857142857
-5.568376903314309	0.1944444444444444
-5.0046643535880495	0.3333333333333333
-18.759871698426977	0.1503267973856209
-16.107217702213504	0.2466666666666666
-12.3749521572747	0.0555555555555555
-25.94781334644695	0.1350601295097132
-6.81907001859947	0.2888888888888888
-16.206684865019398	0.2166666666666666
-17.23637564623599	0.0892307692307692
-24.30194018392061	0.0765306122448979
-5.225370095437806	0.4666666666666667
-11.259217125328377	0.2573529411764705
-15.317821063276352	1.0
-13.352006856400555	0.2692307692307692
-17.50508907133821	0.0666666666666666
-14.161887152685852	0.1476923076923077
-11.569392227861806	0.1454545454545454
-14.64820884981143	0.2526315789473684
-10.442331888049122	0.3186813186813186
-4.5	0.0
-13.156312658236288	0.6
-20.56990842091964	0.1969696969696969
-20.408191365960604	0.1363636363636363
-27.45211728955293	0.0603921568627451
-19.07196288427117	0.0
-21.0	0.0
-16.877310434187223	0.1428571428571428
-16.406950455583953	0.0769230769230769
-12.838830138157771	0.1
-10.839609835752643	0.5
-10.835900731691677	0.3272727272727272
-13.56715887708639	1.0
-13.18903127679564	0.2948717948717949
-1.7185846408362233	0.6190476190476191
-15.905083755916907	0.175438596491228
-20.45526428946036	0.1010752688172043
-12.38596212520193	0.1969230769230769
-14.225286223433685	0.1333333333333333
-13.559424361730024	0.1868131868131868
-11.101958521192383	0.1520467836257309
-12.644468805031249	0.2583333333333333
-7.08334662645624	0.5357142857142857
-11.298889171854745	0.6
-7.565414959755917	0.6
-8.178902000283724	0.2777777777777778
-7.169863607895476	0.3571428571428571
-12.720889213823591	0.0606060606060606
-6.94689532031178	0.1555555555555555
-5.5	0.0
-20.841799818142523	0.1325757575757575
-17.16363636846694	0.1758241758241758
-15.14655711206686	0.3333333333333333
-11.67976386699401	0.1785714285714285
-17.409866553261583	0.2095238095238095
-5.5	0.0
-5.5	0.0
-5.5	0.0
-11.308521493834531	0.0714285714285714
-13.534853837012118	0.0523809523809523
-15.357731859228968	0.065359477124183
-7.100303439136746	0.0
-12.2951752163828	0.3333333333333333
-17.09617741323761	0.0
-14.898677321204278	0.1298701298701298
-15.44419547964334	0.1111111111111111
-16.21585412219781	0.0666666666666666
-19.63857345645012	0.1695906432748538
-12.155823058234375	0.0151515151515151
-27.335068637460225	0.1027450980392157
-17.636890819769096	0.0833333333333333
-13.124823938301118	0.1
-11.439440694425535	0.1428571428571428
-10.587849286326842	0.3333333333333333
-12.522918864325138	0.2142857142857142
-13.105741690550774	0.1098901098901098
-17.57049709671517	0.3333333333333333
-12.674133441051175	0.1785714285714285
-20.90894550270954	0.1
-3.763471996898218	0.3
-18.14126982030473	0.0661764705882353
0.0	0.0
-10.5	0.0
-10.63588060221345	0.4642857142857143
-12.758076118068814	0.109090909090909
-13.567178424013012	0.0196078431372549
-10.58636917326042	0.0606060606060606
-9.438069399204954	0.0
-11.752018974012453	0.1571428571428571
-19.16729578049796	0.0909090909090909
-20.98481912475543	0.067193675889328
-16.109767482992808	0.1555555555555555
-3.5	0.0
-16.586308764964375	0.0
-16.59861296663987	0.1904761904761904
-1.0	0.0
-23.489201330983043	0.2363636363636363
-10.32387558706134	0.3111111111111111
-26.13171150197764	0.109090909090909
-3.9510402617834166	0.3333333333333333
-5.688044769845625	0.2727272727272727
-9.072640808729656	0.3571428571428571
-5.2647812568587815	0.3333333333333333
-15.694498784650431	0.35
-11.93693095450046	0.2142857142857142
-8.650367627183861	0.0
-13.26667996344462	0.2095238095238095
-12.951681036922372	0.3214285714285714
-13.156523643464496	0.8
0.4590916659973025	0.7333333333333333
-17.047966140136246	0.0
-8.754462863060951	1.0
-3.5504738049064875	0.2857142857142857
-12.5	0.0
-10.665833798719175	0.4761904761904761
-7.660662289990581	0.3214285714285714
0.6837516532484016	0.6666666666666666
-16.89084024359454	0.2363636363636363
-9.257749124073108	0.4
-10.543777099754168	0.0
-7.709962461702259	0.3333333333333333
-14.37529575508687	0.0761904761904762
-14.140710795987973	0.1666666666666666
-7.212214450449026	0.0
-9.289005803208298	0.5
-21.357302281286188	0.2
-12.813929617294454	0.1166666666666666
-7.664397349160986	0.2666666666666666
-2.4932979878404065	0.4
-9.92984254167274	0.238095238095238
-14.499954611375523	0.0666666666666666
-18.5	0.0
-15.86312816716059	0.2857142857142857
-13.576473218982953	0.0
-17.211463326769223	0.1
-6.5	0.0
-0.7027303963491213	0.6666666666666666
-17.677407245264185	0.0727272727272727
-2.235268992982191	0.3333333333333333
-17.65814486397874	0.1666666666666666
-7.176174977679906	0.0
-3.5	0.1666666666666666
-3.280776406404416	0.0
-9.812210528114278	0.2727272727272727
-6.093992539435909	0.6666666666666666
-8.440306508910549	1.0
-9.068577830431511	0.1691176470588235
-20.99109519004292	0.1133004926108374
-9.15036762718386	0.0
-11.259078615080474	0.6666666666666666
-21.55126884265721	0.0742240215924426
-3.5623486852634807	0.5714285714285714
-6.7660104002696455	0.0
-13.121475955024383	0.1555555555555555
-12.41955192006033	0.3777777777777777
-14.402536872050495	0.1323529411764706
-12.822050158062384	0.3333333333333333
-10.176890561840285	1.0
-7.650623844071697	0.2666666666666666
-13.549760467015902	0.0833333333333333
-7.71210379227151	0.1428571428571428
-19.177925358318017	0.1666666666666666
-6.160933969434131	0.2
-12.110629341227916	0.15
-24.13034986260985	0.2
-13.282633183987317	0.1818181818181818
-6.985775780847482	0.3571428571428571
-6.755240926542538	0.2545454545454545
-8.801248620543552	0.3333333333333333
-17.387380173145786	0.1102941176470588
-10.867694687602034	0.3928571428571428
-8.077332446404979	0.0666666666666666
-15.325815211889472	0.0549450549450549
-20.76367215316421	0.0413793103448275
-14.63028262465785	0.4444444444444444
-16.62786520860029	0.1944444444444444
-18.95601117837034	0.1650246305418719
-15.663914989002311	0.0
-14.63211656529787	0.1555555555555555
-18.246179606644525	0.2952380952380952
-15.695086086311727	0.0909090909090909
-14.580299955139337	0.106060606060606
-18.33398770948252	0.1129032258064516
-15.182840277439585	1.0
-10.70673342634062	0.0
-9.467634705150813	0.4642857142857143
-23.302168459368083	0.1333333333333333
-13.677194257202869	0.3333333333333333
-22.016934582637354	0.0952380952380952
-5.23606797749979	0.0
-5.707205377203538	0.25
-8.718748202943782	0.303030303030303
-14.171700819332784	0.3382352941176471
-8.284589286804264	0.3333333333333333
-16.7604941534551	0.1384615384615384
-8.083464276768447	0.2857142857142857
-11.803257056921868	0.0
-4.0	0.0
-6.57707558960472	0.0714285714285714
-11.854568438264014	0.1212121212121212
-16.913857449152626	0.0924731182795698
-11.272318935609963	0.3333333333333333
-9.54455829176589	0.2363636363636363
-12.745352277476742	0.1272727272727272
-17.356991940148486	0.106060606060606
-10.978651601236502	0.2205882352941176
-14.980067719205444	0.3888888888888889
-10.494172740596468	0.1777777777777777
-11.5178344238091	1.0
-9.312643155232308	1.0
-11.586308764964375	0.0
-13.576473218982953	0.0
-18.8149003687972	0.1785714285714285
-15.137042502943313	0.1736842105263158
-17.23815204443059	0.16
-11.79161468524069	0.1111111111111111
-12.245405082255765	0.1568627450980392
-13.496402654370575	0.1984126984126984
-5.5	0.0
-16.134711607592283	0.0
-20.962290703589503	0.0888888888888888
-14.076858141784813	0.1333333333333333
-14.855710941559035	0.3333333333333333
-9.0	0.3333333333333333
-10.11569460908315	0.239766081871345
-15.090656166645848	0.1428571428571428
-11.383717608175322	0.3076923076923077
-33.546411440844594	0.0
-14.214500759356731	0.1462450592885375
-29.093719024817645	0.3333333333333333
-14.293590275711685	0.1818181818181818
-16.094746571613857	0.0583333333333333
-19.944263120272545	0.2416666666666666
-20.92848216535901	0.5
-17.719216667355198	0.1944444444444444
-17.095870282732655	0.1333333333333333
-15.16430232305306	0.4285714285714285
-10.632303739364582	0.2571428571428571
-12.463697513479431	0.5714285714285714
-18.394202053272025	1.0
-33.0	0.0
-2.975995529483772	0.3
-4.362833386607792	0.3
-10.46987995086846	0.2363636363636363
-18.98325266922684	0.1714285714285714
-8.49810371376653	0.3333333333333333
-19.37042855370581	0.1963015647226173
-8.654624733954572	0.4
-9.617145229744008	0.3398692810457516
-5.538875876740184	0.4761904761904761
-13.117230792237269	0.2924901185770751
-14.065479134874511	0.1587301587301587
-14.652193355200126	0.3186813186813186
-3.5	0.0
-13.334510643540968	0.1212121212121212
-14.743533552267614	0.2181818181818181
-4.92727360292672	0.2666666666666666
-2.760398644698074	1.0
-9.13489963843358	0.1555555555555555
-13.419860794720648	0.0
-17.92942462338474	0.0357142857142857
-10.1355381461346	0.5
-6.668008924106117	0.1333333333333333
-15.1676385894089	0.0909090909090909
-13.793709276644291	0.1538461538461538
-13.702924984642058	0.106060606060606
-17.545257268423278	0.2275862068965517
-14.819900819372094	0.1383399209486166
-10.5	0.0
-17.116731863951266	0.3296703296703296
-9.786325462377023	0.2
-6.172340413315938	0.4666666666666667
-6.399842840459742	0.2
-9.571261763878994	0.1666666666666666
-9.0	0.0
-9.0	0.0
-9.0	0.0
-11.969171260768768	0.238095238095238
-12.317742063817184	0.2575757575757575
-13.54442401597943	0.219047619047619
-14.337341559968593	0.1212121212121212
-7.5	0.0
-12.120862191180471	0.3333333333333333
-12.547930583971771	0.3333333333333333
-12.169270643339356	0.1333333333333333
-11.156603957913983	1.0
-11.31108094611298	0.4
-4.009899064718836	0.5
-9.1684518414707	0.1666666666666666
-14.910934831722306	0.2
-8.147605962084056	0.1666666666666666
-14.04422101394724	0.1333333333333333
-8.847475236146398	0.1
-1.886000936329383	1.0
-10.17436913177742	0.3076923076923077
-3.711875726143069	0.4666666666666667
-12.808138789185668	0.3450292397660818
-2.8856417820783475	0.7857142857142857
-14.422126278998451	0.2352941176470588
-11.834264691183972	0.1318681318681318
-5.593784669573874	0.3142857142857143
-15.866323827029248	0.1397058823529411
-10.181805294894184	0.1428571428571428
-4.957856760259658	0.4
-11.707251488654276	0.6666666666666666
-20.98844605867195	0.3333333333333333
-23.57367203197809	0.0
-10.664742639828567	0.0
-14.35689299605102	0.3333333333333333
-9.633292677067384	0.3333333333333333
-10.15036762718386	0.0
-24.007473535002475	0.1006006006006006
-7.728807279336311	0.1666666666666666
-9.414210133974969	0.0
-16.574317641062343	0.1208791208791208
-17.116429063734927	0.0833333333333333
-6.5	0.0
-16.074269506626184	0.1666666666666666
-5.128446154740906	0.2777777777777778
-11.8750126615458	0.0849673202614379
-8.299828894754251	0.4666666666666667
-9.265564437074636	0.0
-6.047045051498686	0.2
-5.717015382944409	0.5
-3.4424016173708645	0.3974358974358974
-4.686140661634507	0.0
-15.80697082401744	0.0666666666666666
-12.210404723545093	0.0666666666666666
-8.469329297063094	0.5
-14.650769230951576	0.0
-14.61632665023915	0.2
-19.132933022125965	0.1159420289855072
-19.552483553834485	0.3939393939393939
-24.59390709267781	0.0
-10.810290539665203	0.1666666666666666
-13.53388264889436	0.2553846153846154
-10.378594903310642	0.6666666666666666
-8.048604894259535	0.7619047619047619
0.5	0.0
-6.0	0.0
-12.51789030313896	0.125
-6.574336177240757	0.3333333333333333
-8.062477583919586	0.1666666666666666
-13.132884000819049	0.1318681318681318
-7.922775897129173	0.2
-18.02733764654105	0.2
-2.302775637731995	0.0
-6.14005494464026	0.0
-7.0	0.0
-14.329575647642482	0.25
-3.4526762370337143	0.4642857142857143
-5.273780203617224	0.4666666666666667
-3.1751308705666466	0.0
-11.020217104373216	0.2222222222222222
-4.728623874802625	0.6
-12.968756687562886	0.1111111111111111
-1.5	0.0
-6.5	0.0
-10.666266460077942	0.0888888888888888
-16.10762917133481	0.2666666666666666
-1.0	0.6666666666666666
-13.221332586116166	0.0641025641025641
-2.24099816498252	0.4
-4.19006112786114	0.3611111111111111
-9.306819845290033	0.3111111111111111
-17.881221116744747	0.4285714285714285
-8.346130967233863	0.2476190476190476
-13.935612419243366	0.5714285714285714
-9.281336980950256	0.6
-14.816162598567226	0.2
-9.775540774477143	0.3571428571428571
-10.46762356389734	0.1
-7.117460735883372	0.3333333333333333
0.0	0.0
-9.08594074519337	0.0
-9.379250739487391	0.1666666666666666
-15.66774655860358	0.0909090909090909
0.0	0.0
-7.772899030637721	0.0
-4.785142481829786	0.0
-3.5	0.0
-12.448554596132478	0.1636363636363636
-7.299412391342217	0.3333333333333333
-13.384155528353867	0.2
-9.186558192652946	0.1666666666666666
-4.867755102691494	0.4485294117647059
-11.404766537488708	0.1083333333333333
-21.283105434817315	0.2142857142857142
-4.322445721205965	0.8055555555555556
-5.652410538695757	0.6666666666666666
-6.735769142462744	0.4
-7.0	0.0
-11.37784904544278	0.2
-10.11365488640585	0.1666666666666666
-9.875714666286065	0.6
-10.235104824720397	0.2857142857142857
-5.378825336065631	0.0
-4.0	0.0
-4.0	0.0
-8.413640571834337	0.2
-7.427915276024837	0.3333333333333333
-10.354101966249685	1.0
-22.66440044022908	0.3333333333333333
-20.812202374203345	0.0
-19.5	0.0
-8.840595027415864	0.0
-6.5	0.0
-5.795408549611486	0.4642857142857143
0.1072222856959071	0.7333333333333333
-3.650648513243877	0.2
-4.81023499238921	0.3777777777777777
-11.0	0.0
-14.646155767059108	0.2222222222222222
-9.828400814844771	0.1333333333333333
-8.051206351001406	0.3
-12.597596146486516	0.3333333333333333
-12.653754289561336	0.106060606060606
-8.97320941028893	0.0
-11.495010505125046	0.2909090909090909
-15.036453237259574	0.2058823529411764
-9.6263107410003	0.0952380952380952
-11.205183299644684	0.219047619047619
-7.02813610721907	0.3333333333333333
-4.657478970002288	0.3333333333333333
-11.023160780661826	0.5
-6.688671807906346	0.3333333333333333
-8.0	0.0
-5.475586101753547	0.0357142857142857
-9.0	0.0
-7.66176584279011	0.25
-13.230243862752744	0.2
-13.743076630632086	0.0
-12.383449244408244	0.2545454545454545
-14.15297215982866	0.0555555555555555
-10.176235585605104	0.2
-8.563180849881874	0.3214285714285714
-11.07906383446356	0.238095238095238
-9.312241653749249	0.3333333333333333
-12.0	0.0
-7.06450877154058	0.5
-19.94598967928881	0.2037037037037037
-8.876932835634904	1.0
-18.243215811833533	0.0277777777777777
-18.810737612414385	0.2307692307692307
-17.29644800777591	0.0
-1.2807764064044145	0.3333333333333333
1.5	0.0
-7.116062299143245	0.0
0.0	0.0
-9.5	0.0
1.0	0.0
-14.663769143002916	0.0
-2.0	0.0
-8.0	0.0
-3.85064598250797	0.3333333333333333
-12.394160761483812	0.1785714285714285
-11.820847777475237	0.4
-7.221058222275824	1.0
-16.032187887596784	0.1666666666666666
-13.949949956859244	0.264069264069264
-13.307675002479597	0.2157894736842105
-19.10654911212201	0.2875816993464052
-17.36975289511518	0.1428571428571428
-15.833288217332944	0.2894736842105263
-6.443524770629705	1.0
-7.6200873915544545	0.2666666666666666
-9.401224130499326	0.3846153846153846
-11.5	0.0
-8.658910531638176	1.0
-12.10505432129166	0.0
-8.026987657639735	1.0
-6.465157868347033	0.5
-12.676174977679906	0.0
-11.666158728661642	0.2
-14.5	0.0
-6.5	0.0
-6.5	0.0
-3.328261436685142	0.5
-5.375173101182571	0.5
-7.498809398532816	0.5
-16.69185472234001	0.3
-10.268271663538316	0.2
-18.35602371005859	0.1071428571428571
-8.830951894845299	1.0
-0.7807764064044151	1.0
-13.741264729640395	0.0476190476190476
-7.930004681646914	1.0
-1.0	0.0
-1.0	0.0
-5.150367627183861	0.0
1.5	0.0
-11.094398098903849	0.0
-22.77521913652569	0.0763546798029556
-13.5	0.0
-1.5	0.0
-12.5	0.0
-10.729478206223716	0.0666666666666666
-12.465492388213562	0.0
-8.342329219213244	0.0
-4.438251586994969	0.0
-10.00113308141064	0.1333333333333333
-17.06225774829855	0.0
-14.372221942855989	0.1
0.0	0.0
-1.0	1.0
-6.618033988749895	0.0
-17.276368830561864	0.2083333333333333
-15.907132301223823	0.2142857142857142
-7.676553358719128	0.3111111111111111
-9.362157449754276	0.0952380952380952
-16.62310562561766	0.0
-11.276383633200586	0.0
-11.516407981262168	0.1272727272727272
-19.24884326363008	0.2142857142857142
-14.25605921292306	0.238095238095238
-20.350189391222045	0.0
-18.118905918325943	0.2051282051282051
-16.0	0.3333333333333333
-14.0	0.0
-4.716990566028302	0.0
-6.601196205514955	0.3333333333333333
-9.792680376775808	0.4
-19.563263611957023	0.3333333333333333
-20.734632464060176	0.0
-7.989633557594795	0.5
-10.441430731604802	0.2
-3.7519865709595615	1.0
-12.691322909470312	0.0
-9.642869107787906	0.3333333333333333
-14.0	0.0
-18.367797065280243	0.141025641025641
-7.818192960151403	0.4444444444444444
-9.862521780251727	0.6
-10.507696845224784	0.4722222222222222
-8.897275007822264	0.1818181818181818
-6.400849202351484	0.0
-10.62782347731222	0.0
-17.70492722432401	0.0
-19.0	0.0
-19.0	0.0
-19.58012784032872	1.0
-17.566372975210776	0.0
-16.867627787321027	0.0666666666666666
-18.121006181934646	0.3333333333333333
-7.902117842683131	0.0
-4.0	0.0
-2.640360268043636	0.6666666666666666
-10.719802228364182	0.1
-17.84707241599183	0.0476190476190476
-11.705044200535996	0.1904761904761904
-7.536296462624037	0.4
-7.027713340937631	0.0
1.0	0.0
-12.174791133738903	0.0
-14.332866710352668	0.1666666666666666
-0.5	0.0
0.5	0.0
-11.823200840737409	0.0
-3.0	0.0
-21.10258919310329	0.3
-13.170876444860664	0.3333333333333333
-14.07418608868086	0.0
-16.568640584152224	0.0
-19.844525853973483	0.1333333333333333
-11.586985940408496	0.3111111111111111
-22.0	0.0
-2.5	0.0
-2.5	0.0
-12.0	0.0
-12.0	0.0
-11.811888121211432	0.1666666666666666
-8.071067811865476	1.0
-2.819022872640805	0.2666666666666666
-4.289720626139013	0.0
-5.726528963872352	0.1
-10.76215551256768	0.1428571428571428
-9.3248519254699	0.0
-7.102779850668531	0.1388888888888889
-6.374106698676004	0.1333333333333333
-5.564222789549373	0.6666666666666666
-10.727140905668742	0.4444444444444444
-5.230420433889228	0.5555555555555556
-6.575868185590648	0.1818181818181818
-5.837900469197002	0.4722222222222222
-8.02386851513532	0.1
-9.39313065959216	1.0
-12.118804388789885	0.3333333333333333
0.16721413385287	0.6
-18.954489294072385	0.106060606060606
-10.342908104195216	0.3333333333333333
-1.7603986446980742	1.0
-14.15036762718386	0.0
-10.259208389508425	0.0
-9.14005494464026	0.0
-10.5	0.0
-10.0	0.0
-7.914213562373095	0.0
-11.09512613924716	0.0
-10.25023695298734	0.0
-4.777621318168595	0.7333333333333333
-17.0	0.0
-12.947686546191772	0.1666666666666666
-8.5	0.0
-6.676174977679906	0.0
-7.14005494464026	0.0
0.5	0.0
-11.15296052068592	0.3333333333333333
-13.167773065721487	0.0
1.5	0.0
-1.8027756377319948	0.0
0.5	0.0
-1.1457513110645905	0.5
0.5	0.0
1.0	0.0
-8.409175982101202	0.3333333333333333
-9.844663032316904	0.4393939393939394
-14.721585935221986	0.3611111111111111
-15.760768378579996	0.3205128205128205
-13.742998525998525	0.2692307692307692
-1.5	0.0
-10.676174977679906	0.0
-9.692582403567252	0.0
-11.0	0.0
-12.395208207507377	0.0
-4.5	0.0
-1.0	0.0
-10.65036762718386	0.0
-7.384477936200306	0.2
-7.289596610046466	0.2666666666666666
-3.6066728324768578	0.0
-8.832849361634885	0.4945054945054945
-4.5	0.0
-7.0	0.0
-4.0	0.0
-9.769624785458271	0.0
-13.0	0.0
-4.6815548211567295	0.1
-1.0	0.0
-6.5	0.0
-8.751738162410508	0.4
-4.008006854566983	0.4666666666666667
-5.668618544319154	0.4
-15.5	0.0
-11.530247580839598	1.0
-17.393090074597378	0.4285714285714285
-6.0	0.0
-8.341984324529465	0.3333333333333333
-15.802775637731994	0.0
-12.0	0.0
-15.055565022805862	0.3333333333333333
-10.321015604884144	0.3333333333333333
-11.123951621192848	0.3777777777777777
-5.921539930574068	0.1666666666666666
-7.556306530764284	0.0
0.5	0.0
-11.862283370211973	0.3333333333333333
-0.2655644370746374	1.0
-0.2655644370746374	1.0
-3.5	0.0
-1.4142135623730951	0.0
-3.1169030260454216	0.4
-2.0	0.0
-1.5	0.0
1.5	0.0
-6.623105625617661	0.0
1.0	1.0
-13.5	0.0
-16.359943920437463	0.6666666666666666
-11.46838943196795	0.0666666666666666
-1.8499667176465864	0.3333333333333333
-4.0	0.0
-8.5	0.0
-6.83208537304688	0.3333333333333333
-8.259701190660381	0.2222222222222222
-9.616062299143245	0.0
-0.5	0.0
-9.692582403567252	0.0
0.5	0.0
-8.211301428139446	0.6666666666666666
-7.417985456901141	0.3333333333333333
-5.0	0.0
-7.5	0.0
-15.780776406404415	0.0
-12.071067811865476	1.0
-3.5	0.0
-10.0	0.0
-10.0	0.0
-8.579952359056053	0.2435897435897435
-5.433654051083337	0.6
-3.0	0.0
-0.2807764064044151	1.0
-0.5	0.0
-4.5	0.0
1.0	0.0
-3.73606797749979	0.0
-6.03949542801023	0.2
-6.0	0.0
-4.0	0.0
-9.160765112359355	1.0
-3.302775637731995	0.0
-10.288842101463027	0.3333333333333333
-8.5	0.0
-12.39689673462295	0.1428571428571428
-4.755206074732158	1.0
-4.0	0.0
0.0	0.0
-7.945345094725674	0.1
-7.5	0.0
-1.0	0.0
-3.5	0.0
-3.5	0.0
-1.5	0.0
-5.618033988749895	0.0
-6.599019513592785	1.0
-9.126918604442256	0.0
-12.0	0.0
-12.0	0.0
-5.99055503829088	0.5
-17.5	0.0
-16.0	0.0
-2.5	0.0
-5.618033988749895	0.0
-3.5	0.0
-12.5	0.0
-4.5	0.0
-9.5895093116105	0.3333333333333333
-8.440306508910549	1.0
-12.0	0.0
-4.318725909232361	0.5
-10.599019513592786	0.0
-13.5	0.0
-2.0	0.0
-2.5	0.0
0.0	0.0
-3.0	0.0
0.5	0.0
-5.672951503238533	1.0
-6.0	0.0
-8.5	0.0
0.0	0.0
-8.5	0.0
-3.0	0.0
-3.0	0.0
1.0	0.0
-14.65524264563816	0.0
1.0	0.0
-17.5	0.0
-17.5	0.0
-4.5	0.0
-12.5	0.0
-10.615471518177692	0.6666666666666666
-16.5	0.0
-2.0	0.0
-2.0	1.0
-7.0	0.0
-2.5	0.0
-14.0	0.0
-13.116062299143245	0.0
1.0	0.0
-13.0	0.0
-2.58276253029822	0.3333333333333333
-3.5	0.0
