-19.20414767774799	0.3331371394938199
-18.07588532448137	0.3273568536726431
-16.396699071973416	0.2898847631241997
-16.22262288943296	0.3348121857438628
-14.704930939927545	0.3339233038348083
-22.35078661565569	0.3508989460632362
-15.166312989549766	0.3165548098434004
-27.530836215456755	0.3386180077774454
-17.744056144437913	0.3265070666282088
-14.66735855019026	0.3251939097960356
-5.5	0.2499448001766394
-11.7791389187565	0.2993125330512956
-20.73434370712213	0.3447015834348356
-16.567313667588596	0.3242623890002865
-17.626532884780186	0.3307040607654105
-14.642654760192023	0.335109532267614
-16.611188475276826	0.3281159420289855
-8.109772228646445	0.2535274356103023
-9.076242033826372	0.2732979237083534
-11.518220669365911	0.3065258597346331
-16.935640947042863	0.2868727825646224
-17.75979063997568	0.366580310880829
-13.661983217845783	0.2959477124183006
-15.58615975828151	0.3230593607305936
-11.917395433491874	0.3314787701317715
-13.63246693072661	0.3220483641536273
-12.5700418434059	0.2983658408012651
-16.766000721682317	0.3212258796821793
-10.877830803910216	0.3309941520467836
-15.556443879398476	0.2807539682539682
-19.12149338021092	0.3084468664850136
-10.153830817701872	0.2754928206376247
0.93314588503849	0.2590389016018307
-5.882903139537609	0.2686283815851922
-10.629180170031123	0.2605293440736478
-2.2948941898965103	0.276232308443143
-8.032977179724377	0.2596925900435879
-9.18614895308362	0.2578000455477112
-1.4078696592893796	0.2498344736261311
-3.434642747508488	0.2430749409491088
-22.59505803118008	0.3441775615688659
-20.68419405011372	0.295793049385942
-13.551548706576067	0.3236134934248141
-7.12133971556891	0.2757612667478684
-15.137408241935653	0.3346142477091339
-14.565759251756388	0.3426150121065375
-10.721621854277242	0.2816621050012441
-19.742287548965297	0.3417874396135266
-19.601491623925817	0.3732278272337619
-19.39913228055768	0.3528678304239401
-16.800233441243808	0.359023152553124
-3.546183278567665	0.256747561805398
-24.290523006616368	0.3699346405228758
-9.746258479056332	0.3147067000278009
-21.05549349596093	0.3518806341311781
-12.299386128914565	0.3252873563218391
-9.789846983628996	0.3013844515441959
-24.781667209466928	0.2991543340380549
-6.0	0.2445452581551091
-20.92129094807344	0.3339233038348083
-27.02359259218312	0.3598219961856325
-11.536249606949267	0.3072747014115092
-14.898601210648756	0.326601269474899
-3.088207591740076	0.2744242424242424
-20.914962095821966	0.3308973984215141
-16.05563111219195	0.3418906674720628
-15.520518995200892	0.3066088840736728
-15.940761601059858	0.3319648093841642
-31.230300144631247	0.3485221674876847
-8.7617672507559	0.2621584066697545
-6.761591111801905	0.2738930558916042
-14.197039611652231	0.3192329385222786
-9.61146894751644	0.2612508654511885
-3.920631800714608	0.2576240327719618
-8.941323358439641	0.2868727825646224
-11.89671148708241	0.2927333850530126
-4.979754589694544	0.2910773977886346
-7.19460928409414	0.2817322050771528
-18.77149903984525	0.329452852153667
-7.105704909111084	0.294868455326908
-25.794650547769244	0.3743386243386243
-13.783775010544815	0.3116740088105726
-19.54007659243656	0.3209526509781684
-3.4292119096034432	0.3007438894792774
-16.907693918773216	0.3262247838616715
-15.232101119319744	0.2707486247309256
-13.659973177833017	0.2817322050771528
-14.632254888381688	0.2947916666666667
-13.39019521902797	0.3044647660032275
-15.907499384421646	0.325007177720356
-13.897232541975017	0.3154081916968514
-14.90379299404661	0.3307040607654105
-14.817495984587133	0.2956385479237399
-6.5	0.243127147766323
-4.784409627617335	0.2569223785746709
-12.368760363723943	0.3184247538677918
-8.722862808557714	0.2708133971291866
-10.627768565020284	0.2954070981210856
-15.773664701501684	0.3001060445387062
-16.179920154321334	0.3096280087527352
-14.367884690041812	0.3243553008595988
-8.094102004933008	0.2803368003962357
-16.73033608297346	0.310392103098437
-17.842326346867424	0.3327454438565549
-22.81812181960127	0.2977380326144134
-7.670782441744818	0.2671701675713948
-20.82978423916776	0.2884811416921509
-26.37480496819052	0.3733509234828496
-2.3679038474974905	0.2525094802587553
-21.92318472772769	0.2943317732709308
-16.64749305622142	0.2852103804484757
-3.1029750991634364	0.2469458987783595
-8.165800128231215	0.2708782005264417
-18.66725058349605	0.3355068168346176
-14.816653826391969	0.2792303897385298
-10.09389472650497	0.2853541719183262
-19.323065819125866	0.2924308964091966
-9.73514926539279	0.2988384371700106
-13.953890643821651	0.282435129740519
-14.103091835694242	0.3146192329071706
-16.058483776464353	0.3005841741901221
-12.438617115286132	0.329261198371146
-12.514714581030525	0.3071079761258817
-19.221277908701257	0.3467075038284839
-1.5	0.2350010379904505
-16.7195573790321	0.3547477279849577
-18.700195185211992	0.3513345747982619
-8.20608413464453	0.2913770913770914
-26.78960718428727	0.3331371394938199
-16.63136385853407	0.2953300286981477
-4.454745555494559	0.2576826769861142
-11.705076991630012	0.3022696929238985
-13.349003408983735	0.2931882931882932
-19.438116207233136	0.310989010989011
-4.376499648714684	0.2759629449049244
-18.816523212283457	0.3215909090909091
-4.32842712474619	0.2486818980667838
-14.778351021962276	0.2823646794711898
-9.454518945203535	0.2967234600262123
-14.437667011051955	0.3178882336422353
-20.964553076163224	0.3510077519379845
-14.408440754609469	0.3038926174496644
-11.952161639579304	0.2945615404631798
-7.325744103733801	0.2733639217580295
-11.157754965960104	0.2860030318342597
-26.73673849239299	0.3101369863013699
-15.639057645800822	0.3092051352089593
-19.22538712053134	0.3199547767100056
-15.228338896979269	0.3076923076923077
-6.173579690746341	0.2754928206376247
-16.459426047064017	0.3190529875986471
-6.192570472521337	0.2834251377065598
-17.221386960446868	0.3216822961068485
-18.759381460326868	0.306941431670282
-20.503940727831395	0.3029167781643029
-6.932378424818189	0.2744242424242424
-4.5	0.2325390304026294
-4.0	0.248354541465555
-17.662857914560735	0.3019471859162443
-15.539855207010635	0.3025928896017107
-5.708376029854894	0.2616131268777444
-11.140453777799484	0.3093741459415141
-16.278096288810044	0.3063599458728011
-18.60091122721733	0.2708782005264417
-2.2969269785875017	0.2497793468667255
1.0	0.2131826741996233
-16.319705149024927	0.2877478393492628
-24.07381638741192	0.3686095734288505
-16.450671499554367	0.2870182555780933
-14.41677536417161	0.2750242954324587
-6.673260731861635	0.2750242954324587
-15.933819056955866	0.3210436755530346
-13.763397030544246	0.2707486247309256
-5.036614052005109	0.2515555555555555
-11.56706152575907	0.3156720580033463
-19.65097772343067	0.2928848641655886
-14.552830892988167	0.3214995739846634
-19.34073322925568	0.3013844515441959
-10.909318910703654	0.2931123770067322
-17.599873142778094	0.3651612903225806
-18.134929308808328	0.3530879600748596
-12.662367915985756	0.2899590163934426
-17.655442350423932	0.2811723795330352
-4.281672892230642	0.2589204025617566
-1.0	0.2259932122180075
-1.0	0.2259932122180075
-6.571309189230731	0.2807539682539682
-8.364391566240384	0.2553575456801263
-17.385836409738843	0.3152325257588415
-10.0	0.2422945205479452
-9.25378510216071	0.2732979237083534
-14.38917076938264	0.3236134934248141
-13.661013602699905	0.2920536635706914
-19.99589100302984	0.3133130362579573
-5.323609664156433	0.2674858223062382
-14.427407185040952	0.336104513064133
-21.35946199291988	0.3233361896600971
-9.0	0.2397289284201609
-5.623979067451232	0.2855701311806256
-6.288745371912774	0.2994708994708994
-12.79799466554706	0.3141826255897862
-24.74321226102108	0.3436551305403764
-6.151295526437235	0.2905544147843942
-4.920452425202258	0.2792303897385298
-12.408466643205724	0.3081110506260207
-13.189246873899592	0.2999470058293588
-12.92569606419508	0.294408322496749
-16.77277103938919	0.3287830380482138
-8.769121033686437	0.2985232067510548
-8.44464843062701	0.2664783427495292
-14.524529574447415	0.3028357410379882
-3.691385469894176	0.2521158129175946
-9.44423135413743	0.2837803960892454
-15.769016055387096	0.3194130925507901
-13.555061567239791	0.3215909090909091
-18.8489212602359	0.3448065793481571
-11.0199785392273	0.3057806591031874
-7.5	0.2427101200686106
-14.454129196616904	0.320407585621285
-5.066084380618437	0.2492842986126404
-15.94227177282773	0.2934923515685766
-8.176174977679906	0.246569374863864
-5.961394884541778	0.2569807037457435
-4.914213562373095	0.2443341247571767
-13.878054835447267	0.3034039131600107
-17.266823131493254	0.2873096446700507
-10.5105772112976	0.2568640798729294
-8.020699255079208	0.2639925373134328
-16.425080890912444	0.3213170593244394
-1.0	0.2281338170092704
-0.531128874149275	0.2207057906024566
-5.52428171124739	0.2401867175896456
-13.1483270006889	0.2793682132280355
1.0	0.2007448129100904
-12.188027399097964	0.2511091393078971
-4.0	0.2303622303622303
-14.600440707692275	0.2992334126354745
-10.448987550050152	0.2538116591928251
-15.43724060296677	0.2746906090754671
-5.548579543734791	0.2485181119648737
-15.651479045507411	0.2853541719183262
-4.444170183163372	0.2361284939507718
-4.226028152084434	0.2556458897922312
-12.0	0.2600505398575695
-11.578847718117938	0.2868727825646224
-3.118033988749895	0.2481367821131082
-17.263068332199985	0.335109532267614
-13.67357870082631	0.3156720580033463
-12.331243458185131	0.3154960981047937
-21.295326339023017	0.3404511278195489
0.8738558827326663	0.2759629449049244
1.86574258967788	0.2786118631553039
-7.394236462920534	0.2779278173336607
1.865742589677876	0.2786118631553039
-27.70587995133052	0.3828204261075414
-28.89876772979709	0.3566477630749842
-22.66244888875089	0.3403487672880336
-17.649368229735803	0.3206798866855524
-13.587027329091224	0.2961025372743918
-19.582265165864644	0.3274515475846109
-17.36708557554551	0.3088676671214188
-16.007554226479705	0.30719131614654
-18.22039213013472	0.335606285206048
-13.858681515763193	0.3017057569296375
-12.708162663915058	0.2974251182343668
-3.749247146721163	0.3050390730261385
-17.487135086707035	0.3194130925507901
-12.523206832843869	0.2849949647532729
-16.02612402673797	0.3017057569296375
-10.600617958052222	0.3167319529938444
-19.276151872343632	0.3342190729258931
-8.900448042075585	0.2978947368421052
-15.249828000118551	0.31158821910267
-12.805117372020389	0.2842078835048958
-22.28215110778931	0.3362043362043362
-14.643357205874327	0.3183352080989876
-16.98119231647623	0.3402464682897505
-11.760094371306336	0.2851385390428211
-14.261581764842717	0.2881873727087576
-5.208292640019401	0.2619157797316057
-7.6154877079472465	0.2899590163934426
-8.0	0.2506088111578481
-12.258661520696462	0.2900333077120164
-5.424069744364748	0.2633170504768551
-28.95551629692488	0.3302217036172695
-16.112869775737252	0.3269786250722126
-12.613667689971065	0.2862923621648963
-5.920044113436505	0.2645477915400794
-7.217386630049758	0.2932642487046632
-18.5	0.2516674077367719
-13.622982376720891	0.2689474934663816
-16.396987696452317	0.3085309348596348
-4.83236766610478	0.261009914687572
-14.81882960450232	0.2675490427794847
-13.231461865641457	0.3131396957123098
-18.94048165735031	0.3325499412455934
-14.873640498906294	0.3385167464114832
-21.789759048866955	0.331284752707053
-19.371330622688262	0.3458600672166208
-15.111462540477463	0.3524283935242839
-21.84758050089969	0.3209526509781684
-11.15138769011676	0.3296447291788002
-11.72141277782195	0.3196837051680316
-18.561758281609908	0.354858934169279
-9.653343843004672	0.2746906090754671
-16.371160694530246	0.2932642487046632
-15.87941004346371	0.2957157784743991
0.0707848169025651	0.2313509094624974
-3.308688103428985	0.2552999548940009
-5.920731316156893	0.2882607588489941
-6.030237258516872	0.282435129740519
-8.899701102381343	0.2837803960892454
-14.592010735187213	0.3225071225071225
-19.332813434598247	0.298601951991559
-23.41830313134317	0.3578880809358204
-14.746796573894123	0.310989010989011
-15.15652990264362	0.3282110756741084
-13.62056297081891	0.3139212423738214
-8.321157369468972	0.2707486247309256
-35.700858546283776	0.37821583695289
-8.029409230714549	0.31158821910267
-13.163029358275	0.2959477124183006
-7.411340307521895	0.2769757768534377
-9.985970211490782	0.3243553008595988
-14.561659180872772	0.3363042186571598
-20.726086623943743	0.3350103580941106
-20.982086678390903	0.3296447291788002
-17.554603794970696	0.3457544288332315
-15.364671367760122	0.3053682222821688
-9.505272821964168	0.2969569779643232
-15.454211156003833	0.3076923076923077
-7.803718970087869	0.2769080234833659
-9.16294496640874	0.2870910474258179
-11.0	0.2621584066697545
-5.740662631355512	0.2908530318602261
-11.555559952857916	0.2786804529788281
-7.248833891871409	0.2782010321946424
-1.5	0.2179857500481417
-2.5	0.231919688588404
-5.0	0.2224405580664177
-11.378270073660136	0.2877478393492628
-11.077667526087916	0.3000265041081367
-13.30151762263229	0.2985232067510548
-11.324309256720754	0.2732319575187062
-5.5	0.2299410928295754
-4.165085682192967	0.2709430349449497
-2.2244369957146968	0.2834251377065598
-27.11001540431882	0.3466013472137171
-18.154172261039104	0.3237986270022883
-11.994596018078935	0.3102219786242806
-7.903742305575384	0.3029978586723769
-17.935377207404624	0.320407585621285
-18.99365925996142	0.3332352075360612
-10.108819024218898	0.2938733125649013
-7.668204146373139	0.2795061728395062
-12.552805049887194	0.28921819110884
-15.291670880364055	0.3091206990715456
-10.315299492999406	0.2677388836329233
-11.723075961069362	0.3156720580033463
-26.94608183221026	0.3091206990715456
-15.720719756247409	0.3202263083451202
-6.397765695225482	0.3086150490730643
-14.874518941598025	0.3369047619047619
-9.528763152742023	0.294025974025974
-14.991874602311745	0.286654849328944
-5.931747345987254	0.263623660922217
-11.382067164826848	0.317798989331836
-16.70714640702025	0.2842078835048958
-14.764960264607687	0.3308973984215141
-13.431235012077025	0.2739593417231365
-12.351831165163984	0.2860030318342597
-26.23277678872144	0.2830707676919229
-5.568376903314309	0.2775870524767043
-5.0046643535880495	0.2548975455978383
-18.759871698426977	0.3355068168346176
-16.107217702213504	0.3399399399399399
-12.3749521572747	0.3134865688175021
-25.94781334644695	0.3580012650221378
-6.81907001859947	0.2916774027312548
-16.206684865019398	0.3384155455904334
-17.23637564623599	0.3435508345978755
-24.30194018392061	0.3749585955614442
-5.225370095437806	0.2862199747155499
-11.259217125328377	0.3115024766097963
-15.317821063276352	0.2695238095238095
-13.352006856400555	0.3141826255897862
-17.50508907133821	0.3458600672166208
-14.161887152685852	0.3179775280898876
-11.569392227861806	0.2965679853287922
-14.64820884981143	0.3311878291398478
-10.442331888049122	0.2971128608923885
-4.5	0.2291034203602509
-13.156312658236288	0.2850667338201964
-20.56990842091964	0.3062770562770562
-20.408191365960604	0.3179775280898876
-27.45211728955293	0.3816587997302764
-19.07196288427117	0.2760302365276761
-21.0	0.2636850687165152
-16.877310434187223	0.3045466774280334
-16.406950455583953	0.3179775280898876
-12.838830138157771	0.3256616800920598
-10.839609835752643	0.2764346764346764
-10.835900731691677	0.3032413608357889
-13.56715887708639	0.2748239864044671
-13.18903127679564	0.3194130925507901
-1.7185846408362233	0.2659149635893822
-15.905083755916907	0.3322571176988553
-20.45526428946036	0.3368045224635525
-12.38596212520193	0.3543035993740219
-14.225286223433685	0.3107329124348065
-13.559424361730024	0.2962575242083224
-11.101958521192383	0.2917525773195876
-12.644468805031249	0.3140954495005549
-7.08334662645624	0.2965679853287922
-11.298889171854745	0.2823646794711898
-7.565414959755917	0.284350665661894
-8.178902000283724	0.2998675496688742
-7.169863607895476	0.2844221105527638
-12.720889213823591	0.3052035589107576
-6.94689532031178	0.2760302365276761
-5.5	0.2550698512843623
-20.841799818142523	0.3445966514459665
-17.16363636846694	0.3180668727170553
-15.14655711206686	0.2635622817229336
-11.67976386699401	0.2827172827172827
-17.409866553261583	0.320407585621285
-5.5	0.2433885185981509
-5.5	0.2433885185981509
-5.5	0.2433885185981509
-11.308521493834531	0.2947149179901067
-13.534853837012118	0.3278308717057631
-15.357731859228968	0.3352087651761919
-7.100303439136746	0.2648572765559195
-12.2951752163828	0.2787490765821226
-17.09617741323761	0.2776551385822909
-14.898677321204278	0.3435508345978755
-15.44419547964334	0.3274515475846109
-16.21585412219781	0.3301254009915427
-19.63857345645012	0.3238912732474964
-12.155823058234375	0.2971128608923885
-27.335068637460225	0.3775850567044696
-17.636890819769096	0.293720809548521
-13.124823938301118	0.3239839725243274
-11.439440694425535	0.2993916953186987
-10.587849286326842	0.2839939789262418
-12.522918864325138	0.2765021983390327
-13.105741690550774	0.3343177790903721
-17.57049709671517	0.2892921032455916
-12.674133441051175	0.3004246284501061
-20.90894550270954	0.2938733125649013
-3.763471996898218	0.2665410878267012
-18.14126982030473	0.3167319529938444
0.0	0.2271723861127834
-10.5	0.2474857892435505
-10.63588060221345	0.2983658408012651
-12.758076118068814	0.317531556802244
-13.567178424013012	0.3162894663313775
-10.58636917326042	0.2928091050181066
-9.438069399204954	0.2681193747039317
-11.752018974012453	0.3209526509781684
-19.16729578049796	0.3222317107884999
-20.98481912475543	0.3385167464114832
-16.109767482992808	0.3043828986286636
-3.5	0.2451277609354699
-16.586308764964375	0.2756941061860691
-16.59861296663987	0.2993125330512956
-1.0	0.2304091186647669
-23.489201330983043	0.3028357410379882
-10.32387558706134	0.2776551385822909
-26.13171150197764	0.3001856271546009
-3.9510402617834166	0.2568640798729294
-5.688044769845625	0.2803368003962357
-9.072640808729656	0.2748907236522583
-5.2647812568587815	0.2753587934809048
-15.694498784650431	0.3035666398498257
-11.93693095450046	0.2858585858585858
-8.650367627183861	0.2542106445093195
-13.26667996344462	0.3297407515292747
-12.951681036922372	0.2646714987140519
-13.156523643464496	0.2690753506061326
0.4590916659973025	0.2409023196424771
-17.047966140136246	0.2993916953186987
-8.754462863060951	0.2501657458563536
-3.5504738049064875	0.2663529411764705
-12.5	0.2499448001766394
-10.665833798719175	0.2715279443511633
-7.660662289990581	0.270360640076427
0.6837516532484016	0.2371177209886887
-16.89084024359454	0.2994708994708994
-9.257749124073108	0.2666038624587847
-10.543777099754168	0.2941023642504546
-7.709962461702259	0.3020277481323372
-14.37529575508687	0.3243553008595988
-14.140710795987973	0.2968790978232363
-7.212214450449026	0.2544964028776978
-9.289005803208298	0.2641773628938156
-21.357302281286188	0.305863280194542
-12.813929617294454	0.2883341823739174
-7.664397349160986	0.2808236169684941
-2.4932979878404065	0.2504424778761062
-9.92984254167274	0.2844221105527638
-14.499954611375523	0.2831415707853927
-18.5	0.2783378411605606
-15.86312816716059	0.2797133679268594
-13.576473218982953	0.255819209039548
-17.211463326769223	0.2600505398575695
-6.5	0.2403397027600849
-0.7027303963491213	0.2343200165597184
-17.677407245264185	0.2911522633744856
-2.235268992982191	0.2367705500941225
-17.65814486397874	0.2674226317032837
-7.176174977679906	0.2538685803991926
-3.5	0.2456597222222222
-3.280776406404416	0.2361777592322136
-9.812210528114278	0.2884076433121019
-6.093992539435909	0.2544964028776978
-8.440306508910549	0.2433361994840928
-9.068577830431511	0.271267673136832
-20.99109519004292	0.3176206509539843
-9.15036762718386	0.2601700758446334
-11.259078615080474	0.2803368003962357
-21.55126884265721	0.3642213642213642
-3.5623486852634807	0.2721153846153846
-6.7660104002696455	0.2719846227775108
-13.121475955024383	0.3169980397647717
-12.41955192006033	0.2819427148194272
-14.402536872050495	0.3187834412841453
-12.822050158062384	0.2685009487666034
-10.176890561840285	0.2697807435653003
-7.650623844071697	0.2550698512843623
-13.549760467015902	0.2719846227775108
-7.71210379227151	0.2716582673386129
-19.177925358318017	0.2793682132280355
-6.160933969434131	0.2690114068441064
-12.110629341227916	0.3042192958882021
-24.13034986260985	0.2916774027312548
-13.282633183987317	0.2937970412665455
-6.985775780847482	0.2749574933203789
-6.755240926542538	0.2708782005264417
-8.801248620543552	0.2732979237083534
-17.387380173145786	0.3245412844036697
-10.867694687602034	0.2892921032455916
-8.077332446404979	0.2606493207460281
-15.325815211889472	0.3310909622696695
-20.76367215316421	0.3489519112207151
-14.63028262465785	0.3047106325706595
-16.62786520860029	0.313660293710169
-18.95601117837034	0.3329411764705882
-15.663914989002311	0.2799208704253215
-14.63211656529787	0.3043010752688172
-18.246179606644525	0.3280208635178209
-15.695086086311727	0.330607476635514
-14.580299955139337	0.3121036669423766
-18.33398770948252	0.32830626450116
-15.182840277439585	0.2579175210754158
-10.70673342634062	0.2607093505297098
-9.467634705150813	0.2899590163934426
-23.302168459368083	0.2793682132280355
-13.677194257202869	0.2931123770067322
-22.016934582637354	0.3578880809358204
-5.23606797749979	0.2520035618878005
-5.707205377203538	0.2840652446675031
-8.718748202943782	0.3188732394366197
-14.171700819332784	0.3370050610300685
-8.284589286804264	0.2654784240150094
-16.7604941534551	0.3365041617122473
-8.083464276768447	0.2807539682539682
-11.803257056921868	0.2724428399518652
-4.0	0.241313152845875
-6.57707558960472	0.2911522633744856
-11.854568438264014	0.3041375604513702
-16.913857449152626	0.3348121857438628
-11.272318935609963	0.2624014835419564
-9.54455829176589	0.3004246284501061
-12.745352277476742	0.2923553719008264
-17.356991940148486	0.3082788671023965
-10.978651601236502	0.3302217036172695
-14.980067719205444	0.2973469923824534
-10.494172740596468	0.2829292676830792
-11.5178344238091	0.2635009310986965
-9.312643155232308	0.2679289940828402
-11.586308764964375	0.2522281639928699
-13.576473218982953	0.2534706672637707
-18.8149003687972	0.2980516061084781
-15.137042502943313	0.3363042186571598
-17.23815204443059	0.347239263803681
-11.79161468524069	0.2944849115504682
-12.245405082255765	0.3171756794620342
-13.496402654370575	0.3642213642213642
-5.5	0.2457130453657477
-16.134711607592283	0.2825056151734464
-20.962290703589503	0.3218652260449247
-14.076858141784813	0.3383144052600119
-14.855710941559035	0.3043010752688172
-9.0	0.2799901063566658
-10.11569460908315	0.3367043426531826
-15.090656166645848	0.342718740538904
-11.383717608175322	0.3201357466063348
-33.546411440844594	0.2904798562997177
-14.214500759356731	0.3245412844036697
-29.093719024817645	0.2798516687268232
-14.293590275711685	0.3076086956521739
-16.094746571613857	0.3349112426035503
-19.944263120272545	0.3380113466706479
-20.92848216535901	0.2818023400547672
-17.719216667355198	0.3009837809093326
-17.095870282732655	0.34884437596302
-15.16430232305306	0.2916774027312548
-10.632303739364582	0.324076724878328
-12.463697513479431	0.2853541719183262
-18.394202053272025	0.2788177339901478
-33.0	0.2744907856450048
-2.975995529483772	0.2492294143549097
-4.362833386607792	0.2349522623495226
-10.46987995086846	0.3186936936936937
-18.98325266922684	0.3587955625990491
-8.49810371376653	0.3145318143928869
-19.37042855370581	0.3666990605766116
-8.654624733954572	0.3162894663313775
-9.617145229744008	0.3251939097960356
-5.538875876740184	0.3122758620689655
-13.117230792237269	0.3270731002600404
-14.065479134874511	0.3416842740718382
-14.652193355200126	0.3041375604513702
-3.5	0.2236270248913472
-13.334510643540968	0.2879674383108623
-14.743533552267614	0.2884076433121019
-4.92727360292672	0.2601102941176471
-2.760398644698074	0.2316823577568563
-9.13489963843358	0.2795061728395062
-13.419860794720648	0.2818725099601594
-17.92942462338474	0.3089519650655022
-10.1355381461346	0.2925820625484621
-6.668008924106117	0.2691393247741322
-15.1676385894089	0.3248206599713056
-13.793709276644291	0.3316730149428655
-13.702924984642058	0.3134865688175021
-17.545257268423278	0.3497065183812172
-14.819900819372094	0.3401442307692308
-10.5	0.241313152845875
-17.116731863951266	0.3050390730261385
-9.786325462377023	0.271267673136832
-6.172340413315938	0.2643007237917347
-6.399842840459742	0.2493392070484581
-9.571261763878994	0.2971908637437647
-9.0	0.2465156794425087
-9.0	0.2465156794425087
-9.0	0.2465156794425087
-11.969171260768768	0.2795752037540133
-12.317742063817184	0.3138342112558913
-13.54442401597943	0.3296447291788002
-14.337341559968593	0.3083628439117407
-7.5	0.2488459001978457
-12.120862191180471	0.2686283815851922
-12.547930583971771	0.2770435633871757
-12.169270643339356	0.2895140664961637
-11.156603957913983	0.254840162089149
-11.31108094611298	0.2877478393492628
-4.009899064718836	0.2574482601773937
-9.1684518414707	0.2716582673386129
-14.910934831722306	0.2827879090681988
-8.147605962084056	0.2931882931882932
-14.04422101394724	0.337910447761194
-8.847475236146398	0.2640541170982038
-1.886000936329383	0.2448096885813148
-10.17436913177742	0.2910773977886346
-3.711875726143069	0.261070110701107
-12.808138789185668	0.3173535183627698
-2.8856417820783475	0.2781326781326781
-14.422126278998451	0.2922044398554466
-11.834264691183972	0.2968012585212375
-5.593784669573874	0.2819427148194272
-15.866323827029248	0.3052035589107576
-10.181805294894184	0.2690114068441064
-4.957856760259658	0.2477566207047494
-11.707251488654276	0.2719846227775108
-20.98844605867195	0.2871638762049721
-23.57367203197809	0.2863647862383
-10.664742639828567	0.2506088111578481
-14.35689299605102	0.2744242424242424
-9.633292677067384	0.2700381679389313
-10.15036762718386	0.2530739995528728
-24.007473535002475	0.3416842740718382
-7.728807279336311	0.2669811320754717
-9.414210133974969	0.2709430349449497
-16.574317641062343	0.3100520405368392
-17.116429063734927	0.342304203205322
-6.5	0.2520596749053663
-16.074269506626184	0.325007177720356
-5.128446154740906	0.263623660922217
-11.8750126615458	0.2856421902599041
-8.299828894754251	0.2681193747039317
-9.265564437074636	0.2502763652443068
-6.047045051498686	0.2654161781946073
-5.717015382944409	0.2522281639928699
-3.4424016173708645	0.3029978586723769
-4.686140661634507	0.2598117971081019
-15.80697082401744	0.2980516061084781
-12.210404723545093	0.2878210017798118
-8.469329297063094	0.2928091050181066
-14.650769230951576	0.2709430349449497
-14.61632665023915	0.289070480081716
-19.132933022125965	0.3547477279849577
-19.552483553834485	0.3038110574342458
-24.59390709267781	0.2864372469635627
-10.810290539665203	0.2983658408012651
-13.53388264889436	0.326601269474899
-10.378594903310642	0.2801980198019802
-8.048604894259535	0.2779278173336607
0.5	0.215372907153729
-6.0	0.2285945072697899
-12.51789030313896	0.2962575242083224
-6.574336177240757	0.2674858223062382
-8.062477583919586	0.261009914687572
-13.132884000819049	0.3139212423738214
-7.922775897129173	0.2577413479052823
-18.02733764654105	0.2892921032455916
-2.302775637731995	0.2328259975318798
-6.14005494464026	0.2589796385266529
-7.0	0.2430227565478746
-14.329575647642482	0.2821535393818544
-3.4526762370337143	0.2702960840496657
-5.273780203617224	0.2718539865513928
-3.1751308705666466	0.2371673999580976
-11.020217104373216	0.2881140239246628
-4.728623874802625	0.2650433153828143
-12.968756687562886	0.3129665468620403
-1.5	0.2277665995975855
-6.5	0.2222222222222222
-10.666266460077942	0.3154960981047937
-16.10762917133481	0.3106476399560922
-1.0	0.2456064222174007
-13.221332586116166	0.3061114115738237
-2.24099816498252	0.2337394177162915
-4.19006112786114	0.2427621702766459
-9.306819845290033	0.2713326941514861
-17.881221116744747	0.2856421902599041
-8.346130967233863	0.2780643576516826
-13.935612419243366	0.2842078835048958
-9.281336980950256	0.2632558139534883
-14.816162598567226	0.2923553719008264
-9.775540774477143	0.2725084256138662
-10.46762356389734	0.2659149635893822
-7.117460735883372	0.2361284939507718
0.0	0.2100965107646622
-9.08594074519337	0.2724428399518652
-9.379250739487391	0.2745573611447974
-15.66774655860358	0.3107329124348065
0.0	0.2166921898928024
-7.772899030637721	0.2765697532372343
-4.785142481829786	0.2515555555555555
-3.5	0.2379150903741067
-12.448554596132478	0.3029167781643029
-7.299412391342217	0.254324870815547
-13.384155528353867	0.2971908637437647
-9.186558192652946	0.2513879635798356
-4.867755102691494	0.3126208229770781
-11.404766537488708	0.3037295411859404
-21.283105434817315	0.2931123770067322
-4.322445721205965	0.3029167781643029
-5.652410538695757	0.2666666666666666
-6.735769142462744	0.2709430349449497
-7.0	0.2259030133705847
-11.37784904544278	0.2850667338201964
-10.11365488640585	0.2813121272365805
-9.875714666286065	0.2791615289765721
-10.235104824720397	0.2844221105527638
-5.378825336065631	0.2360300250208507
-4.0	0.2303622303622303
-4.0	0.2303622303622303
-8.413640571834337	0.2811723795330352
-7.427915276024837	0.2693314299310017
-10.354101966249685	0.2720499879836577
-22.66440044022908	0.2942552638419548
-20.812202374203345	0.2857142857142857
-19.5	0.2728368281513618
-8.840595027415864	0.2636850687165152
-6.5	0.2510534486582391
-5.795408549611486	0.2418803418803418
0.1072222856959071	0.2375655823714585
-3.650648513243877	0.2366715450554045
-4.81023499238921	0.2539255271422162
-11.0	0.2344170635742389
-14.646155767059108	0.3061114115738237
-9.828400814844771	0.2788177339901478
-8.051206351001406	0.2671071260028315
-12.597596146486516	0.2791615289765721
-12.653754289561336	0.2982086406743941
-8.97320941028893	0.2645477915400794
-11.495010505125046	0.2874555611985779
-15.036453237259574	0.3286875725900116
-9.6263107410003	0.2684372776855585
-11.205183299644684	0.3028357410379882
-7.02813610721907	0.2821535393818544
-4.657478970002288	0.2598117971081019
-11.023160780661826	0.2790927021696252
-6.688671807906346	0.2560506672698484
-8.0	0.257039055404178
-5.475586101753547	0.2735621072982117
-9.0	0.253584229390681
-7.66176584279011	0.2783378411605606
-13.230243862752744	0.2984445030319008
-13.743076630632086	0.2799901063566658
-12.383449244408244	0.2942552638419548
-14.15297215982866	0.2986807387862797
-10.176235585605104	0.2891443167305236
-8.563180849881874	0.2939496234744222
-11.07906383446356	0.3055330634278003
-9.312241653749249	0.2831415707853927
-12.0	0.2633170504768551
-7.06450877154058	0.2808236169684941
-19.94598967928881	0.32631882386855
-8.876932835634904	0.2579175210754158
-18.243215811833533	0.3116740088105726
-18.810737612414385	0.3196837051680316
-17.29644800777591	0.2909277820611668
-1.2807764064044145	0.2471076184239249
1.5	0.1845451581349853
-7.116062299143245	0.2262642414551269
0.0	0.2003185276942134
-9.5	0.2550698512843623
1.0	0.2111940298507462
-14.663769143002916	0.2676755734216127
-2.0	0.227537688442211
-8.0	0.2471076184239249
-3.85064598250797	0.248900615655233
-12.394160761483812	0.2578587699316628
-11.820847777475237	0.2525094802587553
-7.221058222275824	0.27270537219947
-16.032187887596784	0.3039742212674543
-13.949949956859244	0.3266955266955267
-13.307675002479597	0.3368045224635525
-19.10654911212201	0.3095433415367787
-17.36975289511518	0.2873825844122873
-15.833288217332944	0.3321596244131455
-6.443524770629705	0.2601700758446334
-7.6200873915544545	0.2582705909194615
-9.401224130499326	0.2950990615224191
-11.5	0.2810327706057597
-8.658910531638176	0.2535274356103023
-12.10505432129166	0.2538685803991926
-8.026987657639735	0.248900615655233
-6.465157868347033	0.267233238904627
-12.676174977679906	0.2697164641410531
-11.666158728661642	0.3061114115738237
-14.5	0.2575068243858053
-6.5	0.2222222222222222
-6.5	0.2222222222222222
-3.328261436685142	0.2277207805270569
-5.375173101182571	0.2407998298234418
-7.498809398532816	0.261976394353159
-16.69185472234001	0.2640541170982038
-10.268271663538316	0.2726396917148362
-18.35602371005859	0.2952529994783516
-8.830951894845299	0.2487365414194682
-0.7807764064044151	0.2201049970834143
-13.741264729640395	0.2903308540651449
-7.930004681646914	0.2546681664791901
-1.0	0.2146785511094253
-1.0	0.2146785511094253
-5.150367627183861	0.2434408602150537
1.5	0.1958138730323473
-11.094398098903849	0.2947916666666667
-22.77521913652569	0.3453325198291641
-13.5	0.2483000658039043
-1.5	0.2238038750494266
-12.5	0.2690114068441064
-10.729478206223716	0.2981301027126679
-12.465492388213562	0.2974251182343668
-8.342329219213244	0.2715930902111324
-4.438251586994969	0.2643007237917347
-10.00113308141064	0.2893660531697341
-17.06225774829855	0.2579175210754158
-14.372221942855989	0.2874555611985779
0.0	0.2233182087196685
-1.0	0.220147802411513
-6.618033988749895	0.254840162089149
-17.276368830561864	0.3225990310629809
-15.907132301223823	0.2974251182343668
-7.676553358719128	0.2853541719183262
-9.362157449754276	0.2862923621648963
-16.62310562561766	0.2721808126953595
-11.276383633200586	0.2868727825646224
-11.516407981262168	0.319774011299435
-19.24884326363008	0.2934923515685766
-14.25605921292306	0.3089519650655022
-20.350189391222045	0.2907783200616491
-18.118905918325943	0.31244824730886
-16.0	0.2825056151734464
-14.0	0.2563405797101449
-4.716990566028302	0.2382656282887813
-6.601196205514955	0.2616131268777444
-9.792680376775808	0.2790239092925807
-19.563263611957023	0.2912271674813481
-20.734632464060176	0.2882607588489941
-7.989633557594795	0.2630111524163568
-10.441430731604802	0.2730342498794018
-3.7519865709595615	0.2487912087912087
-12.691322909470312	0.2711377245508982
-9.642869107787906	0.2817322050771528
-14.0	0.2563405797101449
-18.367797065280243	0.3029167781643029
-7.818192960151403	0.2937970412665455
-9.862521780251727	0.267612293144208
-10.507696845224784	0.2941787941787941
-8.897275007822264	0.2770435633871757
-6.400849202351484	0.264733395696913
-10.62782347731222	0.2675490427794847
-17.70492722432401	0.2836381859183162
-19.0	0.263623660922217
-19.0	0.263623660922217
-19.58012784032872	0.284350665661894
-17.566372975210776	0.2693955259400286
-16.867627787321027	0.3073581319576432
-18.121006181934646	0.2957157784743991
-7.902117842683131	0.2678655939422621
-4.0	0.2298477157360406
-2.640360268043636	0.256572982774252
-10.719802228364182	0.2895881299565106
-17.84707241599183	0.3114167812929849
-11.705044200535996	0.283496118206862
-7.536296462624037	0.2527349854878321
-7.027713340937631	0.255012390177968
1.0	0.2004249291784702
-12.174791133738903	0.2519474738482083
-14.332866710352668	0.274757281553398
-0.5	0.2244250594766058
0.5	0.2095520177711958
-11.823200840737409	0.2650433153828143
-3.0	0.2255429368400079
-21.10258919310329	0.2845651080945198
-13.170876444860664	0.2750242954324587
-14.07418608868086	0.2794371760059244
-16.568640584152224	0.271723475756121
-19.844525853973483	0.2914521112255406
-11.586985940408496	0.3212258796821793
-22.0	0.2727710843373494
-2.5	0.2333539476396619
-2.5	0.2333539476396619
-12.0	0.2443868739205526
-12.0	0.2443868739205526
-11.811888121211432	0.2779278173336607
-8.071067811865476	0.2458197611292074
-2.819022872640805	0.261009914687572
-4.289720626139013	0.2460869565217391
-5.726528963872352	0.262645011600928
-10.76215551256768	0.2793682132280355
-9.3248519254699	0.2719846227775108
-7.102779850668531	0.2761649182727494
-6.374106698676004	0.2537547635059404
-5.564222789549373	0.2546108861898336
-10.727140905668742	0.278406296114117
-5.230420433889228	0.2710079004069907
-6.575868185590648	0.2651674865308034
-5.837900469197002	0.2665410878267012
-8.02386851513532	0.2660399529964747
-9.39313065959216	0.2614318706697459
-12.118804388789885	0.3078596682077781
0.16721413385287	0.2511648546705125
-18.954489294072385	0.2954070981210856
-10.342908104195216	0.2947149179901067
-1.7603986446980742	0.2370184254606365
-14.15036762718386	0.2674858223062382
-10.259208389508425	0.2710727969348659
-9.14005494464026	0.2607694079705137
-10.5	0.2557614098508811
-10.0	0.2671071260028315
-7.914213562373095	0.253187206441512
-11.09512613924716	0.2710727969348659
-10.25023695298734	0.2582705909194615
-4.777621318168595	0.2650433153828143
-17.0	0.255819209039548
-12.947686546191772	0.2701026008112622
-8.5	0.2447567567567567
-6.676174977679906	0.249064906490649
-7.14005494464026	0.2529608938547486
0.5	0.2132228291580335
-11.15296052068592	0.268310026072529
-13.167773065721487	0.2643624474544605
1.5	0.1821692951400064
-1.8027756377319948	0.222703128073972
0.5	0.1899647591877832
-1.1457513110645905	0.2344656172328086
0.5	0.1855129465748934
1.0	0.2001060632844263
-8.409175982101202	0.2501104728236853
-9.844663032316904	0.2878942014242115
-14.721585935221986	0.3039742212674543
-15.760768378579996	0.3039742212674543
-13.742998525998525	0.3177097951164749
-1.5	0.2292890419282965
-10.676174977679906	0.2713977463438024
-9.692582403567252	0.2655406990382359
-11.0	0.2569807037457435
-12.395208207507377	0.2874555611985779
-4.5	0.2289180990899899
-1.0	0.2116679132385938
-10.65036762718386	0.24136460554371
-7.384477936200306	0.2731001206272617
-7.289596610046466	0.2790927021696252
-3.6066728324768578	0.2453934532841968
-8.832849361634885	0.3156720580033463
-4.5	0.2289180990899899
-7.0	0.2668552569542669
-4.0	0.2423982869379015
-9.769624785458271	0.2639309862438797
-13.0	0.2520035618878005
-4.6815548211567295	0.2440181073507221
-1.0	0.2001768346595932
-6.5	0.2439129497953027
-8.751738162410508	0.2713326941514861
-4.008006854566983	0.2557036367743392
-5.668618544319154	0.2708133971291866
-15.5	0.2435456110154905
-11.530247580839598	0.248900615655233
-17.393090074597378	0.291602266872746
-6.0	0.2376653369724963
-8.341984324529465	0.2538685803991926
-15.802775637731994	0.2751579970831307
-12.0	0.2539255271422162
-15.055565022805862	0.261976394353159
-10.321015604884144	0.2614922614922615
-11.123951621192848	0.2965679853287922
-5.921539930574068	0.2513879635798356
-7.556306530764284	0.2648572765559195
0.5	0.2125821596244131
-11.862283370211973	0.2699093943729136
-0.2655644370746374	0.2303622303622303
-0.2655644370746374	0.2303622303622303
-3.5	0.2291034203602509
-1.4142135623730951	0.2303622303622303
-3.1169030260454216	0.2581527936145952
-2.0	0.2132629992464205
-1.5	0.2386675100147585
1.5	0.1861535931590199
-6.623105625617661	0.2286868686868687
1.0	0.2187862388867414
-13.5	0.2472155492465604
-16.359943920437463	0.2686283815851922
-11.46838943196795	0.2984445030319008
-1.8499667176465864	0.2388185654008438
-4.0	0.235098650051921
-8.5	0.251276359600444
-6.83208537304688	0.2869455006337135
-8.259701190660381	0.2808236169684941
-9.616062299143245	0.2526221825485383
-0.5	0.1996120613648386
-9.692582403567252	0.2639925373134328
0.5	0.2095520177711958
-8.211301428139446	0.2704252269469661
-7.417985456901141	0.2579762989972652
-5.0	0.2471615720524017
-7.5	0.262037037037037
-15.780776406404415	0.2847798742138365
-12.071067811865476	0.2594545037818015
-3.5	0.2345141910089082
-10.0	0.2238481313031441
-10.0	0.2238481313031441
-8.579952359056053	0.2774509803921569
-5.433654051083337	0.2675490427794847
-3.0	0.2274005624748895
-0.2807764064044151	0.2329697468614941
-0.5	0.2238038750494266
-4.5	0.22109375
1.0	0.2078971533516988
-3.73606797749979	0.2400339270568278
-6.03949542801023	0.2694596524636991
-6.0	0.247431693989071
-4.0	0.2238038750494266
-9.160765112359355	0.2453402687472908
-3.302775637731995	0.2196778575587036
-10.288842101463027	0.2681828950485667
-8.5	0.2345627849150435
-12.39689673462295	0.2801980198019802
-4.755206074732158	0.2416737830913748
-4.0	0.2289644012944983
0.0	0.1993659739344839
-7.945345094725674	0.248955355179239
-7.5	0.2434408602150537
-1.0	0.2250497017892644
-3.5	0.2291034203602509
-3.5	0.2291034203602509
-1.5	0.2139482139482139
-5.618033988749895	0.2552999548940009
-6.599019513592785	0.2615526802218114
-9.126918604442256	0.2822942643391521
-12.0	0.256747561805398
-12.0	0.256747561805398
-5.99055503829088	0.2779960707269155
-17.5	0.263623660922217
-16.0	0.2646714987140519
-2.5	0.22204786190663
-5.618033988749895	0.2529608938547486
-3.5	0.2371177209886887
-12.5	0.2587428571428571
-4.5	0.2285945072697899
-9.5895093116105	0.2505533421868083
-8.440306508910549	0.2433361994840928
-12.0	0.2411075612353567
-4.318725909232361	0.2497793468667255
-10.599019513592786	0.2478108581436077
-13.5	0.268310026072529
-2.0	0.2313982011447261
-2.5	0.2298943948009748
0.0	0.2089331856773717
-3.0	0.2189978719288063
0.5	0.197075208913649
-5.672951503238533	0.24136460554371
-6.0	0.2134238310708898
-8.5	0.2442286947141316
0.0	0.2181958365458751
-8.5	0.2442286947141316
-3.0	0.2309261525907792
-3.0	0.222966318692141
1.0	0.2111152555016784
-14.65524264563816	0.2677388836329233
1.0	0.2112334390744542
-17.5	0.263623660922217
-17.5	0.2608896058999769
-4.5	0.22109375
-12.5	0.2367705500941225
-10.615471518177692	0.2735621072982117
-16.5	0.2563986409966025
-2.0	0.229987809833401
-2.0	0.2391212505280946
-7.0	0.2447038478166882
-2.5	0.2349035069516497
-14.0	0.2563405797101449
-13.116062299143245	0.2657276995305164
1.0	0.2132228291580335
-13.0	0.2619157797316057
-2.58276253029822	0.2277665995975855
-3.5	0.2280878500906709
