Fraction_of_nodes	Efficiency
0.001215066828675577	0.14083590540502955
0.002430133657351154	0.10063860701649918
0.0036452004860267314	0.07050273413504789
0.004860267314702308	0.04470640386644577
0.006075334143377886	0.024897808431918387
0.007290400972053463	0.01868403267059427
0.00850546780072904	0.012682727999174649
0.009720534629404616	0.007326540148626044
0.010935601458080195	0.007144346627741477
0.012150668286755772	0.007018795557413717
0.013365735115431349	0.006890325754860838
0.014580801944106925	0.0067870788996970835
0.015795868772782502	0.006683300523432396
0.01701093560145808	0.006578987626822037
0.018226002430133656	0.006474137190670758
0.019441069258809233	0.006367977467629725
0.020656136087484813	0.00626127028651575
0.02187120291616039	0.006165600568585663
0.023086269744835967	0.0060694348927839165
0.024301336573511544	0.005972770440026969
0.02551640340218712	0.005875604372340069
0.026731470230862697	0.005777933832709119
0.027946537059538274	0.005679755944931167
0.02916160388821385	0.005581067813463573
0.030376670716889428	0.005481866523271794
0.031591737545565005	0.005382149139675797
0.032806804374240585	0.005281912708195065
0.03402187120291616	0.005181154254392219
0.03523693803159174	0.00509098821234924
0.03645200486026731	0.005000350287235534
0.03766707168894289	0.004909237763220065
0.038882138517618466	0.004817647906031462
0.040097205346294046	0.0047255779628114425
0.041312272174969626	0.004633025161966893
0.0425273390036452	0.004539986713020596
0.04374240583232078	0.004446459806460583
0.04495747266099635	0.00435244161358811
0.046172539489671933	0.004257929286364227
0.04738760631834751	0.004162919957254933
0.04860267314702309	0.004067410739074907
0.04981773997569866	0.003971398724829797
0.05103280680437424	0.003874880987557047
0.05224787363304982	0.0037778545801652377
0.053462940461725394	0.003680316535271969
0.054678007290400975	0.003582263865040215
0.05589307411907655	0.0034836935610131486
0.05710814094775213	0.003384602593947456
0.0583232077764277	0.003284987913645078
0.05953827460510328	0.0031848464487833905
0.060753341433778855	0.003084175106743795
0.061968408262454436	0.0029829707734387078
0.06318347509113001	0.002881230313136928
0.06439854191980558	0.0027789505682873695
0.06561360874848117	0.0026761283593411357
0.06682867557715674	0.0025727604845719254
0.06804374240583232	0.002468843719894744
0.0692588092345079	0.0023643748186829125
0.07047387606318348	0.002259350511583342
0.07168894289185905	0.0021537675063300677
0.07290400972053462	0.002047622487556028
0.07411907654921021	0.001940912116603033
0.07533414337788578	0.0018336330313299676
0.07654921020656136	0.001725781845919146
0.07776427703523693	0.0016173551506808363
0.07897934386391252	0.0015083495118559237
0.08019441069258809	0.0013987614714166896
0.08140947752126367	0.0012885875468656928
0.08262454434993925	0.0011778242310327262
0.08383961117861483	0.0010664679918698328
0.0850546780072904	0.0009545152722443559
0.08626974483596597	0.0008419624897300046
0.08748481166464156	0.0007288060363959158
0.08869987849331713	0.0006150422785936805
0.0899149453219927	0.0004976927049494395
0.0911300121506683	0.00040238195801625996
0.09234507897934387	0.0003245032557994863
0.09356014580801944	0.00026239871409635876
0.09477521263669501	0.00021439224459358686
0.0959902794653706	0.00020743184898961394
0.09720534629404617	0.00019166609227301475
0.09842041312272175	0.00017581447571517086
0.09963547995139732	0.00015987647566594935
0.10085054678007291	0.00015116605103073305
0.10206561360874848	0.0001424078291301632
0.10328068043742406	0.00013360151692878305
0.10449574726609964	0.00012474681926336693
0.10571081409477522	0.00011584343882480528
0.10692588092345079	0.00010689107613981105
0.10814094775212636	9.788942955244706e-05
0.10935601458080195	9.442941028833275e-05
0.11057108140947752	9.095009207139459e-05
0.1117861482381531	8.745135518367909e-05
0.11300121506682867	8.393307902863121e-05
0.11421628189550426	8.039514212353719e-05
0.11543134872417983	7.683742209189251e-05
0.1166464155528554	7.325979565569412e-05
0.11786148238153099	6.966213862765586e-05
0.11907654921020656	6.604432590334666e-05
0.12029161603888214	6.240623145325009e-05
0.12150668286755771	5.874772831474478e-05
0.1227217496962333	5.506868858400472e-05
0.12393681652490887	5.1368983407818354e-05
0.12515188335358446	4.764848297532581e-05
0.12636695018226002	4.3907056509673106e-05
0.1275820170109356	4.014457225958257e-05
0.12879708383961117	3.6360897490838345e-05
0.13001215066828675	3.255589847768618e-05
0.13122721749696234	2.8729440494146376e-05
0.1324422843256379	2.4881387805238973e-05
0.1336573511543135	2.1011603658120194e-05
0.13487241798298907	1.7119950273129052e-05
0.13608748481166463	1.7168175485166036e-05
0.13730255164034022	1.7216604753107264e-05
0.1385176184690158	1.7265239229810957e-05
0.13973268529769137	1.73140800762885e-05
0.14094775212636695	1.7363128461773736e-05
0.1421628189550425	1.741238556379295e-05
0.1433778857837181	1.7461852568235544e-05
0.1445929526123937	1.7511530669425404e-05
0.14580801944106925	1.7561421070193e-05
0.14702308626974483	1.7611524981948187e-05
0.14823815309842042	1.7661843624753753e-05
0.14945321992709598	1.7712378227399686e-05
0.15066828675577157	1.7763130027478194e-05
0.15188335358444716	1.781410027145948e-05
0.15309842041312272	1.7865290214768273e-05
0.1543134872417983	1.791670112186113e-05
0.15552855407047386	1.7968334266304535e-05
0.15674362089914945	1.8020190930853752e-05
0.15795868772782504	1.807227240753252e-05
0.1591737545565006	1.8124579997713514e-05
0.16038882138517618	1.817711501219964e-05
0.16160388821385177	1.822987877130617e-05
0.16281895504252733	1.8282872604943688e-05
0.16403402187120292	1.8336097852701892e-05
0.1652490886998785	1.838955586393426e-05
0.16646415552855406	1.8443247997843557e-05
0.16767922235722965	1.8497175623568245e-05
0.16889428918590524	1.8551340120269763e-05
0.1701093560145808	1.8605742877220702e-05
0.17132442284325639	1.866038529389389e-05
0.17253948967193194	1.87152687800524e-05
0.17375455650060753	1.8770394755840478e-05
0.17496962332928312	1.8825764651875408e-05
0.17618469015795868	1.8881379909340326e-05
0.17739975698663427	1.893724198007802e-05
0.17861482381530985	1.8993352326685658e-05
0.1798298906439854	1.9049712422610542e-05
0.181044957472661	1.910632375224683e-05
0.1822600243013366	1.916318781103328e-05
0.18347509113001215	1.9220306105552007e-05
0.18469015795868773	1.9277680153628282e-05
0.1859052247873633	1.9335311484431354e-05
0.18712029161603888	1.939320163857636e-05
0.18833535844471447	1.9451352168227262e-05
0.18955042527339003	1.9509764637200917e-05
0.19076549210206561	1.9568440621072197e-05
0.1919805589307412	1.962738170728025e-05
0.19319562575941676	1.9686589495235843e-05
0.19441069258809235	1.974606559642991e-05
0.19562575941676794	1.980581163454316e-05
0.1968408262454435	1.986582924555693e-05
0.19805589307411908	1.9926120077865144e-05
0.19927095990279464	1.998668579238753e-05
0.20048602673147023	2.0047528062683993e-05
0.20170109356014582	2.0108648575070225e-05
0.20291616038882138	2.0170049028734562e-05
0.20413122721749696	2.0231731135856075e-05
0.20534629404617255	2.0293696621723932e-05
0.2065613608748481	2.0355947224858057e-05
0.2077764277035237	2.0418484697131044e-05
0.20899149453219928	2.048131080389145e-05
0.21020656136087484	2.054442732408834e-05
0.21142162818955043	2.0607836050397255e-05
0.212636695018226	2.0671538789347477e-05
0.21385176184690158	2.073553736145072e-05
0.21506682867557717	2.0799833601331187e-05
0.21628189550425272	2.086442935785706e-05
0.2174969623329283	2.0929326494273412e-05
0.2187120291616039	2.099452688833657e-05
0.21992709599027946	2.1060032432449943e-05
0.22114216281895505	2.112584503380135e-05
0.22235722964763063	2.1191966614501824e-05
0.2235722964763062	2.1258399111725967e-05
0.22478736330498178	2.1325144477853838e-05
0.22600243013365734	2.1392204680614384e-05
0.22721749696233293	2.1459581703230492e-05
0.2284325637910085	2.1527277544565603e-05
0.22964763061968407	2.159529421927197e-05
0.23086269744835966	2.1663633757940552e-05
0.23207776427703525	2.1732298207252567e-05
0.2332928311057108	2.1801289630132733e-05
0.2345078979343864	2.1870610105904222e-05
0.23572296476306198	2.1940261730445317e-05
0.23693803159173754	2.2010246616347855e-05
0.23815309842041313	2.20805668930774e-05
0.2393681652490887	2.215122470713525e-05
0.24058323207776428	2.222222222222222e-05
0.24179829890643986	2.2293561619404314e-05
0.24301336573511542	2.2365245097280213e-05
0.244228432563791	2.243727487215068e-05
0.2454434993924666	2.2509653178189878e-05
0.24665856622114216	2.25823822676186e-05
0.24787363304981774	2.26554644108795e-05
0.24908869987849333	2.272890189681428e-05
0.2503037667071689	2.28026970328429e-05
0.2515188335358445	2.2876852145144828e-05
0.25273390036452004	2.2951369578842367e-05
0.25394896719319565	2.3026251698186063e-05
0.2551640340218712	2.3101500886742223e-05
0.25637910085054677	2.3177119547582623e-05
0.25759416767922233	2.3253110103476337e-05
0.25880923450789795	2.3329474997083814e-05
0.2600243013365735	2.340621669115317e-05
0.26123936816524906	2.3483337668718746e-05
0.2624544349939247	2.3560840433301977e-05
0.26366950182260024	2.3638727509114545e-05
0.2648845686512758	2.371700144126393e-05
0.2660996354799514	2.3795664795961324e-05
0.267314702308627	2.387472016073196e-05
0.26852976913730253	2.3954170144627907e-05
0.26974483596597815	2.4034017378443334e-05
0.2709599027946537	2.4114264514932293e-05
0.27217496962332927	2.4194914229029055e-05
0.2733900364520049	2.427596921807103e-05
0.27460510328068044	2.435743220202429e-05
0.275820170109356	2.4439305923711766e-05
0.2770352369380316	2.4521593149044127e-05
0.2782503037667072	2.4604296667253382e-05
0.27946537059538273	2.4687419291129238e-05
0.28068043742405835	2.477096385725827e-05
0.2818955042527339	2.4854933226265928e-05
0.28311057108140947	2.4939330283061398e-05
0.284325637910085	2.5024157937085417e-05
0.28554070473876064	2.5109419122561005e-05
0.2867557715674362	2.519511679874722e-05
0.28797083839611176	2.528125395019593e-05
0.2891859052247874	2.536783358701167e-05
0.29040097205346294	2.5454858745114624e-05
0.2916160388821385	2.554233248650677e-05
0.2928311057108141	2.5630257899541218e-05
0.29404617253948967	2.5718638099194807e-05
0.29526123936816523	2.5807476227344013e-05
0.29647630619684084	2.5896775453044165e-05
0.2976913730255164	2.598653897281208e-05
0.29890643985419196	2.6076770010912124e-05
0.3001215066828676	2.616747181964573e-05
0.30133657351154314	2.6258647679644497e-05
0.3025516403402187	2.6350300900166817e-05
0.3037667071688943	2.6442434819398168e-05
0.30498177399756987	2.653505280475508e-05
0.30619684082624543	2.6628158253192817e-05
0.30741190765492105	2.672175459151687e-05
0.3086269744835966	2.6815845276698265e-05
0.30984204131227217	2.6910433796192792e-05
0.3110571081409477	2.7005523668264144e-05
0.31227217496962334	2.7101118442311098e-05
0.3134872417982989	2.7197221699198727e-05
0.31470230862697446	2.729383705159375e-05
0.3159173754556501	2.7390968144304045e-05
0.31713244228432563	2.748861865462242e-05
0.3183475091130012	2.7586792292674643e-05
0.3195625759416768	2.768549280177187e-05
0.32077764277035237	2.7784723958767467e-05
0.3219927095990279	2.7884489574418338e-05
0.32320777642770354	2.798479349375078e-05
0.3244228432563791	2.8085639596430963e-05
0.32563791008505466	2.81870317971401e-05
0.3268529769137303	2.8288974045954348e-05
0.32806804374240583	2.8391470328729545e-05
0.3292831105710814	2.8494524667490814e-05
0.330498177399757	2.8598141120827145e-05
0.33171324422843257	2.8702323784290995e-05
0.33292831105710813	2.8807076790803006e-05
0.33414337788578374	2.8912404311061885e-05
0.3353584447144593	2.9018310553959548e-05
0.33657351154313486	2.9124799767001598e-05
0.3377885783718105	2.9231876236733225e-05
0.33900364520048604	2.9339544289170546e-05
0.3402187120291616	2.9447808290237596e-05
0.34143377885783716	2.95566726462089e-05
0.34264884568651277	2.9666141804157823e-05
0.34386391251518833	2.9776220252410725e-05
0.3450789793438639	2.9886912521007048e-05
0.3462940461725395	2.9998223182165362e-05
0.34750911300121506	3.011015685075553e-05
0.3487241798298906	3.0222718184777046e-05
0.34993924665856624	3.0335911885843626e-05
0.3511543134872418	3.0449742699674184e-05
0.35236938031591736	3.0564215416590254e-05
0.353584447144593	3.0679334872019975e-05
0.35479951397326853	3.079510594700873e-05
0.3560145808019441	3.0911533568736546e-05
0.3572296476306197	3.1028622711042366e-05
0.35844471445929527	3.1146378394955245e-05
0.3596597812879708	3.126480568923264e-05
0.36087484811664644	3.1383909710905904e-05
0.362089914945322	3.150369562583303e-05
0.36330498177399756	3.162416864925878e-05
0.3645200486026732	3.1745334046382374e-05
0.36573511543134873	3.1867197132932785e-05
0.3669501822600243	3.1989763275751754e-05
0.36816524908869985	3.2113037893384715e-05
0.36938031591737547	3.223702645667963e-05
0.370595382746051	3.236173448939406e-05
0.3718104495747266	3.248716756881032e-05
0.3730255164034022	3.26133313263591e-05
0.37424058323207776	3.2740231448251543e-05
0.3754556500607533	3.286787367611997e-05
0.37667071688942894	3.2996263807667315e-05
0.3778857837181045	3.3125407697325504e-05
0.37910085054678005	3.325531125692286e-05
0.38031591737545567	3.338598045636067e-05
0.38153098420413123	3.3517421324299096e-05
0.3827460510328068	3.3649639948852546e-05
0.3839611178614824	3.378264247829465e-05
0.38517618469015796	3.391643512177304e-05
0.3863912515188335	3.405102415003405e-05
0.38760631834750914	3.4186415896157446e-05
0.3888213851761847	3.43226167563015e-05
0.39003645200486026	3.445963319045839e-05
0.39125151883353587	3.4597471723220226e-05
0.39246658566221143	3.473613894455578e-05
0.393681652490887	3.487564151059817e-05
0.39489671931956255	3.5015986144443634e-05
0.39611178614823817	3.515717963696155e-05
0.3973268529769137	3.529922884761594e-05
0.3985419198055893	3.54421407052986e-05
0.3997569866342649	3.558592220917405e-05
0.40097205346294046	3.5730580429536545e-05
0.402187120291616	3.587612250867926e-05
0.40340218712029163	3.602255566177591e-05
0.4046172539489672	3.6169887177774996e-05
0.40583232077764275	3.6318124420306855e-05
0.40704738760631837	3.6467274828603805e-05
0.4082624544349939	3.661734591843345e-05
0.4094775212636695	3.676834528304555e-05
0.4106925880923451	3.6920280594132516e-05
0.41190765492102066	3.707315960280387e-05
0.4131227217496962	3.722699014057484e-05
0.41433778857837184	3.738178012036933e-05
0.4155528554070474	3.7537537537537536e-05
0.41676792223572295	3.7694270470888425e-05
0.41798298906439857	3.7851987083737325e-05
0.41919805589307413	3.801069562496893e-05
0.4204131227217497	3.817040443011586e-05
0.42162818955042525	3.833112192245319e-05
0.42284325637910086	3.849285661410911e-05
0.4240583232077764	3.865561710719202e-05
0.425273390036452	3.8819412094934364e-05
0.4264884568651276	3.8984250362853406e-05
0.42770352369380316	3.915014078992937e-05
0.4289185905224787	3.931709234980114e-05
0.43013365735115433	3.948511411197978e-05
0.4313487241798299	3.9654215243080334e-05
0.43256379100850545	3.98244050080721e-05
0.43377885783718106	3.9995692771547674e-05
0.4349939246658566	4.016808799901124e-05
0.4362089914945322	4.034160025818624e-05
0.4374240583232078	4.051623922034289e-05
0.43863912515188336	4.0692014661645896e-05
0.4398541919805589	4.0868936464522615e-05
0.44106925880923453	4.1047014619052126e-05
0.4422843256379101	4.12262592243755e-05
0.44349939246658565	4.140668049012769e-05
0.44471445929526127	4.158828873789141e-05
0.4459295261239368	4.1771094402673345e-05
0.4471445929526124	4.195510803440319e-05
0.44835965978128794	4.2140340299455735e-05
0.44957472660996356	4.232680198219669e-05
0.4507897934386391	4.2514503986552334e-05
0.4520048602673147	4.2703457337603675e-05
0.4532199270959903	4.289367318320547e-05
0.45443499392466585	4.30851627956305e-05
0.4556500607533414	4.3277937573239585e-05
0.456865127582017	4.3472009042177875e-05
0.4580801944106926	4.366738885809778e-05
0.45929526123936815	4.386408880790903e-05
0.46051032806804376	4.406212081155648e-05
0.4617253948967193	4.426149692382596e-05
0.4629404617253949	4.4462229336178915e-05
0.4641555285540705	4.466433037861609e-05
0.46537059538274606	4.486781252157106e-05
0.4665856622114216	4.507268837783394e-05
0.46780072904009723	4.527897070450595e-05
0.4690157958687728	4.5486672404985334e-05
0.47023086269744835	4.569580653098527e-05
0.47144592952612396	4.590638628458428e-05
0.4726609963547995	4.611842502030984e-05
0.4738760631834751	4.633193624725572e-05
0.47509113001215064	4.65469336312337e-05
0.47630619684082626	4.6763430996960377e-05
0.4775212636695018	4.698144233027954e-05
0.4787363304981774	4.720098178042103e-05
0.479951397326853	4.742206366229654e-05
0.48116646415552855	4.764470245883314e-05
0.4823815309842041	4.7868912823345296e-05
0.4835965978128797	4.809470958194598e-05
0.4848116646415553	4.832210773599774e-05
0.48602673147023084	4.855112246460436e-05
0.48724179829890646	4.8781769127144046e-05
0.488456865127582	4.9014063265844734e-05
0.4896719319562576	4.924802060840247e-05
0.4908869987849332	4.948365707064363e-05
0.49210206561360875	4.9720988759231844e-05
0.4933171324422843	4.996003197442046e-05
0.4945321992709599	5.02008032128514e-05
0.4957472660996355	5.044331917040141e-05
0.49696233292831105	5.0687596745076474e-05
0.49817739975698666	5.093365303995549e-05
0.4993924665856622	5.118150536618398e-05
0.5006075334143378	5.143117124601903e-05
0.5018226002430134	5.168266841592621e-05
0.503037667071689	5.193601482972977e-05
0.5042527339003645	5.2191228661816894e-05
0.5054678007290401	5.244832831039727e-05
0.5066828675577156	5.270733240081899e-05
0.5078979343863913	5.2968259788941856e-05
0.5091130012150669	5.323112956456936e-05
0.5103280680437424	5.349596105494035e-05
0.511543134872418	5.37627738282817e-05
0.5127582017010935	5.403158769742311e-05
0.5139732685297691	5.4302422723475354e-05
0.5151883353584447	5.4575299219573217e-05
0.5164034021871203	5.4850237754684414e-05
0.5176184690157959	5.512725915748585e-05
0.5188335358444714	5.540638452030857e-05
0.520048602673147	5.5687635203152776e-05
0.5212636695018226	5.5971032837774414e-05
0.5224787363304981	5.6256599331844696e-05
0.5236938031591738	5.654435687318405e-05
0.5249088699878494	5.6834327934072175e-05
0.5261239368165249	5.712653527563553e-05
0.5273390036452005	5.742100195231406e-05
0.528554070473876	5.771775131640871e-05
0.5297691373025516	5.801680702271135e-05
0.5309842041312273	5.831819303321894e-05
0.5321992709599028	5.8621933621933615e-05
0.5334143377885784	5.8928053379750505e-05
0.534629404617254	5.9236577219435064e-05
0.5358444714459295	5.954753038069194e-05
0.5370595382746051	5.986093843532716e-05
0.5382746051032807	6.017682729250567e-05
0.5394896719319563	6.049522320410623e-05
0.5407047387606319	6.081615277017576e-05
0.5419198055893074	6.11396429444852e-05
0.543134872417983	6.146572104018913e-05
0.5443499392466585	6.17944147355912e-05
0.5455650060753341	6.212575208001797e-05
0.5467800729040098	6.245976149980301e-05
0.5479951397326853	6.279647180438415e-05
0.5492102065613609	6.313591219251596e-05
0.5504252733900364	6.347811225860006e-05
0.551640340218712	6.382310199913593e-05
0.5528554070473876	6.41709118192947e-05
0.5540704738760632	6.452157253961872e-05
0.5552855407047388	6.487511540284951e-05
0.5565006075334143	6.523157208088715e-05
0.5577156743620899	6.559097468188377e-05
0.5589307411907655	6.595335575747428e-05
0.560145808019441	6.631874831014727e-05
0.5613608748481167	6.66871858007592e-05
0.5625759416767923	6.705870215619519e-05
0.5637910085054678	6.743333177717952e-05
0.5650060753341434	6.781110954623935e-05
0.5662211421628189	6.819207083582496e-05
0.5674362089914945	6.857625151659018e-05
0.56865127582017	6.896368796583645e-05
0.5698663426488457	6.935441707612446e-05
0.5710814094775213	6.9748476264057e-05
0.5722964763061968	7.01459034792368e-05
0.5735115431348724	7.054673721340387e-05
0.574726609963548	7.095101650975575e-05
0.5759416767922235	7.13587809724555e-05
0.5771567436208992	7.177007077633133e-05
0.5783718104495748	7.218492667677255e-05
0.5795868772782503	7.26033900198263e-05
0.5808019441069259	7.302550275249972e-05
0.5820170109356014	7.34513074332723e-05
0.583232077764277	7.38808472428236e-05
0.5844471445929527	7.431416599498092e-05
0.5856622114216282	7.475130814789258e-05
0.5868772782503038	7.519231881543177e-05
0.5880923450789793	7.56372437788367e-05
0.5893074119076549	7.608612949859241e-05
0.5905224787363305	7.653902312656022e-05
0.5917375455650061	7.699597251836058e-05
0.5929526123936817	7.745702624601543e-05
0.5941676792223572	7.792223361085636e-05
0.5953827460510328	7.839164465670489e-05
0.5965978128797084	7.88653101833315e-05
0.5978128797083839	7.934328176020019e-05
0.5990279465370595	7.982561174050535e-05
0.6002430133657352	8.031235327550843e-05
0.6014580801944107	8.080356032918127e-05
0.6026731470230863	8.129928769316398e-05
0.6038882138517618	8.179959100204499e-05
0.6051032806804374	8.230452674897119e-05
0.606318347509113	8.28141523015964e-05
0.6075334143377886	8.33285259183765e-05
0.6087484811664642	8.384770676521997e-05
0.6099635479951397	8.437175493250259e-05
0.6111786148238153	8.490073145245559e-05
0.6123936816524909	8.543469831693644e-05
0.6136087484811664	8.597371849559219e-05
0.6148238153098421	8.651785595442505e-05
0.6160388821385177	8.70671756747706e-05
0.6172539489671932	8.762174367269909e-05
0.6184690157958688	8.818162701885051e-05
0.6196840826245443	8.874689385871494e-05
0.6208991494532199	8.931761343336905e-05
0.6221142162818954	8.989385610068111e-05
0.6233292831105711	9.04756933569962e-05
0.6245443499392467	9.106319785931436e-05
0.6257594167679222	9.165644344797439e-05
0.6269744835965978	9.225550516985657e-05
0.6281895504252734	9.286045930211792e-05
0.6294046172539489	9.347138337647396e-05
0.6306196840826246	9.408835620404145e-05
0.6318347509113001	9.471145790075695e-05
0.6330498177399757	9.534076991338658e-05
0.6342648845686513	9.597637504614248e-05
0.6354799513973268	9.66183574879227e-05
0.6366950182260024	9.726680284019064e-05
0.637910085054678	9.792179814551179e-05
0.6391251518833536	9.858343191676524e-05
0.6403402187120292	9.92517941670484e-05
0.6415552855407047	9.992697644029363e-05
0.6427703523693803	0.00010060907184261645
0.6439854191980559	0.00010129817507441519
0.6452004860267315	0.00010199438246324278
0.6464155528554071	0.00010269779199747205
0.6476306196840826	0.00010340850336077636
0.6488456865127582	0.00010412661796744841
0.6500607533414338	0.00010485223899858045
0.6512758201701093	0.00010558547143912996
0.6524908869987849	0.0001063264221158958
0.6537059538274606	0.00010707519973643028
0.6549210206561361	0.00010783191492891387
0.6561360874848117	0.00010859668028301964
0.6573511543134872	0.0001093696103917956
0.6585662211421628	0.00011015082189459413
0.6597812879708383	0.00011094043352107867
0.660996354799514	0.00011173856613633823
0.6622114216281896	0.00011254534278714212
0.6634264884568651	0.00011336088874936779
0.6646415552855407	0.00011418533157663592
0.6658566221142163	0.00011501880115018801
0.6670716889428918	0.00011586142973004286
0.6682867557715675	0.00011671335200746965
0.669501822600243	0.00011757470515881629
0.6707168894289186	0.00011844562890073345
0.6719319562575942	0.00011932626554683555
0.6731470230862697	0.00012021676006584178
0.6743620899149453	0.00012111726014124135
0.675577156743621	0.00012202791623252888
0.6767922235722965	0.0001229488816380574
0.6780072904009721	0.00012388031255955784
0.6792223572296476	0.00012482236816837577
0.6804374240583232	0.00012577521067347786
0.6816524908869988	0.0001267390053912823
0.6828675577156743	0.00012771392081736908
0.68408262454435	0.0001287001287001287
0.6852976913730255	0.00012969780411640876
0.6865127582017011	0.00013070712554922128
0.6877278250303767	0.00013172827496757457
0.6889428918590522	0.00013276143790849672
0.6901579586877278	0.00013380680356131952
0.6913730255164034	0.0001348645648542944
0.692588092345079	0.00013593491854361418
0.6938031591737546	0.0001370180653049179
0.6950182260024301	0.00013811420982735723
0.6962332928311057	0.0001392235609103079
0.6974483596597812	0.00014034633156281037
0.6986634264884569	0.00014148273910582907
0.6998784933171325	0.0001426330052774212
0.701093560145808	0.00014379735634091034
0.7023086269744836	0.0001449760231961637
0.7035236938031592	0.00014616924149407452
0.7047387606318347	0.00014737725175435613
0.7059538274605103	0.00014860029948675742
0.707168894289186	0.00014983863531581372
0.7083839611178615	0.0001510925151092515
0.7095990279465371	0.00015236220011016958
0.7108140947752126	0.0001536479570731246
0.7120291616038882	0.00015495005840425276
0.7132442284325637	0.00015626878230556556
0.7144592952612394	0.00015760441292356184
0.715674362089915	0.00015895724050230488
0.7168894289185905	0.00016032756154111784
0.7181044957472661	0.00016171567895705827
0.7193195625759417	0.00016312190225233704
0.7205346294046172	0.00016454654768685524
0.7217496962332929	0.00016598993845603818
0.7229647630619684	0.00016745240487415307
0.724179829890644	0.00016893428456330486
0.7253948967193196	0.00017043592264831203
0.7266099635479951	0.00017195767195767194
0.7278250303766707	0.00017349989323083492
0.7290400972053463	0.0001750629553320136
0.7302551640340219	0.00017664723547076487
0.7314702308626975	0.00017825311942959
0.732685297691373	0.00017988100179881
0.7339003645200486	0.00018153128621898256
0.7351154313487241	0.0001832043856311391
0.7363304981773997	0.0001849007225351311
0.7375455650060754	0.00018662072925638816
0.7387606318347509	0.00018836484822140113
0.7399756986634265	0.00019013353224225937
0.741190765492102	0.00019192724481058255
0.7424058323207776	0.0001937464604012042
0.7436208991494532	0.00019559166478597757
0.7448359659781288	0.0001974633553580922
0.7460510328068044	0.0001993620414673046
0.74726609963548	0.00020128824476650564
0.7484811664641555	0.00020324249957006394
0.7496962332928311	0.000205225353224406
0.7509113001215066	0.00020723736649131197
0.7521263669501823	0.00020927911394442834
0.7533414337788579	0.0002113511843795217
0.7545565006075334	0.00021345418123901942
0.755771567436209	0.0002155887230514096
0.7569866342648846	0.00021775544388609713
0.7582017010935601	0.00021995499382434055
0.7594167679222357	0.00022218803944692268
0.7606318347509113	0.00022445526433923822
0.7618469015795869	0.00022675736961451246
0.7630619684082625	0.00022909507445589917
0.764277035236938	0.0002314691166782401
0.7654921020656136	0.0002338802533103051
0.7667071688942891	0.00023632926119837114
0.7679222357229648	0.00023881693763203819
0.7691373025516404	0.0002413441009932238
0.7703523693803159	0.00024391159142932192
0.7715674362089915	0.00024652027155156066
0.772782503037667	0.00024917102715964196
0.7739975698663426	0.00025186476799380025
0.7752126366950183	0.00025460242851547195
0.7764277035236938	0.00025738496871782686
0.7776427703523694	0.00026021337496747333
0.778857837181045	0.0002630886608787161
0.7800729040097205	0.00026601186822181294
0.7812879708383961	0.00026898406786674944
0.7825030376670717	0.0002720063607641286
0.7837181044957473	0.0002750798789648532
0.7849331713244229	0.00027820578668036295
0.7861482381530984	0.0002813852813852814
0.787363304981774	0.0002846195949644225
0.7885783718104495	0.00028790999490620775
0.7897934386391251	0.00029125778554465207
0.7910085054678008	0.00029466430935219185
0.7922235722964763	0.00029813094828574704
0.7934386391251519	0.0003016591251885369
0.7946537059538274	0.00030525030525030525
0.795868772782503	0.000308905997528752
0.7970838396111786	0.0003126277565351225
0.7982989064398542	0.0003164171838870634
0.7995139732685298	0.0003202759300320276
0.8007290400972054	0.00032420569604469046
0.8019441069258809	0.00032820823550203234
0.8031591737545565	0.0003322853564399458
0.804374240583232	0.0003364389233954451
0.8055893074119077	0.00034067085953878406
0.8068043742405833	0.0003449831489000345
0.8080194410692588	0.0003493778386949394
0.8092345078979344	0.0003538570417551309
0.81044957472661	0.00035842293906810036
0.8116646415552855	0.00036307778243262114
0.8128797083839611	0.00036782389723566194
0.8140947752126367	0.0003726636853571838
0.8153098420413123	0.0003775996282095968
0.8165249088699879	0.00038263428991905813
0.8177399756986634	0.0003877703206562267
0.818955042527339	0.0003930104601245541
0.8201701093560145	0.000398357541214684
0.8213851761846902	0.0004038144938340633
0.8226002430133658	0.00040938434892142967
0.8238153098420413	0.00041507024265644954
0.8250303766707169	0.00042087542087542086
0.8262454434993924	0.0004268032437046521
0.827460510328068	0.00043285719042386703
0.8286755771567437	0.00043904086457277944
0.8298906439854192	0.0004453579993148338
0.8311057108140948	0.0004518124630730198
0.8323207776427703	0.0004584082654536478
0.8335358444714459	0.00046514956347502504
0.8347509113001215	0.00047204066811909945
0.8359659781287971	0.0004790860512253547
0.8371810449574727	0.00048629035274754044
0.8383961117861483	0.0004936583883952305
0.8396111786148238	0.0005011951576837073
0.8408262454434994	0.0005089058524173028
0.8420413122721749	0.0005167958656330749
0.8432563791008505	0.0005248708010335917
0.8444714459295262	0.0005331364829396325
0.8456865127582017	0.0005415989667958171
0.8469015795868773	0.0005502645502645502
0.8481166464155528	0.0005591397849462365
0.8493317132442284	0.0005682314887665006
0.850546780072904	0.0005775467590741481
0.8517618469015796	0.0005870929864968613
0.8529769137302552	0.0005968778696051423
0.8541919805589308	0.0006069094304388422
0.8554070473876063	0.0006171960309547547
0.8566221142162819	0.0006277463904582548
0.8578371810449574	0.0006385696040868454
0.8590522478736331	0.0006496751624187906
0.8602673147023087	0.0006610729722857869
0.8614823815309842	0.0006727733788749158
0.8626974483596598	0.0006847871892119679
0.8639125151883353	0.0006971256971256971
0.8651275820170109	0.0007098007098007098
0.8663426488456865	0.0007228245760355852
0.8675577156743621	0.0007362102163325405
0.8687727825030377	0.0007499711549555786
0.8699878493317132	0.0007641215541056838
0.8712029161603888	0.0007786762503743636
0.8724179829890644	0.0007936507936507937
0.8736330498177399	0.0008090614886731391
0.8748481166464156	0.0008249254394314359
0.8760631834750912	0.0008412605966479001
0.8772782503037667	0.000858085808580858
0.8784933171324423	0.0008754208754208753
0.8797083839611178	0.0008932866075723217
0.8809234507897934	0.0009117048881408233
0.8821385176184691	0.0009306987399770904
0.8833535844471446	0.0009502923976608186
0.8845686512758202	0.0009705113848450914
0.8857837181044957	0.0009913825974224052
0.8869987849331713	0.0010129343930185444
0.8882138517618469	0.0010351966873706003
0.8894289185905225	0.001058201058201058
0.8906439854191981	0.0010819808572617561
0.8918590522478737	0.0011065713312904324
0.8930741190765492	0.0011320097526994078
0.8942891859052248	0.0011583355609017195
0.8955042527339003	0.0011855905152758778
0.8967193195625759	0.0012138188608776844
0.8979343863912516	0.001243067508127749
0.8991494532199271	0.001273386227838182
0.9003645200486027	0.0013048278630934456
0.9015795868772782	0.0013374485596707817
0.9027946537059538	0.001371308016877637
0.9040097205346294	0.0014064697609001405
0.905224787363305	0.001443001443001443
0.9064398541919806	0.0014809751651856913
0.9076549210206561	0.0015204678362573099
0.9088699878493317	0.0015615615615615615
0.9100850546780073	0.0016043440700974946
0.9113001215066828	0.0016489091831557584
0.9125151883353585	0.001695357329160146
0.913730255164034	0.001743796109993293
0.9149453219927096	0.0017943409247757074
0.9161603888213852	0.0018471156578573457
0.9173754556500607	0.0019022534386889084
0.9185905224787363	0.0019598974822855417
0.9198055893074119	0.00202020202020202
0.9210206561360875	0.0020833333333333333
0.9222357229647631	0.0021494708994708994
0.9234507897934386	0.0022188086704215734
0.9246658566221142	0.0022915564956812974
0.9258809234507898	0.0023679417122040073
0.9270959902794653	0.002448210922787194
0.928311057108141	0.0025326319890902004
0.9295261239368166	0.0026214962694091548
0.9307411907654921	0.0027151211361737676
0.9319562575941677	0.0028138528138528136
0.9331713244228432	0.0029180695847362513
0.9343863912515188	0.003028185418122525
0.9356014580801945	0.003144654088050314
0.93681652490887	0.00326797385620915
0.9380315917375456	0.0033986928104575162
0.9392466585662211	0.003537414965986394
0.9404617253948967	0.0036848072562358273
0.9416767922235723	0.002216312056737589
0.9428918590522479	0.0009250693802035153
0.9441069258809235	0.0
0.945321992709599	0.0
0.9465370595382746	0.0
0.9477521263669502	0.0
0.9489671931956257	0.0
0.9501822600243013	0.0
0.951397326852977	0.0
0.9526123936816525	0.0
0.9538274605103281	0.0
0.9550425273390036	0.0
0.9562575941676792	0.0
0.9574726609963548	0.0
0.9586877278250304	0.0
0.959902794653706	0.0
0.9611178614823815	0.0
0.9623329283110571	0.0
0.9635479951397327	0.0
0.9647630619684082	0.0
0.9659781287970839	0.0
0.9671931956257594	0.0
0.968408262454435	0.0
0.9696233292831106	0.0
0.9708383961117861	0.0
0.9720534629404617	0.0
0.9732685297691372	0.0
0.9744835965978129	0.0
0.9756986634264885	0.0
0.976913730255164	0.0
0.9781287970838396	0.0
0.9793438639125152	0.0
0.9805589307411907	0.0
0.9817739975698664	0.0
0.982989064398542	0.0
0.9842041312272175	0.0
0.9854191980558931	0.0
0.9866342648845686	0.0
0.9878493317132442	0.0
0.9890643985419199	0.0
0.9902794653705954	0.0
0.991494532199271	0.0
0.9927095990279465	0.0
0.9939246658566221	0.0
0.9951397326852977	0.0
0.9963547995139733	0.0
0.9975698663426489	0.0
0.9987849331713244	0.0
1.0	0.0
