199	0.0
200	0.0
198	-0.6180339887498948
619	0.0
618	0.2192235935955848
1139	-0.2807764064044151
593	-1.5
592	-0.2807764064044151
559	-1.733089848356937
918	-1.5
294	0.2192235935955848
295	1.5
293	-0.6180339887498948
507	-1.118033988749895
506	-1.2320508075688763
508	-1.659134620395366
669	-2.3414182921069924
68	-2.718709690391917
103	-1.2320508075688774
416	-2.382323962598609
397	-1.5
1145	-0.5000000000000004
120	-0.5000000000000004
121	-0.8507810593582125
1146	-0.5
344	-0.6180339887498948
345	-0.6180339887498948
343	-1.868150906683044
346	-1.8681509066830435
347	-1.8414182921069908
445	-1.3149066358459396
965	-1.2320508075688774
956	-1.2320508075688774
348	-0.5
444	-0.7807764064044151
340	0.0
339	-2.0
341	-1.3860009363293826
854	-0.6180339887498948
408	-0.7807764064044151
342	-1.5
350	-1.0
976	-0.2807764064044151
334	-1.3149066358459396
351	-1.7716062078695851
810	1.5
809	-0.7469796037174672
710	1.0
811	-1.0
709	-1.828130705413408
228	-1.0
504	-2.7099902862355907
749	-1.4241085387947428
503	-2.06155281280883
737	-1.4142135623730951
738	0.0
505	-1.9763821923886773
910	-2.1565972630107497
349	1.5
816	0.0
815	0.0
817	0.0
818	0.0
595	0.0
594	-0.6180339887498948
596	-0.6180339887498948
664	0.0
665	0.0
663	0.0
739	-1.8903685277365916
740	-0.6180339887498948
752	-1.9296664994307864
719	1.5
189	-2.1510934089371765
191	-1.041936179717804
718	-2.414213562373095
236	-3.5625413354508315
186	-1.4999999999999998
717	-2.0
736	-0.2807764064044151
462	-2.1241505199015047
716	1.0
614	-0.5000000000000006
715	-2.514136929335293
177	-1.3429230827771697
1031	-2.150570481281599
714	-0.6180339887498948
141	-3.202083634245755
426	0.0
425	-1.0
427	-1.0
713	0.0
712	-1.0
424	-2.8722813232690143
711	-3.401132461717327
846	-2.6292466415811715
845	-0.5
377	-2.718709690391914
278	-2.302775637731996
253	-3.826652315784637
728	-2.6720590386686123
617	1.5
915	1.5
916	0.2192235935955848
420	-0.6180339887498948
421	-1.3860009363293837
419	0.0
606	0.0
605	-0.6180339887498948
607	-0.2807764064044151
423	-1.2807764064044151
139	-1.5
173	-2.7603986446980726
1068	0.5
470	-2.193789663952992
917	-0.2807764064044151
1061	1.5
1062	0.2192235935955848
911	-0.2807764064044151
562	-1.8027756377319943
912	-1.0
1063	0.0
1064	-1.0
1065	0.5
894	-1.7716062078695851
896	-2.5
1067	-0.6180339887498948
468	-1.3860009363293837
1066	-0.6180339887498948
237	-3.0335462279077645
548	-1.3149066358459396
913	1.5
914	-0.1180339887498948
298	-1.2320508075688774
297	-4.476763832217366
782	-0.5
783	-0.2807764064044151
299	-0.8507810593582124
300	-0.2807764064044151
474	-0.5
314	-1.0
296	-2.5
284	-5.39040959081794
865	-0.7807764064044151
866	-1.0
195	-0.9142135623730951
194	-1.9660410479054788
196	-2.462580333013741
1124	-0.7807764064044151
292	-2.6457513110645903
280	-3.0
435	-0.7807764064044151
291	-3.302775637731995
290	-1.0
289	0.0
277	-5.040490687114147
591	0.0
535	-0.2807764064044151
900	-0.2807764064044151
901	-1.0
477	-0.8507810593582121
1083	1.0
187	-0.7320508075688774
197	-1.6565972630107495
597	-0.5
598	-0.4999999999999999
884	-1.1947765516485271
13	-2.212214450449027
599	0.0
164	-2.347211209771973
1116	-1.802775637731996
193	0.6980622641951616
192	-1.0210127632816015
243	-0.6180339887498948
242	-0.1180339887498948
241	-2.9387322907645856
1153	0.5
190	-1.8681509066830444
543	-1.8703267853016308
1113	-0.5
270	-1.832265059021874
271	-0.6180339887498948
269	-1.862185735276925
760	-1.3149066358459396
1126	0.5
272	0.0
273	0.0
274	0.0
275	-0.2807764064044151
276	-1.6947765516485274
578	-1.0000000000000002
246	-2.0461800217175576
378	-1.2807764064044151
837	-1.0
279	-2.104524884860786
1008	-0.7807764064044151
524	-0.6180339887498948
525	0.0
523	-1.7716062078695851
526	0.0
527	-1.0
440	-1.662941197153243
520	-0.6180339887498948
304	-1.3860009363293837
521	0.0
1019	-2.57122868021343
432	-1.9333303093335337
1020	1.0
401	-3.910777797665156
522	-0.2807764064044151
316	-0.8507810593582121
951	0.5
328	-0.6180339887498948
439	-1.879960832109028
1014	-0.2807764064044151
1015	-0.2807764064044151
412	-3.0697049797528155
414	-2.175130870566646
1016	-0.6180339887498948
429	-1.137458608817687
1017	0.0
1018	-0.2807764064044151
528	-1.0
529	0.0
1011	-1.6045248848607867
37	-2.063130429041506
1012	-1.118033988749895
1013	1.0
65	-1.8117376914898995
1025	0.0
1024	-0.6180339887498948
1026	-0.2807764064044151
449	-0.7807764064044151
448	-0.5000000000000003
353	-1.0
973	1.0
447	-0.2807764064044151
443	-0.7807764064044151
442	-0.4999999999999999
337	-1.3860009363293828
441	-1.118033988749895
953	1.0
950	-0.5550460355114081
446	-0.2807764064044151
969	-0.8149066358459393
336	-1.3149066358459396
108	-2.06155281280883
496	0.0
109	-2.104524884860786
107	-4.456812974785887
110	-2.42214438511238
1079	-0.2807764064044151
1135	0.2192235935955848
1136	1.5
1134	0.0
102	-0.7807764064044151
101	-2.246462669565888
104	-1.118033988749895
100	-3.5
99	-1.0
681	-1.0000000000000002
633	-3.3271920242663
137	-4.000000000000001
398	-0.7807764064044151
106	-3.999999999999999
458	-1.7807764064044151
693	-2.658617831909561
891	-1.4142135623730951
457	-1.5
105	-2.44091129120714
144	-4.004877010224059
1040	-2.302775637731995
695	-2.302775637731995
674	-2.173104608972445
1044	-2.414213562373095
673	-1.2544780410494785
670	-2.10073616910962
671	-1.9296664994307875
902	-0.6180339887498948
903	0.0
629	-1.5
904	-1.4142135623730951
39	-3.660112320303834
881	-2.623651667137928
875	-2.414213562373095
876	-1.585618207633862
628	-2.815666099674777
40	-2.302775637731995
38	-1.0
413	-2.142607014773968
906	-1.0
145	-3.2194749254598944
905	-0.2807764064044151
907	-2.2969269785875017
698	-4.20716469775513
1082	-0.5
81	-2.59885594699524
112	-0.5000000000000002
33	-0.2807764064044151
32	0.0
34	-0.5000000000000002
31	-0.2807764064044151
30	-1.6374586088176872
12	-2.500000000000001
29	-0.2807764064044151
863	-1.2807764064044151
36	-1.6045248848607865
631	1.0
35	-0.2807764064044151
392	0.0
1159	-0.1180339887498948
14	-0.7807764064044151
641	1.5
642	-0.1180339887498948
640	1.5
639	0.2192235935955848
643	-0.5000000000000002
644	-0.1180339887498948
984	-0.2807764064044151
645	1.5
438	-0.6180339887498948
437	0.0
436	-0.6180339887498948
321	-1.8414182921069904
434	-1.5210127632816015
433	-1.7555151741123964
312	-0.8507810593582121
465	-2.0
431	-0.6180339887498948
430	-0.6180339887498948
1156	-1.0
1155	-0.6180339887498948
768	-1.5
1002	-0.6180339887498948
1003	0.0
998	-1.7716062078695842
957	-1.0
338	-1.6845012679009292
531	-1.0
532	-1.802775637731996
954	-0.5941542653123191
335	-1.0
870	-0.2807764064044151
333	-0.2807764064044151
331	0.0
330	-0.2807764064044151
332	0.0
329	-0.8507810593582124
1120	0.0
1119	-0.6180339887498948
1121	0.0
744	-0.1180339887498948
743	1.5
745	-1.6374586088176872
682	-1.3149066358459396
563	-2.2613342340547757
755	-0.2807764064044151
853	0.0
856	-0.2807764064044151
857	0.0
168	-0.8507810593582121
858	-0.6180339887498948
850	-0.2807764064044151
851	-0.8507810593582121
849	0.0
407	-1.0000000000000004
852	-0.2807764064044151
819	-1.0
600	-2.3619428373721485
229	-1.3860009363293837
859	-0.2807764064044151
860	-1.0
729	-1.2320508075688774
555	0.0
282	0.2192235935955848
556	0.0
6	-2.302775637731995
880	-0.6180339887498948
7	-4.910171037020586
1000	1.5
999	-0.5
98	0.0
97	0.0
1085	0.2192235935955848
1086	0.0
1084	1.5
91	-0.6180339887498948
90	-1.8414182921069904
92	-0.6180339887498948
604	-1.84141829210699
89	-0.6180339887498948
798	-1.2320508075688774
93	-2.322011140773529
375	-1.84141829210699
374	-0.7807764064044151
95	-0.5000000000000003
668	-0.2807764064044151
94	1.0
96	-0.2807764064044151
813	-0.2807764064044151
814	0.0
651	-0.5000000000000003
741	-1.0
550	-2.045145293325591
742	0.0
560	1.0
558	0.0
557	0.0
514	-0.2807764064044151
746	-1.0
747	-1.0
748	-1.5000000000000004
262	-1.8414182921069908
750	1.0
551	0.0
265	-3.350189600795793
753	-1.5531505630215712
549	-2.0
553	-1.3149066358459396
554	-1.7320508075688774
552	-0.5
267	-0.8507810593582121
238	-0.8507810593582126
239	-1.118033988749895
1092	-0.5
240	-2.838573305375469
234	-1.618033988749895
181	-3.6866991295663007
233	-2.5
235	-2.094767010167541
1051	-0.2807764064044151
735	-2.2708332705951677
720	-2.302775637731995
502	-2.350781059358212
501	-2.302775637731995
230	-1.5000000000000004
231	-0.7807764064044151
400	-2.598151659767464
232	-2.7660104002696446
428	-2.2403636367293536
1033	0.5
1050	0.0
1049	-1.850781059358212
1052	0.5
1053	1.0
509	-1.2168323148916436
613	-0.2807764064044151
615	-0.2807764064044151
146	-1.0
147	-0.2807764064044151
148	-1.3149066358459396
143	-1.8709018567318343
1080	-1.4142135623730951
497	-1.6231558766000298
701	-1.118033988749895
142	-2.118033988749895
498	-2.118033988749895
893	-1.4163911111299754
140	-2.0
459	-2.5
179	-2.7902858902266208
178	-0.5
687	-2.043804379401738
612	-0.6180339887498948
361	-1.0000000000000002
610	1.5
609	-0.1180339887498948
611	0.5
616	-0.6180339887498948
217	-1.0
149	-1.314906635845939
115	-1.868150906683045
150	-0.7807764064044151
1007	1.5
1006	-0.5
1005	1.5
1004	0.2192235935955848
948	0.0
947	0.0
949	0.0
792	0.0
946	0.0
945	-0.2807764064044151
944	1.5
943	0.2192235935955848
317	-0.8149066358459393
942	-0.2807764064044151
305	-1.2320508075688774
769	-1.0
1157	0.0
767	-1.118033988749895
935	-1.0
689	-1.9142135623730951
499	-4.364623979216754
688	-1.6045248848607867
1043	1.0
685	-0.2807764064044151
684	-0.6180339887498948
686	-1.2320508075688774
683	-1.5000000000000009
1030	-1.0
887	-0.7807764064044151
136	-1.969001749928518
680	-0.1180339887498948
679	1.5
692	-1.5
422	-1.5000000000000004
399	-2.976382192388679
622	0.5
537	-2.808648493534247
133	-0.5000000000000003
132	-0.2807764064044151
678	1.0
134	-0.1180339887498948
131	-0.6180339887498948
130	-2.1720590386686163
129	0.5
372	0.5
994	-2.302775637731995
690	-2.414213562373095
138	-3.01413692933529
171	-2.781862654869156
169	-2.0615528128088303
843	-0.2807764064044151
135	1.5
494	0.0
491	-1.3860009363293833
495	0.0
864	-1.118033988749895
490	-1.4999999999999998
489	-0.8507810593582126
492	-0.6180339887498948
493	-1.4142135623730951
24	-1.2320508075688772
25	-0.2807764064044151
1110	1.0
23	-4.697678307258837
26	-0.6180339887498948
27	-2.5
561	-2.435281594765118
28	-0.6180339887498948
22	-2.0615528128088303
885	-1.7276565084829325
409	-1.5
1078	-0.5
538	-2.4694219882390245
1109	-1.350781059358212
319	-1.3149066358459396
406	-0.2807764064044151
405	-3.23606797749979
404	-3.302775637731995
403	-2.322011140773529
402	-3.143776873873187
254	-2.433399811326315
452	-1.2807764064044151
475	-0.6180339887498948
731	-2.0
732	-2.56155281280883
933	-0.1180339887498948
934	1.5
211	-0.8507810593582121
932	-0.5
204	-2.3973485867341964
931	0.0
577	-1.34292308277717
930	1.5
929	0.2192235935955848
937	1.5
936	0.2192235935955848
453	-2.309005852956358
862	-1.5
410	-1.2807764064044151
1069	-1.2807764064044151
758	-1.3860009363293837
479	-1.410417487828722
478	-1.0941542653123193
1028	0.5
874	-2.193789663952993
510	-1.3149066358459396
759	-1.2807764064044151
757	-0.6180339887498948
461	-1.6947765516485276
829	-1.6374586088176883
983	-0.2807764064044151
828	-0.2807764064044151
827	0.0
373	-1.6374586088176883
793	-0.2807764064044151
832	-0.5
831	-0.6180339887498948
376	-1.2320508075688774
797	-0.5
796	-0.5
708	-0.6180339887498948
225	-1.8414182921069908
707	0.0
704	0.0
705	0.0
703	-0.2807764064044151
706	0.0
700	0.8819660112501052
699	-2.012585941919299
702	-1.6374586088176877
545	-2.2879074968515827
221	-0.5000000000000002
393	-1.0
88	0.2192235935955848
87	1.5
396	-0.2807764064044151
395	-0.6180339887498948
394	-1.203490590044939
64	-2.324732489120447
987	-0.8130990342636472
82	-1.5
83	-1.194776551648528
632	1.0
84	-1.868150906683045
80	-1.4142135623730951
79	0.0
542	-1.5210127632815995
540	-2.395191365820324
541	-0.8315659834805117
86	-1.8621857352769249
1143	0.5
57	-1.9339429436655493
154	-1.3149066358459396
85	-1.5
116	-1.0
795	-0.5000000000000002
794	-0.2807764064044151
844	-1.118033988749895
1171	-0.1180339887498948
212	-0.8507810593582126
1172	1.5
791	0.0
790	0.0
789	0.0
1170	-1.0
1169	0.0
206	-1.9470564230093643
799	-0.5
800	-1.0
889	-2.5
454	-2.8159335225661923
411	-3.623630251012536
8	-3.456122243442356
601	-1.0
602	-0.2807764064044151
608	-0.8507810593582124
536	-1.2320508075688772
1138	-0.5
1137	1.5
582	-0.6180339887498948
583	0.0
581	-1.7912878474779197
584	0.2192235935955848
580	-1.8322650590218756
579	0.5
566	-1.3149066358459396
775	-0.7807764064044151
928	-0.6180339887498948
1133	-0.2807764064044151
1132	-0.5000000000000002
1142	-0.1180339887498948
1131	-0.5
919	-1.2320508075688774
1130	1.0
1129	-1.1374586088176877
245	-1.0
244	0.0
247	0.0
203	-1.573908387666939
546	-1.7807764064044151
1118	-2.212214450449025
547	-1.118033988749895
1154	0.5
248	0.0
970	1.0
638	0.0
519	-0.6180339887498948
518	0.0
517	-0.2807764064044151
1009	-0.6180339887498948
252	-1.0
511	-1.118033988749895
512	-3.2194749254598936
264	-2.1045248848607865
513	-1.0
1095	0.2192235935955848
515	-0.8507810593582124
785	-0.2807764064044151
516	-0.8507810593582121
1108	-0.1180339887498948
694	-1.0
621	-0.6180339887498948
620	-0.6180339887498948
450	-0.5
451	1.5
50	-2.104910962385727
53	-1.3149066358459396
49	-1.5000000000000002
482	-1.2320508075688774
43	-3.52922554771654
455	-1.7320508075688776
882	-1.0
456	-2.1045248848607865
70	-3.776576109320051
180	-2.721996781125729
176	-0.6180339887498948
175	0.0
174	-1.0
172	-1.2807764064044151
170	1.0
977	0.5
975	0.0
974	0.2192235935955848
978	1.5
1081	1.0
696	-1.1947765516485278
657	1.5
658	0.2192235935955848
979	1.5
980	0.2192235935955848
182	-1.850781059358212
183	0.0
184	0.0
460	-2.0837826316139365
1032	-0.5
188	-2.635633220251566
185	-0.6180339887498948
886	0.5
652	1.0
1122	0.2192235935955848
1123	1.5
659	0.0
650	-0.1180339887498948
649	1.5
1125	0.5
603	-1.2320508075688774
764	0.0
763	0.0
765	-0.2807764064044151
1088	0.0
1087	0.0
1089	-0.2807764064044151
11	-1.5000000000000004
10	-1.7655644370746368
9	-2.435281594765118
1027	1.0
287	-2.06155281280883
867	-0.6180339887498948
868	0.0
320	-1.84141829210699
354	0.5
660	0.0
883	-1.118033988749895
42	-2.157231183269129
830	-1.0
569	0.0
568	-0.2807764064044151
570	0.2192235935955848
46	-2.7938093667084485
888	-0.7807764064044151
45	-1.6374586088176883
72	-1.8414182921069908
952	1.0
808	-0.5
322	-0.6180339887498948
323	0.0
324	0.0
313	-1.350781059358212
326	0.0
327	0.0
325	0.0
201	0.0
202	-0.6180339887498948
205	0.719223593595585
207	-1.0
208	0.2192235935955848
209	1.5
77	-0.5000000000000002
76	-0.5
677	-0.2807764064044151
78	-0.2807764064044151
75	-0.8507810593582124
74	-0.5
486	-1.7320508075688767
48	-1.802775637731995
73	-1.796926978587502
47	-2.816045236674082
1037	1.0
71	-1.618033988749895
879	-1.4142135623730951
417	-1.3732841234978588
69	-3.851331937185929
1042	-1.4142135623730951
1041	0.0
1047	-0.6180339887498948
464	-1.8443057803738216
1046	-0.2807764064044151
1045	1.0
1048	0.0
806	0.0
807	-0.2807764064044151
805	0.0
804	0.2192235935955848
803	1.5
869	0.0
1141	1.5
1140	1.0
155	-1.0
667	0.2192235935955848
666	1.5
824	0.0
1149	1.0
123	-0.7320508075688775
662	0.0
661	0.0
770	0.0
691	-0.7807764064044151
697	-1.5
908	-1.350781059358212
544	1.2192235935955849
54	-1.202023498232214
56	-1.6819749887888762
1112	0.0
539	-1.2807764064044151
480	-1.0
995	-1.5615528128088303
996	-1.0
1010	-1.0
993	0.0
997	0.5
991	-0.9142135623730948
990	1.5
992	0.0
258	-0.6180339887498948
259	-1.0
257	0.0
1001	0.5
119	-0.2807764064044151
122	-1.0
1150	-0.5
124	1.0
766	-0.8507810593582126
1128	-0.5
1127	1.5
530	0.0
415	-1.7807764064044151
418	-0.2807764064044151
1029	0.5
920	-0.1180339887498948
921	1.5
922	-0.1180339887498948
923	1.5
500	-1.850781059358212
318	1.0
311	-0.2807764064044151
310	-3.23606797749979
315	-0.5
833	1.5
836	0.0
835	-0.6180339887498948
834	0.5
725	-1.3860009363293833
726	-0.5
724	-0.6180339887498948
1091	-0.7807764064044151
364	-0.8507810593582126
801	-0.5
363	-0.2807764064044151
362	-0.6180339887498948
360	-0.6180339887498948
359	0.0
1168	0.2192235935955848
1167	1.5
784	0.0
786	1.5
787	0.2192235935955848
788	0.0
781	-0.5000000000000002
898	-0.2807764064044151
897	-0.7807764064044151
1164	-0.6180339887498948
1165	0.2192235935955848
117	-1.0
571	1.5
158	-0.6180339887498948
576	-0.79128784747792
575	-0.8149066358459393
157	2.0
156	-0.7912878474779205
574	1.0
842	-1.7938707252360055
66	-1.0
67	-0.6180339887498948
630	-0.5
256	0.0
255	-1.0
153	-0.5
985	-0.2807764064044151
1023	1.0
730	-0.7807764064044151
733	-0.6180339887498948
734	-0.6180339887498948
1036	0.0
469	-1.0
467	-1.0
636	0.0
635	0.0
637	0.0
466	-1.0
463	1.2192235935955849
51	-2.665403774371
167	-0.1180339887498948
165	0.0
166	1.5
160	-0.5000000000000002
159	-0.2807764064044151
161	-0.2807764064044151
210	-0.5
162	0.0
163	-0.2807764064044151
964	1.5
963	0.2192235935955848
968	-0.5
966	-0.1180339887498948
967	1.5
960	-0.5
959	-1.3860009363293833
961	1.5
962	-0.6180339887498948
826	0.0
825	0.0
1107	1.5
909	1.5
1111	1.5
585	1.5
1090	-0.4999999999999999
878	0.0
877	-0.6180339887498948
873	-0.6180339887498948
872	0.2192235935955848
871	1.5
675	-0.2807764064044151
676	0.0
1074	-1.6045248848607865
1158	1.5
890	-1.2807764064044151
892	-0.6180339887498948
895	-1.2807764064044151
281	-2.8117376914899
899	-0.2807764064044151
473	-0.5000000000000002
672	-0.7807764064044151
487	-0.8507810593582126
357	1.5
358	0.2192235935955848
224	-1.3149066358459396
352	-1.0
567	-0.8507810593582126
802	-0.8507810593582124
223	-1.0
216	-0.5
215	1.5
288	-0.6180339887498948
218	-0.6180339887498948
762	0.0
761	-0.2807764064044151
219	0.0
220	-0.2807764064044151
958	-0.6180339887498948
534	-0.2807764064044151
955	-0.5
1075	1.0
1073	-0.5
1072	1.0
756	-0.6180339887498948
283	1.5
285	-3.23606797749979
286	-0.2807764064044151
847	-3.302775637731995
848	-3.23606797749979
1096	1.5
722	-0.5000000000000002
263	-0.7807764064044151
261	-0.6180339887498948
260	-0.6180339887498948
268	-1.3149066358459396
266	-1.5
754	-0.2807764064044151
55	0.5
52	-1.118033988749895
533	-0.2807764064044151
988	-0.1180339887498948
989	1.5
774	1.5
773	0.2192235935955848
982	0.0
981	0.0
114	-0.6180339887498948
113	-0.2807764064044151
151	-0.7807764064044151
118	-0.6180339887498948
111	-1.5
771	0.0
772	0.0
1166	1.5
152	-0.5000000000000002
308	0.2192235935955848
309	1.5
307	0.0
301	0.0
302	0.0
303	-0.6180339887498948
306	-0.2807764064044151
1115	1.0
751	-0.7807764064044151
564	-1.0
565	-0.2807764064044151
227	-0.6180339887498948
226	-0.6180339887498948
222	-0.5
727	1.5
723	-0.2807764064044151
721	-0.2807764064044151
634	-0.6180339887498948
485	-1.8027756377319943
44	-1.9142135623730951
41	-1.0
1114	1.5
1117	-0.7807764064044151
488	-0.5
484	-0.2807764064044151
483	-0.2807764064044151
481	-0.2807764064044151
472	-0.2807764064044151
471	-0.6180339887498948
476	-0.2807764064044151
