199	200
199	198
619	618
619	1139
593	592
593	559
593	918
294	295
294	293
507	506
507	508
669	68
669	103
669	416
669	397
1145	120
1145	121
1145	1146
344	345
344	343
345	346
346	347
346	445
346	965
347	956
347	348
347	444
340	339
341	854
341	408
341	342
341	350
342	976
342	343
343	334
343	351
810	809
810	710
811	709
811	228
812	587
504	749
504	503
504	737
504	738
504	505
504	910
348	349
816	815
816	817
817	818
595	594
595	596
664	665
664	663
739	740
739	738
739	910
739	752
719	189
719	191
718	236
718	186
717	236
717	736
717	462
716	614
715	177
715	1031
715	714
715	141
426	425
426	427
713	714
713	712
712	424
711	846
711	845
711	377
711	278
711	253
711	728
710	709
618	617
915	916
420	421
420	419
606	605
606	607
423	139
423	173
594	559
1068	470
916	917
1061	1062
911	562
911	912
1063	1062
1063	1064
1065	894
1064	896
1067	468
1067	1066
910	237
910	548
913	914
298	297
298	782
298	783
299	300
299	474
299	314
296	284
297	865
297	284
297	866
195	194
195	196
195	1124
292	280
292	435
292	293
292	291
290	289
290	277
291	284
591	535
591	592
590	367
590	589
900	901
900	477
1083	187
198	197
597	598
597	884
596	13
599	164
194	196
194	1116
194	193
194	192
197	196
197	243
197	242
196	241
196	1153
191	190
191	192
190	543
190	1113
190	189
193	1153
193	192
270	271
270	269
270	760
270	1126
271	272
272	273
273	274
274	275
275	276
276	578
276	246
277	278
277	378
277	284
277	837
278	279
279	280
279	1008
1106	1105
524	525
524	523
525	526
526	527
527	440
520	304
520	521
1019	432
1019	1020
1019	401
522	316
522	521
523	951
523	328
523	439
1014	1015
1014	412
1015	414
1016	429
1016	1017
1017	1018
528	440
528	529
1011	37
1011	1012
1011	1013
1012	65
1025	1024
1025	1026
449	448
449	353
448	973
448	447
443	442
443	337
442	441
442	953
441	440
440	950
440	439
447	446
446	445
445	969
444	336
108	496
108	109
108	107
109	110
109	1079
1135	1136
1135	1134
102	103
102	101
103	104
100	99
100	681
100	633
100	101
100	137
101	398
101	397
106	458
106	693
106	891
106	457
106	107
106	105
107	144
107	1040
107	695
107	674
107	1044
107	673
104	105
105	670
105	671
105	673
902	903
902	629
903	904
39	881
39	875
39	876
39	628
39	40
39	38
39	412
39	413
38	37
906	145
906	905
907	698
907	145
907	1082
904	81
905	112
33	32
33	34
32	31
31	30
30	12
30	29
37	628
37	863
37	36
36	631
36	35
35	392
34	1159
34	14
641	642
640	639
643	642
643	644
643	984
645	644
438	437
438	439
439	950
436	437
436	321
434	280
434	433
434	468
435	312
432	465
432	433
432	431
433	280
433	1020
430	429
430	431
1156	1155
1156	768
1002	1003
1002	998
339	957
339	338
339	531
339	532
338	337
338	954
335	334
335	336
335	870
334	333
337	336
337	954
331	330
331	332
330	329
333	332
1120	1119
1120	1121
744	743
744	745
1026	682
745	563
745	755
854	853
855	390
855	4
856	857
856	168
857	858
850	851
850	849
851	407
851	852
852	853
819	818
819	600
858	229
859	860
859	729
555	282
555	556
6	880
6	7
1162	1163
1000	999
99	98
98	97
1085	1086
1085	1084
91	90
91	92
90	604
90	89
90	798
93	92
93	375
93	374
93	600
95	668
95	94
95	96
97	96
813	814
813	651
814	815
1098	1097
1098	1099
1066	894
740	741
741	550
742	550
559	560
559	12
558	557
558	514
746	563
746	747
747	246
748	465
748	262
748	749
749	750
557	556
551	550
551	265
550	753
550	549
553	554
553	269
553	552
552	267
238	237
238	239
238	1092
239	240
234	1031
234	181
234	233
235	1051
235	236
235	181
236	735
236	720
236	237
236	502
236	501
230	231
230	229
230	400
231	232
232	424
232	401
232	233
233	428
233	427
233	1033
1050	1051
1050	1049
1052	505
1053	509
1054	1055
1055	1056
1056	1057
1057	1058
1058	1059
1059	1060
1	2
614	613
614	615
1099	1100
146	147
146	145
147	148
144	145
144	143
144	1080
144	496
144	497
145	701
142	143
142	141
143	498
143	497
143	893
140	139
140	141
141	459
141	179
141	178
141	687
612	613
612	361
610	609
611	361
616	217
616	615
148	543
148	149
149	115
149	150
1007	1006
1006	377
1005	1004
1004	1003
948	947
948	949
949	792
946	947
946	945
944	943
945	317
942	305
942	943
940	939
940	941
768	769
768	1157
768	767
768	935
689	499
689	688
688	1043
688	459
685	684
685	686
684	683
687	459
687	1030
687	686
686	887
681	136
681	680
680	679
683	692
683	422
683	682
682	399
623	370
623	841
623	624
1103	1104
1103	1102
622	537
133	132
133	678
133	134
132	131
131	130
130	164
130	129
130	372
137	994
137	690
137	136
137	399
137	138
137	171
137	169
136	843
135	134
494	110
494	491
495	110
495	491
138	139
138	864
490	674
490	491
490	489
491	492
492	493
493	110
24	25
24	1110
24	23
25	26
26	27
27	561
27	12
27	28
20	19
20	21
22	885
22	409
22	7
23	1078
23	537
23	7
23	538
23	1109
927	926
28	29
820	587
626	627
626	625
407	319
407	329
406	319
406	405
405	284
404	403
404	284
403	402
403	254
403	1008
402	452
402	401
402	475
401	731
401	732
401	400
401	253
400	171
400	424
933	934
933	211
932	204
931	577
931	204
930	929
937	936
452	453
409	1024
409	862
409	410
408	329
1069	758
1069	896
453	885
453	479
453	478
453	7
1028	874
758	510
758	759
758	757
1018	461
379	380
379	986
378	377
829	983
829	600
829	828
828	827
371	370
370	369
373	164
373	793
373	374
375	832
375	831
375	376
823	18
823	822
376	797
376	796
605	604
708	225
708	707
709	225
709	809
704	705
704	703
705	706
706	707
700	698
700	699
701	702
702	1082
702	545
703	221
393	392
393	65
88	89
88	87
397	396
396	395
395	394
394	64
394	65
394	987
82	83
82	81
83	632
83	84
80	81
80	79
81	542
81	540
81	541
86	1143
86	57
86	154
86	85
84	115
84	116
84	85
85	914
797	798
796	795
795	794
795	844
794	793
1171	212
1171	1172
791	792
791	790
790	789
1170	1169
1170	206
799	800
799	798
7	889
7	454
7	411
7	8
601	600
601	602
607	608
586	587
587	588
1139	536
1138	13
1138	1137
582	583
582	581
583	584
580	1155
580	579
580	566
580	581
581	775
581	928
1133	1132
1133	1134
1132	1142
1132	1131
1131	919
1130	1129
588	589
245	244
245	246
244	243
247	246
247	204
246	203
241	549
241	563
241	240
241	242
240	546
240	1118
240	547
242	1154
249	214
249	250
248	206
972	971
924	925
970	969
639	638
925	926
519	518
519	304
518	517
1009	252
1009	728
511	510
511	512
510	264
513	1095
513	512
512	554
512	759
512	265
515	785
515	514
515	516
517	516
516	1108
458	459
459	694
621	537
621	620
620	479
627	19
625	624
450	451
450	353
629	50
629	53
629	49
628	862
628	482
454	885
454	874
454	881
454	43
455	882
455	43
455	456
456	457
456	70
179	180
179	499
178	177
177	176
177	1030
176	175
175	174
174	173
173	864
173	172
173	424
172	171
171	170
170	169
977	351
976	975
975	974
974	978
1081	696
657	658
1080	1079
654	655
654	653
979	980
182	183
182	181
183	184
180	460
180	181
180	499
180	1032
180	1031
181	1049
181	735
181	499
186	188
186	187
186	185
187	188
184	185
886	693
652	651
188	699
188	546
188	545
188	189
1122	1121
1122	1123
658	659
650	649
650	651
1124	1118
1125	269
1148	1147
602	603
764	763
764	765
1088	1087
1088	1089
11	560
11	10
11	12
10	9
10	561
10	536
13	12
13	14
15	16
17	18
17	2
17	16
19	388
19	18
19	389
863	68
862	1027
865	287
867	868
867	320
866	320
354	353
938	939
659	660
656	655
883	882
883	416
882	42
881	880
881	42
887	693
831	830
885	884
569	568
569	570
928	929
889	46
888	45
888	72
950	952
809	808
322	323
322	321
323	324
320	319
320	321
321	313
326	327
326	325
327	328
324	325
201	200
201	202
203	202
203	577
203	204
205	204
205	206
204	206
207	208
207	206
209	208
779	780
779	778
778	777
77	76
77	677
77	78
76	75
75	74
75	486
74	48
73	47
73	72
73	1037
72	671
72	71
71	70
70	879
70	670
70	417
70	69
79	78
2	3
1042	1041
1042	110
1041	1040
1047	464
1047	1046
1046	503
1045	460
1044	893
1048	508
806	807
806	805
805	804
804	803
868	869
1142	1141
1140	1129
1146	155
1144	62
668	667
667	666
665	824
1149	123
663	662
662	661
661	660
769	770
692	693
692	691
690	421
691	421
696	497
696	697
697	698
694	695
698	908
698	699
698	499
699	545
542	115
542	541
543	544
543	545
540	54
540	56
540	1112
540	539
541	57
541	56
547	548
544	545
8	9
8	561
8	479
8	480
548	549
995	253
995	996
995	1010
995	254
994	993
997	846
996	846
991	633
991	990
993	843
992	633
258	259
258	257
999	998
998	1001
998	377
120	121
120	119
121	122
122	123
122	1150
123	124
125	573
125	126
126	1161
126	127
127	128
128	572
765	766
777	776
1128	918
1128	1127
1010	728
529	530
414	69
414	413
415	69
415	416
416	417
416	670
417	418
410	411
411	412
411	64
411	43
413	876
413	1029
920	921
920	919
498	499
922	923
922	766
418	419
499	500
318	317
313	312
313	314
312	311
311	310
310	284
317	316
316	315
315	314
861	389
139	422
832	833
830	600
497	893
836	837
836	835
834	228
835	228
838	839
839	840
3	4
725	726
725	724
725	1091
725	1116
368	369
369	840
366	367
366	365
367	382
364	801
364	800
364	363
362	363
362	361
360	359
360	361
1168	1167
1168	1169
380	381
381	382
383	384
384	385
385	386
386	387
387	388
389	390
784	785
784	783
786	787
787	788
781	898
781	782
781	897
788	789
1174	1173
860	254
252	253
1164	1165
1164	577
578	766
578	767
150	117
573	572
571	570
577	158
576	575
576	157
576	156
575	1150
575	574
60	59
61	62
62	63
64	842
64	65
65	66
66	67
67	68
68	69
69	630
69	633
250	251
253	254
257	256
254	255
154	155
154	153
603	604
603	985
869	870
884	1023
731	229
730	229
730	729
733	428
733	734
732	429
732	428
735	734
735	462
737	736
509	508
509	265
1033	1031
1036	46
500	501
633	842
469	470
469	468
468	467
636	635
636	637
637	638
465	464
465	466
464	463
464	462
467	259
466	259
461	460
461	462
463	462
901	51
168	167
168	169
164	165
164	844
166	167
160	159
160	161
160	210
161	162
162	163
163	212
964	963
965	968
965	966
966	967
960	959
960	961
962	959
962	963
1129	918
968	969
936	935
826	825
826	827
1107	1108
1104	1105
1102	1101
1100	1101
908	909
1109	1111
584	585
1091	1090
878	877
878	879
876	877
876	42
874	875
874	873
872	873
872	871
675	676
675	489
9	537
9	1074
9	561
1158	1159
890	674
890	47
891	892
892	893
894	262
894	895
647	648
647	646
896	281
896	470
896	895
897	281
898	899
899	473
1087	1086
255	256
672	487
672	671
1152	1151
357	358
356	355
808	224
353	352
352	351
351	350
568	567
802	807
802	801
802	223
800	608
359	358
216	217
216	215
217	288
217	218
214	213
212	211
210	211
762	763
762	761
760	554
760	761
218	219
219	220
957	958
956	534
956	955
1076	1077
1074	1075
1074	1073
1072	598
1073	598
1070	1071
289	288
4	5
281	280
281	756
280	287
283	282
285	284
285	286
284	847
284	848
287	286
1094	1093
1095	1096
1092	722
674	673
1154	563
676	677
671	673
263	262
263	264
262	261
261	260
260	259
267	268
267	266
266	265
265	753
265	264
269	268
268	754
59	58
55	54
55	56
54	53
57	562
57	56
56	912
51	538
51	52
51	43
51	50
50	43
50	49
53	52
536	535
533	534
533	532
532	959
531	530
539	538
538	1110
775	567
988	989
988	987
774	773
982	983
982	981
980	981
987	842
984	985
115	114
114	113
117	151
117	116
117	118
111	110
111	112
113	112
771	770
771	772
119	118
773	772
1165	1166
429	428
919	918
421	422
917	152
425	424
308	309
308	307
300	301
301	302
302	303
303	304
304	305
305	306
306	307
825	824
847	846
821	822
1090	1115
1090	1089
849	848
954	955
1034	1035
1038	1039
753	752
753	508
752	751
752	508
751	506
750	505
757	756
755	754
561	562
563	564
564	565
565	566
566	567
506	505
228	227
227	226
226	225
225	224
224	223
223	222
222	221
221	220
1021	1022
502	503
391	390
726	727
724	723
722	723
722	721
720	721
1160	1161
728	729
151	152
604	634
153	152
155	156
157	156
159	158
609	608
634	635
399	398
959	958
48	47
48	49
49	485
46	47
46	485
46	45
47	486
44	45
44	43
42	43
42	41
40	41
1113	1114
1117	1118
1117	1116
1119	1118
489	488
488	487
487	486
485	484
484	483
483	482
482	481
481	480
472	473
472	471
473	474
470	471
476	477
476	475
477	478
478	479
