199
200
198
619
618
1139
593
592
559
918
294
295
293
507
506
508
669
68
103
416
397
1145
120
121
1146
344
345
343
346
347
445
965
956
348
444
340
339
341
854
408
342
350
976
334
351
810
809
710
811
709
228
812
587
504
749
503
737
738
505
910
349
816
815
817
818
595
594
596
664
665
663
739
740
752
719
189
191
718
236
186
717
736
462
716
614
715
177
1031
714
141
426
425
427
713
712
424
711
846
845
377
278
253
728
617
915
916
420
421
419
606
605
607
423
139
173
1068
470
917
1061
1062
911
562
912
1063
1064
1065
894
896
1067
468
1066
237
548
913
914
298
297
782
783
299
300
474
314
296
284
865
866
195
194
196
1124
292
280
435
291
290
289
277
591
535
590
367
589
900
901
477
1083
187
197
597
598
884
13
599
164
1116
193
192
243
242
241
1153
190
543
1113
270
271
269
760
1126
272
273
274
275
276
578
246
378
837
279
1008
1106
1105
524
525
523
526
527
440
520
304
521
1019
432
1020
401
522
316
951
328
439
1014
1015
412
414
1016
429
1017
1018
528
529
1011
37
1012
1013
65
1025
1024
1026
449
448
353
973
447
443
442
337
441
953
950
446
969
336
108
496
109
107
110
1079
1135
1136
1134
102
101
104
100
99
681
633
137
398
106
458
693
891
457
105
144
1040
695
674
1044
673
670
671
902
903
629
904
39
881
875
876
628
40
38
413
906
145
905
907
698
1082
81
112
33
32
34
31
30
12
29
863
36
631
35
392
1159
14
641
642
640
639
643
644
984
645
438
437
436
321
434
433
312
465
431
430
1156
1155
768
1002
1003
998
957
338
531
532
954
335
870
333
331
330
332
329
1120
1119
1121
744
743
745
682
563
755
853
855
390
4
856
857
168
858
850
851
849
407
852
819
600
229
859
860
729
555
282
556
6
880
7
1162
1163
1000
999
98
97
1085
1086
1084
91
90
92
604
89
798
93
375
374
95
668
94
96
813
814
651
1098
1097
1099
741
550
742
560
558
557
514
746
747
748
262
750
551
265
753
549
553
554
552
267
238
239
1092
240
234
181
233
235
1051
735
720
502
501
230
231
400
232
428
1033
1050
1049
1052
1053
509
1054
1055
1056
1057
1058
1059
1060
1
2
613
615
1100
146
147
148
143
1080
497
701
142
498
893
140
459
179
178
687
612
361
610
609
611
616
217
149
115
150
1007
1006
1005
1004
948
947
949
792
946
945
944
943
317
942
305
940
939
941
769
1157
767
935
689
499
688
1043
685
684
686
683
1030
887
136
680
679
692
422
399
623
370
841
624
1103
1104
1102
622
537
133
132
678
134
131
130
129
372
994
690
138
171
169
843
135
494
491
495
864
490
489
492
493
24
25
1110
23
26
27
561
28
20
19
21
22
885
409
1078
538
1109
927
926
820
626
627
625
319
406
405
404
403
402
254
452
475
731
732
933
934
211
932
204
931
577
930
929
937
936
453
862
410
1069
758
479
478
1028
874
510
759
757
461
379
380
986
829
983
828
827
371
369
373
793
832
831
376
823
18
822
797
796
708
225
707
704
705
703
706
700
699
702
545
221
393
88
87
396
395
394
64
987
82
83
632
84
80
79
542
540
541
86
1143
57
154
85
116
795
794
844
1171
212
1172
791
790
789
1170
1169
206
799
800
889
454
411
8
601
602
608
586
588
536
1138
1137
582
583
581
584
580
579
566
775
928
1133
1132
1142
1131
919
1130
1129
245
244
247
203
546
1118
547
1154
249
214
250
248
972
971
924
925
970
638
519
518
517
1009
252
511
512
264
513
1095
515
785
516
1108
694
621
620
450
451
50
53
49
482
43
455
882
456
70
180
176
175
174
172
170
977
975
974
978
1081
696
657
658
654
655
653
979
980
182
183
184
460
1032
188
185
886
652
1122
1123
659
650
649
1125
1148
1147
603
764
763
765
1088
1087
1089
11
10
9
15
16
17
388
389
1027
287
867
868
320
354
938
660
656
883
42
830
569
568
570
46
888
45
72
952
808
322
323
324
313
326
327
325
201
202
205
207
208
209
779
780
778
777
77
76
677
78
75
74
486
48
73
47
1037
71
879
417
69
3
1042
1041
1047
464
1046
1045
1048
806
807
805
804
803
869
1141
1140
155
1144
62
667
666
824
1149
123
662
661
770
691
697
908
544
54
56
1112
539
480
995
996
1010
993
997
991
990
992
258
259
257
1001
119
122
1150
124
125
573
126
1161
127
128
572
766
776
1128
1127
530
415
418
1029
920
921
922
923
500
318
311
310
315
861
833
836
835
834
838
839
840
725
726
724
1091
368
366
365
382
364
801
363
362
360
359
1168
1167
381
383
384
385
386
387
784
786
787
788
781
898
897
1174
1173
1164
1165
117
571
158
576
575
157
156
574
60
59
61
63
842
66
67
630
251
256
255
153
985
1023
730
733
734
1036
469
467
636
635
637
466
463
51
167
165
166
160
159
161
210
162
163
964
963
968
966
967
960
959
961
962
826
825
1107
1101
909
1111
585
1090
878
877
873
872
871
675
676
1074
1158
890
892
895
647
648
646
281
899
473
672
487
1152
1151
357
358
356
355
224
352
567
802
223
216
215
288
218
213
762
761
219
220
958
534
955
1076
1077
1075
1073
1072
1070
1071
5
756
283
285
286
847
848
1094
1093
1096
722
263
261
260
268
266
754
58
55
52
533
988
989
774
773
982
981
114
113
151
118
111
771
772
1166
152
308
309
307
301
302
303
306
821
1115
1034
1035
1038
1039
751
564
565
227
226
222
1021
1022
391
727
723
721
1160
634
485
44
41
1114
1117
488
484
483
481
472
471
476
