24	1.4138322992648853e-07
25	1.4138322992648853e-07
26	1.4138322992648853e-07
27	1.4138322992648853e-07
20	0.004259187506040821
19	0.004259187506040821
21	0.004259187506040821
16	0.04380276924118332
22	0.02456544331955989
13	0.24892107408412312
17	0.028304505535275814
23	0.02456544331955989
1	0.2653522587154853
11	0.28004568734396307
10	0.26642597335232976
12	0.2800456873439631
14	0.22474605221495436
3	0.2800456873439631
2	0.2800456873439631
5	0.06486578414654293
4	0.26619158664733805
7	0.2600723201353984
6	0.26312878119060173
9	0.2800456873439631
8	0.26535225871548535
15	0.2600723201353983
18	0.005869657907926665
