1	3	15.819708
3	4	15.222097
3	5	12.778138
3	6	11.954387
3	7	13.336669
3	9	15.596067
3	11	14.903300
3	13	13.568066
3	14	16.348750
3	15	9.752284
3	19	13.657688
3	20	13.970373
3	23	14.278256
3	27	12.475051
3	28	10.159408
3	29	13.059055
3	31	12.312241
3	34	15.344858
3	36	14.290096
3	39	8.630564
3	43	14.195611
3	44	16.133853
3	45	12.062248
3	47	16.405773
3	48	14.961169
3	49	14.105971
3	50	12.764070
3	51	8.728482
3	53	14.359124
3	54	13.986416
3	56	11.087249
3	58	13.780559
3	59	15.561231
3	60	15.895472
3	61	12.306414
3	62	15.706233
3	65	11.339658
3	66	15.357682
3	67	15.776996
3	69	16.493817
3	72	12.788505
3	73	13.535460
3	76	13.409263
3	80	15.955932
3	84	15.030287
3	85	14.051370
3	87	15.633362
3	90	15.649533
3	91	12.948164
3	92	16.497488
3	93	15.066981
3	95	14.888600
3	96	14.286165
3	98	15.523301
3	99	6.432032
3	100	15.631896
3	102	15.333898
3	104	14.696696
3	107	8.370171
3	110	16.594870
3	111	13.258921
3	112	13.202145
3	113	16.461565
3	115	11.183027
3	117	16.039240
3	118	16.443511
3	120	12.430997
3	121	8.936198
3	122	9.325853
3	123	9.776571
3	124	13.795040
3	126	15.373588
3	127	16.288830
3	129	12.443998
3	130	14.047160
3	134	9.660264
3	136	14.175680
3	138	14.821882
3	142	12.699967
3	143	10.972826
3	144	13.383330
3	145	11.501932
3	146	12.814602
3	147	13.961456
3	148	15.930293
3	150	7.866118
3	151	11.385473
3	153	15.492930
3	154	13.415585
3	155	13.843927
3	156	16.005821
3	157	14.272110
3	159	16.542637
3	161	13.783460
3	162	15.192733
3	163	16.534312
3	165	13.488535
3	166	9.245043
3	167	11.296268
3	171	14.524692
3	172	16.573749
3	173	15.506531
3	175	15.414069
3	178	13.940480
3	179	11.867923
3	180	14.618390
3	181	15.675098
3	182	13.479356
3	183	16.029730
3	184	11.272382
3	185	13.906939
3	186	16.162145
3	187	14.235742
3	191	13.982729
3	192	11.782526
3	195	16.404501
3	197	8.289618
3	198	14.205609
3	202	15.432124
3	205	14.750642
3	206	15.155395
3	207	15.602794
3	212	16.531769
3	213	13.176882
3	214	12.464615
3	215	13.085348
3	216	15.250015
3	217	9.173120
3	220	8.499572
3	221	13.126187
3	222	14.583559
3	223	13.406627
3	225	14.498936
3	228	16.353464
3	229	16.272003
3	234	14.091535
3	235	16.025780
3	237	9.773591
3	238	15.563282
3	239	14.944943
3	241	14.303959
3	244	13.218072
3	246	15.622569
3	247	10.784027
3	248	14.870751
3	251	4.909577
3	253	14.665088
3	254	16.545610
3	255	15.591552
3	256	16.228902
3	259	14.541286
3	261	16.024537
3	262	16.300881
3	266	14.360191
3	268	15.073939
3	269	14.689505
3	270	14.832108
3	272	14.301633
3	274	14.911945
3	277	13.395640
3	278	14.911793
3	279	14.470291
3	280	16.155410
3	284	13.997559
3	285	13.884904
3	288	16.159378
3	289	15.483471
3	290	15.984195
3	292	16.090413
3	293	15.472980
3	296	11.938536
3	298	11.559813
3	299	16.569913
3	300	13.220951
3	302	16.332775
3	304	15.474932
3	305	13.179619
3	306	15.841717
3	307	14.632774
3	308	14.344133
3	310	14.269327
3	313	13.892369
3	314	12.357578
3	315	13.489750
3	316	15.263118
3	317	15.980606
3	318	13.666109
3	319	14.227100
3	320	16.281574
3	321	14.842960
3	323	13.742108
3	324	12.951284
3	326	15.127115
3	327	12.847058
3	329	15.379930
3	331	13.829027
3	332	16.025373
3	333	13.596888
3	336	9.079058
3	337	14.441279
3	338	16.327162
3	340	15.379094
3	342	16.499473
3	345	11.979452
3	350	10.285073
3	353	13.949515
3	354	13.894076
3	356	15.036800
3	359	16.114759
3	361	15.140144
3	362	12.791330
3	366	15.700254
3	370	12.769134
3	371	15.292485
3	372	9.667813
3	373	13.241894
3	375	9.690521
3	380	13.998550
3	382	15.537981
3	384	13.449351
3	385	13.819909
3	386	14.295969
3	388	15.037226
3	389	11.851508
3	391	14.006093
3	393	14.351427
3	394	9.439980
3	395	15.554760
3	396	16.258412
3	400	15.378372
3	403	10.119842
3	404	15.909670
3	406	16.490941
3	407	13.787741
3	408	14.403030
3	409	11.767715
3	410	14.974106
3	411	12.911280
3	412	15.692848
3	416	15.264946
3	420	15.678387
3	421	13.274347
3	422	11.889093
3	423	9.286847
3	424	11.547188
3	426	12.331171
3	427	10.787147
3	429	14.827797
3	431	15.940553
3	434	15.105791
3	438	10.544574
3	439	16.093718
3	440	12.991733
3	442	8.073919
3	443	15.359652
3	444	5.181356
3	449	12.747673
3	450	13.262286
3	451	13.981194
3	456	15.994831
3	459	14.191281
3	460	13.289419
3	461	13.242937
3	463	13.538091
3	464	14.313065
3	466	14.290919
3	468	14.577386
3	470	14.845598
3	471	16.409349
3	472	15.416710
3	473	14.934513
3	474	15.271866
3	476	9.719565
3	479	9.405467
3	480	15.337220
3	481	15.126126
3	484	15.878924
3	485	15.738662
3	487	14.180727
3	488	8.733059
3	489	15.503212
3	490	14.910874
3	493	14.893766
3	494	14.735732
3	495	14.621612
3	500	13.639616
3	501	11.856837
3	502	13.709671
3	503	14.283329
3	504	13.884957
3	505	15.599151
3	506	15.710677
3	507	16.192300
3	508	13.368094
3	509	15.889659
3	510	14.533622
3	512	14.591099
3	513	10.910219
3	514	13.656068
3	515	15.777888
3	517	15.288098
3	518	13.417141
3	520	16.590219
3	522	15.556930
3	526	10.413658
3	527	11.868491
3	528	11.151782
3	529	15.732642
3	530	14.686903
3	532	14.028105
3	534	16.072662
3	535	16.211449
3	537	15.798089
3	538	15.167973
3	539	9.589832
3	540	15.066864
3	541	15.186867
3	545	12.689716
3	546	7.585695
3	548	15.316398
3	549	16.566438
3	550	13.733295
3	552	15.314277
3	553	16.053235
3	555	12.436957
3	556	14.287380
3	560	12.636350
3	561	10.166653
3	562	16.098548
3	564	9.503002
3	568	16.418179
3	570	6.154641
3	571	15.202939
3	576	15.520189
3	577	14.130489
3	580	14.530385
3	581	16.301591
3	582	13.349304
3	583	16.032070
3	584	14.447154
3	588	14.528776
3	589	14.239243
3	591	15.210379
3	592	15.981960
3	593	16.007684
3	594	13.586064
3	595	13.761959
3	596	13.398918
3	597	12.907125
3	599	9.363075
3	600	13.178064
3	603	11.564346
3	604	14.114464
3	605	13.778684
3	608	15.419287
3	609	14.383867
3	612	16.437888
3	613	15.912597
3	614	15.125139
3	615	12.555707
3	617	13.048958
3	618	14.331054
3	621	12.822216
3	623	13.272565
3	626	14.289733
3	631	14.168342
3	633	16.487005
3	634	15.708199
3	636	11.614269
3	638	13.467855
3	639	14.742275
3	640	14.196744
3	641	11.555648
3	646	12.559319
3	647	13.947912
3	648	12.310455
3	650	14.235718
3	651	15.325307
3	652	13.065582
3	654	12.802690
3	656	14.186726
3	658	11.523320
3	659	16.121775
3	660	13.511762
3	663	12.830187
3	665	13.792297
3	668	13.156029
3	670	10.104145
3	674	16.052155
3	677	14.153136
3	678	5.533887
3	680	16.302025
3	683	15.914082
3	685	14.751549
3	686	16.077361
3	689	14.802452
3	690	15.880768
3	691	6.297904
3	694	13.964014
3	695	12.372533
3	696	13.647299
3	697	15.028541
3	698	16.350554
3	699	15.381121
3	700	14.105961
3	701	12.642407
3	702	14.469584
3	704	14.354384
3	706	14.977790
3	709	14.539719
3	710	15.832567
3	711	13.632278
3	712	15.845201
3	713	14.390599
3	718	15.031120
3	720	12.546028
3	721	14.922536
3	722	16.407377
3	725	16.058311
3	728	11.723513
3	731	15.282537
3	732	13.322554
3	734	14.798292
3	736	16.204088
3	739	16.246043
3	740	7.615714
3	742	11.497995
3	743	14.463896
3	745	7.234467
3	746	16.208286
3	749	14.611556
3	752	13.347354
3	755	15.193815
3	758	15.839707
3	759	14.843168
3	761	14.114550
3	763	14.161397
3	764	12.365851
3	765	12.726673
3	766	8.878566
3	767	15.928829
3	768	15.472966
3	769	16.152342
3	770	15.248731
3	772	15.876105
3	774	14.796646
3	776	13.166167
3	777	14.375353
3	778	14.077494
3	779	15.615445
3	780	14.480463
3	782	16.547224
3	783	14.320487
3	786	14.667500
3	789	13.942750
3	791	14.942038
3	793	14.394116
3	794	15.880800
3	795	13.992080
3	797	14.159608
3	799	15.165391
3	802	14.151038
3	803	15.543309
3	807	14.188621
3	810	13.651841
3	811	8.087956
3	816	13.992029
3	817	15.005736
3	818	13.022921
3	819	15.932676
3	822	13.864465
3	824	13.856798
3	826	14.620282
3	828	10.916037
3	829	15.678596
3	832	15.731399
3	833	13.328345
3	834	13.495483
3	835	15.266231
3	837	14.259888
3	838	15.901689
3	839	14.962647
3	841	13.379125
3	842	15.107637
3	843	14.631028
3	847	15.616286
3	848	13.260178
3	850	14.174006
3	854	12.442900
3	855	15.107073
3	858	15.739877
3	859	13.006311
3	862	15.884582
3	864	15.577638
3	869	11.353897
3	870	16.583937
3	871	10.727218
3	872	14.333324
3	874	12.139682
3	876	11.612296
3	877	14.451040
3	878	11.512983
3	879	15.904691
3	880	15.793537
3	881	14.655955
3	882	13.280024
3	884	14.446937
3	888	9.494201
3	889	15.733640
3	890	14.506366
3	891	13.671420
3	892	15.840656
3	893	14.675095
3	900	14.538929
3	901	13.923646
3	903	11.614814
3	905	15.429093
3	906	15.322291
3	908	11.631551
3	910	10.584940
3	911	15.496528
3	912	13.196580
3	914	16.558608
3	918	16.102453
3	920	15.332937
3	921	12.902085
3	923	12.868257
3	924	15.962387
3	925	15.172015
3	929	14.829076
3	930	14.011259
3	931	11.991129
3	932	15.554524
3	933	10.470108
3	934	14.231481
3	937	12.188267
3	938	15.804959
3	939	15.230418
3	941	13.796282
3	942	12.426244
3	943	14.764652
3	945	13.299214
3	947	14.442355
3	948	13.993000
3	949	8.588902
3	950	14.784081
3	951	15.537829
3	953	11.665924
3	954	12.972588
3	955	8.522688
3	956	12.385791
3	958	15.481091
3	959	14.530015
3	960	15.463416
3	961	16.592103
3	963	16.795681
3	965	10.872643
3	966	11.920032
3	967	15.142027
3	968	15.202086
3	973	14.985985
3	974	16.334456
3	975	13.878898
3	976	14.107535
3	977	14.875781
3	978	15.438070
3	979	13.765249
3	981	13.815013
3	982	11.883318
3	983	16.319142
3	984	13.730460
3	985	14.763948
3	986	15.477874
3	988	11.549197
3	989	16.332518
3	992	14.259307
3	995	15.436647
3	997	14.388767
3	999	15.293164
3	1000	16.096472
4	251	12.643774
5	251	11.855864
5	298	1.221091
5	444	7.673320
5	828	1.865223
6	121	3.058904
6	251	10.665692
6	560	0.688294
6	789	2.006001
6	949	3.403062
6	976	2.171642
7	413	2.921006
7	949	4.804260
8	728	3.253211
9	251	13.167070
10	251	13.772614
11	375	5.238055
11	711	1.275304
12	50	3.321972
15	61	2.627782
15	99	4.662581
15	123	0.167942
15	171	4.889276
15	224	6.761357
15	251	8.099557
15	372	0.086779
15	442	1.980464
15	444	4.605082
15	619	5.501964
15	660	3.859782
15	691	4.393962
15	740	2.507382
16	251	14.212048
17	217	5.915178
17	409	3.263902
19	157	0.660956
19	251	11.092841
19	725	2.557478
20	99	8.362982
20	251	11.785114
20	516	1.839654
23	570	8.123996
23	678	8.747418
25	251	14.744618
26	251	14.787715
27	99	6.683397
27	251	10.085548
27	942	0.049122
28	107	1.795461
28	251	9.312626
28	277	3.245777
28	384	3.298815
28	444	5.026830
28	513	0.752505
28	596	3.249574
28	811	2.073251
29	251	12.538637
29	495	1.563362
29	678	7.525505
29	854	0.616313
31	251	10.515245
31	442	4.474009
31	740	5.001087
35	444	10.767903
36	479	4.884897
37	99	10.847614
39	51	0.330847
39	99	5.881626
39	148	7.309431
39	150	0.956393
39	167	2.672465
39	212	7.911027
39	237	5.781167
39	247	2.153658
39	251	8.759742
39	345	3.359352
39	444	3.844275
39	488	5.566970
39	539	5.981374
39	546	1.135712
39	564	5.957080
39	570	2.497075
39	588	5.906925
39	678	3.102261
39	683	7.292438
39	691	5.452330
39	745	1.421370
39	793	5.770905
39	822	5.241219
39	982	3.263247
43	360	2.522795
45	51	3.333961
45	154	1.353934
45	251	11.597850
45	302	4.271779
45	570	5.907738
45	641	0.506610
45	678	6.529225
46	220	6.770017
47	678	10.875468
48	251	12.560269
48	488	6.861489
49	546	6.521031
49	570	7.953536
50	251	11.140688
50	781	2.280059
50	785	3.173889
51	99	5.713196
51	122	0.619178
51	150	0.905564
51	214	3.736853
51	251	8.670925
51	289	6.756936
51	406	7.764487
51	434	6.379519
51	444	3.837334
51	449	4.019913
51	528	2.423351
51	546	1.152765
51	570	2.574524
51	639	6.015469
51	641	2.827422
51	678	3.195275
51	691	5.291964
51	745	1.594680
51	746	7.482042
51	888	0.767172
52	145	5.440737
52	251	14.237229
53	251	11.906855
54	161	0.203449
54	285	0.101755
54	444	8.854007
54	930	0.025063
55	350	5.300581
55	424	3.989914
55	953	3.868296
56	251	9.346963
56	403	0.998821
56	442	3.264024
56	691	5.657575
56	740	3.793203
56	764	1.321489
56	818	1.989920
57	740	8.524397
58	237	4.472938
58	251	11.185970
58	427	3.319005
59	663	2.735938
61	251	10.660927
61	372	2.714504
62	235	0.337723
62	237	6.546326
62	251	13.255520
62	703	0.787315
62	719	0.920732
63	597	3.165367
65	99	5.612507
65	179	0.565720
65	251	9.043968
65	296	0.622988
65	691	5.471424
65	885	5.529252
65	908	0.310264
68	251	13.689287
70	251	13.942048
72	251	11.352127
72	644	2.699777
73	251	11.068926
73	324	0.622858
73	488	5.370894
73	652	0.506838
73	761	0.615812
73	933	3.365798
76	166	4.357193
76	251	11.490589
76	438	2.984366
77	410	1.543465
82	464	1.716400
84	99	9.494397
84	179	3.316226
84	251	12.919730
85	184	2.797182
85	502	0.343461
85	696	0.406207
87	251	13.312328
87	626	1.416722
88	745	9.327951
90	154	2.234541
91	99	7.272512
91	251	10.692848
93	917	0.907825
94	251	13.921507
96	99	8.721648
96	179	2.543454
96	251	12.148114
97	99	11.396371
97	540	1.878761
97	817	1.942357
99	105	11.407863
99	107	4.591712
99	112	7.630334
99	121	4.458302
99	122	6.017637
99	123	4.776022
99	134	3.660983
99	145	5.459372
99	146	7.141818
99	150	4.955249
99	165	7.896055
99	166	3.723906
99	169	10.599297
99	179	6.178220
99	192	6.173116
99	197	3.767842
99	217	4.401386
99	220	3.736303
99	237	3.479347
99	251	3.460519
99	296	6.233589
99	336	4.951864
99	350	5.019066
99	356	9.473550
99	372	4.581520
99	389	5.911417
99	403	4.922753
99	411	7.174862
99	421	7.721136
99	423	3.665088
99	427	4.595138
99	436	9.779474
99	438	5.072945
99	440	7.460763
99	442	2.695609
99	444	3.093136
99	445	11.499522
99	468	8.958318
99	470	9.286507
99	479	5.919635
99	488	2.412986
99	516	10.202627
99	524	11.392472
99	526	4.767293
99	539	3.233666
99	540	9.517610
99	546	4.892863
99	561	4.100588
99	564	3.145113
99	570	4.353937
99	599	5.714473
99	616	11.551071
99	636	5.846292
99	648	6.471364
99	654	7.124954
99	658	5.475986
99	670	3.893013
99	678	4.312978
99	691	0.453361
99	728	6.255254
99	740	2.189231
99	745	5.269702
99	766	3.123501
99	811	4.457002
99	817	9.454014
99	834	7.803353
99	836	11.333315
99	876	5.596943
99	878	6.050241
99	885	11.141681
99	888	6.223476
99	903	5.482630
99	908	5.922720
99	910	4.675816
99	931	6.343578
99	933	4.363352
99	940	11.095350
99	942	6.638589
99	944	11.145931
99	949	4.200396
99	955	4.358244
99	957	10.743923
99	965	5.158393
99	966	6.298997
99	987	10.314467
100	143	4.659438
102	745	8.118928
103	691	11.203260
103	766	8.259822
104	220	6.318053
104	859	1.711630
105	179	5.229760
106	267	0.146623
107	251	7.714178
107	266	6.011554
107	277	5.041147
107	336	0.731026
107	375	1.327206
107	382	7.189198
107	384	5.094231
107	444	3.232154
107	476	1.351841
107	484	7.531674
107	513	2.547956
107	570	2.403452
107	596	5.044908
107	663	4.479916
107	668	4.806416
107	678	3.008342
107	691	4.191044
107	811	0.287504
107	950	6.434174
107	955	0.471291
107	975	5.529925
108	251	14.863831
111	220	4.860972
112	251	11.064703
112	691	7.477634
112	965	2.472248
114	705	0.841866
115	251	10.379877
115	444	6.080871
115	811	3.120496
115	828	0.272148
120	251	11.687200
121	197	0.727196
121	200	7.715702
121	220	0.731714
121	251	7.773964
121	337	5.569260
121	444	3.754923
121	501	2.951765
121	512	5.715528
121	560	3.747198
121	678	3.769362
121	691	4.110963
121	789	5.064902
121	934	5.353345
121	949	0.347595
121	955	0.493908
121	976	5.230546
122	150	1.465605
122	221	3.800489
122	251	9.092617
122	443	6.034099
122	444	4.370860
122	520	7.264780
122	546	1.740164
122	570	3.172109
122	678	3.797124
122	745	2.213335
122	871	1.402368
122	874	2.813830
122	888	0.207379
123	174	5.184459
123	220	1.279785
123	251	8.203967
123	330	6.269651
123	372	0.214910
123	444	4.616180
123	447	6.662045
123	691	4.497285
123	740	2.608005
123	849	5.770465
124	505	1.804215
124	570	7.641213
124	678	8.265224
124	874	1.655558
125	444	11.202892
128	444	11.160500
129	251	11.547197
129	444	7.340374
129	828	1.531521
130	570	7.892834
130	678	8.516165
134	168	6.505992
134	251	7.069435
134	294	6.419313
134	411	3.517525
134	444	4.882468
134	488	1.457546
134	561	0.515430
134	575	7.157535
134	627	6.929065
134	636	2.197291
134	678	5.502764
134	691	3.563414
134	729	6.834775
134	834	4.147551
134	852	7.151294
134	910	1.016089
134	942	2.979030
135	444	11.059828
136	251	12.132579
136	691	8.533159
138	197	6.628122
139	873	1.428123
140	197	7.938890
141	197	7.348987
142	251	11.475470
142	426	0.370738
143	150	3.109100
143	155	2.871433
143	251	10.401628
143	444	5.933960
143	479	1.567852
143	570	4.828499
143	678	5.456392
143	767	4.956366
144	251	10.801390
144	670	3.615366
145	176	5.627602
145	237	2.106485
145	251	8.798482
145	488	3.099146
145	600	1.820221
145	658	0.025791
145	670	1.617169
145	779	4.425952
145	876	0.158412
145	933	1.097954
146	251	10.564165
146	282	4.255809
146	654	0.021377
147	442	6.132753
147	740	6.658046
148	588	1.402510
149	438	5.421671
150	178	6.074364
150	234	6.225453
150	251	7.804138
150	272	6.435516
150	404	8.043553
150	444	2.931774
150	479	1.541405
150	500	5.773518
150	539	5.345488
150	546	0.302695
150	555	4.571056
150	564	5.310690
150	570	1.720479
150	599	1.529724
150	678	2.349296
150	691	4.520014
150	701	4.776479
150	720	4.679983
150	721	7.056417
150	732	5.456448
150	745	1.004240
150	765	4.860583
150	811	0.811961
150	871	2.862574
150	888	1.646183
151	205	3.376086
151	251	10.393535
151	444	6.246137
151	476	1.683531
151	813	5.131799
152	426	4.285653
153	444	10.373707
154	251	12.831814
154	678	7.882928
157	251	11.753179
157	725	1.896526
161	285	0.101694
161	444	8.650561
161	930	0.228467
162	394	5.757145
163	539	7.684835
164	251	14.634281
164	488	8.936434
164	761	2.949765
165	251	11.324913
165	347	3.000762
166	251	7.183406
166	386	5.278372
166	423	0.183451
166	438	1.372929
166	442	1.183818
166	444	4.244483
166	464	5.294475
166	478	7.724162
166	673	6.138843
166	678	4.695415
166	691	3.506805
166	728	2.579819
166	740	1.690871
166	766	0.656297
166	775	7.086637
166	863	6.258239
166	878	2.368768
166	909	6.634638
167	251	11.002022
167	570	5.145940
167	678	5.762700
167	704	3.061133
167	745	4.089968
168	251	13.571305
168	910	5.489991
171	271	0.470014
171	372	4.975994
171	660	1.029515
172	570	10.420493
176	251	14.423995
179	251	9.608819
179	524	5.214354
179	691	6.035359
179	908	0.255659
182	185	0.427621
182	251	12.841615
182	570	7.325144
182	678	7.948711
182	695	1.107017
182	973	1.506805
184	213	1.919165
184	251	10.116091
184	444	6.107381
184	502	2.453722
184	696	2.390975
184	955	2.766572
185	570	7.752757
185	678	8.376327
185	695	1.534635
186	479	6.756925
187	251	11.730943
187	670	4.546590
189	251	13.719892
192	198	2.532118
192	251	9.615646
192	691	6.014308
192	766	3.071513
197	217	0.883519
197	220	0.319662
197	231	6.968661
197	251	7.052931
197	314	4.126935
197	444	3.120597
197	501	3.654722
197	570	2.790897
197	577	5.934358
197	678	3.303871
197	685	6.560084
197	691	3.405859
197	740	1.643181
197	747	8.223065
197	820	7.806646
197	949	0.432615
197	954	4.763818
197	955	0.629771
197	956	4.178092
197	997	6.191133
198	251	12.139166
198	691	8.545962
202	394	5.996816
203	745	9.223230
203	847	0.821886
204	251	14.125785
204	670	6.943351
205	444	9.622024
211	442	7.250608
213	226	3.372885
214	251	11.949770
214	449	0.283068
214	570	6.309981
214	641	0.909802
214	678	6.932086
215	251	11.061088
215	691	7.444023
215	840	2.604893
216	745	8.036074
217	220	0.717746
217	251	7.780269
217	370	3.666014
217	409	2.651307
217	414	6.940218
217	444	4.002720
217	550	4.637645
217	574	6.798598
217	678	4.115422
217	691	4.084836
217	923	3.763787
220	251	7.082559
220	307	6.249211
220	315	5.087083
220	372	1.171619
220	409	3.366005
220	442	1.128976
220	444	3.351500
220	570	3.098914
220	609	5.998690
220	638	5.079580
220	678	3.599795
220	691	3.400116
220	740	1.561540
220	859	4.606422
220	869	2.907655
220	923	4.477756
220	949	0.568662
220	971	7.142608
221	251	12.491903
221	546	5.540550
221	570	6.972534
221	678	7.596791
222	397	0.274907
223	251	10.946013
223	488	5.248747
224	372	6.848084
225	300	1.280973
225	444	9.374970
225	466	0.208531
227	251	13.927336
227	488	8.229194
227	933	6.223995
235	237	6.884045
235	251	13.593016
235	719	0.583010
236	353	1.671150
236	375	5.952045
237	251	6.720512
237	427	1.154490
237	444	5.295593
237	488	1.066618
237	494	5.516854
237	506	6.544032
237	532	4.743185
237	539	0.374057
237	564	0.436082
237	570	5.740548
237	658	2.117207
237	670	0.503186
237	678	6.073708
237	691	3.501684
237	745	6.019577
237	778	4.797404
237	872	5.086777
237	903	2.051409
237	933	1.063267
240	251	14.580579
240	561	7.110410
241	828	3.393218
242	910	6.704773
246	333	2.026849
247	251	10.619824
247	284	3.219029
247	539	6.678274
247	678	5.253390
247	745	3.564390
251	259	12.547051
251	264	14.291190
251	284	13.496685
251	287	13.730426
251	294	13.484987
251	296	9.660812
251	298	10.708105
251	301	14.591678
251	305	11.562363
251	306	13.487390
251	308	12.027294
251	309	13.963074
251	314	10.946012
251	319	12.281914
251	324	10.446070
251	325	13.693485
251	327	12.007147
251	331	11.167745
251	333	13.057236
251	334	13.699838
251	336	8.203377
251	345	11.589722
251	350	8.475412
251	356	12.894386
251	361	12.618719
251	362	11.569563
251	369	13.730364
251	370	11.308276
251	371	12.942326
251	372	8.016594
251	373	11.495473
251	374	14.424950
251	375	8.752267
251	380	11.675123
251	387	14.437587
251	389	9.282198
251	391	11.940567
251	394	8.880735
251	399	13.668424
251	403	8.373821
251	408	12.416593
251	409	10.324548
251	411	10.583554
251	416	12.868556
251	418	13.318875
251	421	11.157401
251	422	10.057776
251	423	7.125450
251	424	9.762534
251	426	11.121330
251	427	7.873871
251	430	14.426362
251	436	13.199866
251	438	8.532824
251	440	10.902001
251	442	6.119791
251	444	5.086681
251	446	14.810419
251	449	12.209752
251	450	11.426845
251	451	11.664788
251	454	14.988319
251	461	10.762097
251	462	14.593588
251	463	11.173533
251	468	12.372963
251	470	12.709486
251	472	13.006149
251	475	14.883185
251	476	8.806440
251	479	9.043092
251	481	12.767921
251	482	14.706174
251	485	13.424710
251	488	5.699535
251	490	12.679668
251	491	13.691550
251	494	12.226618
251	496	14.867813
251	501	10.544466
251	504	11.521562
251	506	13.254049
251	510	12.158421
251	513	10.000695
251	514	13.104149
251	516	13.622905
251	518	11.658278
251	519	13.892188
251	526	8.219399
251	527	11.112353
251	528	10.796213
251	529	13.419733
251	532	11.455520
251	539	6.406993
251	540	12.940544
251	545	11.567987
251	546	7.649015
251	548	12.754731
251	554	13.472481
251	555	11.773560
251	556	13.760129
251	558	14.219129
251	560	11.328217
251	561	7.470209
251	562	13.703404
251	564	6.322012
251	569	14.134637
251	570	6.619230
251	575	14.222811
251	578	13.856421
251	589	11.924153
251	591	12.676527
251	597	11.359855
251	599	8.874326
251	600	10.618397
251	603	10.899114
251	604	12.138758
251	615	11.301418
251	618	11.824289
251	623	12.761548
251	625	14.446387
251	626	11.895644
251	627	13.994394
251	630	13.982631
251	634	13.305171
251	636	9.266549
251	641	11.135050
251	642	14.808861
251	646	11.734691
251	647	11.890260
251	648	9.864073
251	651	12.950973
251	652	10.562306
251	654	10.546551
251	656	11.570451
251	658	8.812360
251	663	11.844370
251	666	14.458202
251	667	14.363327
251	670	7.187678
251	678	6.269344
251	681	14.377788
251	691	3.706693
251	695	11.825263
251	697	12.618001
251	701	12.005693
251	712	13.489067
251	720	11.908814
251	723	14.005202
251	725	13.648550
251	728	9.710400
251	729	13.900157
251	732	12.620040
251	734	12.264532
251	736	13.786418
251	737	14.903582
251	740	5.596172
251	742	11.119785
251	744	14.897845
251	745	7.774800
251	749	12.282342
251	752	10.997470
251	761	11.684727
251	764	10.648729
251	765	12.054307
251	766	6.582431
251	771	14.543590
251	776	12.439200
251	778	11.509556
251	779	13.222794
251	780	12.167601
251	798	13.791617
251	802	11.635718
251	808	14.022809
251	810	13.111003
251	811	7.517544
251	816	11.523657
251	817	12.876996
251	818	11.303850
251	822	13.337796
251	828	10.117174
251	833	11.630292
251	834	11.214384
251	837	11.646064
251	838	13.476323
251	841	11.436770
251	842	12.868155
251	843	12.330331
251	848	11.197388
251	851	14.706104
251	852	14.216438
251	854	11.974878
251	859	11.511698
251	862	13.497447
251	869	9.831454
251	871	10.294629
251	872	11.796885
251	874	11.596951
251	876	8.944921
251	878	9.506752
251	882	12.869353
251	888	9.299157
251	891	13.213561
251	892	13.355091
251	896	13.015413
251	898	13.827154
251	903	8.771542
251	906	13.055252
251	908	9.353237
251	910	8.083848
251	916	13.422592
251	922	13.042273
251	923	11.399849
251	928	13.729986
251	931	9.779065
251	932	13.265030
251	933	7.704352
251	937	11.328790
251	941	11.151267
251	942	10.042416
251	948	12.004943
251	949	7.477922
251	951	13.088376
251	953	9.881489
251	955	7.582725
251	956	11.033472
251	958	13.189626
251	965	8.598024
251	966	9.738765
251	968	12.904762
251	970	13.588314
251	977	12.806729
251	980	14.212120
251	981	11.144915
251	982	11.503103
251	987	13.732918
251	988	10.337978
251	999	12.782652
253	811	6.595378
257	956	3.236656
259	691	8.939761
260	691	10.379696
266	444	9.243379
268	362	2.295074
271	372	5.446008
271	660	1.499525
273	764	3.584677
274	603	3.348238
277	444	8.272484
277	513	2.493441
278	745	7.696612
281	618	2.936133
284	745	6.783364
285	444	8.752254
285	930	0.126777
288	599	6.799100
289	678	9.951949
296	470	3.052919
296	616	5.317482
296	691	6.094406
297	691	9.499802
297	766	6.556422
298	444	6.452706
298	811	3.492700
298	828	0.644329
300	444	8.093997
300	466	1.072444
305	824	0.689494
308	463	0.853772
308	648	2.163347
309	491	0.271543
310	555	1.832409
316	487	1.086659
317	745	8.766349
318	407	0.123212
319	845	2.342033
322	442	8.141924
323	545	1.057227
324	461	0.316232
324	488	4.748167
324	933	2.743176
325	636	4.430843
327	342	3.654173
327	388	2.191282
327	394	3.411104
327	640	1.350495
327	646	0.288318
328	423	7.031011
331	539	4.774667
331	564	4.856882
332	479	6.620095
333	345	1.618958
333	982	1.715120
334	488	8.001475
336	353	4.894126
336	375	0.613653
336	444	3.919103
336	476	0.649503
336	570	3.132643
336	678	3.739288
336	691	4.583962
336	711	4.575971
336	777	5.322784
336	811	1.018047
336	955	0.624801
345	623	1.294198
345	678	6.445569
345	810	1.673607
345	982	0.096175
348	501	3.881699
349	691	10.998227
350	403	0.188609
350	424	1.310694
350	432	5.124297
350	442	2.392493
350	465	6.321481
350	518	3.232933
350	542	6.091482
350	661	5.443146
350	691	4.784173
350	740	2.921209
350	875	5.776463
350	953	1.432292
353	375	4.280895
353	711	0.318157
358	450	2.078209
358	740	8.020156
362	426	0.464456
366	394	6.265157
370	409	1.014772
370	574	3.132588
371	488	7.244902
372	442	1.897044
372	444	4.522757
372	619	5.588685
372	660	3.946495
372	691	4.310653
372	740	2.423377
372	751	5.794200
374	779	1.202468
375	444	4.532738
375	476	0.064594
375	545	3.012782
375	678	4.323132
375	711	3.962752
375	811	1.613965
375	955	1.217417
376	691	9.439617
382	444	10.420737
384	444	8.325425
384	513	2.546418
384	689	1.356143
385	937	1.633358
385	984	0.089656
389	485	4.142595
389	488	3.586112
389	510	2.876324
389	529	4.137642
389	561	1.814846
389	626	2.613467
389	933	1.583247
390	638	1.944363
391	691	8.344830
393	869	3.045070
393	992	0.093100
394	444	4.363036
394	489	6.067751
394	570	3.333714
394	599	0.138834
394	646	3.122856
394	678	3.962049
394	700	4.670451
394	811	1.418107
395	678	10.023680
395	888	6.062005
402	811	8.111771
403	442	2.271466
403	444	4.979496
403	572	6.551194
403	691	4.675333
403	740	2.801056
403	764	2.320052
403	818	2.988675
405	988	3.618461
408	691	8.806048
409	788	4.054122
410	426	2.658238
411	667	3.781047
411	910	2.501477
413	949	7.725266
415	966	4.772284
417	444	11.169562
420	745	8.464490
421	691	7.565820
421	733	3.552163
421	966	1.422789
422	442	4.020195
422	740	4.546594
423	438	1.408751
423	442	1.212945
423	444	4.325362
423	526	1.149743
423	604	5.057657
423	678	4.816063
423	691	3.467848
423	728	2.604070
423	740	1.696275
423	766	0.551451
423	878	2.395411
424	442	3.701910
424	518	1.922248
424	661	4.132475
424	740	4.229907
424	953	0.121670
427	444	6.087769
427	488	2.193208
427	532	3.589328
427	539	1.491646
427	564	1.570496
427	570	6.293218
427	670	0.702301
427	678	6.707177
427	691	4.576778
427	745	6.365583
427	778	3.643571
427	903	0.897807
427	962	6.793641
429	949	6.306078
431	539	7.054889
431	837	1.798755
432	542	0.967185
434	678	9.574442
434	888	5.612728
435	981	3.452474
438	442	2.542107
438	691	4.873957
438	740	3.059493
438	878	0.996768
440	691	7.299526
440	766	4.356050
442	444	3.160780
442	450	5.416611
442	488	1.807693
442	544	7.544552
442	570	3.437405
442	584	6.630926
442	605	5.965835
442	650	6.427145
442	678	3.794569
442	691	2.413612
442	740	0.529590
442	757	7.367147
442	766	0.873302
442	792	7.051952
442	857	9.002333
442	926	7.506879
442	947	6.635575
442	953	3.823278
443	570	9.206164
444	466	9.166440
444	476	4.566168
444	479	4.397769
444	488	4.437598
444	513	5.779045
444	539	5.246784
444	545	7.544459
444	546	2.709280
444	561	5.395547
444	564	5.173864
444	570	1.532562
444	582	8.239236
444	596	8.276327
444	599	4.306782
444	621	7.674104
444	663	7.711938
444	668	8.038416
444	670	5.480818
444	678	1.266192
444	689	9.681564
444	691	2.665975
444	711	8.493084
444	740	2.832987
444	745	2.703573
444	766	4.031156
444	786	9.543673
444	795	8.877674
444	811	2.960378
444	828	5.809707
444	888	4.563179
444	912	8.083255
444	930	8.879011
444	933	5.710030
444	937	7.089730
444	949	3.407727
444	950	9.665754
444	955	3.346260
444	960	10.337671
444	975	8.761824
444	988	6.380899
449	570	6.593036
449	641	1.192755
449	678	7.215151
450	584	1.214328
450	740	5.941960
452	691	10.497702
453	844	0.140079
460	869	1.967713
461	488	5.064355
461	933	3.059398
463	648	1.309590
467	981	3.855317
472	600	2.388666
472	658	4.195609
472	898	0.821274
473	631	0.766646
476	480	5.641132
476	629	6.042854
476	678	4.339867
476	811	1.637525
476	865	6.615766
476	952	6.107970
476	955	1.261479
479	546	1.831034
479	555	3.031926
479	570	3.261414
479	678	3.889776
479	774	5.391327
479	776	3.760861
479	783	4.915111
481	482	1.938334
481	488	7.070532
488	539	0.860114
488	546	4.927615
488	561	1.784388
488	564	0.775430
488	570	5.091302
488	642	9.111067
488	651	7.252447
488	652	4.864093
488	658	3.113270
488	670	1.495393
488	678	5.342943
488	691	2.444578
488	740	1.759945
488	745	5.555465
488	761	5.986673
488	766	1.421020
488	816	5.824534
488	876	3.245413
488	910	2.432148
488	933	2.005233
494	872	0.430087
501	617	1.203742
502	696	0.062748
505	570	9.445426
505	678	10.069386
508	743	1.107051
509	722	0.517757
512	934	0.362186
513	689	3.902559
513	811	2.825467
518	953	1.800641
519	670	6.709363
520	570	10.436861
526	691	4.597534
526	740	2.844941
526	766	1.654023
526	848	2.994286
527	599	2.505675
528	570	4.997785
528	614	3.974944
528	678	5.618236
528	758	4.689740
530	545	2.005081
532	778	0.054294
538	621	2.355546
539	546	5.469576
539	564	0.088572
539	570	5.790167
539	591	6.290468
539	656	5.180947
539	669	8.343828
539	670	0.874247
539	678	6.089095
539	691	3.295832
539	745	6.140381
539	837	5.256138
539	903	2.380093
539	941	4.761414
539	981	4.750568
540	817	0.063597
544	740	8.070023
546	564	5.430638
546	570	1.432854
546	599	1.829496
546	678	2.059863
546	691	4.450513
546	695	4.786952
546	701	5.057751
546	720	4.961743
546	745	0.745436
546	811	1.015347
546	871	3.141816
546	874	4.553988
546	888	1.911900
550	717	2.539554
555	570	6.287709
555	678	6.914232
556	745	7.074091
557	691	10.077863
557	948	1.687574
560	949	4.091302
560	976	1.483351
561	678	5.995130
561	691	4.031286
561	749	4.812134
561	798	6.321415
561	932	5.794852
561	933	0.314485
561	958	5.719437
564	570	5.732741
564	591	6.372189
564	656	5.262834
564	670	0.939255
564	678	6.025592
564	691	3.208398
564	745	6.096967
564	837	5.338083
564	892	7.053093
564	903	2.461315
564	941	4.843259
565	691	10.652045
570	599	3.242716
570	612	10.284139
570	641	5.401129
570	670	5.795715
570	678	0.629176
570	691	3.902122
570	695	6.218200
570	701	6.490405
570	718	8.877438
570	720	6.394480
570	732	7.171243
570	740	3.333499
570	742	5.344294
570	745	1.199459
570	765	6.576350
570	766	4.263605
570	811	2.119578
570	871	4.574258
570	874	5.985680
570	888	3.339634
570	914	10.404862
570	949	2.892479
570	955	2.711765
570	973	8.831900
570	974	10.180976
570	983	10.165353
573	740	9.262325
575	729	0.322760
581	745	9.088206
582	803	2.196934
582	811	5.280577
584	740	7.156265
593	826	1.387553
594	599	4.225463
595	814	0.942064
599	678	3.871734
599	943	5.403906
599	945	3.937464
600	658	1.806944
600	670	3.435845
600	898	3.209940
603	678	6.051637
604	691	8.522703
609	971	1.143919
611	740	7.970943
621	800	3.523745
622	955	7.549543
623	810	0.379425
623	982	1.390365
630	670	6.799816
633	641	4.932718
634	670	6.122612
636	691	5.716657
637	931	4.897781
639	678	9.210533
641	678	6.022696
643	691	9.458810
646	700	1.547603
647	691	8.291856
648	780	2.303771
648	843	2.466371
648	906	3.191330
652	761	1.122580
652	933	2.858971
658	670	1.629393
658	898	5.016882
661	953	4.010859
662	759	1.240280
662	949	7.562197
663	668	0.326518
663	679	3.656592
663	811	4.754884
667	910	6.282519
668	679	3.330074
668	811	5.081394
670	678	6.172329
670	691	3.877012
670	745	5.974012
670	802	4.450918
670	876	1.768490
670	933	0.560346
672	691	10.282093
678	691	3.872164
678	695	6.841694
678	701	7.115832
678	718	9.501481
678	720	7.020141
678	731	9.751336
678	740	3.612561
678	742	5.964279
678	745	1.743390
678	746	10.676998
678	765	7.202475
678	766	4.649888
678	782	11.016985
678	797	8.628296
678	811	2.721983
678	854	6.909277
678	871	5.199492
678	874	6.609695
678	881	9.124982
678	888	3.961742
678	903	7.326550
678	933	6.303632
678	949	3.449511
678	955	3.289145
678	973	9.455513
678	982	6.349437
682	694	1.538595
684	957	0.360421
687	691	10.871826
690	989	0.451901
691	714	10.511513
691	728	6.071602
691	738	10.503461
691	740	1.889532
691	745	4.818078
691	766	2.943512
691	811	4.044688
691	840	10.048826
691	841	7.805311
691	848	7.591783
691	878	5.863245
691	908	5.781174
691	910	4.566874
691	927	11.203366
691	931	6.193927
691	933	4.311006
691	948	8.390373
691	949	3.837818
691	955	3.980070
691	965	5.008890
691	966	6.143738
691	993	10.167793
702	740	7.160260
712	771	1.054678
714	766	7.568116
728	878	0.212526
731	888	5.789644
740	745	3.831791
740	766	1.263888
740	792	7.577415
740	878	4.056259
740	947	7.161341
740	953	4.351180
742	794	4.384880
742	854	0.945104
742	870	5.088242
745	769	8.939744
745	791	7.725679
745	847	8.401345
745	855	7.892339
745	882	6.060495
745	888	2.344435
745	889	8.520321
745	891	6.454330
745	903	6.805444
745	929	7.612418
745	981	8.266026
757	947	0.731573
759	949	6.321918
761	933	3.981541
766	848	4.648286
766	965	2.072573
766	993	7.224385
768	904	1.042404
768	939	0.242856
794	870	0.703363
795	811	5.920286
797	888	4.666610
798	851	0.914492
801	834	3.563148
809	949	7.400118
810	982	1.769777
811	828	2.849402
811	912	5.125181
811	955	0.657837
811	972	8.326851
811	975	5.805075
816	876	2.579632
821	931	4.511372
830	949	7.471659
834	910	3.131652
839	955	6.488255
841	878	1.942988
843	906	0.724961
869	992	2.951978
875	953	4.344181
876	933	1.241085
879	937	3.720006
884	890	0.059468
884	905	0.982513
890	905	0.923047
892	903	4.591842
904	939	1.285259
908	940	5.172705
931	965	1.185965
936	949	8.094772
937	984	1.543731
949	955	0.286619
949	988	3.016159
955	969	8.051122
