-48.46791430327337	10
-38.77245143285521	65
-20.552865279566287	45
-47.65726575503727	101
-64.40642198958751	137
-55.76837182693654	119
-83.78599014880535	169
-70.19319665273855	142
-49.30971922208458	88
-53.670657641459314	10
-30.311519519402584	24
-39.299729508073376	16
-31.91971673509985	4
-31.91971673509985	4
-27.1540417690206	45
-5.654103815398641	3
-32.107672844539955	50
-27.562609790728644	35
-38.49073855588021	78
-33.52112847541412	68
-74.0100947349573	147
-44.523709241693886	55
-31.91971673509985	4
-35.153592669351	30
-31.91971673509986	4
-20.82517574678753	31
-5.654103815398641	3
-31.91971673509986	4
-29.70642610117844	32
-34.67190213693397	31
-32.13253361699881	16
-35.861176973171695	57
-28.49525494408257	37
-29.653039749213946	59
-45.92909127742584	90
-26.779628143634667	5
-9.842787921487831	4
-20.90773917730695	5
-29.64316255297493	4
-33.31393576783728	62
-38.830033109418665	72
-19.707453501790624	34
-34.99081324327489	10
-34.13381775532143	61
-30.273021612794945	49
-55.940784695763206	15
-33.86367095742076	37
-36.51427110347807	32
-30.08567203680277	52
-19.74547048792478	12
-42.90205260528162	8
-46.94150621590517	17
-54.51958831088634	113
-39.235988253565495	4
-43.001410870439145	16
-15.50124312942048	10
-26.660700470872506	48
-17.955838085760206	41
-14.439894960674078	8
-31.15248290293855	48
-25.64328221210249	37
-26.48000714966958	6
-33.98586849366934	30
-32.575862591559485	51
-26.83122232257567	13
-49.279420604829824	19
-37.07169080618228	9
-46.87293511169364	19
-20.657409571748143	31
-33.4745917669338	62
-41.91883149056434	77
-52.36486485645487	22
-25.54064507670332	65
-27.717573445887	42
-34.848902088417894	69
-55.49791199372195	12
-135.0888433355167	272
-33.921775122350205	23
-56.061694480411504	11
-39.16401234936369	24
-25.859095104620422	10
-57.97417461856902	98
-73.51261793199956	8
-44.14463117801439	78
-39.09596908894001	63
-47.04205380624551	16
-35.26636883900952	31
-20.99133294062228	21
-56.908502456947694	36
-40.64501529837784	22
-54.168725398370334	8
-34.99173505479595	55
-48.085188023568136	98
-29.13405841890576	34
-75.66793775593898	154
-52.66003448891929	105
-19.92802178620701	37
-37.3645532188023	73
-20.76760506111141	36
-25.775782214630045	17
-28.72346137924495	8
-28.33556756253029	6
-32.45334789218915	24
-55.948320475230254	16
-32.588923578293254	6
-36.25781204241089	72
-50.01945668112632	7
-36.55515329771295	35
-108.16412788158578	222
-41.73738600021202	14
-24.38201311198752	14
-30.449569028865483	57
-29.5988259872042	54
-23.61583915682784	50
-39.23207326828273	69
-34.72153997434726	68
-23.163332932348272	62
-42.5	1
-34.1094245338295	3
-31.83560934495916	4
-27.54359538372071	24
-17.779448136046213	41
-17.779448136046213	41
-33.53691633164157	2
-53.07357338367718	14
-27.93254495707207	9
-61.06532308858475	11
-61.0190521055792	126
-46.89305542317398	12
-56.92548039277513	119
-35.282786682638054	5
-27.27046657874909	12
-34.3562744802259	84
-53.19232763336353	17
-48.28604655437	97
-42.75696349609081	83
-52.38891309309837	108
-61.151076701702266	124
-32.443328526643654	22
-23.495269566892	33
-19.609595331297225	61
-26.28040410569444	46
-40.344454242512114	72
-32.334685700430576	23
-28.848074487139563	30
-51.68988232822558	8
-51.68988232822558	8
-51.68988232822558	8
-13.69374953643884	3
-43.80154968024024	39
-29.01397917458294	34
-23.4137401230045	28
-13.69374953643884	3
-13.69374953643884	3
-49.9626840684424	6
-57.63171101320849	87
-56.27837766427636	97
-24.88783209255848	17
-26.87213272582528	2
-75.95067100784203	148
-26.87213272582528	2
-33.267624896697995	45
-35.83962328837715	77
-26.87213272582528	2
-31.94942221791974	32
-11.504752596044437	4
-13.118279893933686	7
-16.29800795805687	23
-76.41039391092404	10
-52.23751633039746	90
-27.0795572866016	39
-26.73936464538296	25
-42.84816822080319	78
-39.27687488179589	8
-12.181632839872176	3
-33.18005763942509	11
-13.5	1
-15.599280455449165	23
-15.599280455449165	23
-21.673103416632955	20
-39.2569566591695	10
-22.436121807615027	8
-12.170682439482166	3
-38.99344944392807	9
-11.504752596044453	4
-31.93856786749839	10
-37.475883564842974	11
-45.096980836898034	9
-17.66174798999504	23
-23.69136726461217	17
-44.35707428698629	46
-17.59629955525189	22
-30.65838239872978	30
-50.06707640187586	74
-30.16800331306494	9
-30.62735046898134	16
-26.09844278216213	13
-34.57289901015699	16
-51.79036841039306	79
-43.827181745723045	27
-48.44810649771492	19
-20.029964086141664	5
-20.029964086141664	5
-44.360067644699456	43
-16.669890589588782	9
-25.56100529651168	4
-46.42700157084808	82
-40.89025967966774	73
-44.46235941067721	16
-30.487751420506125	55
-34.24312563690008	12
-41.31959217432836	23
-33.19423720653895	16
-35.70404381901542	21
-27.14702646988706	10
-28.4493003471278	27
-43.4654139142227	8
-32.08232160193526	48
-33.03275171557792	2
-30.86152068823567	5
-20.029964086141664	5
-26.403893592917186	53
-35.118868403566736	39
-32.948350959598315	5
-32.46422363004668	8
-44.45509006949251	16
-32.357902555940576	11
-16.669890589588782	9
-41.70745342658852	74
-40.59433191735189	72
-46.69064442789043	7
-20.029964086141664	5
-47.16222980789986	21
-43.14322593529585	5
-16.669890589588782	9
-16.669098771297875	20
-16.669890589588782	9
-20.029964086141664	5
-35.170359882848594	53
-34.5	1
-47.21987123889184	90
-40.2730156213745	72
-35.53329614922049	5
-29.27319475142332	42
-51.215946274937856	86
-31.180191135814617	30
-11.730076953984735	4
-28.60912558347952	7
-31.68730124724469	43
-11.244301693444696	17
-35.26050816870006	3
-32.139096266600326	28
-21.47529757230452	9
-45.786097481405896	6
-32.58247589392223	62
-49.6911008109403	17
-41.05988339397531	18
-58.70769043192735	19
-21.33303658927745	3
-29.59971004097413	65
-32.41644816464987	32
-45.1815091348783	68
-36.35116889465294	25
-44.920393076858026	49
-28.34368180807577	46
-25.53236461377918	31
-34.83370765996132	17
-23.03835480565716	27
-43.43999216052371	44
-16.84695888756282	13
-35.9852347601457	22
-36.021079947931206	11
-24.24221533212314	27
-15.96037348764308	7
-14.114369522967769	19
-32.02456341044297	5
-31.576826550693823	4
-18.303717142193392	5
-14.099329439187068	15
-27.112310855605028	5
-29.63781495203916	17
-27.73362286699203	31
-12.172589132928918	3
-11.520824298928629	2
-11.520824298928629	2
-131.35575645238052	4
-39.93072508562158	9
-8.852349955359813	2
-42.12278958163254	10
-94.53803154926756	4
-39.49387498141684	34
-45.27880730112057	26
-31.830654897801573	8
-50.014720000390376	85
-20.30594812228245	13
-26.763940212997657	21
-47.28774195602517	76
-33.08478570633426	11
-41.666043600789024	60
-35.2254570331584	11
-37.05134109342777	5
-37.629274888469936	61
-9.770355258627232	3
-9.066048165876014	2
-30.87903208234982	11
-53.28205006387782	98
-9.066048165876014	2
-31.31636247258426	26
-27.76390798380124	44
-43.32560441917151	26
-30.95141140201984	10
-0.9124379454771672	9
-46.03708191666748	66
-44.0715560443147	35
-40.999880757722565	41
-12.59929657621105	18
-4.275730833115309	8
-37.007575322837	2
-37.007575322837	2
-30.20994456300426	48
-87.15264720697743	17
-27.44368132018363	7
-18.04213409961969	4
-27.44368132018363	7
-27.44368132018363	7
-26.13637482479922	11
-22.137850322725416	31
-35.05070171311132	74
-53.5753296721487	21
-27.313752035751627	36
-35.360094583893805	18
-79.82493471476499	18
-31.75319804313716	32
-25.258674942536853	8
-26.53295560725393	37
-13.588654565368554	11
-28.91525836395262	50
-20.06499772614525	29
-30.836503114210853	56
-47.77524634786665	90
-22.137850322725416	31
-24.257251962813243	11
-33.91977366415137	4
-21.61324772192248	28
-29.541750783791592	47
-30.435146604842963	41
-31.24519048700069	40
-67.20747787852815	11
-33.63190789787115	27
-38.3231407627442	21
-82.56071280673227	8
-23.30522250434572	13
-41.49221148385911	64
-29.379454352780325	39
-38.09703279075142	43
-31.05263710578656	53
-27.06896344523883	25
-32.23559599538899	8
-39.71689466321034	21
-15.367807501816875	15
-17.470215999854016	19
-24.22151371563525	14
-19.19958269457516	16
-25.225692149911087	25
-29.24376457846581	14
-24.093332569255924	26
-30.870240837778628	20
-33.36560329211176	19
-32.22297972918075	21
-19.19958269457516	16
-17.811898533500674	11
-33.36560329211176	19
-19.19958269457516	16
-18.682800525399013	12
-20.809503595327865	22
-26.13554426083056	16
-28.363321290205725	4
-51.9219132312331	4
-30.19388986545188	4
-29.208019659494507	6
-58.38126935276024	19
-22.51899691480268	22
-24.05007271596827	22
-33.048550594255005	30
-19.71955348876068	23
-36.46547989004316	22
-33.782513399532014	22
-25.22013789471209	9
-30.56648579757781	3
-30.193889865451872	4
-41.30201065457581	25
-28.842957715734908	5
-29.906983581276783	5
-17.379266242778332	20
-23.1241456224594	10
-23.07876265552441	13
-52.52090336432974	47
-33.001207854974005	3
-22.064096753186472	8
-31.69689231635241	11
-19.19958269457516	16
-27.82283561928747	13
-46.25544724664216	8
-19.611586918577053	11
-17.80040909664003	15
-5.11280028019894	18
-43.43145351448613	23
-33.569263843321195	42
-3.9558765589926335	12
-43.959002578180495	20
-43.12503762729263	26
-43.959002578180495	20
-33.96840492212488	29
-32.43288722379671	36
-43.959002578180495	20
-30.26460523530709	45
-67.69981551503179	13
-24.78184614909801	37
-31.54334343696208	40
-68.93647162950644	11
-37.743039736484725	9
-32.13622818847637	43
-18.321843118611653	16
-18.321843118611653	16
-21.611400518082142	15
-35.96512397594799	59
-35.18694986928931	25
-25.80635327593946	41
-24.30380020606036	41
-60.24910275763282	5
-21.56545750575673	11
-20.883838538880404	12
-67.40923324825725	10
-30.7335299558708	38
-28.577613291514524	51
-24.695666948316227	37
-33.39818216358799	71
-25.910793857376326	16
-29.34915918884173	45
-35.72738216131108	67
-18.25667485394815	12
-10.0	1
-33.40733637887852	28
-44.13567876397474	25
-40.23901766903048	24
-41.58834121570849	22
-59.13480724823834	12
-20.343165655216712	26
-16.164834257777667	33
-20.31731361535953	26
-71.87262818305575	12
-38.427807531165286	22
-40.10780333412172	4
-27.370687025908424	12
-37.96070980109476	18
-32.46239846075516	5
-49.63424438212251	18
-16.13438212779902	34
-65.99411969355207	10
-47.01578422859215	4
-36.30176352315204	29
-33.44682015404492	37
-20.57816281586449	26
-50.0	1
-52.74247282695033	15
-31.16548777476244	43
-62.30756422538762	12
-44.771490624307376	3
-53.50206831144888	14
-37.99751323530525	3
-44.17500322315368	3
-50.0	1
-47.10319440048149	4
-42.40113310810385	2
-104.04933532019471	3
-26.37684927033175	55
-26.91981557842153	56
-30.346516909542306	14
-50.52814669756103	2
-50.0	1
-37.190052122073126	26
-56.59248447938345	17
-37.7789986208218	31
-34.565782371099544	4
-51.009376519956575	23
-37.72417256499147	33
-29.476164947691604	12
-88.96690355880054	5
-79.12495336625125	7
-31.7544541275358	16
-96.59051811590078	12
-39.92026461783517	15
-36.40986788807161	29
-18.6823984784274	20
-48.76888974776287	89
-52.08565524478041	76
-55.94539508691968	15
-54.734052360935785	22
-41.87221467516979	84
-26.24681265929123	36
-46.63995738794663	94
-23.2319831567384	27
-34.56528083213634	50
-37.582108578788606	13
-68.74260067203295	12
-42.66397379099537	22
-42.04292190837925	21
-71.34053668802017	9
-73.38228708634325	12
-36.54399692339766	14
-31.809562382222147	23
-33.92012355831332	25
-45.71971158283569	11
-21.36482506064775	12
-23.396446718798373	5
-13.89689069078737	2
-20.039821870740088	8
-54.41663105486667	15
-34.456043078275215	67
-36.568365241659365	72
-31.27005542133381	19
-44.45789435681141	7
-43.3110902218039	22
-18.51288991327838	33
-20.66385195446946	30
-49.87348492452757	14
-49.87348492452757	14
-10.525418381006592	3
-48.73522645437064	17
-38.820090068194304	27
-11.576473218982953	2
-38.08131988982107	29
-49.10841567842659	34
-43.21958925934669	26
-47.28791345712044	16
-43.94584638158767	13
-47.51313504202581	3
-25.928123030786303	9
-47.28791345712044	16
-19.09092315491545	26
-17.679161539669263	29
-34.511699920503816	23
-21.401468087445217	6
-39.56179487651012	9
-44.12942020708923	12
-54.8030573533611	14
-29.362214658943795	5
-20.0	1
-47.50523799929629	20
-22.521102116475365	25
-5.197958792272019	9
-27.036683708486507	6
-6.680480738208129	5
-31.6718917658476	45
-25.196644062364346	19
-41.13372501662903	6
-31.194998087517003	9
-55.26689249090107	98
-16.506164617962614	23
-24.83858232740729	25
-40.79240197519562	48
-41.42851247912617	62
-51.144708026572445	28
-50.47240823335898	28
-39.76154191067144	51
-37.346392742733904	51
-38.102002463019154	48
-38.37586523734135	49
-31.44959952144972	32
-24.04004235971472	3
-39.11534144257219	22
-26.91421236919544	21
-33.98187379082688	25
-30.041962203056208	28
-29.97525562326981	29
-34.51601464709845	26
-21.01228894306066	8
-21.70080842171547	10
-34.51601464709845	26
-33.662567402629264	6
-40.40756076953075	19
-33.55000142043893	4
-33.55000142043893	4
-33.55000142043893	4
-33.55000142043893	4
-30.03026522399248	13
-29.186468978220915	15
-31.09858587117889	5
-35.99409911599642	7
-48.11041595903151	33
-43.728296114971485	30
-33.25392531752303	5
-57.57056677619593	8
-51.30370295779652	19
-32.295599808825834	3
-27.65110399280778	13
-34.321156273331944	6
-33.55000142043893	4
-53.04232290127307	13
-28.69202634555161	10
-29.02505237598865	4
-29.02505237598865	4
-31.21362701858729	12
-30.53882650250546	10
-27.69744363435298	11
-48.32507141303368	7
-27.71809573820636	11
-33.68214244246107	9
-34.26407319996735	7
-31.42140719997697	10
-34.48411248837263	10
-39.03057012479882	5
-35.748624650188525	6
-41.40527401638774	14
-37.79687342963325	3
-37.79687342963325	3
-20.0	1
-37.02443209997981	3
1.5	2
-19.5	2
-8.5	1
1.5	1
-0.1180339887498948	2
-28.832290274994968	3
-62.58260415869123	2
-23.71423585604713	14
-39.42112911677981	11
-24.588708848446256	10
-48.23679917251713	11
-18.39207261295645	11
-26.822584798929988	15
-34.16651820171589	53
-54.44260855198778	14
-41.57771406307601	16
-41.57771406307601	16
-43.13279362048644	15
-29.520752775345645	33
-27.860590656563613	32
-17.061417344707895	32
-30.71699630517824	29
-22.25174748405184	5
-11.634760858386578	3
-32.20341124633084	25
-15.520883914052426	3
-27.158870265871368	4
-32.908632194979454	24
-22.861432096059584	7
-24.780217085504667	34
-26.11817635087008	5
-20.01541401690931	16
-42.7428440197927	27
-59.72986954626684	18
-28.44650940624948	35
-17.8039629581126	4
-72.71403564768498	8
-12.281255628126743	13
-26.66909565452347	17
-38.974506698380566	18
-45.855623443494025	17
-15.61109347350108	6
-14.189622272061618	4
-20.972669458580267	6
-45.75436613946201	13
-30.06361142105164	18
-54.25422381790219	15
-27.069303628178087	17
-38.38440371904933	16
-62.15091881785007	18
-43.57488408529895	25
-24.966298410470188	5
-48.57690480552428	16
-37.15480796825912	34
-105.94319538028552	12
-10.525418381006592	3
-1.0570827846972772	7
-1.0570827846972772	7
-10.525418381006592	3
-30.904326023342406	2
-34.16074812727358	12
-41.34676164264842	16
-27.73817638141896	4
-18.481517369270072	12
-18.481517369270072	12
-17.147563687492724	14
-18.481517369270072	12
-19.455724786129835	16
-45.38678118648181	6
-26.580991742307216	4
-41.21091050751925	14
-21.80271581852713	23
-31.892569418285067	15
-34.160748127273614	12
-34.64812660086543	14
-34.9240121116329	14
-27.199690750995693	6
-48.63274421181917	9
-36.0	1
-32.5465187133756	3
-26.580991742307216	4
-41.72960235903709	7
-36.0	1
-38.19192828295885	6
-34.63853391372134	8
-25.442009955374928	5
-7.604774621670696	3
-11.582762530298218	2
-21.339162979272945	8
0.374667264879411	6
0.374667264879411	6
-52.41040252275754	15
-49.3468985062914	23
-47.63809724726657	26
-8.697229881190443	18
-2.75233724642908	8
-10.753271797055554	18
-3.188164992095257	6
-31.775962356375828	4
-41.52652127684417	4
-128.26181947636695	4
-63.76000123053733	11
-20.5	1
-6.858951059522463	2
-8.044498824258191	4
-50.1132876219947	18
-83.5064353284061	12
2.2192235935955846	2
-21.584800378544628	3
2.2192235935955846	2
-46.0	1
-1.0	1
-24.86355947147932	7
-50.48149040998265	3
-58.93598751429568	2
-25.222591843752543	6
-10.646405044778506	4
-7.943268113301793	9
-26.51556079919286	19
-9.982100560259555	8
-10.726812023536851	4
0.5	1
0.5	1
0.5	1
-28.41978011317578	3
-28.829636538298487	11
-20.86748186992396	10
-18.332668421567217	13
-18.79837518154043	11
-20.86748186992396	10
-20.86748186992396	10
-36.60461600329533	6
1.5	2
-6.257804885470349	3
2.0	2
1.5	2
-5.284116572672468	5
-7.970711723102163	6
0.1698036230366048	3
0.7396013553019261	2
-12.738963423174823	2
-15.5	1
-3.5	1
-53.3619997092983	12
-20.5	1
1.0	1
-0.7320508075688776	3
-19.27579547202016	15
-30.69044899728993	31
-25.67586531527265	12
-1.0	1
-45.00824131747062	7
-33.893905815014136	5
1.0	1
-28.5654333924966	3
-23.859638293854985	3
-22.52614950352416	13
-13.306653525519376	2
-17.65351044790137	10
-17.120635473499373	11
-17.120635473499373	11
1.0	1
-5.0	1
-69.67610049718681	15
-3.11473994453672	3
-3.11473994453672	3
-9.935726331038872	5
-9.935726331038872	5
-24.343180903667232	22
-50.67468130836515	6
-9.519836515170889	14
-0.4781532478254399	12
-0.4781532478254399	12
-0.4781532478254399	12
-0.4781532478254399	12
-0.4781532478254399	12
-0.4781532478254399	12
-0.4781532478254399	12
-0.4781532478254399	12
-38.99476495724665	14
-28.648096066118708	50
-32.632439390689726	6
-21.17454201268142	21
-26.627820279202428	15
-24.76107281127744	23
-26.757546896344724	23
-20.74087051458914	19
-27.48724802252126	12
-27.48724802252126	12
-39.72690881341575	27
-31.93060570350746	4
-37.64011807454138	3
-13.066608999887288	5
-15.05791813300408	3
-32.50347015513017	47
-72.74948528504731	7
-48.60386815529767	4
-63.37340929969598	9
-50.77275156834499	17
-50.99847120058631	29
-49.939463628689474	19
-52.20808288907557	25
-34.801173206153	11
-54.58955463626796	9
0.5	2
-17.91167229401675	7
-25.882178978096	3
-68.50997648200857	8
-29.199731200838684	9
-3.917548502854383	4
-1.5	2
-41.53487354885223	14
-9.824380912248447	4
-21.649011516424707	4
-3.439504671222529	9
-2.75233724642908	8
-59.010115863972	6
-65.39729496691456	7
-4.210410054584337	6
-4.210410054584337	6
-4.210410054584337	6
-64.19520769017895	10
-4.954967939673842	8
-12.509440767243754	8
-2.1654968105571326	3
-3.9528124323706457	10
-13.069534497522405	9
-3.9528124323706457	10
-8.620545348741977	8
-8.620545348741977	8
-19.264301481428543	12
-17.81119579339924	14
-17.4886125421271	7
-12.44733421995231	3
-3.0	1
-36.31904785642029	11
-5.108167517811386	6
-18.686211081488096	7
-43.10952031725836	7
-41.01571883877382	11
-41.62072131507199	12
-134.00766238534752	2
-18.686211081488096	7
-22.0	1
-7.767604563662257	9
-19.74107482085071	3
-20.5	1
-24.0	1
-29.699076103953484	5
-21.613853360545622	9
0.7344355629253627	2
-3.2015621187164243	5
0.9999999999999992	4
-45.21373042904637	25
-55.61334610218318	10
-37.183096959305246	55
-28.39346809450832	6
-38.63898532141236	5
-82.58995221071751	7
-71.06243052901235	8
-26.72791982762158	10
-26.72791982762158	10
-30.53174598304712	4
-19.021856933097087	3
-43.34758380707802	19
-21.5	1
-42.325595880979854	45
-51.29344748278297	3
-27.54288773695112	22
-35.13859205221686	7
-22.0	1
-22.0	1
-52.03530350220834	12
-35.275808438219	7
-23.53995408413136	10
-23.735511344474123	15
-18.28439779975948	5
-59.22138442625321	2
-35.138592052216865	7
-35.138592052216865	7
-51.29344748278297	3
-44.66701976535067	6
-37.695659616974766	5
-22.0	1
-37.288619454179	2
-67.72695752428601	10
-31.62263283443414	6
-16.458266691683153	13
-15.142081247778766	12
-29.88874193500204	21
-29.88874193500204	21
-36.633801008121104	31
-10.875746730254022	13
-48.113111424318895	15
-8.820794912742265	2
-33.40634033021665	5
-33.40634033021665	5
-36.96889844702591	4
-37.95098603474581	3
-36.96889844702591	4
-33.40634033021665	5
-36.96889844702591	4
-31.46329205408854	9
-36.96889844702591	4
-32.992103189064125	10
-27.387470121376992	9
-35.114826710919225	11
-33.40634033021665	5
-32.99210318906412	10
-32.99210318906412	10
-11.5	1
-23.60407180965926	6
-23.60407180965926	6
-64.4297222600976	9
-33.5	1
-32.89610805290492	16
-30.75526607683037	18
-31.696873789132525	20
-46.08082195733383	17
-53.56796886271897	9
-11.484700733885978	5
-54.52989016967844	4
-9.742649672583562	6
-55.0663324347984	5
-11.484700733885978	5
-41.74257022549863	12
-54.52989016967844	4
-50.67468130836515	6
-11.484700733885978	5
-54.52989016967844	4
-54.52989016967844	4
-12.586308764964375	2
-65.80727014566445	8
-27.66516422471164	16
-34.87649437009187	11
-56.20423862474202	15
-46.00461993102125	23
-39.31494162978799	29
-23.528718452205432	12
-25.53037840615852	21
-36.73213488317982	25
-43.52883591836684	6
-42.24055624203701	21
-42.17061025752865	23
-28.749251443317736	20
-30.009890038203825	33
-42.209796866465496	8
-36.88115140425785	31
-46.5	1
-44.18378114752774	15
-46.01278631828512	13
-59.25232535472408	6
-38.80318651081313	4
-40.09091568397909	42
-55.00148404877911	10
-40.92725547103885	27
-43.45038918096687	26
-11.6041219597369	2
-20.964868975829496	2
-43.400138092148346	3
-20.287823630435785	14
-80.67069575662697	4
-8.706448908767918	11
-47.59939586924754	19
-51.906822917709945	5
-39.54759344734665	4
-43.74560041315748	11
-44.06238538445589	17
-40.44949017791823	10
-35.85114575167695	4
-37.94673208895993	19
-41.20900869715114	27
-39.55372530427879	4
-49.74852318032952	8
-43.35456494517644	19
-51.906822917709945	5
-49.63540110202138	9
-43.93364577962388	10
-42.88651713026992	11
-40.207183639015966	25
-46.70077216076489	11
-35.73543474520896	4
-39.49239624061765	11
-37.134614234213856	13
-51.906822917709945	5
-43.745600413157504	11
-51.906822917709945	5
-40.39335243185682	11
-34.56038506929733	2
-48.43961242259324	6
-51.906822917709945	5
-51.906822917709945	5
-44.22009332767418	10
-60.86795827840146	6
-44.35123155244881	8
-32.22949162329684	39
-50.60856812042847	6
-50.60856812042847	6
-59.5	1
-46.53882853984271	3
-28.72354104431237	34
-40.77706734717036	5
-29.77114686464356	15
-47.52539761558373	3
-90.1476151587624	2
-27.69916351563334	21
-36.51128594994642	14
-36.51128594994642	14
-36.51128594994642	14
-36.51128594994642	14
-47.52539761558373	3
-52.54471643106844	2
-71.34682661780084	9
-27.32931668593933	2
-57.56810133148336	5
-28.39855193135836	6
-24.026286513036844	9
-26.56893003105009	7
-28.440173611249307	20
-10.769683258461008	4
-10.459645657272008	4
-49.14048831309942	16
-22.553729829185087	4
-20.20456012027524	10
-17.72406276192786	9
-8.0	2
-16.39351453312546	16
-12.088193597017142	11
-50.48149040998266	3
-8.5	1
-33.96079372192943	22
-13.22115068852252	5
-39.44408398422093	6
-56.30210162286809	4
-34.21340805200142	17
-20.681597247984165	5
-31.5	1
-2.0	1
-66.29154786264522	4
-21.50379718159235	5
-21.50379718159235	5
-25.197482299742827	12
0.4999999999999999	2
-37.50050018033376	6
-1.5	1
-27.86867495936276	8
-62.230256242693365	4
-25.233879998936786	4
-63.75863771938717	3
-30.66512959081165	29
-29.029361228336608	6
-1.543443195550209	3
1.0	1
-1.3027756377319948	3
-7.784281753649946	3
-82.0	1
-28.575223223278748	8
-19.138761402207187	6
-44.99462691377275	6
-45.55141498289935	3
0.7344355629253627	2
-46.5	1
-46.5	1
-26.5	2
-101.80342486559532	4
-27.6500932832574	2
-48.99615634117151	8
-26.872376375122663	5
-58.93598751429568	2
-35.5	1
-26.5	2
-92.55192318615042	5
-46.5	1
-10.484092903398052	3
-10.484092903398052	3
-58.01524972627889	8
-58.41158503221188	15
-91.02455666659183	9
-7.6881274720911295	3
-5.0	1
-6.377551641923021	3
-18.5	2
-49.50827617066944	4
-35.402780479554174	8
-5.0	1
-5.0	1
-5.892291696859367	10
-2.5156097709406984	2
-7.079703240731432	9
-2.5156097709406984	2
-5.028518870485331	5
-67.41017494505292	3
-2.883638215016034	6
-67.91853370448263	4
-3.6825746060605344	5
-2.793515739682648	3
-34.30315728499927	5
-41.70566702372598	26
-45.368269642193056	9
-33.35287690031272	5
-30.804160650191506	6
-41.67937082537502	7
-34.44846316366372	8
-30.047009604965275	7
-1.5	2
-72.73325507368867	11
-18.20242347539245	6
-19.37413180489385	5
-52.18530429018926	7
-2.753471552684553	2
-39.67456026604255	4
-3.5	1
-32.645864259782975	8
-110.8987497574755	9
-31.523345610632862	9
-128.34596152154597	11
-37.0	1
-20.356621712699205	8
-33.022872725172874	17
-18.73610744292792	3
-18.73610744292792	3
-18.73610744292792	3
-18.73610744292792	3
-44.182718623813344	9
-17.399053542402566	10
-18.73610744292792	3
-19.20994502137655	8
-31.364190997728908	5
-23.268164767921007	2
-18.736107442927924	3
-19.20994502137655	8
-19.20994502137655	8
-23.268164767921007	2
-23.268164767921007	2
-55.95170338222353	3
-23.268164767921007	2
-18.443714534221044	12
-41.90926817423356	13
-22.23229452029868	15
-4.709422457513806	4
-11.077122461009024	8
-35.05664910509131	3
-41.32697098893272	5
-22.545620545639604	19
-30.066656554024533	8
-12.98121162867272	6
-14.351327784032083	6
-31.84330053541173	19
-44.31597706826661	8
-15.13659853793786	7
-27.254511973974736	7
-23.69830013987196	4
-20.973040838533905	3
-66.51608401933979	6
-25.233879998936786	4
-37.98214030892856	20
-51.76914614189628	10
-109.98173822145012	6
-97.28876141655884	8
-7.962071659057062	6
-29.72003564667373	8
-22.70265126806297	14
-34.246579826071844	8
-5.735162698673939	8
-10.726607041297886	8
-20.40629433342796	5
-80.12838199311113	6
-43.36472785436475	14
-25.71363882512807	10
-20.87971292322969	4
-55.35331742757253	8
-56.65626452777843	11
-21.60688484784632	5
-20.587098828241487	5
-22.140497649293945	5
-48.78488129790008	4
-22.278925779185165	17
-44.52279301269328	18
-45.44123406746508	18
-34.608473931703266	6
-38.09502310972898	2
-34.098040097422974	11
-35.03984740042559	4
-35.03984740042559	4
-35.03984740042559	4
-39.525300250565095	2
-40.5	2
-41.0	1
-41.0	1
-39.525300250565095	2
-41.0	1
-33.987398665699054	5
-33.987398665699054	5
-34.05279673378074	5
-9.094389581607988	2
-43.67291074624977	5
-31.491848848601183	6
-19.0	1
-29.5	1
-34.262497473095564	12
-73.17899376947767	10
-44.64055018054519	7
-69.25879277005721	14
-57.54179079373372	13
-78.53062696119552	7
-80.61824675996891	8
-54.99279969476038	9
-80.61824675996891	8
-74.5	1
-24.79931262330739	10
-45.12888999250612	14
-37.74489195742177	7
-52.56172663021693	9
-40.612027988186746	7
-28.036124566280463	9
-38.33513313162596	14
-60.58895222774612	2
-40.14469706161016	7
-62.14890396234098	6
-58.93598751429568	2
-25.17912618389001	14
-38.75682124214919	7
-29.734165513562488	12
-28.237681699111583	14
-30.18582645859744	13
-71.0	1
-42.26453609579031	10
-46.689709078922725	9
-43.05711953000786	5
-38.33216374321883	6
-43.05711953000786	5
-60.9051387536728	4
-34.35655132669645	16
-58.93598751429568	2
-71.51514803843835	2
-60.58895222774612	2
-71.0	1
-57.90993466446058	4
-58.93598751429568	2
-25.011936738566767	16
-29.799235730637733	13
-44.18203111806785	4
-48.95944613917116	4
-44.18203111806785	4
-48.95944613917116	4
-52.70003238765458	4
-48.95944613917116	4
-67.56358278252456	12
-13.751116049186324	2
-46.5	1
-27.5	1
-71.5	1
-8.0	1
-8.0	1
-2.5	1
-28.5	1
-68.5	1
-31.5	1
-8.0	1
-8.0	1
-42.81438021456081	2
-37.14816036449722	9
-100.62257968821558	5
-70.21820500501468	10
0.0	8
0.0	8
0.0	8
0.0	8
-21.372682001385776	6
-52.586728476590814	17
-53.58483848968802	6
-8.818829604502318	2
-40.86131482627819	17
-22.73390722972984	11
-68.64892650226602	11
-86.03532826433816	10
-17.090896336538467	9
-83.76597670906014	3
1.5	1
-9.5	1
-39.03048034360321	4
-124.99423051317709	2
-0.5	1
-34.55581129116524	5
-25.48915447184501	8
-41.0124921972504	2
-42.5	1
-37.07120663064725	4
-46.5267438354347	12
-3.0	1
-12.159317227404154	21
-6.13395376208405	12
-30.03768226591832	2
-39.60948638968221	3
-29.64479776128489	4
-28.0414626138908	6
-67.83332487094648	3
-62.61580047750666	7
-23.322675509107373	9
-22.078258449390493	5
-31.76201811972922	2
-86.37454059178835	8
-48.989957109227255	16
-32.323886151888175	3
-90.93462381125651	5
-80.04640915428763	7
-95.58406722655472	4
-20.5	1
-20.5	1
-17.21725440628086	5
-20.5	1
-20.5	1
-18.868057790933875	3
-20.5	1
-40.29518820778885	2
-40.29518820778885	2
-20.0	1
-1.4641016151377546	3
-1.4641016151377546	3
-15.684167115591965	3
-16.15644701220174	8
-19.53353274832822	4
-24.0	1
-9.46750976018889	13
-34.42546779467212	20
-34.42546779467212	20
-39.33913296973361	14
-39.33913296973361	14
-33.89444833450184	19
-9.970504391216238	7
-26.040253541230463	3
-26.040253541230463	3
-26.040253541230463	3
-8.577943689747311	11
-2.706888719968496	6
-2.706888719968496	6
-7.163565689920909	10
-9.082413862865105	12
-9.46750976018889	13
-19.53353274832822	4
-3.907536453183664	2
-3.4831640528478123	8
-3.4831640528478123	8
-3.4831640528478123	8
-10.176174977679906	2
-10.176174977679906	2
-19.208520363116243	4
-3.357785524421506	4
-43.24768153506914	11
-49.68111271484633	16
-32.855312867692284	12
-37.02741952187743	3
-5.986119386925151	3
-8.044498824258191	4
-5.986119386925151	3
-24.052121551318827	6
-24.052121551318827	6
-24.052121551318827	6
-30.090563265551097	4
-13.484677327528718	5
-9.109772228646444	2
-7.212214450449026	2
-29.65793826993304	2
-29.65793826993304	2
-16.33906525420617	5
-115.68261984429935	2
-46.5	1
1.0	1
-0.5	2
-2.981692161012158	7
-2.981692161012158	7
-46.5	1
-3.5	1
-17.935976348497263	12
-2.5417464952160254	3
-2.1767410834184404	5
-3.0	1
0.5	1
-25.0	1
-25.0	1
-25.0	1
-21.703603311174515	2
-21.703603311174515	2
-28.5	1
-17.5524865872714	2
-20.609671934053274	4
-21.0	1
-21.0	1
-21.0	1
-31.0	1
-31.0	1
-26.8671241983826	12
-46.5	1
-1.0151936795215954	4
0.5	1
-0.3507810593582122	2
-12.42489109331359	3
-12.408326913195983	2
-8.464101615137755	4
-13.521915661238047	15
-56.56741051273245	8
-18.287837389993857	6
-14.052985367401678	4
-26.37111517007807	5
-4.0	1
-64.09156276912654	3
-20.0	1
-2.9075364531836625	2
-36.06433425448798	3
-0.7807764064044151	2
-28.346069575767125	6
-33.605330234400355	3
-0.3696108582817038	4
-52.66238217150421	12
-103.4410838889875	6
-103.4410838889875	6
-103.4410838889875	6
-103.4410838889875	6
-98.0343240342149	4
-100.62257968821558	5
-120.90228908117314	2
-83.85946265995608	6
-88.92680237164684	6
-113.34382083753376	3
-106.19554484175048	6
-96.54273540270076	5
-118.78403329796676	3
-118.14637337905448	3
-103.4410838889875	6
-111.77572420255414	5
-111.77572420255414	5
-22.875426543067725	6
-51.579982543123926	8
-66.84803757452396	7
-133.5	1
-133.5	1
-82.8135063363406	6
-133.5	1
-70.03830553104939	5
-133.5	1
-79.57792373768535	8
-61.1342423338777	7
-129.56738172062717	2
-88.15857449041133	5
-7.590864940013675	3
-29.776170317764343	10
-31.813207915827967	2
-31.813207915827967	2
-31.813207915827967	2
-10.952163011671203	2
-55.98707428827121	7
-10.952163011671203	2
-39.44408398422093	6
-27.725661535508124	2
-21.97869079778243	3
-23.982947936980608	2
-23.982947936980608	2
-23.982947936980608	2
-20.67861981288957	5
-27.37447290142129	7
-30.0	1
-26.99350973901692	8
-29.294304086006413	6
-27.5	1
-27.5	1
-24.9339811320566	2
-34.39066582239886	3
-46.0	1
-82.0	1
-19.0	1
-1.0	1
0.5	1
-1.7122144504490264	4
-5.5	1
-8.5	1
-7.784281753649946	3
-62.5485851134528	5
-62.5485851134528	5
-12.039836021478274	4
-4.528938536025534	4
-3.0615528128088307	3
-56.30210162286809	4
-56.30210162286809	4
-56.30210162286809	4
-9.666563688979483	3
-56.30210162286809	4
-1.5	1
-46.5	1
-39.60636497313308	2
-9.063563576938405	3
-15.231756966321758	2
-14.903225371816983	3
-10.7266853686473	4
-2.5	1
-12.42489109331359	3
-2.0	1
-3.315191182921719	5
-7.5	1
-7.5	1
-24.60215414239989	2
-7.5	1
-7.5	1
-29.758491665329657	4
-4.5	2
-51.2627704290506	8
-51.2627704290506	8
-21.0	1
-15.05791813300408	3
-15.05791813300408	3
-15.05791813300408	3
-21.0	1
-21.0	1
-32.27674953786111	4
-19.012807143008715	3
-14.53802568949215	5
-4.5	1
-19.0	1
-19.0	1
-19.0	1
-12.006577808748212	2
-15.231756966321758	2
-68.5	1
-39.92278484935842	8
-39.92278484935842	8
-59.07387154497991	6
-39.92278484935842	8
-64.49736643082869	3
-5.584258493863821	5
-35.36111869439608	8
-4.913182359874681	9
-25.933904999371247	8
-23.113670497175384	16
-37.03176677291784	4
-5.584258493863821	5
-26.33898846804863	10
-26.33898846804863	10
-26.33898846804863	10
-26.33898846804863	10
-26.33898846804863	10
-10.52172886644268	2
-10.52172886644268	2
-21.615770126867684	10
-21.615770126867684	10
-26.33898846804861	10
-34.36994623093432	15
-40.227825844240726	3
0.9378538277311596	7
-30.41258232770639	16
0.9378538277311596	7
-41.5	1
-5.5	1
-1.0	1
-8.0	1
-8.0	1
-8.0	1
-8.0	1
-7.500000000000001	2
-9.701380624977038	4
0.5	1
-33.85621381171626	3
-46.83651119749667	3
0.5	1
-14.529533157727943	4
0.5	1
-3.0	2
-82.0	1
-2.0	1
-8.86931687685298	2
-22.26208728264688	6
-22.26208728264688	6
-22.26208728264688	6
-22.26208728264688	6
-21.68762521148864	8
-23.6021974779552	6
-22.157843335395366	7
-22.26208728264686	6
-23.845530381638746	6
-37.007575322837	2
-38.25368600864799	4
-33.81882960450232	2
-34.37075079571842	3
-38.48027865756008	5
-33.974583275687394	4
-43.36048707005946	3
-42.81438021456081	2
-43.21566551230504	4
-43.36157429905752	3
-42.81438021456081	2
-21.5	1
-2.0	1
-20.54866496202299	2
-3.0	1
-21.972939277330447	15
-43.98457702305643	8
-14.861234038550386	8
-7.5	1
-1.0	2
0.8819660112501052	2
-8.0	1
-8.5	1
-8.609772228646445	2
-41.5	1
-8.5	1
-31.5	1
0.0	1
-3.8117376914899	7
-13.5	1
-13.5	1
-2.0	1
1.5	1
-3.5	1
-33.06013187900271	3
-5.0	1
-5.0	1
-55.08266370101565	5
-3.0	1
-3.418017239300773	12
-7.96985729970653	9
-25.551105053169564	5
-36.753262244737215	7
0.5	1
-0.8860009363293828	4
0.5	1
0.5	1
-63.07905286405955	5
-63.07905286405955	5
-15.283646365587956	6
-1.5	1
-63.07905286405955	5
-8.0	1
-0.5	1
-28.711646096066225	2
-6.176174977679906	2
-53.39842612778618	5
-25.551105053169564	5
-25.551105053169564	5
-25.551105053169564	5
-25.551105053169564	5
-25.551105053169564	5
-25.551105053169564	5
-6.0	1
-10.5	2
-54.44057333058235	7
-17.0	1
-25.0	1
-25.0	1
-8.5	1
-27.0	1
-13.0	1
-8.0	1
-0.5	1
-0.5	1
-12.0	1
-1.850781059358212	2
0.0	2
-82.0	1
-4.3355406452537135	3
-28.78362775545612	5
-26.0	1
-23.054165651749017	8
-23.054165651749017	8
-23.913830214145342	7
-28.84166586536547	3
-29.039936203984453	2
-30.5	1
-27.754483676813088	3
-27.626476309307428	2
-30.350628602710664	4
-30.350628602710664	4
-10.711275900591533	4
-29.273511110212983	5
-46.5	1
-46.5	1
-2.5	2
-2.5	2
-0.5	2
-27.5464114408446	2
-7.5	1
-1.341418292106991	4
0.5	1
0.5	1
-1.0	1
-1.0	1
-57.47464090037709	8
-8.0	1
-8.0	1
-8.0	1
-18.5	1
1.0	1
1.0	1
-67.83332487094648	3
-34.93165782621404	3
-19.914194159451448	11
-1.5	1
-9.1041219597369	2
-16.956162049926082	3
-10.0	4
-29.0	1
-30.37019176049309	2
-30.37019176049309	2
-6.5	1
-32.2679623707398	5
-0.7320508075688773	3
-17.5524865872714	2
-19.558621384311845	2
-23.62073397459222	3
-7.5	1
1.881966011250105	2
1.881966011250105	2
-13.89689069078737	2
-68.5	1
-0.8149066358459393	3
-50.6710370815611	9
-3.013878188659973	2
-17.0	1
0.7344355629253627	2
-27.0	1
-4.5	1
-2.0	1
0.7344355629253627	2
-1.5	1
1.0	1
-28.5	1
-41.5	1
-7.784281753649946	3
-5.0	1
-3.0	1
-20.5	1
1.0	1
-65.69617180733135	5
-21.5	1
-2.0	1
-41.84352689880527	3
-18.5	1
-2.0	1
-8.0	1
-6.786754015251698	8
-17.0	1
-3.0	1
-3.0	1
1.0	1
-2.302775637731995	2
-42.5	1
-42.5	1
-42.5	1
-67.28550750818366	4
-62.53800737531505	5
-62.8214133675823	6
-67.28550750818366	4
-67.28550750818366	4
-67.28550750818366	4
-4.5	1
-0.5	1
-45.38132957932954	3
-48.97640458974745	2
-2.618033988749895	2
1.0	1
-46.5	1
-2.0	1
1.0	1
1.0	1
-41.5	1
-46.0	2
-46.0	2
-44.5	1
-16.0	1
-16.0	1
-16.0	1
-3.5	1
-19.0	1
