-48.46791430327337	0.3057678990954222
-38.77245143285521	0.3520963686553347
-20.552865279566287	0.3453783218543191
-47.65726575503727	0.3649487827913104
-64.40642198958751	0.3753030695138923
-55.76837182693654	0.3578852579630915
-83.78599014880535	0.3872187940807599
-70.19319665273855	0.3754669573171735
-49.30971922208458	0.3706117811449687
-53.670657641459314	0.3184516045393805
-30.311519519402584	0.3332633070760958
-39.299729508073376	0.3183337031678369
-31.91971673509985	0.29156301534633
-31.91971673509985	0.29156301534633
-27.1540417690206	0.3432412504017275
-5.654103815398641	0.2596856938255293
-32.107672844539955	0.3254425935868006
-27.562609790728644	0.3411981477207648
-38.49073855588021	0.3594562425820767
-33.52112847541412	0.3571419863993053
-74.0100947349573	0.3775276980269275
-44.523709241693886	0.3329406901282972
-31.91971673509985	0.29156301534633
-35.153592669351	0.3534714623869794
-31.91971673509986	0.29156301534633
-20.82517574678753	0.3201114416442023
-5.654103815398641	0.2596856938255293
-31.91971673509986	0.29156301534633
-29.70642610117844	0.3262452408485401
-34.67190213693397	0.3271140697189756
-32.13253361699881	0.3113031615699954
-35.861176973171695	0.3503746260213233
-28.49525494408257	0.3114159117190609
-29.653039749213946	0.3530360633366156
-45.92909127742584	0.3644846681883541
-26.779628143634667	0.2705961706550204
-9.842787921487831	0.2518141257157204
-20.90773917730695	0.2766471468006201
-29.64316255297493	0.2665280013193823
-33.31393576783728	0.3537623255529016
-38.830033109418665	0.3645619386289283
-19.707453501790624	0.3279875385299742
-34.99081324327489	0.2974638755427529
-34.13381775532143	0.346282453586922
-30.273021612794945	0.3385115481324123
-55.940784695763206	0.3294326943510833
-33.86367095742076	0.3536168341584731
-36.51427110347807	0.3286143062321144
-30.08567203680277	0.3572161745975601
-19.74547048792478	0.3081237528243424
-42.90205260528162	0.2962340507343074
-46.94150621590517	0.3211876474622067
-54.51958831088634	0.3834199920875484
-39.235988253565495	0.2839093056814685
-43.001410870439145	0.3213677190268463
-15.50124312942048	0.268065263369081
-26.660700470872506	0.323483571202531
-17.955838085760206	0.3207682642254532
-14.439894960674078	0.2654992534371861
-31.15248290293855	0.3515205773738051
-25.64328221210249	0.3564017957539181
-26.48000714966958	0.2736099704872959
-33.98586849366934	0.3262452408485401
-32.575862591559485	0.3539807872607358
-26.83122232257567	0.3079030733236624
-49.279420604829824	0.3311455159854909
-37.07169080618228	0.2984965569367566
-46.87293511169364	0.3106283714798871
-20.657409571748143	0.3252579278442699
-33.4745917669338	0.353544133329082
-41.91883149056434	0.3630993801758139
-52.36486485645487	0.3195760387497964
-25.54064507670332	0.3638676818689493
-27.717573445887	0.3581088430888494
-34.848902088417894	0.3722967448609341
-55.49791199372195	0.28935531962185
-135.0888433355167	0.4215833940947915
-33.921775122350205	0.3148944633789882
-56.061694480411504	0.3084000474377071
-39.16401234936369	0.3502319072327199
-25.859095104620422	0.288626831908804
-57.97417461856902	0.3875678757071568
-73.51261793199956	0.3019558673419938
-44.14463117801439	0.3661142568687789
-39.09596908894001	0.3638676818689493
-47.04205380624551	0.3113031615699954
-35.26636883900952	0.3185695932776315
-20.99133294062228	0.3041993038232186
-56.908502456947694	0.3384449251156573
-40.64501529837784	0.3077377710294658
-54.168725398370334	0.2962850903708915
-34.99173505479595	0.3575132358654168
-48.085188023568136	0.3774448341774922
-29.13405841890576	0.3339104202937193
-75.66793775593898	0.3900291822437411
-52.66003448891929	0.3625634966292757
-19.92802178620701	0.3391792237697544
-37.3645532188023	0.3640217325386652
-20.76760506111141	0.3237271582290389
-25.775782214630045	0.2835815739631687
-28.72346137924495	0.2858441929043641
-28.33556756253029	0.2717936880848198
-32.45334789218915	0.3118111812352955
-55.948320475230254	0.3050627398461335
-32.588923578293254	0.2812164618990441
-36.25781204241089	0.3555176068870487
-50.01945668112632	0.304792390023512
-36.55515329771295	0.327799974173209
-108.16412788158578	0.4045256797253951
-41.73738600021202	0.3025402295060969
-24.38201311198752	0.304684384215566
-30.449569028865483	0.3584073915199364
-29.5988259872042	0.3623343161636441
-23.61583915682784	0.3551504883338816
-39.23207326828273	0.3751393247191655
-34.72153997434726	0.359982973521594
-23.163332932348272	0.3682309774117034
-42.5	0.2643970886397071
-34.1094245338295	0.2696203613221472
-31.83560934495916	0.2701285995150259
-27.54359538372071	0.3051710141104977
-17.779448136046213	0.3416048201256763
-17.779448136046213	0.3416048201256763
-33.53691633164157	0.2694936004564574
-53.07357338367718	0.3217886722516195
-27.93254495707207	0.279661516427493
-61.06532308858475	0.3255658206195863
-61.0190521055792	0.3941413395628363
-46.89305542317398	0.3235444335865766
-56.92548039277513	0.3897639765441194
-35.282786682638054	0.2702559585907048
-27.27046657874909	0.2807573329816579
-34.3562744802259	0.3693382011410341
-53.19232763336353	0.3207682642254532
-48.28604655437	0.3651812836085484
-42.75696349609081	0.3679158460660365
-52.38891309309837	0.3910046986158833
-61.151076701702266	0.3941413395628363
-32.443328526643654	0.3399839194370611
-23.495269566892	0.3476124246033262
-19.609595331297225	0.3647939466509662
-26.28040410569444	0.3371840518652264
-40.344454242512114	0.3680733442878114
-32.334685700430576	0.3194573034576732
-28.848074487139563	0.3487403497287882
-51.68988232822558	0.2919590262330483
-51.68988232822558	0.2919590262330483
-51.68988232822558	0.2919590262330483
-13.69374953643884	0.2612241629215638
-43.80154968024024	0.343927732902531
-29.01397917458294	0.3216081287661595
-23.4137401230045	0.3029132754117764
-13.69374953643884	0.2612241629215638
-13.69374953643884	0.2612241629215638
-49.9626840684424	0.3053877933782019
-57.63171101320849	0.3812100785884847
-56.27837766427636	0.3558118486473525
-24.88783209255848	0.3105722709974092
-26.87213272582528	0.2684837883704379
-75.95067100784203	0.4173880253671492
-26.87213272582528	0.2684837883704379
-33.267624896697995	0.3391792237697544
-35.83962328837715	0.3661922198706675
-26.87213272582528	0.2684837883704379
-31.94942221791974	0.3309543234242984
-11.504752596044437	0.2468971521195484
-13.118279893933686	0.2757598884722025
-16.29800795805687	0.2962850903708915
-76.41039391092404	0.329748545448256
-52.23751633039746	0.3781087652842249
-27.0795572866016	0.3361295278562656
-26.73936464538296	0.3380457370773844
-42.84816822080319	0.3608138196627475
-39.27687488179589	0.2982377149692429
-12.181632839872176	0.2466492634126011
-33.18005763942509	0.315125282117034
-13.5	0.2462959989276217
-15.599280455449165	0.2919590262330483
-15.599280455449165	0.2919590262330483
-21.673103416632955	0.2632637269615209
-39.2569566591695	0.2985483792556692
-22.436121807615027	0.2836751343636844
-12.170682439482166	0.2466492634126011
-38.99344944392807	0.298444752605459
-11.504752596044453	0.2468971521195484
-31.93856786749839	0.2926546399783279
-37.475883564842974	0.298807760992642
-45.096980836898034	0.292754284050503
-17.66174798999504	0.3066949642433841
-23.69136726461217	0.2848970617151515
-44.35707428698629	0.3325543733344913
-17.59629955525189	0.3031803005135146
-30.65838239872978	0.3306997431755105
-50.06707640187586	0.3795274033353906
-30.16800331306494	0.2879020030993897
-30.62735046898134	0.3365900693898326
-26.09844278216213	0.3142614518480729
-34.57289901015699	0.2996930401729966
-51.79036841039306	0.3755489549055809
-43.827181745723045	0.3452396435480134
-48.44810649771492	0.3411981477207648
-20.029964086141664	0.2724827546367698
-20.029964086141664	0.2724827546367698
-44.360067644699456	0.3466314582770923
-16.669890589588782	0.2776297488719171
-25.56100529651168	0.2781236720867952
-46.42700157084808	0.3647165778393753
-40.89025967966774	0.3663482455288996
-44.46235941067721	0.3135737900278364
-30.487751420506125	0.3598323215134243
-34.24312563690008	0.3150675457150338
-41.31959217432836	0.3189240846648098
-33.19423720653895	0.3220297124555533
-35.70404381901542	0.332233126837839
-27.14702646988706	0.3134594722042754
-28.4493003471278	0.3391123377070902
-43.4654139142227	0.3072978313996881
-32.08232160193526	0.3518082374207559
-33.03275171557792	0.2749662079489374
-30.86152068823567	0.3017968874188583
-20.029964086141664	0.2724827546367698
-26.403893592917186	0.360284656298482
-35.118868403566736	0.3426940343787674
-32.948350959598315	0.2892093280377825
-32.46422363004668	0.3056048808446161
-44.45509006949251	0.3099565004528938
-32.357902555940576	0.3081237528243424
-16.669890589588782	0.2776297488719171
-41.70745342658852	0.370133160678574
-40.59433191735189	0.3718137653000334
-46.69064442789043	0.3076276680702424
-20.029964086141664	0.2724827546367698
-47.16222980789986	0.3091763150867772
-43.14322593529585	0.2973095893002515
-16.669890589588782	0.2776297488719171
-16.669098771297875	0.3205888636302488
-16.669890589588782	0.2776297488719171
-20.029964086141664	0.2724827546367698
-35.170359882848594	0.3417405931066484
-34.5	0.2722239456249256
-47.21987123889184	0.3743227393366684
-40.2730156213745	0.3654140808569177
-35.53329614922049	0.2988596914342465
-29.27319475142332	0.3444788991411568
-51.215946274937856	0.363559971355741
-31.180191135814617	0.3300016627351093
-11.730076953984735	0.2481441074332835
-28.60912558347952	0.2991716535338647
-31.68730124724469	0.3475421714859852
-11.244301693444696	0.2887237515971549
-35.26050816870006	0.2742645397946818
-32.139096266600326	0.316808891767254
-21.47529757230452	0.3030734339994104
-45.786097481405896	0.3105161907751272
-32.58247589392223	0.3806194476566301
-49.6911008109403	0.3273631571507053
-41.05988339397531	0.3236662270868915
-58.70769043192735	0.3524571970716652
-21.33303658927745	0.2751862161166034
-29.59971004097413	0.3531085553414075
-32.41644816464987	0.3401856903091305
-45.1815091348783	0.3358013404633186
-36.35116889465294	0.332876241678795
-44.920393076858026	0.3683887456111085
-28.34368180807577	0.340522507824288
-25.53236461377918	0.2991196146308322
-34.83370765996132	0.319932774793052
-23.03835480565716	0.3142614518480729
-43.43999216052371	0.3615724694097255
-16.84695888756282	0.2845670469158787
-35.9852347601457	0.3079582135588565
-36.021079947931206	0.3135166206951057
-24.24221533212314	0.330445554287597
-15.96037348764308	0.2884815743185128
-14.114369522967769	0.2767807282331651
-32.02456341044297	0.2945091050715285
-31.576826550693823	0.2784389029327485
-18.303717142193392	0.26334435903716
-14.099329439187068	0.2684837883704379
-27.112310855605028	0.2818155792383898
-29.63781495203916	0.2955213377749879
-27.73362286699203	0.3294958161549444
-12.172589132928918	0.2404416477226866
-11.520824298928629	0.2403744289226523
-11.520824298928629	0.2403744289226523
-131.35575645238052	0.3013209505016042
-39.93072508562158	0.3069139147800561
-8.852349955359813	0.2378805733175618
-42.12278958163254	0.3189240846648098
-94.53803154926756	0.3011626382684159
-39.49387498141684	0.3420804982121851
-45.27880730112057	0.3544915820475479
-31.830654897801573	0.2950143531502238
-50.014720000390376	0.3520963686553347
-20.30594812228245	0.3009518138804086
-26.763940212997657	0.3264930063627596
-47.28774195602517	0.3594562425820767
-33.08478570633426	0.304360825577461
-41.666043600789024	0.3605112504219402
-35.2254570331584	0.3084000474377071
-37.05134109342777	0.2778091542023674
-37.629274888469936	0.3628695219482285
-9.770355258627232	0.251188820407925
-9.066048165876014	0.2487183489315381
-30.87903208234982	0.3075726461299686
-53.28205006387782	0.3673656621475442
-9.066048165876014	0.2487183489315381
-31.31636247258426	0.3419444550631645
-27.76390798380124	0.3464917720154452
-43.32560441917151	0.3302551689096706
-30.95141140201984	0.311021643066134
-0.9124379454771672	0.2427839424696675
-46.03708191666748	0.3766181919651017
-44.0715560443147	0.3153564394851741
-40.999880757722565	0.3174522179273868
-12.59929657621105	0.2527765198460465
-4.275730833115309	0.2427154078352371
-37.007575322837	0.2675231276466482
-37.007575322837	0.2675231276466482
-30.20994456300426	0.3582580551068031
-87.15264720697743	0.3076276680702424
-27.44368132018363	0.2820466892754887
-18.04213409961969	0.2618207467284797
-27.44368132018363	0.2820466892754887
-27.44368132018363	0.2820466892754887
-26.13637482479922	0.2906759067803676
-22.137850322725416	0.3236053188770521
-35.05070171311132	0.3651037504273152
-53.5753296721487	0.3223919506022975
-27.313752035751627	0.3290544708214035
-35.360094583893805	0.3187467404101307
-79.82493471476499	0.3079030733236624
-31.75319804313716	0.3201710416147188
-25.258674942536853	0.290185397319044
-26.53295560725393	0.3326186971978055
-13.588654565368554	0.2862248110041037
-28.91525836395262	0.3399167156577693
-20.06499772614525	0.3212476488908378
-30.836503114210853	0.3630227284172799
-47.77524634786665	0.3782751131792026
-22.137850322725416	0.3236053188770521
-24.257251962813243	0.2954705609128273
-33.91977366415137	0.292754284050503
-21.61324772192248	0.3168672681983885
-29.541750783791592	0.3581834335581451
-30.435146604842963	0.3561065778655322
-31.24519048700069	0.3550771555879939
-67.20747787852815	0.3363925400063879
-33.63190789787115	0.3462127369665099
-38.3231407627442	0.3143188931662685
-82.56071280673227	0.3204693746762308
-23.30522250434572	0.297618321999421
-41.49221148385911	0.3722161611499253
-29.379454352780325	0.3319125003884684
-38.09703279075142	0.328991517985968
-31.05263710578656	0.3575875783973081
-27.06896344523883	0.3033407416674289
-32.23559599538899	0.2714504600651389
-39.71689466321034	0.3094545014419029
-15.367807501816875	0.279207446746656
-17.470215999854016	0.3053335696932981
-24.22151371563525	0.3046304100110992
-19.19958269457516	0.2720516792457925
-25.225692149911087	0.2826958185948799
-29.24376457846581	0.30169099377415
-24.093332569255924	0.315703812100726
-30.870240837778628	0.2970528009177154
-33.36560329211176	0.2931035732934472
-32.22297972918075	0.2941061509342662
-19.19958269457516	0.2720516792457925
-17.811898533500674	0.272137785173707
-33.36560329211176	0.2931035732934472
-19.19958269457516	0.2720516792457925
-18.682800525399013	0.2726123437718222
-20.809503595327865	0.3114159117190609
-26.13554426083056	0.2947615126007293
-28.363321290205725	0.2821855373338783
-51.9219132312331	0.2894040162424528
-30.19388986545188	0.2700861731604609
-29.208019659494507	0.2773163464784156
-58.38126935276024	0.3455865483345367
-22.51899691480268	0.2991196146308322
-24.05007271596827	0.2999021040308083
-33.048550594255005	0.3542724895988164
-19.71955348876068	0.292455555189227
-36.46547989004316	0.3113031615699954
-33.782513399532014	0.3090096432188059
-25.22013789471209	0.2825564680434858
-30.56648579757781	0.2820929567770103
-30.193889865451872	0.2700861731604609
-41.30201065457581	0.3258742968566713
-28.842957715734908	0.283114696166061
-29.906983581276783	0.3022212064169868
-17.379266242778332	0.2930536238092459
-23.1241456224594	0.2712791709280099
-23.07876265552441	0.2756272903530462
-52.52090336432974	0.3399167156577693
-33.001207854974005	0.2692404359656575
-22.064096753186472	0.2710226421611749
-31.69689231635241	0.2919094660520548
-19.19958269457516	0.2720516792457925
-27.82283561928747	0.2996408197443204
-46.25544724664216	0.3123208616986296
-19.611586918577053	0.2899896567474965
-17.80040909664003	0.2973095893002515
-5.11280028019894	0.2870849189503597
-43.43145351448613	0.3391123377070902
-33.569263843321195	0.3290544708214035
-3.9558765589926335	0.2467554404523826
-43.959002578180495	0.3338455959061647
-43.12503762729263	0.3533988213137392
-43.959002578180495	0.3338455959061647
-33.96840492212488	0.3409275702840315
-32.43288722379671	0.3467712572116666
-43.959002578180495	0.3338455959061647
-30.26460523530709	0.3312731004647765
-67.69981551503179	0.3337160226106452
-24.78184614909801	0.3219694185569471
-31.54334343696208	0.3282379584868591
-68.93647162950644	0.3144913431808073
-37.743039736484725	0.3079030733236624
-32.13622818847637	0.3211276684430728
-18.321843118611653	0.3009518138804086
-18.321843118611653	0.3009518138804086
-21.611400518082142	0.2958263658201711
-35.96512397594799	0.3428306747433522
-35.18694986928931	0.32918044879645
-25.80635327593946	0.3424210801498715
-24.30380020606036	0.3457255055312936
-60.24910275763282	0.314721571104073
-21.56545750575673	0.28935531962185
-20.883838538880404	0.3033942597940463
-67.40923324825725	0.3011099044847933
-30.7335299558708	0.330445554287597
-28.577613291514524	0.3510183026153612
-24.695666948316227	0.3261214990541731
-33.39818216358799	0.3615724694097255
-25.910793857376326	0.3148944633789882
-29.34915918884173	0.3414691549866272
-35.72738216131108	0.3633295297935041
-18.25667485394815	0.2923064192610326
-10.0	0.2453122203299079
-33.40733637887852	0.3403877008140646
-44.13567876397474	0.3525294515196094
-40.23901766903048	0.3578852579630915
-41.58834121570849	0.3575132358654168
-59.13480724823834	0.3205888636302488
-20.343165655216712	0.3312731004647765
-16.164834257777667	0.3369198010408806
-20.31731361535953	0.3310817605915777
-71.87262818305575	0.3026467202591789
-38.427807531165286	0.3438589611103089
-40.10780333412172	0.266033209237725
-27.370687025908424	0.2942067860586236
-37.96070980109476	0.325750836240321
-32.46239846075516	0.271965627789444
-49.63424438212251	0.3265550065538653
-16.13438212779902	0.3373825121665008
-65.99411969355207	0.3113031615699954
-47.01578422859215	0.266280375427788
-36.30176352315204	0.3416726931278869
-33.44682015404492	0.3392461362226582
-20.57816281586449	0.3123775957334523
-50.0	0.2633846935997327
-52.74247282695033	0.3185695932776315
-31.16548777476244	0.336063839068332
-62.30756422538762	0.3107967945983471
-44.771490624307376	0.2909710092237995
-53.50206831144888	0.3159938744051185
-37.99751323530525	0.2760254678190457
-44.17500322315368	0.2878538105980339
-50.0	0.2633846935997327
-47.10319440048149	0.2869412088290764
-42.40113310810385	0.2845199643468986
-104.04933532019471	0.3008465123360138
-26.37684927033175	0.3473315824101504
-26.91981557842153	0.3464917720154452
-30.346516909542306	0.2890149015987655
-50.52814669756103	0.2785742207213113
-50.0	0.2633846935997327
-37.190052122073126	0.3346902811429846
-56.59248447938345	0.3243377337820925
-37.7789986208218	0.3434469072324056
-34.565782371099544	0.271750737122733
-51.009376519956575	0.3152986183558223
-37.72417256499147	0.3497333057784532
-29.476164947691604	0.2918103961501196
-88.96690355880054	0.3023274726639688
-79.12495336625125	0.3116416572150516
-31.7544541275358	0.3027532860057491
-96.59051811590078	0.3028599268250537
-39.92026461783517	0.3326830459494398
-36.40986788807161	0.3220297124555533
-18.6823984784274	0.30169099377415
-48.76888974776287	0.3837622549682336
-52.08565524478041	0.371492474511267
-55.94539508691968	0.3120941314904999
-54.734052360935785	0.32918044879645
-41.87221467516979	0.387830100250937
-26.24681265929123	0.3460037554351418
-46.63995738794663	0.3922533450074486
-23.2319831567384	0.3356047354630473
-34.56528083213634	0.359982973521594
-37.582108578788606	0.3147791807638028
-68.74260067203295	0.3204096635946813
-42.66397379099537	0.3117546527397851
-42.04292190837925	0.324154319418031
-71.34053668802017	0.3113031615699954
-73.38228708634325	0.3124911256610312
-36.54399692339766	0.3154142818255052
-31.809562382222147	0.3246438860699745
-33.92012355831332	0.3320406766774773
-45.71971158283569	0.3109654004543679
-21.36482506064775	0.2856068202146911
-23.396446718798373	0.2855119814897318
-13.89689069078737	0.2388387034045354
-20.039821870740088	0.2799802449548444
-54.41663105486667	0.324154319418031
-34.456043078275215	0.3284260245440517
-36.568365241659365	0.3354083605446957
-31.27005542133381	0.3152408184257846
-44.45789435681141	0.2982377149692429
-43.3110902218039	0.334494974618295
-18.51288991327838	0.3418764740581819
-20.66385195446946	0.3437215000025294
-49.87348492452757	0.3049004724313218
-49.87348492452757	0.3049004724313218
-10.525418381006592	0.2575080360156715
-48.73522645437064	0.2955721320922404
-38.820090068194304	0.3424210801498715
-11.576473218982953	0.2526650991055914
-38.08131988982107	0.3449626207648254
-49.10841567842659	0.3500893046646284
-43.21958925934669	0.340995174402668
-47.28791345712044	0.3215479926164276
-43.94584638158767	0.2961320241971164
-47.51313504202581	0.2821855373338783
-25.928123030786303	0.2962340507343074
-47.28791345712044	0.3215479926164276
-19.09092315491545	0.3287399473356251
-17.679161539669263	0.3331341852988482
-34.511699920503816	0.311585190163554
-21.401468087445217	0.2886752836180384
-39.56179487651012	0.3148944633789882
-44.12942020708923	0.310740633269363
-54.8030573533611	0.3183337031678369
-29.362214658943795	0.2948625967957227
-20.0	0.2520725101894833
-47.50523799929629	0.3184516045393805
-22.521102116475365	0.310012378675438
-5.197958792272019	0.2698742411350682
-27.036683708486507	0.2734794313792389
-6.680480738208129	0.249620941285042
-31.6718917658476	0.3166922034093287
-25.196644062364346	0.2805741009157538
-41.13372501662903	0.294156459889267
-31.194998087517003	0.2771375768755286
-55.26689249090107	0.3543454903178765
-16.506164617962614	0.2996408197443204
-24.83858232740729	0.3238490893620819
-40.79240197519562	0.3293695967271892
-41.42851247912617	0.3352775715563764
-51.144708026572445	0.3354083605446957
-50.47240823335898	0.3347554340106394
-39.76154191067144	0.3563279454025393
-37.346392742733904	0.3634063111818797
-38.102002463019154	0.3595313954657442
-38.37586523734135	0.3602091882096051
-31.44959952144972	0.3312092959384928
-24.04004235971472	0.2595681003037969
-39.11534144257219	0.3243377337820925
-26.91421236919544	0.3152986183558223
-33.98187379082688	0.3256891410061846
-30.041962203056208	0.3321689520016718
-29.97525562326981	0.3352775715563764
-34.51601464709845	0.325750836240321
-21.01228894306066	0.2808031783985393
-21.70080842171547	0.28107856562809
-34.51601464709845	0.325750836240321
-33.662567402629264	0.2743520524110809
-40.40756076953075	0.3163426535159409
-33.55000142043893	0.2597249153470253
-33.55000142043893	0.2597249153470253
-33.55000142043893	0.2597249153470253
-33.55000142043893	0.2597249153470253
-30.03026522399248	0.2974638755427529
-29.186468978220915	0.3045764549260812
-31.09858587117889	0.2598819199807548
-35.99409911599642	0.2927044535340689
-48.11041595903151	0.3293065232693709
-43.728296114971485	0.330318606322062
-33.25392531752303	0.2598426510294129
-57.57056677619593	0.2906267812257317
-51.30370295779652	0.3310180297425707
-32.295599808825834	0.2594897637713377
-27.65110399280778	0.2629819031216783
-34.321156273331944	0.2681488639502035
-33.55000142043893	0.2597249153470253
-53.04232290127307	0.2920086032454839
-28.69202634555161	0.2673983306659391
-29.02505237598865	0.2702984383075534
-29.02505237598865	0.2702984383075534
-31.21362701858729	0.290185397319044
-30.53882650250546	0.2874208030273533
-27.69744363435298	0.2767361867577494
-48.32507141303368	0.292903877450631
-27.71809573820636	0.2625001777610525
-33.68214244246107	0.2827887953482412
-34.26407319996735	0.2852751600054171
-31.42140719997697	0.2831613147559122
-34.48411248837263	0.2657454279883565
-39.03057012479882	0.2773163464784156
-35.748624650188525	0.2830215050218325
-41.40527401638774	0.3110779060261677
-37.79687342963325	0.259646484148068
-37.79687342963325	0.259646484148068
-20.0	0.250822442315148
-37.02443209997981	0.274395829665335
1.5	0.2135931765634895
-19.5	0.2508956324062817
-8.5	0.2482515756478497
1.5	0.1017537671309263
-0.1180339887498948	0.1137778658536889
-28.832290274994968	0.2804825745412909
-62.58260415869123	0.2832079487010301
-23.71423585604713	0.3092319123381864
-39.42112911677981	0.3063125515697639
-24.588708848446256	0.2914641804258737
-48.23679917251713	0.298963606486901
-18.39207261295645	0.2780337371887881
-26.822584798929988	0.3062034659032505
-34.16651820171589	0.3537623255529016
-54.44260855198778	0.3228155931129444
-41.57771406307601	0.331720421395188
-41.57771406307601	0.331720421395188
-43.13279362048644	0.3253194598018643
-29.520752775345645	0.3369858249093974
-27.860590656563613	0.3392461362226582
-17.061417344707895	0.3276126242165469
-30.71699630517824	0.3331987336780962
-22.25174748405184	0.2741770829899003
-11.634760858386578	0.2515930745446459
-32.20341124633084	0.3243989180367204
-15.520883914052426	0.2559747937649084
-27.158870265871368	0.2559747937649084
-32.908632194979454	0.3279875385299742
-22.861432096059584	0.2564710909041991
-24.780217085504667	0.3266170302968005
-26.11817635087008	0.2776745784777418
-20.01541401690931	0.3032872424184576
-42.7428440197927	0.3264930063627596
-59.72986954626684	0.3110779060261677
-28.44650940624948	0.3319125003884684
-17.8039629581126	0.2669003049065117
-72.71403564768498	0.3028065970263523
-12.281255628126743	0.2967452397778524
-26.66909565452347	0.3137454231915079
-38.974506698380566	0.3212476488908378
-45.855623443494025	0.3123208616986296
-15.61109347350108	0.2768698542123096
-14.189622272061618	0.259921200803001
-20.972669458580267	0.2882881248135213
-45.75436613946201	0.3109654004543679
-30.06361142105164	0.3181570147109444
-54.25422381790219	0.3130600153855187
-27.069303628178087	0.3160519508385692
-38.38440371904933	0.3137454231915079
-62.15091881785007	0.3162263082958173
-43.57488408529895	0.3176868029766589
-24.966298410470188	0.2735664436068493
-48.57690480552428	0.3119242997483502
-37.15480796825912	0.3386448728855169
-105.94319538028552	0.2995364334632738
-10.525418381006592	0.2575080360156715
-1.0570827846972772	0.2332345944001973
-1.0570827846972772	0.2332345944001973
-10.525418381006592	0.2575080360156715
-30.904326023342406	0.269451373317558
-34.16074812727358	0.3172179790652379
-41.34676164264842	0.3422166496542596
-27.73817638141896	0.2728718921790947
-18.481517369270072	0.3108529762314994
-18.481517369270072	0.3108529762314994
-17.147563687492724	0.3114159117190609
-18.481517369270072	0.3108529762314994
-19.455724786129835	0.316459084378479
-45.38678118648181	0.3044147042861843
-26.580991742307216	0.2828818332805815
-41.21091050751925	0.3106283714798871
-21.80271581852713	0.3333279055073957
-31.892569418285067	0.3242154344857946
-34.160748127273614	0.3172179790652379
-34.64812660086543	0.3263071469663481
-34.9240121116329	0.3124911256610312
-27.199690750995693	0.2830680929238938
-48.63274421181917	0.3152408184257846
-36.0	0.2636673818633325
-32.5465187133756	0.2861771783179655
-26.580991742307216	0.2828818332805815
-41.72960235903709	0.3146639825274757
-36.0	0.2636673818633325
-38.19192828295885	0.298807760992642
-34.63853391372134	0.3150098304657729
-25.442009955374928	0.2676063903692273
-7.604774621670696	0.2409132340309127
-11.582762530298218	0.2517772568832584
-21.339162979272945	0.2717077997333946
0.374667264879411	0.2133282054971659
0.374667264879411	0.2133282054971659
-52.41040252275754	0.3068044004482881
-49.3468985062914	0.3127184332628941
-47.63809724726657	0.3220297124555533
-8.697229881190443	0.247536874120146
-2.75233724642908	0.2427154078352371
-10.753271797055554	0.2516667151342974
-3.188164992095257	0.2058461413110671
-31.775962356375828	0.2892579755277804
-41.52652127684417	0.2952676278352772
-128.26181947636695	0.3043069659374721
-63.76000123053733	0.2860819604912086
-20.5	0.2471810643255217
-6.858951059522463	0.2396374950547177
-8.044498824258191	0.2674815157120322
-50.1132876219947	0.3318484493463247
-83.5064353284061	0.3177455034206679
2.2192235935955846	0.1968000302715329
-21.584800378544628	0.2473232654268164
2.2192235935955846	0.1968000302715329
-46.0	0.2598033939435949
-1.0	0.2276461033244181
-24.86355947147932	0.298134303833678
-50.48149040998265	0.2753624763030672
-58.93598751429568	0.2746587868571561
-25.222591843752543	0.2688615798174882
-10.646405044778506	0.2533724273629961
-7.943268113301793	0.2572768797894456
-26.51556079919286	0.3197543072727137
-9.982100560259555	0.2561654498007827
-10.726812023536851	0.2355992142091594
0.5	0.1892832872330935
0.5	0.1892832872330935
0.5	0.1892832872330935
-28.41978011317578	0.2758926142327378
-28.829636538298487	0.310460130802068
-20.86748186992396	0.2653763371161504
-18.332668421567217	0.2659920594760487
-18.79837518154043	0.2723101606512518
-20.86748186992396	0.2653763371161504
-20.86748186992396	0.2653763371161504
-36.60461600329533	0.2768252840490429
1.5	0.1724986121489271
-6.257804885470349	0.2100963548579908
2.0	0.1463148697790058
1.5	0.1724986121489271
-5.284116572672468	0.2382761070406893
-7.970711723102163	0.2360843855728521
0.1698036230366048	0.1971158487520237
0.7396013553019261	0.1970706697814181
-12.738963423174823	0.2504571314466436
-15.5	0.2504206588776256
-3.5	0.234059978836621
-53.3619997092983	0.3092319123381864
-20.5	0.2471810643255217
1.0	0.1382902022125174
-0.7320508075688776	0.1614835819807169
-19.27579547202016	0.2972581961128185
-30.69044899728993	0.3551504883338816
-25.67586531527265	0.3022743302008533
-1.0	0.2344428990473967
-45.00824131747062	0.3099006423702748
-33.893905815014136	0.2805741009157538
1.0	0.2062411447004863
-28.5654333924966	0.2624601136313575
-23.859638293854985	0.2575466024431114
-22.52614950352416	0.3022212064169868
-13.306653525519376	0.2550257547846143
-17.65351044790137	0.2802540196402632
-17.120635473499373	0.2928539960001115
-17.120635473499373	0.2928539960001115
1.0	0.1382902022125174
-5.0	0.2384743675651996
-69.67610049718681	0.3169840856244524
-3.11473994453672	0.2306073038101991
-3.11473994453672	0.2306073038101991
-9.935726331038872	0.2517403988453601
-9.935726331038872	0.2517403988453601
-24.343180903667232	0.334560051461606
-50.67468130836515	0.2971041231017026
-9.519836515170889	0.249620941285042
-0.4781532478254399	0.227857249836048
-0.4781532478254399	0.227857249836048
-0.4781532478254399	0.227857249836048
-0.4781532478254399	0.227857249836048
-0.4781532478254399	0.227857249836048
-0.4781532478254399	0.227857249836048
-0.4781532478254399	0.227857249836048
-0.4781532478254399	0.227857249836048
-38.99476495724665	0.3052793652605458
-28.648096066118708	0.3555911216940973
-32.632439390689726	0.2918103961501196
-21.17454201268142	0.315703812100726
-26.627820279202428	0.2926546399783279
-24.76107281127744	0.3244601253797462
-26.757546896344724	0.3172765063676485
-20.74087051458914	0.3138026760059589
-27.48724802252126	0.3187467404101307
-27.48724802252126	0.3187467404101307
-39.72690881341575	0.3438589611103089
-31.93060570350746	0.2840030824958967
-37.64011807454138	0.2693669587269196
-13.066608999887288	0.2649674367507942
-15.05791813300408	0.2401729978369629
-32.50347015513017	0.3162844702064842
-72.74948528504731	0.2783487640842756
-48.60386815529767	0.3035013527202003
-63.37340929969598	0.2906267812257317
-50.77275156834499	0.298963606486901
-50.99847120058631	0.3169256661468217
-49.939463628689474	0.3085107040747497
-52.20808288907557	0.3099565004528938
-34.801173206153	0.2872287730938124
-54.58955463626796	0.2964894249159749
0.5	0.1996098275696639
-17.91167229401675	0.2678982184939484
-25.882178978096	0.2593723475886357
-68.50997648200857	0.2925550637142999
-29.199731200838684	0.2879984365286643
-3.917548502854383	0.2403744289226523
-1.5	0.2279478611496096
-41.53487354885223	0.3163426535159409
-9.824380912248447	0.2496934317573188
-21.649011516424707	0.2623800220495353
-3.439504671222529	0.2447884219946839
-2.75233724642908	0.2427154078352371
-59.010115863972	0.2888207363978258
-65.39729496691456	0.2777194225634132
-4.210410054584337	0.2423733142371606
-4.210410054584337	0.2423733142371606
-4.210410054584337	0.2423733142371606
-64.19520769017895	0.2807115025322649
-4.954967939673842	0.2341555915730739
-12.509440767243754	0.2311031668475547
-2.1654968105571326	0.2009627982368417
-3.9528124323706457	0.2352125105338058
-13.069534497522405	0.2425784545792996
-3.9528124323706457	0.2352125105338058
-8.620545348741977	0.2569309225328933
-8.620545348741977	0.2569309225328933
-19.264301481428543	0.2818617709412644
-17.81119579339924	0.2890149015987655
-17.4886125421271	0.275538962427921
-12.44733421995231	0.271664875910372
-3.0	0.2222329625888672
-36.31904785642029	0.2889177863764541
-5.108167517811386	0.2389382610132909
-18.686211081488096	0.261184487319662
-43.10952031725836	0.2769590376087381
-41.01571883877382	0.3144913431808073
-41.62072131507199	0.3146064150224396
-134.00766238534752	0.2957246198646009
-18.686211081488096	0.261184487319662
-22.0	0.266445408198428
-7.767604563662257	0.2599604935015351
-19.74107482085071	0.264072276491501
-20.5	0.2471810643255217
-24.0	0.2607488498123813
-29.699076103953484	0.2899896567474965
-21.613853360545622	0.2926546399783279
0.7344355629253627	0.1723084834181016
-3.2015621187164243	0.2098143807360486
0.9999999999999992	0.1462277775946135
-45.21373042904637	0.3350815792113513
-55.61334610218318	0.3084553658318663
-37.183096959305246	0.3581088430888494
-28.39346809450832	0.2971554630227501
-38.63898532141236	0.298444752605459
-82.58995221071751	0.3158197730969063
-71.06243052901235	0.3227550046007235
-26.72791982762158	0.2964383148616885
-26.72791982762158	0.2964383148616885
-30.53174598304712	0.2836751343636844
-19.021856933097087	0.2668588864855144
-43.34758380707802	0.3210077775830977
-21.5	0.2576623710687226
-42.325595880979854	0.3735097012408025
-51.29344748278297	0.289306639386382
-27.54288773695112	0.3340401446217278
-35.13859205221686	0.3056592009443041
-22.0	0.266445408198428
-22.0	0.266445408198428
-52.03530350220834	0.3059310913561029
-35.275808438219	0.3192200973663736
-23.53995408413136	0.2692404359656575
-23.735511344474123	0.313630980213871
-18.28439779975948	0.2758041162009069
-59.22138442625321	0.2959791160951213
-35.138592052216865	0.3056592009443041
-35.138592052216865	0.3056592009443041
-51.29344748278297	0.289306639386382
-44.66701976535067	0.3038230856029425
-37.695659616974766	0.2874208030273533
-22.0	0.266445408198428
-37.288619454179	0.2843788100732023
-67.72695752428601	0.3176868029766589
-31.62263283443414	0.2952169381137605
-16.458266691683153	0.30169099377415
-15.142081247778766	0.3012681612671083
-29.88874193500204	0.316400858235999
-29.88874193500204	0.316400858235999
-36.633801008121104	0.3419444550631645
-10.875746730254022	0.2762028050935841
-48.113111424318895	0.312775311842971
-8.820794912742265	0.2427496703151686
-33.40634033021665	0.2861295614829708
-33.40634033021665	0.2861295614829708
-36.96889844702591	0.2835815739631687
-37.95098603474581	0.2772716324593123
-36.96889844702591	0.2835815739631687
-33.40634033021665	0.2861295614829708
-36.96889844702591	0.2835815739631687
-31.46329205408854	0.3002162472962037
-36.96889844702591	0.2835815739631687
-32.992103189064125	0.2894527292564643
-27.387470121376992	0.3019028554270812
-35.114826710919225	0.298444752605459
-33.40634033021665	0.2861295614829708
-32.99210318906412	0.2894527292564643
-32.99210318906412	0.2894527292564643
-11.5	0.2384082440749556
-23.60407180965926	0.2808031783985393
-23.60407180965926	0.2808031783985393
-64.4297222600976	0.3139745598891099
-33.5	0.2648858078423682
-32.89610805290492	0.3048464216473417
-30.75526607683037	0.306367123554722
-31.696873789132525	0.3215479926164276
-46.08082195733383	0.316400858235999
-53.56796886271897	0.299223710546834
-11.484700733885978	0.259921200803001
-54.52989016967844	0.2968989406962457
-9.742649672583562	0.2650491159853044
-55.0663324347984	0.2982377149692429
-11.484700733885978	0.259921200803001
-41.74257022549863	0.297618321999421
-54.52989016967844	0.2968989406962457
-50.67468130836515	0.2971041231017026
-11.484700733885978	0.259921200803001
-54.52989016967844	0.2968989406962457
-54.52989016967844	0.2968989406962457
-12.586308764964375	0.2399049476161627
-65.80727014566445	0.3058222771674648
-27.66516422471164	0.2977213754350164
-34.87649437009187	0.3054962985455063
-56.20423862474202	0.3234227317119907
-46.00461993102125	0.3184516045393805
-39.31494162978799	0.330445554287597
-23.528718452205432	0.3001114597753324
-25.53037840615852	0.3301917558588046
-36.73213488317982	0.3387783027014686
-43.52883591836684	0.292455555189227
-42.24055624203701	0.3379128835748978
-42.17061025752865	0.3299383469901487
-28.749251443317736	0.3328118181754702
-30.009890038203825	0.3547109456503001
-42.209796866465496	0.3019558673419938
-36.88115140425785	0.3350815792113513
-46.5	0.2711508458708065
-44.18378114752774	0.3261214990541731
-46.01278631828512	0.3039842079746606
-59.25232535472408	0.2970528009177154
-38.80318651081313	0.2741770829899003
-40.09091568397909	0.3618768233402051
-55.00148404877911	0.2945595519891495
-40.92725547103885	0.3237271582290389
-43.45038918096687	0.3502319072327199
-11.6041219597369	0.2549123427976067
-20.964868975829496	0.2529996563943879
-43.400138092148346	0.2911680772964197
-20.287823630435785	0.3054962985455063
-80.67069575662697	0.2889663358280381
-8.706448908767918	0.2853698414392059
-47.59939586924754	0.3406574216546463
-51.906822917709945	0.2873727714760453
-39.54759344734665	0.2687775343095741
-43.74560041315748	0.3074076983397667
-44.06238538445589	0.3166922034093287
-40.44949017791823	0.3029666427964508
-35.85114575167695	0.2774505751069143
-37.94673208895993	0.3314007832940171
-41.20900869715114	0.3366559640784367
-39.55372530427879	0.2735229305730324
-49.74852318032952	0.3091207378235942
-43.35456494517644	0.3286143062321144
-51.906822917709945	0.2873727714760453
-49.63540110202138	0.3058766745842502
-43.93364577962388	0.3131170183016487
-42.88651713026992	0.2965405525974572
-40.207183639015966	0.3207084417218677
-46.70077216076489	0.2998498107258334
-35.73543474520896	0.2745272452925694
-39.49239624061765	0.3093988241296608
-37.134614234213856	0.3162844702064842
-51.906822917709945	0.2873727714760453
-43.745600413157504	0.3074076983397667
-51.906822917709945	0.2873727714760453
-40.39335243185682	0.3005835805825301
-34.56038506929733	0.2800258369178725
-48.43961242259324	0.2914641804258737
-51.906822917709945	0.2873727714760453
-51.906822917709945	0.2873727714760453
-44.22009332767418	0.2963872224254834
-60.86795827840146	0.3079030733236624
-44.35123155244881	0.3089541258556691
-32.22949162329684	0.3378464959749813
-50.60856812042847	0.3123208616986296
-50.60856812042847	0.3123208616986296
-59.5	0.279661516427493
-46.53882853984271	0.2870849189503597
-28.72354104431237	0.3595313954657442
-40.77706734717036	0.2950143531502238
-29.77114686464356	0.3176868029766589
-47.52539761558373	0.2991716535338647
-90.1476151587624	0.2985483792556692
-27.69916351563334	0.3262452408485401
-36.51128594994642	0.3247665088786883
-36.51128594994642	0.3247665088786883
-36.51128594994642	0.3247665088786883
-36.51128594994642	0.3247665088786883
-47.52539761558373	0.2991716535338647
-52.54471643106844	0.2937042979526311
-71.34682661780084	0.331720421395188
-27.32931668593933	0.2717077997333946
-57.56810133148336	0.30142658448951
-28.39855193135836	0.2968989406962457
-24.026286513036844	0.3011626382684159
-26.56893003105009	0.299432119887281
-28.440173611249307	0.331528564586978
-10.769683258461008	0.2659920594760487
-10.459645657272008	0.2699589740208249
-49.14048831309942	0.3119808897882175
-22.553729829185087	0.2885299772672239
-20.20456012027524	0.289940762858313
-17.72406276192786	0.3018498621226356
-8.0	0.239004678875977
-16.39351453312546	0.2822781786790306
-12.088193597017142	0.2827422993279603
-50.48149040998266	0.2753624763030672
-8.5	0.2351481833054362
-33.96079372192943	0.3111341893455138
-13.22115068852252	0.2485026971839096
-39.44408398422093	0.3047383775496464
-56.30210162286809	0.2987558485949713
-34.21340805200142	0.3090651805378603
-20.681597247984165	0.2560891533153618
-31.5	0.2605118413138395
-2.0	0.2185888730790205
-66.29154786264522	0.279661516427493
-21.50379718159235	0.2815387466458177
-21.50379718159235	0.2815387466458177
-25.197482299742827	0.3061489522009355
0.4999999999999999	0.2414544600551326
-37.50050018033376	0.2941061509342662
-1.5	0.2045727652287241
-27.86867495936276	0.2597641487179237
-62.230256242693365	0.3056048808446161
-25.233879998936786	0.2792527873518439
-63.75863771938717	0.2870369995848197
-30.66512959081165	0.3177455034206679
-29.029361228336608	0.2719226224719568
-1.543443195550209	0.2180622196947317
1.0	0.1289471104163658
-1.3027756377319948	0.1488864644599701
-7.784281753649946	0.2531113724628576
-82.0	0.2761584494158752
-28.575223223278748	0.2962340507343074
-19.138761402207187	0.2766026483050756
-44.99462691377275	0.2654992534371861
-45.55141498289935	0.2760254678190457
0.7344355629253627	0.1723084834181016
-46.5	0.2659097981309192
-46.5	0.2659097981309192
-26.5	0.2558605363060042
-101.80342486559532	0.2997452788064589
-27.6500932832574	0.2668588864855144
-48.99615634117151	0.2973610002615692
-26.872376375122663	0.2882881248135213
-58.93598751429568	0.2746587868571561
-35.5	0.268065263369081
-26.5	0.2558605363060042
-92.55192318615042	0.3065856060817712
-46.5	0.2659097981309192
-10.484092903398052	0.2478937097466707
-10.484092903398052	0.2478937097466707
-58.01524972627889	0.3166922034093287
-58.41158503221188	0.3183926429388363
-91.02455666659183	0.3096216536753069
-7.6881274720911295	0.2241447685756849
-5.0	0.2244373093856244
-6.377551641923021	0.2366366677463402
-18.5	0.2601571353271792
-49.50827617066944	0.2783037165419412
-35.402780479554174	0.293303541619078
-5.0	0.2244373093856244
-5.0	0.2244373093856244
-5.892291696859367	0.2391376254363308
-2.5156097709406984	0.2322266933845583
-7.079703240731432	0.2405761981690899
-2.5156097709406984	0.2322266933845583
-5.028518870485331	0.2396374950547177
-67.41017494505292	0.2930036913465079
-2.883638215016034	0.2336783074483835
-67.91853370448263	0.293153539807817
-3.6825746060605344	0.2346668483232334
-2.793515739682648	0.2195937510551213
-34.30315728499927	0.3079582135588565
-41.70566702372598	0.31933865636261
-45.368269642193056	0.306367123554722
-33.35287690031272	0.2833479427438877
-30.804160650191506	0.3003211080182771
-41.67937082537502	0.3028599268250537
-34.44846316366372	0.2845670469158787
-30.047009604965275	0.2913160536189488
-1.5	0.2324778510899898
-72.73325507368867	0.2945091050715285
-18.20242347539245	0.2592159578704635
-19.37413180489385	0.2555183751133216
-52.18530429018926	0.2772716324593123
-2.753471552684553	0.2371915399327799
-39.67456026604255	0.2799346678353662
-3.5	0.2371261258291029
-32.645864259782975	0.3117546527397851
-110.8987497574755	0.3019558673419938
-31.523345610632862	0.2959281818125374
-128.34596152154597	0.3057135403578053
-37.0	0.2701710392007313
-20.356621712699205	0.298963606486901
-33.022872725172874	0.3266170302968005
-18.73610744292792	0.2482874190748852
-18.73610744292792	0.2482874190748852
-18.73610744292792	0.2482874190748852
-18.73610744292792	0.2482874190748852
-44.182718623813344	0.2863201239614809
-17.399053542402566	0.2497659643446121
-18.73610744292792	0.2482874190748852
-19.20994502137655	0.250566612926221
-31.364190997728908	0.2952169381137605
-23.268164767921007	0.2482157425682238
-18.736107442927924	0.2482874190748852
-19.20994502137655	0.250566612926221
-19.20994502137655	0.250566612926221
-23.268164767921007	0.2482157425682238
-23.268164767921007	0.2482157425682238
-55.95170338222353	0.278393826212183
-23.268164767921007	0.2482157425682238
-18.443714534221044	0.2923064192610326
-41.90926817423356	0.3072978313996881
-22.23229452029868	0.293303541619078
-4.709422457513806	0.2276159714775188
-11.077122461009024	0.2461197458870265
-35.05664910509131	0.2693669587269196
-41.32697098893272	0.2875169143141038
-22.545620545639604	0.3000590934413985
-30.066656554024533	0.2891606969081309
-12.98121162867272	0.2789357120052967
-14.351327784032083	0.2613829859420359
-31.84330053541173	0.3178042255613851
-44.31597706826661	0.3007412844548189
-15.13659853793786	0.2614227218778739
-27.254511973974736	0.2997452788064589
-23.69830013987196	0.2908233831409867
-20.973040838533905	0.2558605363060042
-66.51608401933979	0.3029132754117764
-25.233879998936786	0.2792527873518439
-37.98214030892856	0.310460130802068
-51.76914614189628	0.3207682642254532
-109.98173822145012	0.3075176438685005
-97.28876141655884	0.3059310913561029
-7.962071659057062	0.2495122844620799
-29.72003564667373	0.284331789767304
-22.70265126806297	0.3049545423856455
-34.246579826071844	0.2853224928675385
-5.735162698673939	0.2617808897111668
-10.726607041297886	0.2585534001672913
-20.40629433342796	0.2788000428846717
-80.12838199311113	0.2955213377749879
-43.36472785436475	0.2985483792556692
-25.71363882512807	0.3023806338161869
-20.87971292322969	0.2648042292135286
-55.35331742757253	0.2938548640657305
-56.65626452777843	0.3135737900278364
-21.60688484784632	0.266033209237725
-20.587098828241487	0.2650899744893872
-22.140497649293945	0.2753183900916834
-48.78488129790008	0.2924058263072019
-22.278925779185165	0.2978245002619769
-44.52279301269328	0.3237881123164479
-45.44123406746508	0.3400511497948694
-34.608473931703266	0.2814926607485112
-38.09502310972898	0.2731319352783759
-34.098040097422974	0.2790715132282789
-35.03984740042559	0.2897941800661703
-35.03984740042559	0.2897941800661703
-35.03984740042559	0.2897941800661703
-39.525300250565095	0.2741333755001841
-40.5	0.2762471750221132
-41.0	0.2730885603482063
-41.0	0.2730885603482063
-39.525300250565095	0.2741333755001841
-41.0	0.2730885603482063
-33.987398665699054	0.2743520524110809
-33.987398665699054	0.2743520524110809
-34.05279673378074	0.2741333755001841
-9.094389581607988	0.2480725136342549
-43.67291074624977	0.3005835805825301
-31.491848848601183	0.2925550637142999
-19.0	0.2548745612142662
-29.5	0.2684418770703489
-34.262497473095564	0.3148368115182451
-73.17899376947767	0.3106844922335419
-44.64055018054519	0.3195760387497964
-69.25879277005721	0.3180981621370061
-57.54179079373372	0.3237271582290389
-78.53062696119552	0.3162844702064842
-80.61824675996891	0.306367123554722
-54.99279969476038	0.3023274726639688
-80.61824675996891	0.306367123554722
-74.5	0.2775849337389273
-24.79931262330739	0.3003211080182771
-45.12888999250612	0.3102360931828711
-37.74489195742177	0.2869412088290764
-52.56172663021693	0.2919094660520548
-40.612027988186746	0.29106950990397
-28.036124566280463	0.2952676278352772
-38.33513313162596	0.2927044535340689
-60.58895222774612	0.284849869887801
-40.14469706161016	0.2817232412373288
-62.14890396234098	0.2959791160951213
-58.93598751429568	0.2746587868571561
-25.17912618389001	0.3025934655134004
-38.75682124214919	0.3008991538954776
-29.734165513562488	0.2781686613575954
-28.237681699111583	0.2885299772672239
-30.18582645859744	0.2876612018254691
-71.0	0.2711936073983054
-42.26453609579031	0.2772269328571102
-46.689709078922725	0.2770929204822196
-43.05711953000786	0.3000067453790395
-38.33216374321883	0.3006886981137707
-43.05711953000786	0.3000067453790395
-60.9051387536728	0.3011626382684159
-34.35655132669645	0.282649353141462
-58.93598751429568	0.2746587868571561
-71.51514803843835	0.2835815739631687
-60.58895222774612	0.284849869887801
-71.0	0.2711936073983054
-57.90993466446058	0.2853224928675385
-58.93598751429568	0.2746587868571561
-25.011936738566767	0.2949637503452238
-29.799235730637733	0.2884815743185128
-44.18203111806785	0.2762915592083314
-48.95944613917116	0.2756714755550905
-44.18203111806785	0.2762915592083314
-48.95944613917116	0.2756714755550905
-52.70003238765458	0.3059310913561029
-48.95944613917116	0.2756714755550905
-67.56358278252456	0.3033407416674289
-13.751116049186324	0.2627006820214871
-46.5	0.2763359576591121
-27.5	0.2622999793338399
-71.5	0.2911680772964197
-8.0	0.2340281252739051
-8.0	0.2340281252739051
-2.5	0.1915605062395739
-28.5	0.2585922803778428
-68.5	0.2701285995150259
-31.5	0.2620202140046708
-8.0	0.2340281252739051
-8.0	0.2340281252739051
-42.81438021456081	0.2592550376168633
-37.14816036449722	0.3140892537922657
-100.62257968821558	0.2977729289199402
-70.21820500501468	0.3276750504025638
0.0	0.1845303857187096
0.0	0.1845303857187096
0.0	0.1845303857187096
0.0	0.1845303857187096
-21.372682001385776	0.278393826212183
-52.586728476590814	0.3201710416147188
-53.58483848968802	0.2964383148616885
-8.818829604502318	0.261184487319662
-40.86131482627819	0.3221503680241017
-22.73390722972984	0.294156459889267
-68.64892650226602	0.3039304815328128
-86.03532826433816	0.3063125515697639
-17.090896336538467	0.2814465899366047
-83.76597670906014	0.2954198014967625
1.5	0.2001441648641358
-9.5	0.2355346753201828
-39.03048034360321	0.2815387466458177
-124.99423051317709	0.2940055846320148
-0.5	0.2239404433536469
-34.55581129116524	0.289306639386382
-25.48915447184501	0.2937544695101904
-41.0124921972504	0.2834413490213705
-42.5	0.2715790689375639
-37.07120663064725	0.2850859854961298
-46.5267438354347	0.3063125515697639
-3.0	0.2286449494100059
-12.159317227404154	0.2761584494158752
-6.13395376208405	0.2653763371161504
-30.03768226591832	0.2714504600651389
-39.60948638968221	0.2674815157120322
-29.64479776128489	0.2758926142327378
-28.0414626138908	0.2765581641223311
-67.83332487094648	0.2836283464477412
-62.61580047750666	0.2897941800661703
-23.322675509107373	0.282649353141462
-22.078258449390493	0.2641939874808196
-31.76201811972922	0.2488263152239407
-86.37454059178835	0.300636130159555
-48.989957109227255	0.3153564394851741
-32.323886151888175	0.2490425292559963
-90.93462381125651	0.3027532860057491
-80.04640915428763	0.3020619470424477
-95.58406722655472	0.2995886175109155
-20.5	0.2471810643255217
-20.5	0.2471810643255217
-17.21725440628086	0.2552149991856121
-20.5	0.2471810643255217
-20.5	0.2471810643255217
-18.868057790933875	0.2654172965754985
-20.5	0.2471810643255217
-40.29518820778885	0.2720086467119036
-40.29518820778885	0.2720086467119036
-20.0	0.2464725045883122
-1.4641016151377546	0.2401059291416719
-1.4641016151377546	0.2401059291416719
-15.684167115591965	0.2639506775921189
-16.15644701220174	0.2706387573989069
-19.53353274832822	0.2666106456608767
-24.0	0.2522203966724339
-9.46750976018889	0.2476438168941035
-34.42546779467212	0.2820004369486151
-34.42546779467212	0.2820004369486151
-39.33913296973361	0.2693669587269196
-39.33913296973361	0.2693669587269196
-33.89444833450184	0.28107856562809
-9.970504391216238	0.2546481066951954
-26.040253541230463	0.2802540196402632
-26.040253541230463	0.2802540196402632
-26.040253541230463	0.2802540196402632
-8.577943689747311	0.2783487640842756
-2.706888719968496	0.2183668145412894
-2.706888719968496	0.2183668145412894
-7.163565689920909	0.2346988760082782
-9.082413862865105	0.2475725114472581
-9.46750976018889	0.2476438168941035
-19.53353274832822	0.2666106456608767
-3.907536453183664	0.2403408336146268
-3.4831640528478123	0.2432647707614449
-3.4831640528478123	0.2432647707614449
-3.4831640528478123	0.2432647707614449
-10.176174977679906	0.2491146841246783
-10.176174977679906	0.2491146841246783
-19.208520363116243	0.2668588864855144
-3.357785524421506	0.242989778792236
-43.24768153506914	0.298807760992642
-49.68111271484633	0.325196419158974
-32.855312867692284	0.2974638755427529
-37.02741952187743	0.2874688506373545
-5.986119386925151	0.2582040036805788
-8.044498824258191	0.2674815157120322
-5.986119386925151	0.2582040036805788
-24.052121551318827	0.2950143531502238
-24.052121551318827	0.2950143531502238
-24.052121551318827	0.2950143531502238
-30.090563265551097	0.2851332555981852
-13.484677327528718	0.2661155469688416
-9.109772228646444	0.2485386131684715
-7.212214450449026	0.251188820407925
-29.65793826993304	0.269282597011064
-29.65793826993304	0.269282597011064
-16.33906525420617	0.272137785173707
-115.68261984429935	0.2944586754302491
-46.5	0.2763359576591121
1.0	0.2044511549771317
-0.5	0.1868157158623199
-2.981692161012158	0.2317260024946307
-2.981692161012158	0.2317260024946307
-46.5	0.2763359576591121
-3.5	0.2286449494100059
-17.935976348497263	0.2998498107258334
-2.5417464952160254	0.1939369194217497
-2.1767410834184404	0.2161164590313755
-3.0	0.2286449494100059
0.5	0.2153856042726271
-25.0	0.2607093184524946
-25.0	0.2607093184524946
-25.0	0.2607093184524946
-21.703603311174515	0.2677313816771999
-21.703603311174515	0.2677313816771999
-28.5	0.2585922803778428
-17.5524865872714	0.2499838151639271
-20.609671934053274	0.2740460023127736
-21.0	0.2380781758981939
-21.0	0.2380781758981939
-21.0	0.2380781758981939
-31.0	0.2637887198209318
-31.0	0.2637887198209318
-26.8671241983826	0.2891606969081309
-46.5	0.2590207357301784
-1.0151936795215954	0.2281595680658955
0.5	0.210122026455603
-0.3507810593582122	0.2269850401943842
-12.42489109331359	0.2518141257157204
-12.408326913195983	0.2564328458861698
-8.464101615137755	0.247857979895165
-13.521915661238047	0.2798435580980724
-56.56741051273245	0.2996930401729966
-18.287837389993857	0.2805283302630758
-14.052985367401678	0.2733924744853187
-26.37111517007807	0.2808031783985393
-4.0	0.2292851552683539
-64.09156276912654	0.2932535239619125
-20.0	0.250822442315148
-2.9075364531836625	0.2144990226409698
-36.06433425448798	0.2757598884722025
-0.7807764064044151	0.2148474093594021
-28.346069575767125	0.2910202512290836
-33.605330234400355	0.2814005342026927
-0.3696108582817038	0.2165246366800119
-52.66238217150421	0.3201710416147188
-103.4410838889875	0.2975668220302223
-103.4410838889875	0.2975668220302223
-103.4410838889875	0.2975668220302223
-103.4410838889875	0.2975668220302223
-98.0343240342149	0.3135166206951057
-100.62257968821558	0.2977729289199402
-120.90228908117314	0.2969502097241676
-83.85946265995608	0.2998498107258334
-88.92680237164684	0.3054962985455063
-113.34382083753376	0.2973095893002515
-106.19554484175048	0.2981860004356953
-96.54273540270076	0.3087876933942637
-118.78403329796676	0.2973095893002515
-118.14637337905448	0.2983411978682607
-103.4410838889875	0.2975668220302223
-111.77572420255414	0.2995886175109155
-111.77572420255414	0.2995886175109155
-22.875426543067725	0.2860343753347729
-51.579982543123926	0.3004785365215192
-66.84803757452396	0.2908233831409867
-133.5	0.2932035233610664
-133.5	0.2932035233610664
-82.8135063363406	0.3093988241296608
-133.5	0.2932035233610664
-70.03830553104939	0.3021150148476202
-133.5	0.2932035233610664
-79.57792373768535	0.3190424238427931
-61.1342423338777	0.3119808897882175
-129.56738172062717	0.2933535763412922
-88.15857449041133	0.3005835805825301
-7.590864940013675	0.2397043022738576
-29.776170317764343	0.3089541258556691
-31.813207915827967	0.2646412226089034
-31.813207915827967	0.2646412226089034
-31.813207915827967	0.2646412226089034
-10.952163011671203	0.251188820407925
-55.98707428827121	0.2946100161919915
-10.952163011671203	0.251188820407925
-39.44408398422093	0.3047383775496464
-27.725661535508124	0.2738714229196775
-21.97869079778243	0.2713219729429875
-23.982947936980608	0.2632637269615209
-23.982947936980608	0.2632637269615209
-23.982947936980608	0.2632637269615209
-20.67861981288957	0.284331789767304
-27.37447290142129	0.2917113934711882
-30.0	0.2578168912312825
-26.99350973901692	0.2935538860554207
-29.294304086006413	0.2878538105980339
-27.5	0.2622999793338399
-27.5	0.2622999793338399
-24.9339811320566	0.2766916596158736
-34.39066582239886	0.289306639386382
-46.0	0.2647634587394388
-82.0	0.2761584494158752
-19.0	0.2548745612142662
-1.0	0.2095842369911827
0.5	0.1854457742383969
-1.7122144504490264	0.2296832729414525
-5.5	0.2365390185024284
-8.5	0.2339326165844993
-7.784281753649946	0.2531113724628576
-62.5485851134528	0.2888207363978258
-62.5485851134528	0.2888207363978258
-12.039836021478274	0.2572768797894456
-4.528938536025534	0.2379464043880801
-3.0615528128088307	0.2494398991170082
-56.30210162286809	0.2987558485949713
-56.30210162286809	0.2987558485949713
-56.30210162286809	0.2987558485949713
-9.666563688979483	0.2565476151741988
-56.30210162286809	0.2987558485949713
-1.5	0.2339007976758235
-46.5	0.2763359576591121
-39.60636497313308	0.2771822476648379
-9.063563576938405	0.2432303627316343
-15.231756966321758	0.2517772568832584
-14.903225371816983	0.2545727112527987
-10.7266853686473	0.2545727112527987
-2.5	0.2266260759768917
-12.42489109331359	0.2518141257157204
-2.0	0.2239987839667389
-3.315191182921719	0.2455924970740724
-7.5	0.2067370358875516
-7.5	0.2067370358875516
-24.60215414239989	0.2549501355837887
-7.5	0.2067370358875516
-7.5	0.2067370358875516
-29.758491665329657	0.2798891055521899
-4.5	0.2363764487302618
-51.2627704290506	0.2951156108653947
-51.2627704290506	0.2951156108653947
-21.0	0.2380781758981939
-15.05791813300408	0.2401729978369629
-15.05791813300408	0.2401729978369629
-15.05791813300408	0.2401729978369629
-21.0	0.2380781758981939
-21.0	0.2380781758981939
-32.27674953786111	0.2885783964612611
-19.012807143008715	0.2686515645231456
-14.53802568949215	0.2713219729429875
-4.5	0.2222904168191125
-19.0	0.2548745612142662
-19.0	0.2548745612142662
-19.0	0.2548745612142662
-12.006577808748212	0.2427154078352371
-15.231756966321758	0.2517772568832584
-68.5	0.2701285995150259
-39.92278484935842	0.3134023445439501
-39.92278484935842	0.3134023445439501
-59.07387154497991	0.3006886981137707
-39.92278484935842	0.3134023445439501
-64.49736643082869	0.2900385671298119
-5.584258493863821	0.2453122203299079
-35.36111869439608	0.2836283464477412
-4.913182359874681	0.250822442315148
-25.933904999371247	0.2980826251538663
-23.113670497175384	0.3051168673727208
-37.03176677291784	0.2604723817801658
-5.584258493863821	0.2453122203299079
-26.33898846804863	0.2748783031509998
-26.33898846804863	0.2748783031509998
-26.33898846804863	0.2748783031509998
-26.33898846804863	0.2748783031509998
-26.33898846804863	0.2748783031509998
-10.52172886644268	0.2385074430669424
-10.52172886644268	0.2385074430669424
-21.615770126867684	0.3022212064169868
-21.615770126867684	0.3022212064169868
-26.33898846804861	0.2748783031509998
-34.36994623093432	0.304522518950355
-40.227825844240726	0.2843788100732023
0.9378538277311596	0.2254081353404974
-30.41258232770639	0.2668588864855144
0.9378538277311596	0.2254081353404974
-41.5	0.2676063903692273
-5.5	0.2182836588617231
-1.0	0.2152777496886147
-8.0	0.2340281252739051
-8.0	0.2340281252739051
-8.0	0.2340281252739051
-8.0	0.2340281252739051
-7.500000000000001	0.2382100934357466
-9.701380624977038	0.258049019284612
0.5	0.2035075342618526
-33.85621381171626	0.2659509224424149
-46.83651119749667	0.2976698397979322
0.5	0.1927629934438577
-14.529533157727943	0.2410145290136867
0.5	0.1927629934438577
-3.0	0.2306691702900945
-82.0	0.2761584494158752
-2.0	0.2206928470883797
-8.86931687685298	0.2507858632802471
-22.26208728264688	0.2723532886462868
-22.26208728264688	0.2723532886462868
-22.26208728264688	0.2723532886462868
-22.26208728264688	0.2723532886462868
-21.68762521148864	0.2839093056814685
-23.6021974779552	0.2731319352783759
-22.157843335395366	0.2796160430101878
-22.26208728264686	0.2723532886462868
-23.845530381638746	0.2792527873518439
-37.007575322837	0.2675231276466482
-38.25368600864799	0.2826958185948799
-33.81882960450232	0.278078697366212
-34.37075079571842	0.2781686613575954
-38.48027865756008	0.289940762858313
-33.974583275687394	0.2687355312568612
-43.36048707005946	0.2603146631112102
-42.81438021456081	0.2592550376168633
-43.21566551230504	0.2871808056968361
-43.36157429905752	0.2603934985633941
-42.81438021456081	0.2592550376168633
-21.5	0.2421344219251837
-2.0	0.2046945202371926
-20.54866496202299	0.2531486330800316
-3.0	0.2320386809489481
-21.972939277330447	0.3128891310976446
-43.98457702305643	0.2862724595493016
-14.861234038550386	0.266156734950109
-7.5	0.2067370358875516
-1.0	0.2417939629517231
0.8819660112501052	0.2255263822311678
-8.0	0.2340281252739051
-8.5	0.2339326165844993
-8.609772228646445	0.2395039922719574
-41.5	0.2676063903692273
-8.5	0.2339326165844993
-31.5	0.2489704161738316
0.0	0.1975233935805944
-3.8117376914899	0.2283413443782571
-13.5	0.2513724111259545
-13.5	0.2513724111259545
-2.0	0.2216886250499748
1.5	0.1972515100381572
-3.5	0.2303910322230245
-33.06013187900271	0.2715790689375639
-5.0	0.2384743675651996
-5.0	0.2384743675651996
-55.08266370101565	0.3023274726639688
-3.0	0.2255263822311678
-3.418017239300773	0.2656633190966561
-7.96985729970653	0.2641939874808196
-25.551105053169564	0.2876612018254691
-36.753262244737215	0.3119242997483502
0.5	0.1640094100632002
-0.8860009363293828	0.1976823387185486
0.5	0.1640094100632002
0.5	0.1640094100632002
-63.07905286405955	0.2896965405176305
-63.07905286405955	0.2896965405176305
-15.283646365587956	0.2678564897994789
-1.5	0.2276159714775188
-63.07905286405955	0.2896965405176305
-8.0	0.2340281252739051
-0.5	0.218727889151953
-28.711646096066225	0.266033209237725
-6.176174977679906	0.2120131505995136
-53.39842612778618	0.3010044923004822
-25.551105053169564	0.2876612018254691
-25.551105053169564	0.2876612018254691
-25.551105053169564	0.2876612018254691
-25.551105053169564	0.2876612018254691
-25.551105053169564	0.2876612018254691
-25.551105053169564	0.2876612018254691
-6.0	0.2331397321736245
-10.5	0.2594506132336534
-54.44057333058235	0.2957246198646009
-17.0	0.2491507772403151
-25.0	0.2610259053601479
-25.0	0.2610259053601479
-8.5	0.2339326165844993
-27.0	0.2528136819336452
-13.0	0.2431271970186137
-8.0	0.2340281252739051
-0.5	0.2095586966259633
-0.5	0.2095586966259633
-12.0	0.2389050659228473
-1.850781059358212	0.2098655924472363
0.0	0.1762105404767553
-82.0	0.2761584494158752
-4.3355406452537135	0.2294075059381876
-28.78362775545612	0.2956229438735868
-26.0	0.261184487319662
-23.054165651749017	0.3003735658537388
-23.054165651749017	0.3003735658537388
-23.913830214145342	0.300268668502297
-28.84166586536547	0.2746587868571561
-29.039936203984453	0.2760254678190457
-30.5	0.2707239711134532
-27.754483676813088	0.2812624573949386
-27.626476309307428	0.2707665980967808
-30.350628602710664	0.2887237515971549
-30.350628602710664	0.2887237515971549
-10.711275900591533	0.255328680699726
-29.273511110212983	0.2888207363978258
-46.5	0.2763359576591121
-46.5	0.2763359576591121
-2.5	0.2430928278926569
-2.5	0.2430928278926569
-0.5	0.1868157158623199
-27.5464114408446	0.2630221267226453
-7.5	0.2067370358875516
-1.341418292106991	0.1759401130051825
0.5	0.148757669940541
0.5	0.148757669940541
-1.0	0.205600031625138
-1.0	0.205600031625138
-57.47464090037709	0.2939553272671205
-8.0	0.2340281252739051
-8.0	0.2340281252739051
-8.0	0.2340281252739051
-18.5	0.2630221267226453
1.0	0.1919239580929302
1.0	0.2158181054860259
-67.83332487094648	0.2836283464477412
-34.93165782621404	0.2831613147559122
-19.914194159451448	0.2812164618990441
-1.5	0.2045727652287241
-9.1041219597369	0.2354701717804538
-16.956162049926082	0.2539336480378994
-10.0	0.2570461381932219
-29.0	0.264072276491501
-30.37019176049309	0.2744396208925398
-30.37019176049309	0.2744396208925398
-6.5	0.2434025002848768
-32.2679623707398	0.2872287730938124
-0.7320508075688773	0.1979554120539489
-17.5524865872714	0.2499838151639271
-19.558621384311845	0.2524425520423744
-23.62073397459222	0.2721808585806671
-7.5	0.2473232654268164
1.881966011250105	0.1854657748611577
1.881966011250105	0.1854657748611577
-13.89689069078737	0.2388387034045354
-68.5	0.2701285995150259
-0.8149066358459393	0.1290051511262306
-50.6710370815611	0.3007938891923482
-3.013878188659973	0.2381441163983734
-17.0	0.2534097648854487
0.7344355629253627	0.1723084834181016
-27.0	0.2528136819336452
-4.5	0.2392374324586331
-2.0	0.2239987839667389
0.7344355629253627	0.1723084834181016
-1.5	0.2045727652287241
1.0	0.1777955608470486
-28.5	0.2585922803778428
-41.5	0.2676063903692273
-7.784281753649946	0.2531113724628576
-5.0	0.2393706381559931
-3.0	0.2320386809489481
-20.5	0.2515562704085218
1.0	0.1137628118889028
-65.69617180733135	0.2895502044978371
-21.5	0.2421344219251837
-2.0	0.2239987839667389
-41.84352689880527	0.2927044535340689
-18.5	0.2630221267226453
-2.0	0.2239987839667389
-8.0	0.2375191525569965
-6.786754015251698	0.2453122203299079
-17.0	0.2534097648854487
-3.0	0.2320386809489481
-3.0	0.2320386809489481
1.0	0.2062411447004863
-2.302775637731995	0.2047188886324589
-42.5	0.2714933161529294
-42.5	0.2714933161529294
-42.5	0.2714933161529294
-67.28550750818366	0.2874688506373545
-62.53800737531505	0.2942067860586236
-62.8214133675823	0.2971041231017026
-67.28550750818366	0.2874688506373545
-67.28550750818366	0.2874688506373545
-67.28550750818366	0.2874688506373545
-4.5	0.2278874456019951
-0.5	0.2252900123821112
-45.38132957932954	0.2858441929043641
-48.97640458974745	0.2757156749258705
-2.618033988749895	0.2348912258588519
1.0	0.1923963598693952
-46.5	0.2659097981309192
-2.0	0.2206928470883797
1.0	0.1641973326184144
1.0	0.1641973326184144
-41.5	0.2676063903692273
-46.0	0.2741333755001841
-46.0	0.2741333755001841
-44.5	0.2787096700992957
-16.0	0.2353090673936309
-16.0	0.2353090673936309
-16.0	0.2353090673936309
-3.5	0.2239404433536469
-19.0	0.2452072814077648
