-48.46791430327337	-152.0
-38.77245143285521	-110.0
-20.552865279566287	-118.0
-47.65726575503727	-96.0
-64.40642198958751	-131.0
-55.76837182693654	-113.0
-83.78599014880535	-166.0
-70.19319665273855	-139.0
-49.30971922208458	-174.0
-53.670657641459314	-154.0
-30.311519519402584	-136.0
-39.299729508073376	-133.0
-31.91971673509985	-76.0
-31.91971673509985	-76.0
-27.1540417690206	-105.0
-5.654103815398641	-14.0
-32.107672844539955	-66.0
-27.562609790728644	-221.0
-38.49073855588021	-158.0
-33.52112847541412	-75.0
-74.0100947349573	-150.0
-44.523709241693886	-69.0
-31.91971673509985	-76.0
-35.153592669351	-131.0
-31.91971673509986	-76.0
-20.82517574678753	-60.0
-5.654103815398641	-14.0
-31.91971673509986	-76.0
-29.70642610117844	-88.0
-34.67190213693397	-133.0
-32.13253361699881	-70.0
-35.861176973171695	-92.0
-28.49525494408257	-48.0
-29.653039749213946	-182.0
-45.92909127742584	-138.0
-26.779628143634667	-62.0
-9.842787921487831	-27.0
-20.90773917730695	-44.0
-29.64316255297493	-63.0
-33.31393576783728	-182.0
-38.830033109418665	-167.0
-19.707453501790624	-92.0
-34.99081324327489	-81.0
-34.13381775532143	-83.0
-30.273021612794945	-88.0
-55.940784695763206	-247.0
-33.86367095742076	-209.0
-36.51427110347807	-76.0
-30.08567203680277	-192.0
-19.74547048792478	-62.0
-42.90205260528162	-135.0
-46.94150621590517	-147.0
-54.51958831088634	-109.0
-39.235988253565495	-85.0
-43.001410870439145	-130.0
-15.50124312942048	-31.0
-26.660700470872506	-101.0
-17.955838085760206	-104.0
-14.439894960674078	-30.0
-31.15248290293855	-114.0
-25.64328221210249	-212.0
-26.48000714966958	-81.0
-33.98586849366934	-222.0
-32.575862591559485	-198.0
-26.83122232257567	-75.0
-49.279420604829824	-241.0
-37.07169080618228	-139.0
-46.87293511169364	-241.0
-20.657409571748143	-61.0
-33.4745917669338	-59.0
-41.91883149056434	-180.0
-52.36486485645487	-233.0
-25.54064507670332	-165.0
-27.717573445887	-209.0
-34.848902088417894	-158.0
-55.49791199372195	-153.0
-135.0888433355167	-269.0
-33.921775122350205	-138.0
-56.061694480411504	-252.0
-39.16401234936369	-228.0
-25.859095104620422	-97.0
-57.97417461856902	-179.0
-73.51261793199956	-257.0
-44.14463117801439	-159.0
-39.09596908894001	-188.0
-47.04205380624551	-244.0
-35.26636883900952	-224.0
-20.99133294062228	-82.0
-56.908502456947694	-239.0
-40.64501529837784	-237.0
-54.168725398370334	-157.0
-34.99173505479595	-97.0
-48.085188023568136	-123.0
-29.13405841890576	-118.0
-75.66793775593898	-151.0
-52.66003448891929	-102.0
-19.92802178620701	-208.0
-37.3645532188023	-164.0
-20.76760506111141	-126.0
-25.775782214630045	-73.0
-28.72346137924495	-91.0
-28.33556756253029	-81.0
-32.45334789218915	-100.0
-55.948320475230254	-248.0
-32.588923578293254	-94.0
-36.25781204241089	-162.0
-50.01945668112632	-157.0
-36.55515329771295	-229.0
-108.16412788158578	-218.0
-41.73738600021202	-149.0
-24.38201311198752	-74.0
-30.449569028865483	-182.0
-29.5988259872042	-183.0
-23.61583915682784	-189.0
-39.23207326828273	-171.0
-34.72153997434726	-173.0
-23.163332932348272	-170.0
-42.5	-87.0
-34.1094245338295	-85.0
-31.83560934495916	-83.0
-27.54359538372071	-124.0
-17.779448136046213	-88.0
-17.779448136046213	-88.0
-33.53691633164157	-86.0
-53.07357338367718	-248.0
-27.93254495707207	-78.0
-61.06532308858475	-257.0
-61.0190521055792	-122.0
-46.89305542317398	-252.0
-56.92548039277513	-128.0
-35.282786682638054	-86.0
-27.27046657874909	-77.0
-34.3562744802259	-137.0
-53.19232763336353	-247.0
-48.28604655437	-129.0
-42.75696349609081	-81.0
-52.38891309309837	-137.0
-61.151076701702266	-124.0
-32.443328526643654	-235.0
-23.495269566892	-219.0
-19.609595331297225	-171.0
-26.28040410569444	-205.0
-40.344454242512114	-167.0
-32.334685700430576	-182.0
-28.848074487139563	-132.0
-51.68988232822558	-159.0
-51.68988232822558	-159.0
-51.68988232822558	-159.0
-13.69374953643884	-34.0
-43.80154968024024	-124.0
-29.01397917458294	-94.0
-23.4137401230045	-50.0
-13.69374953643884	-34.0
-13.69374953643884	-34.0
-49.9626840684424	-138.0
-57.63171101320849	-214.0
-56.27837766427636	-119.0
-24.88783209255848	-81.0
-26.87213272582528	-67.0
-75.95067100784203	-145.0
-26.87213272582528	-67.0
-33.267624896697995	-124.0
-35.83962328837715	-148.0
-26.87213272582528	-67.0
-31.94942221791974	-72.0
-11.504752596044437	-26.0
-13.118279893933686	-25.0
-16.29800795805687	-29.0
-76.41039391092404	-209.0
-52.23751633039746	-174.0
-27.0795572866016	-68.0
-26.73936464538296	-118.0
-42.84816822080319	-94.0
-39.27687488179589	-136.0
-12.181632839872176	-27.0
-33.18005763942509	-133.0
-13.5	-29.0
-15.599280455449165	-28.0
-15.599280455449165	-28.0
-21.673103416632955	-35.0
-39.2569566591695	-134.0
-22.436121807615027	-52.0
-12.170682439482166	-27.0
-38.99344944392807	-135.0
-11.504752596044453	-26.0
-31.93856786749839	-133.0
-37.475883564842974	-132.0
-45.096980836898034	-113.0
-17.66174798999504	-40.0
-23.69136726461217	-123.0
-44.35707428698629	-232.0
-17.59629955525189	-40.0
-30.65838239872978	-70.0
-50.06707640187586	-128.0
-30.16800331306494	-65.0
-30.62735046898134	-128.0
-26.09844278216213	-81.0
-34.57289901015699	-90.0
-51.79036841039306	-162.0
-43.827181745723045	-137.0
-48.44810649771492	-237.0
-20.029964086141664	-63.0
-20.029964086141664	-63.0
-44.360067644699456	-225.0
-16.669890589588782	-57.0
-25.56100529651168	-66.0
-46.42700157084808	-103.0
-40.89025967966774	-83.0
-44.46235941067721	-110.0
-30.487751420506125	-190.0
-34.24312563690008	-130.0
-41.31959217432836	-128.0
-33.19423720653895	-124.0
-35.70404381901542	-140.0
-27.14702646988706	-71.0
-28.4493003471278	-131.0
-43.4654139142227	-135.0
-32.08232160193526	-97.0
-33.03275171557792	-70.0
-30.86152068823567	-89.0
-20.029964086141664	-63.0
-26.403893592917186	-184.0
-35.118868403566736	-128.0
-32.948350959598315	-91.0
-32.46422363004668	-90.0
-44.45509006949251	-134.0
-32.357902555940576	-128.0
-16.669890589588782	-57.0
-41.70745342658852	-82.0
-40.59433191735189	-81.0
-46.69064442789043	-115.0
-20.029964086141664	-63.0
-47.16222980789986	-150.0
-43.14322593529585	-139.0
-16.669890589588782	-57.0
-16.669098771297875	-56.0
-16.669890589588782	-57.0
-20.029964086141664	-63.0
-35.170359882848594	-98.0
-34.5	-71.0
-47.21987123889184	-151.0
-40.2730156213745	-170.0
-35.53329614922049	-90.0
-29.27319475142332	-202.0
-51.215946274937856	-160.0
-31.180191135814617	-71.0
-11.730076953984735	-27.0
-28.60912558347952	-77.0
-31.68730124724469	-105.0
-11.244301693444696	-40.0
-35.26050816870006	-80.0
-32.139096266600326	-122.0
-21.47529757230452	-83.0
-45.786097481405896	-137.0
-32.58247589392223	-177.0
-49.6911008109403	-246.0
-41.05988339397531	-142.0
-58.70769043192735	-251.0
-21.33303658927745	-63.0
-29.59971004097413	-169.0
-32.41644816464987	-134.0
-45.1815091348783	-117.0
-36.35116889465294	-136.0
-44.920393076858026	-238.0
-28.34368180807577	-90.0
-25.53236461377918	-71.0
-34.83370765996132	-241.0
-23.03835480565716	-65.0
-43.43999216052371	-186.0
-16.84695888756282	-25.0
-35.9852347601457	-126.0
-36.021079947931206	-131.0
-24.24221533212314	-72.0
-15.96037348764308	-43.0
-14.114369522967769	-24.0
-32.02456341044297	-75.0
-31.576826550693823	-80.0
-18.303717142193392	-47.0
-14.099329439187068	-27.0
-27.112310855605028	-68.0
-29.63781495203916	-85.0
-27.73362286699203	-227.0
-12.172589132928918	-28.0
-11.520824298928629	-27.0
-11.520824298928629	-27.0
-131.35575645238052	-268.0
-39.93072508562158	-137.0
-8.852349955359813	-23.0
-42.12278958163254	-133.0
-94.53803154926756	-216.0
-39.49387498141684	-124.0
-45.27880730112057	-197.0
-31.830654897801573	-79.0
-50.014720000390376	-86.0
-20.30594812228245	-70.0
-26.763940212997657	-75.0
-47.28774195602517	-103.0
-33.08478570633426	-85.0
-41.666043600789024	-92.0
-35.2254570331584	-135.0
-37.05134109342777	-89.0
-37.629274888469936	-110.0
-9.770355258627232	-23.0
-9.066048165876014	-23.0
-30.87903208234982	-85.0
-53.28205006387782	-95.0
-9.066048165876014	-23.0
-31.31636247258426	-108.0
-27.76390798380124	-218.0
-43.32560441917151	-143.0
-30.95141140201984	-85.0
-0.9124379454771672	-11.0
-46.03708191666748	-207.0
-44.0715560443147	-131.0
-40.999880757722565	-79.0
-12.59929657621105	-21.0
-4.275730833115309	-13.0
-37.007575322837	-78.0
-37.007575322837	-78.0
-30.20994456300426	-209.0
-87.15264720697743	-251.0
-27.44368132018363	-85.0
-18.04213409961969	-42.0
-27.44368132018363	-85.0
-27.44368132018363	-85.0
-26.13637482479922	-82.0
-22.137850322725416	-98.0
-35.05070171311132	-120.0
-53.5753296721487	-245.0
-27.313752035751627	-84.0
-35.360094583893805	-145.0
-79.82493471476499	-247.0
-31.75319804313716	-119.0
-25.258674942536853	-79.0
-26.53295560725393	-212.0
-13.588654565368554	-46.0
-28.91525836395262	-119.0
-20.06499772614525	-121.0
-30.836503114210853	-100.0
-47.77524634786665	-146.0
-22.137850322725416	-98.0
-24.257251962813243	-74.0
-33.91977366415137	-83.0
-21.61324772192248	-127.0
-29.541750783791592	-210.0
-30.435146604842963	-214.0
-31.24519048700069	-216.0
-67.20747787852815	-256.0
-33.63190789787115	-119.0
-38.3231407627442	-103.0
-82.56071280673227	-260.0
-23.30522250434572	-65.0
-41.49221148385911	-155.0
-29.379454352780325	-107.0
-38.09703279075142	-125.0
-31.05263710578656	-112.0
-27.06896344523883	-118.0
-32.23559599538899	-69.0
-39.71689466321034	-88.0
-15.367807501816875	-56.0
-17.470215999854016	-53.0
-24.22151371563525	-57.0
-19.19958269457516	-57.0
-25.225692149911087	-57.0
-29.24376457846581	-80.0
-24.093332569255924	-62.0
-30.870240837778628	-126.0
-33.36560329211176	-127.0
-32.22297972918075	-125.0
-19.19958269457516	-57.0
-17.811898533500674	-61.0
-33.36560329211176	-127.0
-19.19958269457516	-57.0
-18.682800525399013	-60.0
-20.809503595327865	-80.0
-26.13554426083056	-62.0
-28.363321290205725	-68.0
-51.9219132312331	-138.0
-30.19388986545188	-68.0
-29.208019659494507	-67.0
-58.38126935276024	-243.0
-22.51899691480268	-110.0
-24.05007271596827	-112.0
-33.048550594255005	-180.0
-19.71955348876068	-53.0
-36.46547989004316	-87.0
-33.782513399532014	-68.0
-25.22013789471209	-62.0
-30.56648579757781	-69.0
-30.193889865451872	-68.0
-41.30201065457581	-103.0
-28.842957715734908	-67.0
-29.906983581276783	-78.0
-17.379266242778332	-52.0
-23.1241456224594	-64.0
-23.07876265552441	-62.0
-52.52090336432974	-137.0
-33.001207854974005	-69.0
-22.064096753186472	-64.0
-31.69689231635241	-126.0
-19.19958269457516	-57.0
-27.82283561928747	-121.0
-46.25544724664216	-115.0
-19.611586918577053	-61.0
-17.80040909664003	-57.0
-5.11280028019894	-37.0
-43.43145351448613	-241.0
-33.569263843321195	-103.0
-3.9558765589926335	-15.0
-43.959002578180495	-244.0
-43.12503762729263	-234.0
-43.959002578180495	-244.0
-33.96840492212488	-230.0
-32.43288722379671	-223.0
-43.959002578180495	-244.0
-30.26460523530709	-98.0
-67.69981551503179	-254.0
-24.78184614909801	-106.0
-31.54334343696208	-103.0
-68.93647162950644	-257.0
-37.743039736484725	-143.0
-32.13622818847637	-87.0
-18.321843118611653	-60.0
-18.321843118611653	-60.0
-21.611400518082142	-61.0
-35.96512397594799	-186.0
-35.18694986928931	-233.0
-25.80635327593946	-203.0
-24.30380020606036	-201.0
-60.24910275763282	-142.0
-21.56545750575673	-87.0
-20.883838538880404	-88.0
-67.40923324825725	-254.0
-30.7335299558708	-209.0
-28.577613291514524	-186.0
-24.695666948316227	-209.0
-33.39818216358799	-157.0
-25.910793857376326	-124.0
-29.34915918884173	-100.0
-35.72738216131108	-163.0
-18.25667485394815	-86.0
-10.0	-22.0
-33.40733637887852	-225.0
-44.13567876397474	-240.0
-40.23901766903048	-237.0
-41.58834121570849	-241.0
-59.13480724823834	-251.0
-20.343165655216712	-104.0
-16.164834257777667	-97.0
-20.31731361535953	-104.0
-71.87262818305575	-253.0
-38.427807531165286	-235.0
-40.10780333412172	-97.0
-27.370687025908424	-87.0
-37.96070980109476	-150.0
-32.46239846075516	-96.0
-49.63424438212251	-241.0
-16.13438212779902	-96.0
-65.99411969355207	-254.0
-47.01578422859215	-99.0
-36.30176352315204	-136.0
-33.44682015404492	-220.0
-20.57816281586449	-73.0
-50.0	-102.0
-52.74247282695033	-247.0
-31.16548777476244	-212.0
-62.30756422538762	-252.0
-44.771490624307376	-108.0
-53.50206831144888	-248.0
-37.99751323530525	-100.0
-44.17500322315368	-98.0
-50.0	-102.0
-47.10319440048149	-107.0
-42.40113310810385	-101.0
-104.04933532019471	-267.0
-26.37684927033175	-184.0
-26.91981557842153	-183.0
-30.346516909542306	-85.0
-50.52814669756103	-102.0
-50.0	-102.0
-37.190052122073126	-234.0
-56.59248447938345	-243.0
-37.7789986208218	-221.0
-34.565782371099544	-98.0
-51.009376519956575	-243.0
-37.72417256499147	-224.0
-29.476164947691604	-93.0
-88.96690355880054	-265.0
-79.12495336625125	-261.0
-31.7544541275358	-132.0
-96.59051811590078	-260.0
-39.92026461783517	-197.0
-36.40986788807161	-228.0
-18.6823984784274	-84.0
-48.76888974776287	-150.0
-52.08565524478041	-160.0
-55.94539508691968	-250.0
-54.734052360935785	-248.0
-41.87221467516979	-164.0
-26.24681265929123	-210.0
-46.63995738794663	-149.0
-23.2319831567384	-223.0
-34.56528083213634	-195.0
-37.582108578788606	-149.0
-68.74260067203295	-251.0
-42.66397379099537	-236.0
-42.04292190837925	-235.0
-71.34053668802017	-258.0
-73.38228708634325	-252.0
-36.54399692339766	-148.0
-31.809562382222147	-231.0
-33.92012355831332	-231.0
-45.71971158283569	-206.0
-21.36482506064775	-74.0
-23.396446718798373	-61.0
-13.89689069078737	-37.0
-20.039821870740088	-59.0
-54.41663105486667	-246.0
-34.456043078275215	-64.0
-36.568365241659365	-69.0
-31.27005542133381	-128.0
-44.45789435681141	-144.0
-43.3110902218039	-150.0
-18.51288991327838	-100.0
-20.66385195446946	-106.0
-49.87348492452757	-130.0
-49.87348492452757	-130.0
-10.525418381006592	-30.0
-48.73522645437064	-115.0
-38.820090068194304	-230.0
-11.576473218982953	-25.0
-38.08131988982107	-229.0
-49.10841567842659	-234.0
-43.21958925934669	-231.0
-47.28791345712044	-244.0
-43.94584638158767	-125.0
-47.51313504202581	-113.0
-25.928123030786303	-85.0
-47.28791345712044	-244.0
-19.09092315491545	-104.0
-17.679161539669263	-101.0
-34.511699920503816	-127.0
-21.401468087445217	-80.0
-39.56179487651012	-154.0
-44.12942020708923	-151.0
-54.8030573533611	-249.0
-29.362214658943795	-82.0
-20.0	-42.0
-47.50523799929629	-109.0
-22.521102116475365	-77.0
-5.197958792272019	-27.0
-27.036683708486507	-57.0
-6.680480738208129	-19.0
-31.6718917658476	-77.0
-25.196644062364346	-76.0
-41.13372501662903	-113.0
-31.194998087517003	-88.0
-55.26689249090107	-95.0
-16.506164617962614	-41.0
-24.83858232740729	-120.0
-40.79240197519562	-88.0
-41.42851247912617	-87.0
-51.144708026572445	-149.0
-50.47240823335898	-149.0
-39.76154191067144	-170.0
-37.346392742733904	-168.0
-38.102002463019154	-171.0
-38.37586523734135	-171.0
-31.44959952144972	-71.0
-24.04004235971472	-50.0
-39.11534144257219	-190.0
-26.91421236919544	-73.0
-33.98187379082688	-78.0
-30.041962203056208	-74.0
-29.97525562326981	-74.0
-34.51601464709845	-78.0
-21.01228894306066	-50.0
-21.70080842171547	-50.0
-34.51601464709845	-78.0
-33.662567402629264	-90.0
-40.40756076953075	-148.0
-33.55000142043893	-92.0
-33.55000142043893	-92.0
-33.55000142043893	-92.0
-33.55000142043893	-92.0
-30.03026522399248	-83.0
-29.186468978220915	-79.0
-31.09858587117889	-90.0
-35.99409911599642	-87.0
-48.11041595903151	-144.0
-43.728296114971485	-142.0
-33.25392531752303	-91.0
-57.57056677619593	-137.0
-51.30370295779652	-148.0
-32.295599808825834	-93.0
-27.65110399280778	-83.0
-34.321156273331944	-91.0
-33.55000142043893	-92.0
-53.04232290127307	-134.0
-28.69202634555161	-85.0
-29.02505237598865	-90.0
-29.02505237598865	-90.0
-31.21362701858729	-84.0
-30.53882650250546	-87.0
-27.69744363435298	-85.0
-48.32507141303368	-137.0
-27.71809573820636	-85.0
-33.68214244246107	-90.0
-34.26407319996735	-90.0
-31.42140719997697	-86.0
-34.48411248837263	-87.0
-39.03057012479882	-93.0
-35.748624650188525	-90.0
-41.40527401638774	-89.0
-37.79687342963325	-93.0
-37.79687342963325	-93.0
-20.0	-42.0
-37.02443209997981	-85.0
1.5	1.0
-19.5	-41.0
-8.5	-19.0
1.5	1.0
-0.1180339887498948	-1.0
-28.832290274994968	-84.0
-62.58260415869123	-149.0
-23.71423585604713	-94.0
-39.42112911677981	-89.0
-24.588708848446256	-54.0
-48.23679917251713	-135.0
-18.39207261295645	-39.0
-26.822584798929988	-106.0
-34.16651820171589	-195.0
-54.44260855198778	-252.0
-41.57771406307601	-194.0
-41.57771406307601	-194.0
-43.13279362048644	-195.0
-29.520752775345645	-223.0
-27.860590656563613	-223.0
-17.061417344707895	-107.0
-30.71699630517824	-227.0
-22.25174748405184	-61.0
-11.634760858386578	-29.0
-32.20341124633084	-230.0
-15.520883914052426	-40.0
-27.158870265871368	-66.0
-32.908632194979454	-230.0
-22.861432096059584	-62.0
-24.780217085504667	-59.0
-26.11817635087008	-64.0
-20.01541401690931	-73.0
-42.7428440197927	-238.0
-59.72986954626684	-252.0
-28.44650940624948	-224.0
-17.8039629581126	-50.0
-72.71403564768498	-257.0
-12.281255628126743	-48.0
-26.66909565452347	-242.0
-38.974506698380566	-240.0
-45.855623443494025	-239.0
-15.61109347350108	-34.0
-14.189622272061618	-34.0
-20.972669458580267	-54.0
-45.75436613946201	-246.0
-30.06361142105164	-239.0
-54.25422381790219	-251.0
-27.069303628178087	-144.0
-38.38440371904933	-127.0
-62.15091881785007	-244.0
-43.57488408529895	-229.0
-24.966298410470188	-62.0
-48.57690480552428	-241.0
-37.15480796825912	-220.0
-105.94319538028552	-258.0
-10.525418381006592	-30.0
-1.0570827846972772	-8.0
-1.0570827846972772	-8.0
-10.525418381006592	-30.0
-30.904326023342406	-72.0
-34.16074812727358	-153.0
-41.34676164264842	-196.0
-27.73817638141896	-69.0
-18.481517369270072	-62.0
-18.481517369270072	-62.0
-17.147563687492724	-60.0
-18.481517369270072	-62.0
-19.455724786129835	-58.0
-45.38678118648181	-138.0
-26.580991742307216	-71.0
-41.21091050751925	-110.0
-21.80271581852713	-134.0
-31.892569418285067	-147.0
-34.160748127273614	-153.0
-34.64812660086543	-149.0
-34.9240121116329	-193.0
-27.199690750995693	-70.0
-48.63274421181917	-208.0
-36.0	-74.0
-32.5465187133756	-73.0
-26.580991742307216	-71.0
-41.72960235903709	-137.0
-36.0	-74.0
-38.19192828295885	-145.0
-34.63853391372134	-124.0
-25.442009955374928	-52.0
-7.604774621670696	-19.0
-11.582762530298218	-24.0
-21.339162979272945	-55.0
0.374667264879411	-6.0
0.374667264879411	-6.0
-52.41040252275754	-135.0
-49.3468985062914	-137.0
-47.63809724726657	-135.0
-8.697229881190443	-19.0
-2.75233724642908	-14.0
-10.753271797055554	-19.0
-3.188164992095257	-8.0
-31.775962356375828	-80.0
-41.52652127684417	-92.0
-128.26181947636695	-266.0
-63.76000123053733	-146.0
-20.5	-43.0
-6.858951059522463	-19.0
-8.044498824258191	-19.0
-50.1132876219947	-247.0
-83.5064353284061	-259.0
2.2192235935955846	2.0
-21.584800378544628	-45.0
2.2192235935955846	2.0
-46.0	-94.0
-1.0	-4.0
-24.86355947147932	-60.0
-50.48149040998265	-142.0
-58.93598751429568	-143.0
-25.222591843752543	-85.0
-10.646405044778506	-28.0
-7.943268113301793	-23.0
-26.51556079919286	-116.0
-9.982100560259555	-25.0
-10.726812023536851	-23.0
0.5	-1.0
0.5	-1.0
0.5	-1.0
-28.41978011317578	-71.0
-28.829636538298487	-104.0
-20.86748186992396	-58.0
-18.332668421567217	-55.0
-18.79837518154043	-57.0
-20.86748186992396	-58.0
-20.86748186992396	-58.0
-36.60461600329533	-77.0
1.5	1.0
-6.257804885470349	-14.0
2.0	2.0
1.5	1.0
-5.284116572672468	-11.0
-7.970711723102163	-16.0
0.1698036230366048	-1.0
0.7396013553019261	-1.0
-12.738963423174823	-31.0
-15.5	-33.0
-3.5	-9.0
-53.3619997092983	-155.0
-20.5	-43.0
1.0	0.0
-0.7320508075688776	-2.0
-19.27579547202016	-94.0
-30.69044899728993	-178.0
-25.67586531527265	-68.0
-1.0	-4.0
-45.00824131747062	-111.0
-33.893905815014136	-89.0
1.0	0.0
-28.5654333924966	-59.0
-23.859638293854985	-51.0
-22.52614950352416	-71.0
-13.306653525519376	-32.0
-17.65351044790137	-56.0
-17.120635473499373	-69.0
-17.120635473499373	-69.0
1.0	0.0
-5.0	-12.0
-69.67610049718681	-257.0
-3.11473994453672	-8.0
-3.11473994453672	-8.0
-9.935726331038872	-31.0
-9.935726331038872	-31.0
-24.343180903667232	-113.0
-50.67468130836515	-140.0
-9.519836515170889	-20.0
-0.4781532478254399	-7.0
-0.4781532478254399	-7.0
-0.4781532478254399	-7.0
-0.4781532478254399	-7.0
-0.4781532478254399	-7.0
-0.4781532478254399	-7.0
-0.4781532478254399	-7.0
-0.4781532478254399	-7.0
-38.99476495724665	-128.0
-28.648096066118708	-191.0
-32.632439390689726	-85.0
-21.17454201268142	-120.0
-26.627820279202428	-80.0
-24.76107281127744	-116.0
-26.757546896344724	-93.0
-20.74087051458914	-120.0
-27.48724802252126	-127.0
-27.48724802252126	-127.0
-39.72690881341575	-223.0
-31.93060570350746	-84.0
-37.64011807454138	-83.0
-13.066608999887288	-32.0
-15.05791813300408	-42.0
-32.50347015513017	-135.0
-72.74948528504731	-148.0
-48.60386815529767	-140.0
-63.37340929969598	-133.0
-50.77275156834499	-111.0
-50.99847120058631	-110.0
-49.939463628689474	-110.0
-52.20808288907557	-111.0
-34.801173206153	-76.0
-54.58955463626796	-134.0
0.5	-1.0
-17.91167229401675	-40.0
-25.882178978096	-60.0
-68.50997648200857	-163.0
-29.199731200838684	-63.0
-3.917548502854383	-9.0
-1.5	-5.0
-41.53487354885223	-129.0
-9.824380912248447	-22.0
-21.649011516424707	-47.0
-3.439504671222529	-14.0
-2.75233724642908	-14.0
-59.010115863972	-138.0
-65.39729496691456	-140.0
-4.210410054584337	-18.0
-4.210410054584337	-18.0
-4.210410054584337	-18.0
-64.19520769017895	-138.0
-4.954967939673842	-12.0
-12.509440767243754	-29.0
-2.1654968105571326	-11.0
-3.9528124323706457	-8.0
-13.069534497522405	-29.0
-3.9528124323706457	-8.0
-8.620545348741977	-33.0
-8.620545348741977	-33.0
-19.264301481428543	-40.0
-17.81119579339924	-38.0
-17.4886125421271	-39.0
-12.44733421995231	-38.0
-3.0	-8.0
-36.31904785642029	-73.0
-5.108167517811386	-11.0
-18.686211081488096	-39.0
-43.10952031725836	-83.0
-41.01571883877382	-134.0
-41.62072131507199	-135.0
-134.00766238534752	-269.0
-18.686211081488096	-39.0
-22.0	-46.0
-7.767604563662257	-14.0
-19.74107482085071	-41.0
-20.5	-43.0
-24.0	-50.0
-29.699076103953484	-83.0
-21.613853360545622	-51.0
0.7344355629253627	-1.0
-3.2015621187164243	-7.0
0.9999999999999992	0.0
-45.21373042904637	-235.0
-55.61334610218318	-257.0
-37.183096959305246	-199.0
-28.39346809450832	-82.0
-38.63898532141236	-110.0
-82.58995221071751	-261.0
-71.06243052901235	-260.0
-26.72791982762158	-78.0
-26.72791982762158	-78.0
-30.53174598304712	-84.0
-19.021856933097087	-43.0
-43.34758380707802	-237.0
-21.5	-45.0
-42.325595880979854	-217.0
-51.29344748278297	-141.0
-27.54288773695112	-113.0
-35.13859205221686	-136.0
-22.0	-46.0
-22.0	-46.0
-52.03530350220834	-144.0
-35.275808438219	-136.0
-23.53995408413136	-49.0
-23.735511344474123	-126.0
-18.28439779975948	-48.0
-59.22138442625321	-143.0
-35.138592052216865	-136.0
-35.138592052216865	-136.0
-51.29344748278297	-141.0
-44.66701976535067	-118.0
-37.695659616974766	-82.0
-22.0	-46.0
-37.288619454179	-83.0
-67.72695752428601	-253.0
-31.62263283443414	-89.0
-16.458266691683153	-76.0
-15.142081247778766	-76.0
-29.88874193500204	-111.0
-29.88874193500204	-111.0
-36.633801008121104	-229.0
-10.875746730254022	-43.0
-48.113111424318895	-148.0
-8.820794912742265	-27.0
-33.40634033021665	-82.0
-33.40634033021665	-82.0
-36.96889844702591	-84.0
-37.95098603474581	-85.0
-36.96889844702591	-84.0
-33.40634033021665	-82.0
-36.96889844702591	-84.0
-31.46329205408854	-79.0
-36.96889844702591	-84.0
-32.992103189064125	-78.0
-27.387470121376992	-79.0
-35.114826710919225	-79.0
-33.40634033021665	-82.0
-32.99210318906412	-78.0
-32.99210318906412	-78.0
-11.5	-25.0
-23.60407180965926	-84.0
-23.60407180965926	-84.0
-64.4297222600976	-256.0
-33.5	-69.0
-32.89610805290492	-118.0
-30.75526607683037	-116.0
-31.696873789132525	-120.0
-46.08082195733383	-150.0
-53.56796886271897	-118.0
-11.484700733885978	-50.0
-54.52989016967844	-142.0
-9.742649672583562	-48.0
-55.0663324347984	-142.0
-11.484700733885978	-50.0
-41.74257022549863	-129.0
-54.52989016967844	-142.0
-50.67468130836515	-140.0
-11.484700733885978	-50.0
-54.52989016967844	-142.0
-54.52989016967844	-142.0
-12.586308764964375	-26.0
-65.80727014566445	-257.0
-27.66516422471164	-81.0
-34.87649437009187	-136.0
-56.20423862474202	-247.0
-46.00461993102125	-144.0
-39.31494162978799	-224.0
-23.528718452205432	-81.0
-25.53037840615852	-76.0
-36.73213488317982	-235.0
-43.52883591836684	-144.0
-42.24055624203701	-235.0
-42.17061025752865	-128.0
-28.749251443317736	-120.0
-30.009890038203825	-217.0
-42.209796866465496	-139.0
-36.88115140425785	-222.0
-46.5	-95.0
-44.18378114752774	-147.0
-46.01278631828512	-112.0
-59.25232535472408	-160.0
-38.80318651081313	-93.0
-40.09091568397909	-127.0
-55.00148404877911	-157.0
-40.92725547103885	-114.0
-43.45038918096687	-140.0
-11.6041219597369	-27.0
-20.964868975829496	-55.0
-43.400138092148346	-96.0
-20.287823630435785	-54.0
-80.67069575662697	-164.0
-8.706448908767918	-24.0
-47.59939586924754	-131.0
-51.906822917709945	-119.0
-39.54759344734665	-81.0
-43.74560041315748	-113.0
-44.06238538445589	-143.0
-40.44949017791823	-112.0
-35.85114575167695	-79.0
-37.94673208895993	-124.0
-41.20900869715114	-127.0
-39.55372530427879	-79.0
-49.74852318032952	-133.0
-43.35456494517644	-144.0
-51.906822917709945	-119.0
-49.63540110202138	-140.0
-43.93364577962388	-130.0
-42.88651713026992	-113.0
-40.207183639015966	-139.0
-46.70077216076489	-116.0
-35.73543474520896	-77.0
-39.49239624061765	-112.0
-37.134614234213856	-110.0
-51.906822917709945	-119.0
-43.745600413157504	-113.0
-51.906822917709945	-119.0
-40.39335243185682	-111.0
-34.56038506929733	-78.0
-48.43961242259324	-117.0
-51.906822917709945	-119.0
-51.906822917709945	-119.0
-44.22009332767418	-114.0
-60.86795827840146	-139.0
-44.35123155244881	-140.0
-32.22949162329684	-205.0
-50.60856812042847	-139.0
-50.60856812042847	-139.0
-59.5	-121.0
-46.53882853984271	-118.0
-28.72354104431237	-215.0
-40.77706734717036	-114.0
-29.77114686464356	-107.0
-47.52539761558373	-120.0
-90.1476151587624	-217.0
-27.69916351563334	-115.0
-36.51128594994642	-126.0
-36.51128594994642	-126.0
-36.51128594994642	-126.0
-36.51128594994642	-126.0
-47.52539761558373	-120.0
-52.54471643106844	-121.0
-71.34682661780084	-257.0
-27.32931668593933	-62.0
-57.56810133148336	-138.0
-28.39855193135836	-91.0
-24.026286513036844	-88.0
-26.56893003105009	-90.0
-28.440173611249307	-119.0
-10.769683258461008	-34.0
-10.459645657272008	-34.0
-49.14048831309942	-134.0
-22.553729829185087	-66.0
-20.20456012027524	-51.0
-17.72406276192786	-55.0
-8.0	-16.0
-16.39351453312546	-67.0
-12.088193597017142	-25.0
-50.48149040998266	-142.0
-8.5	-19.0
-33.96079372192943	-136.0
-13.22115068852252	-27.0
-39.44408398422093	-128.0
-56.30210162286809	-140.0
-34.21340805200142	-122.0
-20.681597247984165	-44.0
-31.5	-65.0
-2.0	-6.0
-66.29154786264522	-148.0
-21.50379718159235	-66.0
-21.50379718159235	-66.0
-25.197482299742827	-74.0
0.4999999999999999	-1.0
-37.50050018033376	-84.0
-1.5	-5.0
-27.86867495936276	-68.0
-62.230256242693365	-141.0
-25.233879998936786	-69.0
-63.75863771938717	-142.0
-30.66512959081165	-77.0
-29.029361228336608	-89.0
-1.543443195550209	-4.0
1.0	0.0
-1.3027756377319948	-3.0
-7.784281753649946	-22.0
-82.0	-166.0
-28.575223223278748	-87.0
-19.138761402207187	-56.0
-44.99462691377275	-94.0
-45.55141498289935	-95.0
0.7344355629253627	-1.0
-46.5	-95.0
-46.5	-95.0
-26.5	-55.0
-101.80342486559532	-266.0
-27.6500932832574	-61.0
-48.99615634117151	-136.0
-26.872376375122663	-70.0
-58.93598751429568	-143.0
-35.5	-73.0
-26.5	-55.0
-92.55192318615042	-264.0
-46.5	-95.0
-10.484092903398052	-34.0
-10.484092903398052	-34.0
-58.01524972627889	-255.0
-58.41158503221188	-243.0
-91.02455666659183	-255.0
-7.6881274720911295	-18.0
-5.0	-12.0
-6.377551641923021	-13.0
-18.5	-39.0
-49.50827617066944	-141.0
-35.402780479554174	-134.0
-5.0	-12.0
-5.0	-12.0
-5.892291696859367	-10.0
-2.5156097709406984	-8.0
-7.079703240731432	-14.0
-2.5156097709406984	-8.0
-5.028518870485331	-10.0
-67.41017494505292	-142.0
-2.883638215016034	-6.0
-67.91853370448263	-142.0
-3.6825746060605344	-7.0
-2.793515739682648	-6.0
-34.30315728499927	-82.0
-41.70566702372598	-133.0
-45.368269642193056	-137.0
-33.35287690031272	-87.0
-30.804160650191506	-83.0
-41.67937082537502	-138.0
-34.44846316366372	-88.0
-30.047009604965275	-85.0
-1.5	-5.0
-72.73325507368867	-143.0
-18.20242347539245	-39.0
-19.37413180489385	-49.0
-52.18530429018926	-139.0
-2.753471552684553	-8.0
-39.67456026604255	-82.0
-3.5	-9.0
-32.645864259782975	-87.0
-110.8987497574755	-259.0
-31.523345610632862	-139.0
-128.34596152154597	-268.0
-37.0	-76.0
-20.356621712699205	-54.0
-33.022872725172874	-124.0
-18.73610744292792	-50.0
-18.73610744292792	-50.0
-18.73610744292792	-50.0
-18.73610744292792	-50.0
-44.182718623813344	-87.0
-17.399053542402566	-48.0
-18.73610744292792	-50.0
-19.20994502137655	-43.0
-31.364190997728908	-75.0
-23.268164767921007	-51.0
-18.736107442927924	-50.0
-19.20994502137655	-43.0
-19.20994502137655	-43.0
-23.268164767921007	-51.0
-23.268164767921007	-51.0
-55.95170338222353	-142.0
-23.268164767921007	-51.0
-18.443714534221044	-51.0
-41.90926817423356	-134.0
-22.23229452029868	-50.0
-4.709422457513806	-10.0
-11.077122461009024	-18.0
-35.05664910509131	-70.0
-41.32697098893272	-93.0
-22.545620545639604	-68.0
-30.066656554024533	-72.0
-12.98121162867272	-40.0
-14.351327784032083	-41.0
-31.84330053541173	-133.0
-44.31597706826661	-136.0
-15.13659853793786	-43.0
-27.254511973974736	-89.0
-23.69830013987196	-59.0
-20.973040838533905	-55.0
-66.51608401933979	-259.0
-25.233879998936786	-69.0
-37.98214030892856	-141.0
-51.76914614189628	-154.0
-109.98173822145012	-264.0
-97.28876141655884	-259.0
-7.962071659057062	-21.0
-29.72003564667373	-75.0
-22.70265126806297	-81.0
-34.246579826071844	-77.0
-5.735162698673939	-17.0
-10.726607041297886	-19.0
-20.40629433342796	-46.0
-80.12838199311113	-210.0
-43.36472785436475	-136.0
-25.71363882512807	-76.0
-20.87971292322969	-45.0
-55.35331742757253	-136.0
-56.65626452777843	-154.0
-21.60688484784632	-45.0
-20.587098828241487	-44.0
-22.140497649293945	-44.0
-48.78488129790008	-141.0
-22.278925779185165	-54.0
-44.52279301269328	-137.0
-45.44123406746508	-145.0
-34.608473931703266	-77.0
-38.09502310972898	-82.0
-34.098040097422974	-77.0
-35.03984740042559	-81.0
-35.03984740042559	-81.0
-35.03984740042559	-81.0
-39.525300250565095	-83.0
-40.5	-83.0
-41.0	-84.0
-41.0	-84.0
-39.525300250565095	-83.0
-41.0	-84.0
-33.987398665699054	-78.0
-33.987398665699054	-78.0
-34.05279673378074	-77.0
-9.094389581607988	-20.0
-43.67291074624977	-138.0
-31.491848848601183	-81.0
-19.0	-40.0
-29.5	-61.0
-34.262497473095564	-137.0
-73.17899376947767	-257.0
-44.64055018054519	-143.0
-69.25879277005721	-254.0
-57.54179079373372	-150.0
-78.53062696119552	-261.0
-80.61824675996891	-257.0
-54.99279969476038	-155.0
-80.61824675996891	-257.0
-74.5	-151.0
-24.79931262330739	-135.0
-45.12888999250612	-145.0
-37.74489195742177	-141.0
-52.56172663021693	-150.0
-40.612027988186746	-140.0
-28.036124566280463	-138.0
-38.33513313162596	-136.0
-60.58895222774612	-142.0
-40.14469706161016	-139.0
-62.14890396234098	-142.0
-58.93598751429568	-143.0
-25.17912618389001	-123.0
-38.75682124214919	-138.0
-29.734165513562488	-128.0
-28.237681699111583	-126.0
-30.18582645859744	-128.0
-71.0	-144.0
-42.26453609579031	-137.0
-46.689709078922725	-139.0
-43.05711953000786	-139.0
-38.33216374321883	-138.0
-43.05711953000786	-139.0
-60.9051387536728	-140.0
-34.35655132669645	-130.0
-58.93598751429568	-143.0
-71.51514803843835	-144.0
-60.58895222774612	-142.0
-71.0	-144.0
-57.90993466446058	-140.0
-58.93598751429568	-143.0
-25.011936738566767	-124.0
-29.799235730637733	-128.0
-44.18203111806785	-141.0
-48.95944613917116	-141.0
-44.18203111806785	-141.0
-48.95944613917116	-141.0
-52.70003238765458	-139.0
-48.95944613917116	-141.0
-67.56358278252456	-253.0
-13.751116049186324	-30.0
-46.5	-95.0
-27.5	-57.0
-71.5	-145.0
-8.0	-18.0
-8.0	-18.0
-2.5	-7.0
-28.5	-59.0
-68.5	-139.0
-31.5	-65.0
-8.0	-18.0
-8.0	-18.0
-42.81438021456081	-94.0
-37.14816036449722	-130.0
-100.62257968821558	-262.0
-70.21820500501468	-254.0
0.0	-2.0
0.0	-2.0
0.0	-2.0
0.0	-2.0
-21.372682001385776	-90.0
-52.586728476590814	-249.0
-53.58483848968802	-157.0
-8.818829604502318	-25.0
-40.86131482627819	-146.0
-22.73390722972984	-78.0
-68.64892650226602	-253.0
-86.03532826433816	-257.0
-17.090896336538467	-85.0
-83.76597670906014	-216.0
1.5	1.0
-9.5	-21.0
-39.03048034360321	-89.0
-124.99423051317709	-267.0
-0.5	-3.0
-34.55581129116524	-83.0
-25.48915447184501	-78.0
-41.0124921972504	-85.0
-42.5	-87.0
-37.07120663064725	-84.0
-46.5267438354347	-152.0
-3.0	-8.0
-12.159317227404154	-28.0
-6.13395376208405	-29.0
-30.03768226591832	-61.0
-39.60948638968221	-92.0
-29.64479776128489	-66.0
-28.0414626138908	-87.0
-67.83332487094648	-162.0
-62.61580047750666	-158.0
-23.322675509107373	-61.0
-22.078258449390493	-62.0
-31.76201811972922	-68.0
-86.37454059178835	-261.0
-48.989957109227255	-246.0
-32.323886151888175	-69.0
-90.93462381125651	-265.0
-80.04640915428763	-263.0
-95.58406722655472	-266.0
-20.5	-43.0
-20.5	-43.0
-17.21725440628086	-40.0
-20.5	-43.0
-20.5	-43.0
-18.868057790933875	-41.0
-20.5	-43.0
-40.29518820778885	-93.0
-40.29518820778885	-93.0
-20.0	-42.0
-1.4641016151377546	-8.0
-1.4641016151377546	-8.0
-15.684167115591965	-43.0
-16.15644701220174	-47.0
-19.53353274832822	-54.0
-24.0	-50.0
-9.46750976018889	-23.0
-34.42546779467212	-81.0
-34.42546779467212	-81.0
-39.33913296973361	-86.0
-39.33913296973361	-86.0
-33.89444833450184	-81.0
-9.970504391216238	-17.0
-26.040253541230463	-58.0
-26.040253541230463	-58.0
-26.040253541230463	-58.0
-8.577943689747311	-17.0
-2.706888719968496	-11.0
-2.706888719968496	-11.0
-7.163565689920909	-11.0
-9.082413862865105	-24.0
-9.46750976018889	-23.0
-19.53353274832822	-54.0
-3.907536453183664	-12.0
-3.4831640528478123	-25.0
-3.4831640528478123	-25.0
-3.4831640528478123	-25.0
-10.176174977679906	-24.0
-10.176174977679906	-24.0
-19.208520363116243	-40.0
-3.357785524421506	-9.0
-43.24768153506914	-150.0
-49.68111271484633	-252.0
-32.855312867692284	-103.0
-37.02741952187743	-75.0
-5.986119386925151	-20.0
-8.044498824258191	-19.0
-5.986119386925151	-20.0
-24.052121551318827	-82.0
-24.052121551318827	-82.0
-24.052121551318827	-82.0
-30.090563265551097	-83.0
-13.484677327528718	-30.0
-9.109772228646444	-20.0
-7.212214450449026	-18.0
-29.65793826993304	-73.0
-29.65793826993304	-73.0
-16.33906525420617	-33.0
-115.68261984429935	-267.0
-46.5	-95.0
1.0	0.0
-0.5	-3.0
-2.981692161012158	-9.0
-2.981692161012158	-9.0
-46.5	-95.0
-3.5	-9.0
-17.935976348497263	-57.0
-2.5417464952160254	-6.0
-2.1767410834184404	-6.0
-3.0	-8.0
0.5	-1.0
-25.0	-52.0
-25.0	-52.0
-25.0	-52.0
-21.703603311174515	-51.0
-21.703603311174515	-51.0
-28.5	-59.0
-17.5524865872714	-39.0
-20.609671934053274	-55.0
-21.0	-44.0
-21.0	-44.0
-21.0	-44.0
-31.0	-64.0
-31.0	-64.0
-26.8671241983826	-57.0
-46.5	-95.0
-1.0151936795215954	-5.0
0.5	-1.0
-0.3507810593582122	-4.0
-12.42489109331359	-39.0
-12.408326913195983	-31.0
-8.464101615137755	-15.0
-13.521915661238047	-53.0
-56.56741051273245	-157.0
-18.287837389993857	-38.0
-14.052985367401678	-39.0
-26.37111517007807	-71.0
-4.0	-10.0
-64.09156276912654	-141.0
-20.0	-42.0
-2.9075364531836625	-10.0
-36.06433425448798	-76.0
-0.7807764064044151	-2.0
-28.346069575767125	-81.0
-33.605330234400355	-85.0
-0.3696108582817038	-5.0
-52.66238217150421	-250.0
-103.4410838889875	-263.0
-103.4410838889875	-263.0
-103.4410838889875	-263.0
-103.4410838889875	-263.0
-98.0343240342149	-264.0
-100.62257968821558	-262.0
-120.90228908117314	-268.0
-83.85946265995608	-260.0
-88.92680237164684	-263.0
-113.34382083753376	-266.0
-106.19554484175048	-263.0
-96.54273540270076	-262.0
-118.78403329796676	-267.0
-118.14637337905448	-266.0
-103.4410838889875	-263.0
-111.77572420255414	-265.0
-111.77572420255414	-265.0
-22.875426543067725	-58.0
-51.579982543123926	-154.0
-66.84803757452396	-160.0
-133.5	-269.0
-133.5	-269.0
-82.8135063363406	-265.0
-133.5	-269.0
-70.03830553104939	-261.0
-133.5	-269.0
-79.57792373768535	-258.0
-61.1342423338777	-258.0
-129.56738172062717	-267.0
-88.15857449041133	-262.0
-7.590864940013675	-20.0
-29.776170317764343	-104.0
-31.813207915827967	-77.0
-31.813207915827967	-77.0
-31.813207915827967	-77.0
-10.952163011671203	-28.0
-55.98707428827121	-158.0
-10.952163011671203	-28.0
-39.44408398422093	-128.0
-27.725661535508124	-61.0
-21.97869079778243	-59.0
-23.982947936980608	-61.0
-23.982947936980608	-61.0
-23.982947936980608	-61.0
-20.67861981288957	-59.0
-27.37447290142129	-88.0
-30.0	-62.0
-26.99350973901692	-87.0
-29.294304086006413	-89.0
-27.5	-57.0
-27.5	-57.0
-24.9339811320566	-59.0
-34.39066582239886	-77.0
-46.0	-94.0
-82.0	-166.0
-19.0	-40.0
-1.0	-4.0
0.5	-1.0
-1.7122144504490264	-4.0
-5.5	-13.0
-8.5	-19.0
-7.784281753649946	-22.0
-62.5485851134528	-161.0
-62.5485851134528	-161.0
-12.039836021478274	-26.0
-4.528938536025534	-10.0
-3.0615528128088307	-6.0
-56.30210162286809	-140.0
-56.30210162286809	-140.0
-56.30210162286809	-140.0
-9.666563688979483	-28.0
-56.30210162286809	-140.0
-1.5	-5.0
-46.5	-95.0
-39.60636497313308	-85.0
-9.063563576938405	-25.0
-15.231756966321758	-40.0
-14.903225371816983	-40.0
-10.7266853686473	-38.0
-2.5	-7.0
-12.42489109331359	-39.0
-2.0	-6.0
-3.315191182921719	-14.0
-7.5	-17.0
-7.5	-17.0
-24.60215414239989	-57.0
-7.5	-17.0
-7.5	-17.0
-29.758491665329657	-89.0
-4.5	-11.0
-51.2627704290506	-156.0
-51.2627704290506	-156.0
-21.0	-44.0
-15.05791813300408	-42.0
-15.05791813300408	-42.0
-15.05791813300408	-42.0
-21.0	-44.0
-21.0	-44.0
-32.27674953786111	-90.0
-19.012807143008715	-47.0
-14.53802568949215	-45.0
-4.5	-11.0
-19.0	-40.0
-19.0	-40.0
-19.0	-40.0
-12.006577808748212	-27.0
-15.231756966321758	-40.0
-68.5	-139.0
-39.92278484935842	-131.0
-39.92278484935842	-131.0
-59.07387154497991	-160.0
-39.92278484935842	-131.0
-64.49736643082869	-162.0
-5.584258493863821	-20.0
-35.36111869439608	-85.0
-4.913182359874681	-16.0
-25.933904999371247	-58.0
-23.113670497175384	-76.0
-37.03176677291784	-91.0
-5.584258493863821	-20.0
-26.33898846804863	-82.0
-26.33898846804863	-82.0
-26.33898846804863	-82.0
-26.33898846804863	-82.0
-26.33898846804863	-82.0
-10.52172886644268	-25.0
-10.52172886644268	-25.0
-21.615770126867684	-85.0
-21.615770126867684	-85.0
-26.33898846804861	-82.0
-34.36994623093432	-120.0
-40.227825844240726	-93.0
0.9378538277311596	-4.0
-30.41258232770639	-77.0
0.9378538277311596	-4.0
-41.5	-85.0
-5.5	-13.0
-1.0	-4.0
-8.0	-18.0
-8.0	-18.0
-8.0	-18.0
-8.0	-18.0
-7.500000000000001	-17.0
-9.701380624977038	-23.0
0.5	-1.0
-33.85621381171626	-72.0
-46.83651119749667	-113.0
0.5	-1.0
-14.529533157727943	-41.0
0.5	-1.0
-3.0	-8.0
-82.0	-166.0
-2.0	-6.0
-8.86931687685298	-25.0
-22.26208728264688	-73.0
-22.26208728264688	-73.0
-22.26208728264688	-73.0
-22.26208728264688	-73.0
-21.68762521148864	-72.0
-23.6021974779552	-74.0
-22.157843335395366	-72.0
-22.26208728264686	-73.0
-23.845530381638746	-70.0
-37.007575322837	-78.0
-38.25368600864799	-90.0
-33.81882960450232	-77.0
-34.37075079571842	-78.0
-38.48027865756008	-91.0
-33.974583275687394	-90.0
-43.36048707005946	-95.0
-42.81438021456081	-94.0
-43.21566551230504	-93.0
-43.36157429905752	-94.0
-42.81438021456081	-94.0
-21.5	-45.0
-2.0	-6.0
-20.54866496202299	-42.0
-3.0	-8.0
-21.972939277330447	-62.0
-43.98457702305643	-112.0
-14.861234038550386	-36.0
-7.5	-17.0
-1.0	-4.0
0.8819660112501052	-1.0
-8.0	-18.0
-8.5	-19.0
-8.609772228646445	-18.0
-41.5	-85.0
-8.5	-19.0
-31.5	-65.0
0.0	-2.0
-3.8117376914899	-6.0
-13.5	-29.0
-13.5	-29.0
-2.0	-6.0
1.5	1.0
-3.5	-9.0
-33.06013187900271	-67.0
-5.0	-12.0
-5.0	-12.0
-55.08266370101565	-139.0
-3.0	-8.0
-3.418017239300773	-26.0
-7.96985729970653	-30.0
-25.551105053169564	-83.0
-36.753262244737215	-135.0
0.5	-1.0
-0.8860009363293828	-2.0
0.5	-1.0
0.5	-1.0
-63.07905286405955	-162.0
-63.07905286405955	-162.0
-15.283646365587956	-33.0
-1.5	-5.0
-63.07905286405955	-162.0
-8.0	-18.0
-0.5	-3.0
-28.711646096066225	-69.0
-6.176174977679906	-14.0
-53.39842612778618	-140.0
-25.551105053169564	-83.0
-25.551105053169564	-83.0
-25.551105053169564	-83.0
-25.551105053169564	-83.0
-25.551105053169564	-83.0
-25.551105053169564	-83.0
-6.0	-14.0
-10.5	-23.0
-54.44057333058235	-159.0
-17.0	-36.0
-25.0	-52.0
-25.0	-52.0
-8.5	-19.0
-27.0	-56.0
-13.0	-28.0
-8.0	-18.0
-0.5	-3.0
-0.5	-3.0
-12.0	-26.0
-1.850781059358212	-5.0
0.0	0.0
-82.0	-166.0
-4.3355406452537135	-11.0
-28.78362775545612	-80.0
-26.0	-54.0
-23.054165651749017	-87.0
-23.054165651749017	-87.0
-23.913830214145342	-88.0
-28.84166586536547	-61.0
-29.039936203984453	-62.0
-30.5	-63.0
-27.754483676813088	-59.0
-27.626476309307428	-61.0
-30.350628602710664	-92.0
-30.350628602710664	-92.0
-10.711275900591533	-35.0
-29.273511110212983	-91.0
-46.5	-95.0
-46.5	-95.0
-2.5	-7.0
-2.5	-7.0
-0.5	-3.0
-27.5464114408446	-56.0
-7.5	-17.0
-1.341418292106991	-3.0
0.5	-1.0
0.5	-1.0
-1.0	-4.0
-1.0	-4.0
-57.47464090037709	-157.0
-8.0	-18.0
-8.0	-18.0
-8.0	-18.0
-18.5	-39.0
1.0	0.0
1.0	0.0
-67.83332487094648	-162.0
-34.93165782621404	-85.0
-19.914194159451448	-79.0
-1.5	-5.0
-9.1041219597369	-20.0
-16.956162049926082	-44.0
-10.0	-22.0
-29.0	-60.0
-30.37019176049309	-67.0
-30.37019176049309	-67.0
-6.5	-15.0
-32.2679623707398	-85.0
-0.7320508075688773	-2.0
-17.5524865872714	-39.0
-19.558621384311845	-40.0
-23.62073397459222	-57.0
-7.5	-17.0
1.881966011250105	1.0
1.881966011250105	1.0
-13.89689069078737	-37.0
-68.5	-139.0
-0.8149066358459393	-2.0
-50.6710370815611	-131.0
-3.013878188659973	-9.0
-17.0	-36.0
0.7344355629253627	-1.0
-27.0	-56.0
-4.5	-11.0
-2.0	-6.0
0.7344355629253627	-1.0
-1.5	-5.0
1.0	0.0
-28.5	-59.0
-41.5	-85.0
-7.784281753649946	-22.0
-5.0	-12.0
-3.0	-8.0
-20.5	-43.0
1.0	0.0
-65.69617180733135	-162.0
-21.5	-45.0
-2.0	-6.0
-41.84352689880527	-92.0
-18.5	-39.0
-2.0	-6.0
-8.0	-18.0
-6.786754015251698	-25.0
-17.0	-36.0
-3.0	-8.0
-3.0	-8.0
1.0	0.0
-2.302775637731995	-6.0
-42.5	-87.0
-42.5	-87.0
-42.5	-87.0
-67.28550750818366	-163.0
-62.53800737531505	-161.0
-62.8214133675823	-161.0
-67.28550750818366	-163.0
-67.28550750818366	-163.0
-67.28550750818366	-163.0
-4.5	-11.0
-0.5	-3.0
-45.38132957932954	-108.0
-48.97640458974745	-109.0
-2.618033988749895	-5.0
1.0	0.0
-46.5	-95.0
-2.0	-6.0
1.0	0.0
1.0	0.0
-41.5	-85.0
-46.0	-94.0
-46.0	-94.0
-44.5	-91.0
-16.0	-34.0
-16.0	-34.0
-16.0	-34.0
-3.5	-9.0
-19.0	-40.0
