-160	-48.46791430327337
-179	-38.77245143285521
-186	-20.552865279566287
-181	-47.65726575503727
-221	-64.40642198958751
-179	-55.76837182693654
-284	-83.78599014880535
-311	-70.19319665273855
-266	-49.30971922208458
-166	-53.670657641459314
-168	-30.311519519402584
-153	-39.299729508073376
-82	-31.91971673509985
-82	-31.91971673509985
-164	-27.1540417690206
-18	-5.654103815398641
-108	-32.107672844539955
-261	-27.562609790728644
-232	-38.49073855588021
-170	-33.52112847541412
-252	-74.0100947349573
-122	-44.523709241693886
-82	-31.91971673509985
-168	-35.153592669351
-82	-31.91971673509986
-96	-20.82517574678753
-18	-5.654103815398641
-82	-31.91971673509986
-135	-29.70642610117844
-175	-34.67190213693397
-93	-32.13253361699881
-155	-35.861176973171695
-92	-28.49525494408257
-240	-29.653039749213946
-217	-45.92909127742584
-69	-26.779628143634667
-32	-9.842787921487831
-47	-20.90773917730695
-68	-29.64316255297493
-246	-33.31393576783728
-229	-38.830033109418665
-137	-19.707453501790624
-90	-34.99081324327489
-161	-34.13381775532143
-149	-30.273021612794945
-259	-55.940784695763206
-233	-33.86367095742076
-120	-36.51427110347807
-242	-30.08567203680277
-78	-19.74547048792478
-145	-42.90205260528162
-173	-46.94150621590517
-176	-54.51958831088634
-90	-39.235988253565495
-153	-43.001410870439145
-40	-15.50124312942048
-165	-26.660700470872506
-161	-17.955838085760206
-38	-14.439894960674078
-185	-31.15248290293855
-236	-25.64328221210249
-89	-26.48000714966958
-241	-33.98586849366934
-244	-32.575862591559485
-99	-26.83122232257567
-257	-49.279420604829824
-147	-37.07169080618228
-254	-46.87293511169364
-112	-20.657409571748143
-139	-33.4745917669338
-267	-41.91883149056434
-245	-52.36486485645487
-210	-25.54064507670332
-247	-27.717573445887
-208	-34.848902088417894
-168	-55.49791199372195
-311	-135.0888433355167
-167	-33.921775122350205
-258	-56.061694480411504
-238	-39.16401234936369
-107	-25.859095104620422
-291	-57.97417461856902
-261	-73.51261793199956
-220	-44.14463117801439
-247	-39.09596908894001
-254	-47.04205380624551
-251	-35.26636883900952
-106	-20.99133294062228
-274	-56.908502456947694
-257	-40.64501529837784
-167	-54.168725398370334
-166	-34.99173505479595
-183	-48.085188023568136
-154	-29.13405841890576
-199	-75.66793775593898
-159	-52.66003448891929
-230	-19.92802178620701
-230	-37.3645532188023
-171	-20.76760506111141
-97	-25.775782214630045
-97	-28.72346137924495
-89	-28.33556756253029
-140	-32.45334789218915
-263	-55.948320475230254
-98	-32.588923578293254
-217	-36.25781204241089
-163	-50.01945668112632
-273	-36.55515329771295
-306	-108.16412788158578
-167	-41.73738600021202
-100	-24.38201311198752
-220	-30.449569028865483
-223	-29.5988259872042
-225	-23.61583915682784
-226	-39.23207326828273
-237	-34.72153997434726
-216	-23.163332932348272
-87	-42.5
-89	-34.1094245338295
-87	-31.83560934495916
-156	-27.54359538372071
-156	-17.779448136046213
-156	-17.779448136046213
-88	-33.53691633164157
-258	-53.07357338367718
-89	-27.93254495707207
-273	-61.06532308858475
-259	-61.0190521055792
-262	-46.89305542317398
-270	-56.92548039277513
-91	-35.282786682638054
-95	-27.27046657874909
-190	-34.3562744802259
-267	-53.19232763336353
-197	-48.28604655437
-161	-42.75696349609081
-247	-52.38891309309837
-248	-61.151076701702266
-251	-32.443328526643654
-247	-23.495269566892
-215	-19.609595331297225
-239	-26.28040410569444
-229	-40.344454242512114
-193	-32.334685700430576
-174	-28.848074487139563
-173	-51.68988232822558
-173	-51.68988232822558
-173	-51.68988232822558
-38	-13.69374953643884
-173	-43.80154968024024
-138	-29.01397917458294
-89	-23.4137401230045
-38	-13.69374953643884
-38	-13.69374953643884
-146	-49.9626840684424
-295	-57.63171101320849
-217	-56.27837766427636
-105	-24.88783209255848
-67	-26.87213272582528
-275	-75.95067100784203
-67	-26.87213272582528
-177	-33.267624896697995
-204	-35.83962328837715
-67	-26.87213272582528
-112	-31.94942221791974
-32	-11.504752596044437
-35	-13.118279893933686
-60	-16.29800795805687
-225	-76.41039391092404
-256	-52.23751633039746
-123	-27.0795572866016
-147	-26.73936464538296
-189	-42.84816822080319
-148	-39.27687488179589
-31	-12.181632839872176
-151	-33.18005763942509
-29	-13.5
-64	-15.599280455449165
-64	-15.599280455449165
-51	-21.673103416632955
-150	-39.2569566591695
-61	-22.436121807615027
-31	-12.170682439482166
-149	-38.99344944392807
-32	-11.504752596044453
-147	-31.93856786749839
-148	-37.475883564842974
-120	-45.096980836898034
-74	-17.66174798999504
-142	-23.69136726461217
-275	-44.35707428698629
-70	-17.59629955525189
-110	-30.65838239872978
-221	-50.06707640187586
-73	-30.16800331306494
-147	-30.62735046898134
-101	-26.09844278216213
-107	-34.57289901015699
-230	-51.79036841039306
-180	-43.827181745723045
-245	-48.44810649771492
-63	-20.029964086141664
-63	-20.029964086141664
-269	-44.360067644699456
-61	-16.669890589588782
-68	-25.56100529651168
-198	-46.42700157084808
-174	-40.89025967966774
-135	-44.46235941067721
-239	-30.487751420506125
-143	-34.24312563690008
-160	-41.31959217432836
-144	-33.19423720653895
-168	-35.70404381901542
-81	-27.14702646988706
-168	-28.4493003471278
-145	-43.4654139142227
-165	-32.08232160193526
-72	-33.03275171557792
-93	-30.86152068823567
-63	-20.029964086141664
-222	-26.403893592917186
-180	-35.118868403566736
-99	-32.948350959598315
-102	-32.46422363004668
-153	-44.45509006949251
-136	-32.357902555940576
-61	-16.669890589588782
-178	-41.70745342658852
-176	-40.59433191735189
-123	-46.69064442789043
-63	-20.029964086141664
-158	-47.16222980789986
-145	-43.14322593529585
-61	-16.669890589588782
-87	-16.669098771297875
-61	-16.669890589588782
-63	-20.029964086141664
-163	-35.170359882848594
-71	-34.5
-229	-47.21987123889184
-229	-40.2730156213745
-96	-35.53329614922049
-226	-29.27319475142332
-252	-51.215946274937856
-110	-31.180191135814617
-27	-11.730076953984735
-82	-28.60912558347952
-154	-31.68730124724469
-64	-11.244301693444696
-80	-35.26050816870006
-156	-32.139096266600326
-91	-21.47529757230452
-143	-45.786097481405896
-228	-32.58247589392223
-264	-49.6911008109403
-162	-41.05988339397531
-275	-58.70769043192735
-67	-21.33303658927745
-216	-29.59971004097413
-176	-32.41644816464987
-197	-45.1815091348783
-172	-36.35116889465294
-296	-44.920393076858026
-148	-28.34368180807577
-106	-25.53236461377918
-249	-34.83370765996132
-92	-23.03835480565716
-244	-43.43999216052371
-40	-16.84695888756282
-151	-35.9852347601457
-145	-36.021079947931206
-112	-24.24221533212314
-47	-15.96037348764308
-43	-14.114369522967769
-83	-32.02456341044297
-81	-31.576826550693823
-50	-18.303717142193392
-42	-14.099329439187068
-72	-27.112310855605028
-111	-29.63781495203916
-263	-27.73362286699203
-30	-12.172589132928918
-29	-11.520824298928629
-29	-11.520824298928629
-272	-131.35575645238052
-152	-39.93072508562158
-25	-8.852349955359813
-145	-42.12278958163254
-219	-94.53803154926756
-171	-39.49387498141684
-226	-45.27880730112057
-88	-31.830654897801573
-173	-50.014720000390376
-78	-20.30594812228245
-100	-26.763940212997657
-220	-47.28774195602517
-102	-33.08478570633426
-164	-41.666043600789024
-155	-35.2254570331584
-90	-37.05134109342777
-199	-37.629274888469936
-26	-9.770355258627232
-25	-9.066048165876014
-105	-30.87903208234982
-209	-53.28205006387782
-25	-9.066048165876014
-136	-31.31636247258426
-279	-27.76390798380124
-182	-43.32560441917151
-101	-30.95141140201984
-27	-0.9124379454771672
-271	-46.03708191666748
-172	-44.0715560443147
-127	-40.999880757722565
-40	-12.59929657621105
-26	-4.275730833115309
-80	-37.007575322837
-80	-37.007575322837
-268	-30.20994456300426
-270	-87.15264720697743
-89	-27.44368132018363
-48	-18.04213409961969
-89	-27.44368132018363
-89	-27.44368132018363
-93	-26.13637482479922
-137	-22.137850322725416
-184	-35.05070171311132
-274	-53.5753296721487
-134	-27.313752035751627
-171	-35.360094583893805
-271	-79.82493471476499
-164	-31.75319804313716
-93	-25.258674942536853
-236	-26.53295560725393
-62	-13.588654565368554
-191	-28.91525836395262
-170	-20.06499772614525
-173	-30.836503114210853
-220	-47.77524634786665
-137	-22.137850322725416
-92	-24.257251962813243
-87	-33.91977366415137
-169	-21.61324772192248
-267	-29.541750783791592
-258	-30.435146604842963
-260	-31.24519048700069
-267	-67.20747787852815
-158	-33.63190789787115
-137	-38.3231407627442
-270	-82.56071280673227
-77	-23.30522250434572
-219	-41.49221148385911
-150	-29.379454352780325
-193	-38.09703279075142
-182	-31.05263710578656
-141	-27.06896344523883
-78	-32.23559599538899
-115	-39.71689466321034
-82	-15.367807501816875
-86	-17.470215999854016
-78	-24.22151371563525
-86	-19.19958269457516
-95	-25.225692149911087
-98	-29.24376457846581
-104	-24.093332569255924
-139	-30.870240837778628
-138	-33.36560329211176
-137	-32.22297972918075
-86	-19.19958269457516
-81	-17.811898533500674
-138	-33.36560329211176
-86	-19.19958269457516
-82	-18.682800525399013
-104	-20.809503595327865
-86	-26.13554426083056
-74	-28.363321290205725
-138	-51.9219132312331
-74	-30.19388986545188
-76	-29.208019659494507
-260	-58.38126935276024
-123	-22.51899691480268
-126	-24.05007271596827
-206	-33.048550594255005
-87	-19.71955348876068
-116	-36.46547989004316
-92	-33.782513399532014
-73	-25.22013789471209
-73	-30.56648579757781
-74	-30.193889865451872
-142	-41.30201065457581
-75	-28.842957715734908
-82	-29.906983581276783
-87	-17.379266242778332
-80	-23.1241456224594
-83	-23.07876265552441
-194	-52.52090336432974
-73	-33.001207854974005
-78	-22.064096753186472
-130	-31.69689231635241
-86	-19.19958269457516
-123	-27.82283561928747
-127	-46.25544724664216
-81	-19.611586918577053
-85	-17.80040909664003
-71	-5.11280028019894
-273	-43.43145351448613
-155	-33.569263843321195
-34	-3.9558765589926335
-270	-43.959002578180495
-264	-43.12503762729263
-270	-43.959002578180495
-258	-33.96840492212488
-262	-32.43288722379671
-270	-43.959002578180495
-152	-30.26460523530709
-269	-67.69981551503179
-153	-24.78184614909801
-156	-31.54334343696208
-273	-68.93647162950644
-156	-37.743039736484725
-144	-32.13622818847637
-85	-18.321843118611653
-85	-18.321843118611653
-84	-21.611400518082142
-228	-35.96512397594799
-251	-35.18694986928931
-231	-25.80635327593946
-225	-24.30380020606036
-148	-60.24910275763282
-97	-21.56545750575673
-104	-20.883838538880404
-260	-67.40923324825725
-237	-30.7335299558708
-214	-28.577613291514524
-233	-24.695666948316227
-207	-33.39818216358799
-142	-25.910793857376326
-168	-29.34915918884173
-200	-35.72738216131108
-98	-18.25667485394815
-22	-10.0
-245	-33.40733637887852
-269	-44.13567876397474
-262	-40.23901766903048
-266	-41.58834121570849
-259	-59.13480724823834
-144	-20.343165655216712
-151	-16.164834257777667
-144	-20.31731361535953
-265	-71.87262818305575
-251	-38.427807531165286
-99	-40.10780333412172
-98	-27.370687025908424
-180	-37.96070980109476
-100	-32.46239846075516
-253	-49.63424438212251
-152	-16.13438212779902
-260	-65.99411969355207
-105	-47.01578422859215
-179	-36.30176352315204
-266	-33.44682015404492
-95	-20.57816281586449
-102	-50.0
-253	-52.74247282695033
-248	-31.16548777476244
-262	-62.30756422538762
-112	-44.771490624307376
-258	-53.50206831144888
-104	-37.99751323530525
-98	-44.17500322315368
-102	-50.0
-113	-47.10319440048149
-103	-42.40113310810385
-271	-104.04933532019471
-221	-26.37684927033175
-222	-26.91981557842153
-97	-30.346516909542306
-103	-50.52814669756103
-102	-50.0
-264	-37.190052122073126
-255	-56.59248447938345
-239	-37.7789986208218
-102	-34.565782371099544
-276	-51.009376519956575
-253	-37.72417256499147
-104	-29.476164947691604
-273	-88.96690355880054
-269	-79.12495336625125
-151	-31.7544541275358
-280	-96.59051811590078
-209	-39.92026461783517
-255	-36.40986788807161
-115	-18.6823984784274
-240	-48.76888974776287
-227	-52.08565524478041
-262	-55.94539508691968
-281	-54.734052360935785
-256	-41.87221467516979
-232	-26.24681265929123
-248	-46.63995738794663
-235	-23.2319831567384
-228	-34.56528083213634
-163	-37.582108578788606
-259	-68.74260067203295
-254	-42.66397379099537
-247	-42.04292190837925
-268	-71.34053668802017
-262	-73.38228708634325
-164	-36.54399692339766
-243	-31.809562382222147
-251	-33.92012355831332
-217	-45.71971158283569
-93	-21.36482506064775
-66	-23.396446718798373
-39	-13.89689069078737
-67	-20.039821870740088
-256	-54.41663105486667
-141	-34.456043078275215
-131	-36.568365241659365
-151	-31.27005542133381
-154	-44.45789435681141
-175	-43.3110902218039
-138	-18.51288991327838
-144	-20.66385195446946
-152	-49.87348492452757
-152	-49.87348492452757
-32	-10.525418381006592
-136	-48.73522645437064
-250	-38.820090068194304
-25	-11.576473218982953
-261	-38.08131988982107
-278	-49.10841567842659
-252	-43.21958925934669
-254	-47.28791345712044
-140	-43.94584638158767
-115	-47.51313504202581
-91	-25.928123030786303
-254	-47.28791345712044
-144	-19.09092315491545
-147	-17.679161539669263
-152	-34.511699920503816
-86	-21.401468087445217
-162	-39.56179487651012
-165	-44.12942020708923
-255	-54.8030573533611
-88	-29.362214658943795
-42	-20.0
-139	-47.50523799929629
-110	-22.521102116475365
-29	-5.197958792272019
-63	-27.036683708486507
-26	-6.680480738208129
-130	-31.6718917658476
-95	-25.196644062364346
-117	-41.13372501662903
-103	-31.194998087517003
-183	-55.26689249090107
-74	-16.506164617962614
-151	-24.83858232740729
-142	-40.79240197519562
-156	-41.42851247912617
-187	-51.144708026572445
-187	-50.47240823335898
-230	-39.76154191067144
-230	-37.346392742733904
-227	-38.102002463019154
-228	-38.37586523734135
-112	-31.44959952144972
-52	-24.04004235971472
-210	-39.11534144257219
-104	-26.91421236919544
-113	-33.98187379082688
-110	-30.041962203056208
-111	-29.97525562326981
-114	-34.51601464709845
-61	-21.01228894306066
-63	-21.70080842171547
-114	-34.51601464709845
-100	-33.662567402629264
-184	-40.40756076953075
-98	-33.55000142043893
-98	-33.55000142043893
-98	-33.55000142043893
-98	-33.55000142043893
-107	-30.03026522399248
-103	-29.186468978220915
-96	-31.09858587117889
-95	-35.99409911599642
-189	-48.11041595903151
-186	-43.728296114971485
-99	-33.25392531752303
-151	-57.57056677619593
-184	-51.30370295779652
-97	-32.295599808825834
-107	-27.65110399280778
-100	-34.321156273331944
-98	-33.55000142043893
-156	-53.04232290127307
-95	-28.69202634555161
-92	-29.02505237598865
-92	-29.02505237598865
-106	-31.21362701858729
-98	-30.53882650250546
-105	-27.69744363435298
-147	-48.32507141303368
-105	-27.71809573820636
-103	-33.68214244246107
-101	-34.26407319996735
-95	-31.42140719997697
-98	-34.48411248837263
-99	-39.03057012479882
-94	-35.748624650188525
-108	-41.40527401638774
-97	-37.79687342963325
-97	-37.79687342963325
-42	-20.0
-87	-37.02443209997981
-1	1.5
-43	-19.5
-19	-8.5
1	1.5
-1	-0.1180339887498948
-86	-28.832290274994968
-149	-62.58260415869123
-111	-23.71423585604713
-105	-39.42112911677981
-67	-24.588708848446256
-155	-48.23679917251713
-53	-18.39207261295645
-128	-26.822584798929988
-246	-34.16651820171589
-270	-54.44260855198778
-204	-41.57771406307601
-204	-41.57771406307601
-203	-43.13279362048644
-259	-29.520752775345645
-255	-27.860590656563613
-143	-17.061417344707895
-255	-30.71699630517824
-68	-22.25174748405184
-29	-11.634760858386578
-245	-32.20341124633084
-42	-15.520883914052426
-69	-27.158870265871368
-244	-32.908632194979454
-72	-22.861432096059584
-115	-24.780217085504667
-70	-26.11817635087008
-88	-20.01541401690931
-268	-42.7428440197927
-277	-59.72986954626684
-264	-28.44650940624948
-50	-17.8039629581126
-261	-72.71403564768498
-68	-12.281255628126743
-252	-26.66909565452347
-250	-38.974506698380566
-243	-45.855623443494025
-43	-15.61109347350108
-38	-14.189622272061618
-64	-20.972669458580267
-248	-45.75436613946201
-247	-30.06361142105164
-262	-54.25422381790219
-164	-27.069303628178087
-151	-38.38440371904933
-262	-62.15091881785007
-245	-43.57488408529895
-64	-24.966298410470188
-245	-48.57690480552428
-251	-37.15480796825912
-280	-105.94319538028552
-32	-10.525418381006592
-20	-1.0570827846972772
-20	-1.0570827846972772
-32	-10.525418381006592
-72	-30.904326023342406
-171	-34.16074812727358
-210	-41.34676164264842
-71	-27.73817638141896
-82	-18.481517369270072
-82	-18.481517369270072
-84	-17.147563687492724
-82	-18.481517369270072
-85	-19.455724786129835
-146	-45.38678118648181
-77	-26.580991742307216
-134	-41.21091050751925
-158	-21.80271581852713
-165	-31.892569418285067
-171	-34.160748127273614
-167	-34.64812660086543
-193	-34.9240121116329
-79	-27.199690750995693
-218	-48.63274421181917
-74	-36.0
-76	-32.5465187133756
-77	-26.580991742307216
-145	-41.72960235903709
-74	-36.0
-153	-38.19192828295885
-132	-34.63853391372134
-58	-25.442009955374928
-22	-7.604774621670696
-25	-11.582762530298218
-61	-21.339162979272945
-8	0.374667264879411
-8	0.374667264879411
-159	-52.41040252275754
-164	-49.3468985062914
-167	-47.63809724726657
-25	-8.697229881190443
-24	-2.75233724642908
-30	-10.753271797055554
-8	-3.188164992095257
-84	-31.775962356375828
-95	-41.52652127684417
-272	-128.26181947636695
-161	-63.76000123053733
-43	-20.5
-21	-6.858951059522463
-25	-8.044498824258191
-265	-50.1132876219947
-277	-83.5064353284061
2	2.2192235935955846
-45	-21.584800378544628
2	2.2192235935955846
-94	-46.0
-4	-1.0
-68	-24.86355947147932
-146	-50.48149040998265
-145	-58.93598751429568
-87	-25.222591843752543
-32	-10.646405044778506
-37	-7.943268113301793
-136	-26.51556079919286
-39	-9.982100560259555
-23	-10.726812023536851
-1	0.5
-1	0.5
-1	0.5
-75	-28.41978011317578
-120	-28.829636538298487
-72	-20.86748186992396
-75	-18.332668421567217
-73	-18.79837518154043
-72	-20.86748186992396
-72	-20.86748186992396
-85	-36.60461600329533
-1	1.5
-14	-6.257804885470349
0	2.0
-1	1.5
-16	-5.284116572672468
-17	-7.970711723102163
-2	0.1698036230366048
-1	0.7396013553019261
-31	-12.738963423174823
-33	-15.5
-9	-3.5
-171	-53.3619997092983
-43	-20.5
0	1.0
-2	-0.7320508075688776
-112	-19.27579547202016
-210	-30.69044899728993
-83	-25.67586531527265
-4	-1.0
-116	-45.00824131747062
-93	-33.893905815014136
0	1.0
-59	-28.5654333924966
-54	-23.859638293854985
-87	-22.52614950352416
-34	-13.306653525519376
-66	-17.65351044790137
-81	-17.120635473499373
-81	-17.120635473499373
0	1.0
-12	-5.0
-268	-69.67610049718681
-12	-3.11473994453672
-12	-3.11473994453672
-38	-9.935726331038872
-38	-9.935726331038872
-132	-24.343180903667232
-150	-50.67468130836515
-26	-9.519836515170889
-29	-0.4781532478254399
-29	-0.4781532478254399
-29	-0.4781532478254399
-29	-0.4781532478254399
-29	-0.4781532478254399
-29	-0.4781532478254399
-29	-0.4781532478254399
-29	-0.4781532478254399
-148	-38.99476495724665
-231	-28.648096066118708
-92	-32.632439390689726
-135	-21.17454201268142
-100	-26.627820279202428
-134	-24.76107281127744
-115	-26.757546896344724
-130	-20.74087051458914
-135	-27.48724802252126
-135	-27.48724802252126
-235	-39.72690881341575
-90	-31.93060570350746
-87	-37.64011807454138
-38	-13.066608999887288
-46	-15.05791813300408
-173	-32.50347015513017
-157	-72.74948528504731
-142	-48.60386815529767
-147	-63.37340929969598
-139	-50.77275156834499
-148	-50.99847120058631
-141	-49.939463628689474
-147	-52.20808288907557
-88	-34.801173206153
-144	-54.58955463626796
-3	0.5
-46	-17.91167229401675
-64	-25.882178978096
-170	-68.50997648200857
-73	-29.199731200838684
-11	-3.917548502854383
-7	-1.5
-142	-41.53487354885223
-24	-9.824380912248447
-51	-21.649011516424707
-25	-3.439504671222529
-24	-2.75233724642908
-146	-59.010115863972
-150	-65.39729496691456
-28	-4.210410054584337
-28	-4.210410054584337
-28	-4.210410054584337
-153	-64.19520769017895
-22	-4.954967939673842
-35	-12.509440767243754
-11	-2.1654968105571326
-19	-3.9528124323706457
-36	-13.069534497522405
-19	-3.9528124323706457
-43	-8.620545348741977
-43	-8.620545348741977
-59	-19.264301481428543
-61	-17.81119579339924
-47	-17.4886125421271
-40	-12.44733421995231
-8	-3.0
-83	-36.31904785642029
-13	-5.108167517811386
-48	-18.686211081488096
-90	-43.10952031725836
-148	-41.01571883877382
-149	-41.62072131507199
-270	-134.00766238534752
-48	-18.686211081488096
-46	-22.0
-16	-7.767604563662257
-44	-19.74107482085071
-43	-20.5
-50	-24.0
-91	-29.699076103953484
-65	-21.613853360545622
-3	0.7344355629253627
-7	-3.2015621187164243
-2	0.9999999999999992
-263	-45.21373042904637
-266	-55.61334610218318
-254	-37.183096959305246
-92	-28.39346809450832
-114	-38.63898532141236
-269	-82.58995221071751
-264	-71.06243052901235
-96	-26.72791982762158
-96	-26.72791982762158
-90	-30.53174598304712
-47	-19.021856933097087
-245	-43.34758380707802
-45	-21.5
-268	-42.325595880979854
-143	-51.29344748278297
-127	-27.54288773695112
-144	-35.13859205221686
-46	-22.0
-46	-22.0
-147	-52.03530350220834
-142	-35.275808438219
-55	-23.53995408413136
-144	-23.735511344474123
-53	-18.28439779975948
-143	-59.22138442625321
-144	-35.138592052216865
-144	-35.138592052216865
-143	-51.29344748278297
-125	-44.66701976535067
-85	-37.695659616974766
-46	-22.0
-83	-37.288619454179
-257	-67.72695752428601
-97	-31.62263283443414
-83	-16.458266691683153
-82	-15.142081247778766
-136	-29.88874193500204
-136	-29.88874193500204
-260	-36.633801008121104
-48	-10.875746730254022
-162	-48.113111424318895
-27	-8.820794912742265
-88	-33.40634033021665
-88	-33.40634033021665
-90	-36.96889844702591
-89	-37.95098603474581
-90	-36.96889844702591
-88	-33.40634033021665
-90	-36.96889844702591
-89	-31.46329205408854
-90	-36.96889844702591
-96	-32.992103189064125
-95	-27.387470121376992
-97	-35.114826710919225
-88	-33.40634033021665
-96	-32.99210318906412
-96	-32.99210318906412
-25	-11.5
-84	-23.60407180965926
-84	-23.60407180965926
-262	-64.4297222600976
-69	-33.5
-136	-32.89610805290492
-138	-30.75526607683037
-146	-31.696873789132525
-173	-46.08082195733383
-131	-53.56796886271897
-58	-11.484700733885978
-148	-54.52989016967844
-56	-9.742649672583562
-149	-55.0663324347984
-58	-11.484700733885978
-141	-41.74257022549863
-148	-54.52989016967844
-150	-50.67468130836515
-58	-11.484700733885978
-148	-54.52989016967844
-148	-54.52989016967844
-27	-12.586308764964375
-261	-65.80727014566445
-101	-27.66516422471164
-146	-34.87649437009187
-259	-56.20423862474202
-179	-46.00461993102125
-246	-39.31494162978799
-97	-23.528718452205432
-103	-25.53037840615852
-263	-36.73213488317982
-150	-43.52883591836684
-247	-42.24055624203701
-166	-42.17061025752865
-140	-28.749251443317736
-238	-30.009890038203825
-143	-42.209796866465496
-242	-36.88115140425785
-95	-46.5
-165	-44.18378114752774
-129	-46.01278631828512
-168	-59.25232535472408
-98	-38.80318651081313
-192	-40.09091568397909
-175	-55.00148404877911
-144	-40.92725547103885
-179	-43.45038918096687
-29	-11.6041219597369
-57	-20.964868975829496
-100	-43.400138092148346
-73	-20.287823630435785
-169	-80.67069575662697
-35	-8.706448908767918
-162	-47.59939586924754
-127	-51.906822917709945
-83	-39.54759344734665
-133	-43.74560041315748
-161	-44.06238538445589
-126	-40.44949017791823
-83	-35.85114575167695
-156	-37.94673208895993
-164	-41.20900869715114
-83	-39.55372530427879
-137	-49.74852318032952
-172	-43.35456494517644
-127	-51.906822917709945
-150	-49.63540110202138
-136	-43.93364577962388
-133	-42.88651713026992
-178	-40.207183639015966
-130	-46.70077216076489
-83	-35.73543474520896
-127	-39.49239624061765
-129	-37.134614234213856
-127	-51.906822917709945
-133	-43.745600413157504
-127	-51.906822917709945
-127	-40.39335243185682
-78	-34.56038506929733
-125	-48.43961242259324
-127	-51.906822917709945
-127	-51.906822917709945
-126	-44.22009332767418
-144	-60.86795827840146
-148	-44.35123155244881
-229	-32.22949162329684
-147	-50.60856812042847
-147	-50.60856812042847
-121	-59.5
-120	-46.53882853984271
-236	-28.72354104431237
-116	-40.77706734717036
-128	-29.77114686464356
-122	-47.52539761558373
-217	-90.1476151587624
-147	-27.69916351563334
-152	-36.51128594994642
-152	-36.51128594994642
-152	-36.51128594994642
-152	-36.51128594994642
-122	-47.52539761558373
-121	-52.54471643106844
-265	-71.34682661780084
-64	-27.32931668593933
-142	-57.56810133148336
-97	-28.39855193135836
-100	-24.026286513036844
-98	-26.56893003105009
-140	-28.440173611249307
-39	-10.769683258461008
-39	-10.459645657272008
-156	-49.14048831309942
-72	-22.553729829185087
-58	-20.20456012027524
-66	-17.72406276192786
-17	-8.0
-76	-16.39351453312546
-38	-12.088193597017142
-146	-50.48149040998266
-19	-8.5
-172	-33.96079372192943
-30	-13.22115068852252
-136	-39.44408398422093
-142	-56.30210162286809
-140	-34.21340805200142
-51	-20.681597247984165
-65	-31.5
-6	-2.0
-154	-66.29154786264522
-74	-21.50379718159235
-74	-21.50379718159235
-93	-25.197482299742827
-1	0.4999999999999999
-90	-37.50050018033376
-5	-1.5
-72	-27.86867495936276
-144	-62.230256242693365
-73	-25.233879998936786
-146	-63.75863771938717
-113	-30.66512959081165
-99	-29.029361228336608
-6	-1.543443195550209
0	1.0
-3	-1.3027756377319948
-26	-7.784281753649946
-166	-82.0
-99	-28.575223223278748
-60	-19.138761402207187
-100	-44.99462691377275
-97	-45.55141498289935
-3	0.7344355629253627
-95	-46.5
-95	-46.5
-57	-26.5
-272	-101.80342486559532
-63	-27.6500932832574
-145	-48.99615634117151
-77	-26.872376375122663
-145	-58.93598751429568
-73	-35.5
-57	-26.5
-270	-92.55192318615042
-95	-46.5
-34	-10.484092903398052
-34	-10.484092903398052
-255	-58.01524972627889
-247	-58.41158503221188
-259	-91.02455666659183
-22	-7.6881274720911295
-12	-5.0
-14	-6.377551641923021
-41	-18.5
-147	-49.50827617066944
-142	-35.402780479554174
-12	-5.0
-12	-5.0
-16	-5.892291696859367
-10	-2.5156097709406984
-17	-7.079703240731432
-10	-2.5156097709406984
-13	-5.028518870485331
-144	-67.41017494505292
-6	-2.883638215016034
-145	-67.91853370448263
-10	-3.6825746060605344
-6	-2.793515739682648
-88	-34.30315728499927
-166	-41.70566702372598
-147	-45.368269642193056
-95	-33.35287690031272
-87	-30.804160650191506
-150	-41.67937082537502
-98	-34.44846316366372
-97	-30.047009604965275
-7	-1.5
-155	-72.73325507368867
-47	-18.20242347539245
-56	-19.37413180489385
-141	-52.18530429018926
-10	-2.753471552684553
-87	-39.67456026604255
-9	-3.5
-96	-32.645864259782975
-271	-110.8987497574755
-147	-31.523345610632862
-276	-128.34596152154597
-76	-37.0
-65	-20.356621712699205
-142	-33.022872725172874
-54	-18.73610744292792
-54	-18.73610744292792
-54	-18.73610744292792
-54	-18.73610744292792
-94	-44.182718623813344
-61	-17.399053542402566
-54	-18.73610744292792
-51	-19.20994502137655
-83	-31.364190997728908
-53	-23.268164767921007
-54	-18.736107442927924
-51	-19.20994502137655
-51	-19.20994502137655
-53	-23.268164767921007
-53	-23.268164767921007
-146	-55.95170338222353
-53	-23.268164767921007
-69	-18.443714534221044
-148	-41.90926817423356
-72	-22.23229452029868
-12	-4.709422457513806
-24	-11.077122461009024
-72	-35.05664910509131
-99	-41.32697098893272
-94	-22.545620545639604
-82	-30.066656554024533
-50	-12.98121162867272
-50	-14.351327784032083
-169	-31.84330053541173
-146	-44.31597706826661
-51	-15.13659853793786
-98	-27.254511973974736
-63	-23.69830013987196
-57	-20.973040838533905
-259	-66.51608401933979
-73	-25.233879998936786
-167	-37.98214030892856
-166	-51.76914614189628
-274	-109.98173822145012
-267	-97.28876141655884
-31	-7.962071659057062
-76	-29.72003564667373
-105	-22.70265126806297
-85	-34.246579826071844
-27	-5.735162698673939
-33	-10.726607041297886
-49	-20.40629433342796
-212	-80.12838199311113
-157	-43.36472785436475
-81	-25.71363882512807
-51	-20.87971292322969
-148	-55.35331742757253
-170	-56.65626452777843
-52	-21.60688484784632
-52	-20.587098828241487
-52	-22.140497649293945
-147	-48.78488129790008
-85	-22.278925779185165
-165	-44.52279301269328
-168	-45.44123406746508
-80	-34.608473931703266
-82	-38.09502310972898
-88	-34.098040097422974
-87	-35.03984740042559
-87	-35.03984740042559
-87	-35.03984740042559
-85	-39.525300250565095
-85	-40.5
-84	-41.0
-84	-41.0
-85	-39.525300250565095
-84	-41.0
-82	-33.987398665699054
-82	-33.987398665699054
-79	-34.05279673378074
-20	-9.094389581607988
-140	-43.67291074624977
-87	-31.491848848601183
-40	-19.0
-61	-29.5
-150	-34.262497473095564
-269	-73.17899376947767
-151	-44.64055018054519
-273	-69.25879277005721
-166	-57.54179079373372
-269	-78.53062696119552
-261	-80.61824675996891
-165	-54.99279969476038
-261	-80.61824675996891
-151	-74.5
-136	-24.79931262330739
-155	-45.12888999250612
-145	-37.74489195742177
-153	-52.56172663021693
-142	-40.612027988186746
-144	-28.036124566280463
-157	-38.33513313162596
-142	-60.58895222774612
-147	-40.14469706161016
-146	-62.14890396234098
-145	-58.93598751429568
-133	-25.17912618389001
-147	-38.75682124214919
-137	-29.734165513562488
-142	-28.237681699111583
-144	-30.18582645859744
-144	-71.0
-150	-42.26453609579031
-152	-46.689709078922725
-145	-43.05711953000786
-146	-38.33216374321883
-145	-43.05711953000786
-144	-60.9051387536728
-150	-34.35655132669645
-145	-58.93598751429568
-145	-71.51514803843835
-142	-60.58895222774612
-144	-71.0
-144	-57.90993466446058
-145	-58.93598751429568
-144	-25.011936738566767
-144	-29.799235730637733
-147	-44.18203111806785
-147	-48.95944613917116
-147	-44.18203111806785
-147	-48.95944613917116
-141	-52.70003238765458
-147	-48.95944613917116
-265	-67.56358278252456
-32	-13.751116049186324
-95	-46.5
-57	-27.5
-145	-71.5
-18	-8.0
-18	-8.0
-7	-2.5
-59	-28.5
-139	-68.5
-65	-31.5
-18	-8.0
-18	-8.0
-96	-42.81438021456081
-144	-37.14816036449722
-264	-100.62257968821558
-260	-70.21820500501468
-16	0.0
-16	0.0
-16	0.0
-16	0.0
-94	-21.372682001385776
-267	-52.586728476590814
-159	-53.58483848968802
-25	-8.818829604502318
-170	-40.86131482627819
-91	-22.73390722972984
-261	-68.64892650226602
-269	-86.03532826433816
-91	-17.090896336538467
-218	-83.76597670906014
1	1.5
-21	-9.5
-94	-39.03048034360321
-267	-124.99423051317709
-3	-0.5
-88	-34.55581129116524
-88	-25.48915447184501
-85	-41.0124921972504
-87	-42.5
-90	-37.07120663064725
-168	-46.5267438354347
-8	-3.0
-54	-12.159317227404154
-47	-6.13395376208405
-62	-30.03768226591832
-94	-39.60948638968221
-72	-29.64479776128489
-93	-28.0414626138908
-162	-67.83332487094648
-166	-62.61580047750666
-77	-23.322675509107373
-64	-22.078258449390493
-70	-31.76201811972922
-273	-86.37454059178835
-260	-48.989957109227255
-71	-32.323886151888175
-273	-90.93462381125651
-275	-80.04640915428763
-272	-95.58406722655472
-43	-20.5
-43	-20.5
-47	-17.21725440628086
-43	-20.5
-43	-20.5
-45	-18.868057790933875
-43	-20.5
-95	-40.29518820778885
-95	-40.29518820778885
-42	-20.0
-10	-1.4641016151377546
-10	-1.4641016151377546
-45	-15.684167115591965
-50	-16.15644701220174
-58	-19.53353274832822
-50	-24.0
-44	-9.46750976018889
-101	-34.42546779467212
-101	-34.42546779467212
-101	-39.33913296973361
-101	-39.33913296973361
-100	-33.89444833450184
-24	-9.970504391216238
-62	-26.040253541230463
-62	-26.040253541230463
-62	-26.040253541230463
-29	-8.577943689747311
-19	-2.706888719968496
-19	-2.706888719968496
-26	-7.163565689920909
-43	-9.082413862865105
-44	-9.46750976018889
-58	-19.53353274832822
-14	-3.907536453183664
-39	-3.4831640528478123
-39	-3.4831640528478123
-39	-3.4831640528478123
-26	-10.176174977679906
-26	-10.176174977679906
-45	-19.208520363116243
-14	-3.357785524421506
-158	-43.24768153506914
-278	-49.68111271484633
-118	-32.855312867692284
-78	-37.02741952187743
-24	-5.986119386925151
-25	-8.044498824258191
-24	-5.986119386925151
-92	-24.052121551318827
-92	-24.052121551318827
-92	-24.052121551318827
-89	-30.090563265551097
-35	-13.484677327528718
-20	-9.109772228646444
-20	-7.212214450449026
-73	-29.65793826993304
-73	-29.65793826993304
-38	-16.33906525420617
-267	-115.68261984429935
-95	-46.5
0	1.0
-5	-0.5
-16	-2.981692161012158
-16	-2.981692161012158
-95	-46.5
-9	-3.5
-75	-17.935976348497263
-8	-2.5417464952160254
-10	-2.1767410834184404
-8	-3.0
-1	0.5
-52	-25.0
-52	-25.0
-52	-25.0
-53	-21.703603311174515
-53	-21.703603311174515
-59	-28.5
-41	-17.5524865872714
-61	-20.609671934053274
-44	-21.0
-44	-21.0
-44	-21.0
-64	-31.0
-64	-31.0
-74	-26.8671241983826
-95	-46.5
-11	-1.0151936795215954
-1	0.5
-4	-0.3507810593582122
-41	-12.42489109331359
-31	-12.408326913195983
-18	-8.464101615137755
-75	-13.521915661238047
-167	-56.56741051273245
-47	-18.287837389993857
-43	-14.052985367401678
-79	-26.37111517007807
-10	-4.0
-141	-64.09156276912654
-42	-20.0
-10	-2.9075364531836625
-78	-36.06433425448798
-2	-0.7807764064044151
-86	-28.346069575767125
-89	-33.605330234400355
-11	-0.3696108582817038
-256	-52.66238217150421
-271	-103.4410838889875
-271	-103.4410838889875
-271	-103.4410838889875
-271	-103.4410838889875
-266	-98.0343240342149
-264	-100.62257968821558
-270	-120.90228908117314
-262	-83.85946265995608
-271	-88.92680237164684
-268	-113.34382083753376
-271	-106.19554484175048
-264	-96.54273540270076
-271	-118.78403329796676
-268	-118.14637337905448
-271	-103.4410838889875
-273	-111.77572420255414
-273	-111.77572420255414
-65	-22.875426543067725
-158	-51.579982543123926
-172	-66.84803757452396
-269	-133.5
-269	-133.5
-274	-82.8135063363406
-269	-133.5
-261	-70.03830553104939
-269	-133.5
-264	-79.57792373768535
-260	-61.1342423338777
-267	-129.56738172062717
-264	-88.15857449041133
-22	-7.590864940013675
-110	-29.776170317764343
-77	-31.813207915827967
-77	-31.813207915827967
-77	-31.813207915827967
-30	-10.952163011671203
-166	-55.98707428827121
-30	-10.952163011671203
-136	-39.44408398422093
-63	-27.725661535508124
-61	-21.97869079778243
-63	-23.982947936980608
-63	-23.982947936980608
-63	-23.982947936980608
-66	-20.67861981288957
-95	-27.37447290142129
-62	-30.0
-99	-26.99350973901692
-97	-29.294304086006413
-57	-27.5
-57	-27.5
-59	-24.9339811320566
-81	-34.39066582239886
-94	-46.0
-166	-82.0
-40	-19.0
-4	-1.0
-1	0.5
-4	-1.7122144504490264
-13	-5.5
-19	-8.5
-26	-7.784281753649946
-167	-62.5485851134528
-167	-62.5485851134528
-31	-12.039836021478274
-15	-4.528938536025534
-7	-3.0615528128088307
-142	-56.30210162286809
-142	-56.30210162286809
-142	-56.30210162286809
-32	-9.666563688979483
-142	-56.30210162286809
-5	-1.5
-95	-46.5
-87	-39.60636497313308
-27	-9.063563576938405
-40	-15.231756966321758
-41	-14.903225371816983
-42	-10.7266853686473
-7	-2.5
-41	-12.42489109331359
-6	-2.0
-22	-3.315191182921719
-17	-7.5
-17	-7.5
-59	-24.60215414239989
-17	-7.5
-17	-7.5
-91	-29.758491665329657
-13	-4.5
-164	-51.2627704290506
-164	-51.2627704290506
-44	-21.0
-46	-15.05791813300408
-46	-15.05791813300408
-46	-15.05791813300408
-44	-21.0
-44	-21.0
-92	-32.27674953786111
-49	-19.012807143008715
-51	-14.53802568949215
-11	-4.5
-40	-19.0
-40	-19.0
-40	-19.0
-29	-12.006577808748212
-40	-15.231756966321758
-139	-68.5
-143	-39.92278484935842
-143	-39.92278484935842
-168	-59.07387154497991
-143	-39.92278484935842
-162	-64.49736643082869
-24	-5.584258493863821
-93	-35.36111869439608
-28	-4.913182359874681
-67	-25.933904999371247
-89	-23.113670497175384
-95	-37.03176677291784
-24	-5.584258493863821
-92	-26.33898846804863
-92	-26.33898846804863
-92	-26.33898846804863
-92	-26.33898846804863
-92	-26.33898846804863
-27	-10.52172886644268
-27	-10.52172886644268
-101	-21.615770126867684
-101	-21.615770126867684
-92	-26.33898846804861
-138	-34.36994623093432
-97	-40.227825844240726
-16	0.9378538277311596
-91	-30.41258232770639
-16	0.9378538277311596
-85	-41.5
-13	-5.5
-4	-1.0
-18	-8.0
-18	-8.0
-18	-8.0
-18	-8.0
-19	-7.500000000000001
-27	-9.701380624977038
-1	0.5
-76	-33.85621381171626
-115	-46.83651119749667
-1	0.5
-43	-14.529533157727943
-1	0.5
-10	-3.0
-166	-82.0
-6	-2.0
-27	-8.86931687685298
-81	-22.26208728264688
-81	-22.26208728264688
-81	-22.26208728264688
-81	-22.26208728264688
-83	-21.68762521148864
-84	-23.6021974779552
-82	-22.157843335395366
-81	-22.26208728264686
-72	-23.845530381638746
-80	-37.007575322837
-92	-38.25368600864799
-77	-33.81882960450232
-78	-34.37075079571842
-96	-38.48027865756008
-92	-33.974583275687394
-97	-43.36048707005946
-96	-42.81438021456081
-98	-43.21566551230504
-97	-43.36157429905752
-96	-42.81438021456081
-45	-21.5
-6	-2.0
-43	-20.54866496202299
-8	-3.0
-77	-21.972939277330447
-120	-43.98457702305643
-49	-14.861234038550386
-17	-7.5
-6	-1.0
-1	0.8819660112501052
-18	-8.0
-19	-8.5
-19	-8.609772228646445
-85	-41.5
-19	-8.5
-65	-31.5
-2	0.0
-13	-3.8117376914899
-29	-13.5
-29	-13.5
-6	-2.0
1	1.5
-9	-3.5
-68	-33.06013187900271
-12	-5.0
-12	-5.0
-143	-55.08266370101565
-8	-3.0
-39	-3.418017239300773
-42	-7.96985729970653
-91	-25.551105053169564
-139	-36.753262244737215
-1	0.5
-2	-0.8860009363293828
-1	0.5
-1	0.5
-170	-63.07905286405955
-170	-63.07905286405955
-36	-15.283646365587956
-5	-1.5
-170	-63.07905286405955
-18	-8.0
-3	-0.5
-71	-28.711646096066225
-14	-6.176174977679906
-143	-53.39842612778618
-91	-25.551105053169564
-91	-25.551105053169564
-91	-25.551105053169564
-91	-25.551105053169564
-91	-25.551105053169564
-91	-25.551105053169564
-14	-6.0
-25	-10.5
-169	-54.44057333058235
-36	-17.0
-52	-25.0
-52	-25.0
-19	-8.5
-56	-27.0
-28	-13.0
-18	-8.0
-3	-0.5
-3	-0.5
-26	-12.0
-5	-1.850781059358212
0	0.0
-166	-82.0
-15	-4.3355406452537135
-84	-28.78362775545612
-54	-26.0
-99	-23.054165651749017
-99	-23.054165651749017
-98	-23.913830214145342
-65	-28.84166586536547
-64	-29.039936203984453
-63	-30.5
-59	-27.754483676813088
-61	-27.626476309307428
-98	-30.350628602710664
-98	-30.350628602710664
-41	-10.711275900591533
-99	-29.273511110212983
-95	-46.5
-95	-46.5
-9	-2.5
-9	-2.5
-5	-0.5
-57	-27.5464114408446
-17	-7.5
-3	-1.341418292106991
-1	0.5
-1	0.5
-4	-1.0
-4	-1.0
-167	-57.47464090037709
-18	-8.0
-18	-8.0
-18	-8.0
-39	-18.5
0	1.0
0	1.0
-162	-67.83332487094648
-89	-34.93165782621404
-86	-19.914194159451448
-5	-1.5
-20	-9.1041219597369
-47	-16.956162049926082
-28	-10.0
-60	-29.0
-67	-30.37019176049309
-67	-30.37019176049309
-15	-6.5
-89	-32.2679623707398
-2	-0.7320508075688773
-41	-17.5524865872714
-41	-19.558621384311845
-58	-23.62073397459222
-17	-7.5
1	1.881966011250105
1	1.881966011250105
-39	-13.89689069078737
-139	-68.5
-2	-0.8149066358459393
-138	-50.6710370815611
-11	-3.013878188659973
-36	-17.0
-3	0.7344355629253627
-56	-27.0
-11	-4.5
-6	-2.0
-3	0.7344355629253627
-5	-1.5
0	1.0
-59	-28.5
-85	-41.5
-26	-7.784281753649946
-12	-5.0
-8	-3.0
-43	-20.5
0	1.0
-170	-65.69617180733135
-45	-21.5
-6	-2.0
-96	-41.84352689880527
-39	-18.5
-6	-2.0
-18	-8.0
-35	-6.786754015251698
-36	-17.0
-8	-3.0
-8	-3.0
0	1.0
-6	-2.302775637731995
-87	-42.5
-87	-42.5
-87	-42.5
-169	-67.28550750818366
-167	-62.53800737531505
-171	-62.8214133675823
-169	-67.28550750818366
-169	-67.28550750818366
-169	-67.28550750818366
-11	-4.5
-3	-0.5
-112	-45.38132957932954
-111	-48.97640458974745
-6	-2.618033988749895
0	1.0
-95	-46.5
-6	-2.0
0	1.0
0	1.0
-85	-41.5
-96	-46.0
-96	-46.0
-91	-44.5
-34	-16.0
-34	-16.0
-34	-16.0
-9	-3.5
-40	-19.0
