-48.46791430327337	0.0150819001475977
-38.77245143285521	0.0409246461057712
-20.552865279566287	0.0553336391289468
-47.65726575503727	0.077831438727618
-64.40642198958751	0.1040987890714567
-55.76837182693654	0.0842493059103457
-83.78599014880535	0.1251495535654538
-70.19319665273855	0.1001124318262671
-49.30971922208458	0.0651690397931042
-53.670657641459314	0.0154646877672221
-30.311519519402584	0.0278687607819502
-39.299729508073376	0.0067696987250959
-31.91971673509985	0.0026549666866792
-31.91971673509985	0.0026549666866792
-27.1540417690206	0.0160527361538207
-5.654103815398641	0.0006628348129725
-32.107672844539955	0.0099198155332431
-27.562609790728644	0.0393239620693538
-38.49073855588021	0.0857092925322528
-33.52112847541412	0.0638944771215903
-74.0100947349573	0.0347873661767124
-44.523709241693886	0.0137453461489053
-31.91971673509985	0.0026549666866792
-35.153592669351	0.0275040816284514
-31.91971673509986	0.0026549666866792
-20.82517574678753	0.0069440694313779
-5.654103815398641	0.0006628348129725
-31.91971673509986	0.0026549666866792
-29.70642610117844	0.0201997630410923
-34.67190213693397	0.0270727327333203
-32.13253361699881	0.0139100179514435
-35.861176973171695	0.0228849415118701
-28.49525494408257	0.007948325089695
-29.653039749213946	0.0638461459613163
-45.92909127742584	0.1012381721069879
-26.779628143634667	0.0010127896469991
-9.842787921487831	0.0006150013564495
-20.90773917730695	0.0012140919459614
-29.64316255297493	0.0008405291695092
-33.31393576783728	0.0639254407570116
-38.830033109418665	0.0789905724925236
-19.707453501790624	0.0205129012055633
-34.99081324327489	0.0050637343768619
-34.13381775532143	0.0343336930630396
-30.273021612794945	0.0314659880776374
-55.940784695763206	0.0226321788246748
-33.86367095742076	0.0483175962231249
-36.51427110347807	0.0130736300784142
-30.08567203680277	0.0528478078254348
-19.74547048792478	0.0062515844676126
-42.90205260528162	0.0028781233545954
-46.94150621590517	0.0198659160011754
-54.51958831088634	0.1297421752834595
-39.235988253565495	0.0024210469917764
-43.001410870439145	0.0097849523601682
-15.50124312942048	0.0018777062610444
-26.660700470872506	0.0376892176182521
-17.955838085760206	0.0349772285371783
-14.439894960674078	0.0018468089086634
-31.15248290293855	0.028669660103183
-25.64328221210249	0.0447080179166286
-26.48000714966958	0.0085107509600171
-33.98586849366934	0.035331243560255
-32.575862591559485	0.0673686443712652
-26.83122232257567	0.0205823339854567
-49.279420604829824	0.0291408766068272
-37.07169080618228	0.014846905750917
-46.87293511169364	0.0239707937216441
-20.657409571748143	0.0322510370150729
-33.4745917669338	0.0534580727201922
-41.91883149056434	0.0717547514804021
-52.36486485645487	0.0234953902445701
-25.54064507670332	0.0964767852416941
-27.717573445887	0.0476866870510822
-34.848902088417894	0.1015969721474469
-55.49791199372195	0.0069223121976122
-135.0888433355167	0.228576610102531
-33.921775122350205	0.0203842929445407
-56.061694480411504	0.020727067396224
-39.16401234936369	0.050947653209812
-25.859095104620422	0.013272193129517
-57.97417461856902	0.0736016929617603
-73.51261793199956	0.0173587424969131
-44.14463117801439	0.0932859557335866
-39.09596908894001	0.066836638022948
-47.04205380624551	0.0255646642459594
-35.26636883900952	0.0352968255742577
-20.99133294062228	0.021703697345646
-56.908502456947694	0.0317585052775056
-40.64501529837784	0.0245503614034381
-54.168725398370334	0.0123877467546219
-34.99173505479595	0.0517741052448418
-48.085188023568136	0.1171558614480711
-29.13405841890576	0.0466091579453301
-75.66793775593898	0.154689667276385
-52.66003448891929	0.0890852345921069
-19.92802178620701	0.0509567556154458
-37.3645532188023	0.0913078693722821
-20.76760506111141	0.0391770695629623
-25.775782214630045	0.012290671378253
-28.72346137924495	0.0115321610663767
-28.33556756253029	0.0079860487506015
-32.45334789218915	0.0282999967889516
-55.948320475230254	0.0202896885698569
-32.588923578293254	0.0097464835145222
-36.25781204241089	0.08891302439817
-50.01945668112632	0.0086981960379386
-36.55515329771295	0.0320392472201302
-108.16412788158578	0.1986452239876821
-41.73738600021202	0.0227863179545615
-24.38201311198752	0.0202424614081747
-30.449569028865483	0.0834023357870175
-29.5988259872042	0.0826500445111327
-23.61583915682784	0.0772143315762088
-39.23207326828273	0.095006695683435
-34.72153997434726	0.0911177173364395
-23.163332932348272	0.0924650054630651
-42.5	0.0021930333325314
-34.1094245338295	0.0052888818447928
-31.83560934495916	0.0054558800794276
-27.54359538372071	0.0247492560469044
-17.779448136046213	0.0508874656675087
-17.779448136046213	0.0508874656675087
-33.53691633164157	0.0033378301355429
-53.07357338367718	0.0293296524264649
-27.93254495707207	0.0077094320189288
-61.06532308858475	0.014301053488017
-61.0190521055792	0.1167819416686692
-46.89305542317398	0.0207922422574685
-56.92548039277513	0.1152638917214793
-35.282786682638054	0.0053094796208441
-27.27046657874909	0.0078171207293361
-34.3562744802259	0.1013802836646271
-53.19232763336353	0.0245641146248337
-48.28604655437	0.0970333162908215
-42.75696349609081	0.057273144598842
-52.38891309309837	0.1117347600298055
-61.151076701702266	0.1231672180043796
-32.443328526643654	0.0383214272426796
-23.495269566892	0.0505653184571711
-19.609595331297225	0.0934650292770141
-26.28040410569444	0.0547891810767697
-40.344454242512114	0.0962679324690296
-32.334685700430576	0.0270828786693869
-28.848074487139563	0.0378278455053103
-51.68988232822558	0.0082205361492973
-51.68988232822558	0.0082205361492973
-51.68988232822558	0.0082205361492973
-13.69374953643884	0.0010076193153157
-43.80154968024024	0.0234864723278506
-29.01397917458294	0.0146599996332102
-23.4137401230045	0.0083637663000183
-13.69374953643884	0.0010076193153157
-13.69374953643884	0.0010076193153157
-49.9626840684424	0.0033080223664141
-57.63171101320849	0.0492817366500496
-56.27837766427636	0.0221022136755983
-24.88783209255848	0.0139088704760111
-26.87213272582528	0.0024051322807336
-75.95067100784203	0.1175071894765441
-26.87213272582528	0.0024051322807336
-33.267624896697995	0.0535674441677447
-35.83962328837715	0.0954934588256671
-26.87213272582528	0.0024051322807336
-31.94942221791974	0.0116317740707464
-11.504752596044437	0.0010070752884685
-13.118279893933686	0.0017450788084708
-16.29800795805687	0.0072115271478936
-76.41039391092404	0.0089330172352062
-52.23751633039746	0.0840515659845032
-27.0795572866016	0.0204029623691547
-26.73936464538296	0.0140938071432739
-42.84816822080319	0.029326667837108
-39.27687488179589	0.0036848666192881
-12.181632839872176	0.0005101073322766
-33.18005763942509	0.0059834754808863
-13.5	0.0002520140455276
-15.599280455449165	0.004139138295593
-15.599280455449165	0.004139138295593
-21.673103416632955	0.001594946746685
-39.2569566591695	0.0037574726629979
-22.436121807615027	0.0026248958687814
-12.170682439482166	0.0007576319966161
-38.99344944392807	0.0037224533978976
-11.504752596044453	0.0010070752884685
-31.93856786749839	0.0032564783091945
-37.475883564842974	0.0037911020719431
-45.096980836898034	0.005387411784631
-17.66174798999504	0.0079154263196876
-23.69136726461217	0.0031721220006195
-44.35707428698629	0.0284658182542952
-17.59629955525189	0.0074002716095831
-30.65838239872978	0.0116152592722525
-50.06707640187586	0.0528639913881244
-30.16800331306494	0.0030627971166289
-30.62735046898134	0.0182456400026462
-26.09844278216213	0.0062915487517176
-34.57289901015699	0.0036158043930388
-51.79036841039306	0.0857165886501374
-43.827181745723045	0.0253866125611805
-48.44810649771492	0.0297564888234091
-20.029964086141664	0.0012728649256859
-20.029964086141664	0.0012728649256859
-44.360067644699456	0.0430566172973372
-16.669890589588782	0.0014722670584881
-25.56100529651168	0.0016957213849978
-46.42700157084808	0.0280038632180893
-40.89025967966774	0.0267097961380774
-44.46235941067721	0.0148736748443252
-30.487751420506125	0.0757948125264184
-34.24312563690008	0.0080859902159885
-41.31959217432836	0.0057064227532503
-33.19423720653895	0.0066743446670541
-35.70404381901542	0.0211666260838819
-27.14702646988706	0.0065060369807574
-28.4493003471278	0.016499515547867
-43.4654139142227	0.0043897100994522
-32.08232160193526	0.0425146690935986
-33.03275171557792	0.0012553669965136
-30.86152068823567	0.0049484081731581
-20.029964086141664	0.0012728649256859
-26.403893592917186	0.0732565744007555
-35.118868403566736	0.0312492768458701
-32.948350959598315	0.0025201834158211
-32.46422363004668	0.0047897961054059
-44.45509006949251	0.0042138840302313
-32.357902555940576	0.0045097084593683
-16.669890589588782	0.0014722670584881
-41.70745342658852	0.0297861868274514
-40.59433191735189	0.0306114486816192
-46.69064442789043	0.0143337753885953
-20.029964086141664	0.0012728649256859
-47.16222980789986	0.0040781626225233
-43.14322593529585	0.002927234622672
-16.669890589588782	0.0014722670584881
-16.669098771297875	0.0092977269880825
-16.669890589588782	0.0014722670584881
-20.029964086141664	0.0012728649256859
-35.170359882848594	0.0131644241684131
-34.5	0.0011452682952353
-47.21987123889184	0.0914145268681131
-40.2730156213745	0.0811933089409309
-35.53329614922049	0.0044390314066698
-29.27319475142332	0.0665394827652763
-51.215946274937856	0.0840167463393529
-31.180191135814617	0.011513135554631
-11.730076953984735	0.0003282369536876
-28.60912558347952	0.0029770364939046
-31.68730124724469	0.0185422721345898
-11.244301693444696	0.0026639623788777
-35.26050816870006	0.0011558174398317
-32.139096266600326	0.0084298616812508
-21.47529757230452	0.0067972806430275
-45.786097481405896	0.0049392566485822
-32.58247589392223	0.0664327131335798
-49.6911008109403	0.0272600671042597
-41.05988339397531	0.0251404608666626
-58.70769043192735	0.0233658582932267
-21.33303658927745	0.0024385418600037
-29.59971004097413	0.0770636345634285
-32.41644816464987	0.0274426196576633
-45.1815091348783	0.0138317374968554
-36.35116889465294	0.0252507505015585
-44.920393076858026	0.0276529031427602
-28.34368180807577	0.0448063542653423
-25.53236461377918	0.0036712960024468
-34.83370765996132	0.0311662893474512
-23.03835480565716	0.0051989140075124
-43.43999216052371	0.0257303216682085
-16.84695888756282	0.0035479158845723
-35.9852347601457	0.0070637584410818
-36.021079947931206	0.0074007009828588
-24.24221533212314	0.0148557398663481
-15.96037348764308	0.0020945138915543
-14.114369522967769	0.0017411133589246
-32.02456341044297	0.0027714002940317
-31.576826550693823	0.0013410075457013
-18.303717142193392	0.0008976271779761
-14.099329439187068	0.001845814333728
-27.112310855605028	0.0023302110726037
-29.63781495203916	0.002872572722603
-27.73362286699203	0.0270981385787199
-12.172589132928918	0.00026322811727
-11.520824298928629	0.0002631044487702
-11.520824298928629	0.0002631044487702
-131.35575645238052	0.0052170156566988
-39.93072508562158	0.0033962948679883
-8.852349955359813	0.0001229157384619
-42.12278958163254	0.005734385969216
-94.53803154926756	0.0052787938996023
-39.49387498141684	0.0195345985586703
-45.27880730112057	0.0214399521608
-31.830654897801573	0.002510151425796
-50.014720000390376	0.018738154764287
-20.30594812228245	0.0050820691542
-26.763940212997657	0.0119072817584339
-47.28774195602517	0.0484031522093507
-33.08478570633426	0.0091699579770575
-41.666043600789024	0.0416960588513695
-35.2254570331584	0.006563909785968
-37.05134109342777	0.0025344004024447
-37.629274888469936	0.0397745084281507
-9.770355258627232	0.0006261936577063
-9.066048165876014	0.0005798324917921
-30.87903208234982	0.0057029574064995
-53.28205006387782	0.0845838445540587
-9.066048165876014	0.0005798324917921
-31.31636247258426	0.0259462622183226
-27.76390798380124	0.0449210263313645
-43.32560441917151	0.0198985696844248
-30.95141140201984	0.0052580785882805
-0.9124379454771672	0.0009729249699779
-46.03708191666748	0.054489852155766
-44.0715560443147	0.005293875306502
-40.999880757722565	0.0169135164279035
-12.59929657621105	0.0016734305628171
-4.275730833115309	0.0006684160031952
-37.007575322837	0.0012421679364297
-37.007575322837	0.0012421679364297
-30.20994456300426	0.0488611534162493
-87.15264720697743	0.015373169582415
-27.44368132018363	0.0107001373766958
-18.04213409961969	0.0040867951868014
-27.44368132018363	0.0107001373766958
-27.44368132018363	0.0107001373766958
-26.13637482479922	0.0120696801352707
-22.137850322725416	0.0177270072800103
-35.05070171311132	0.0867532027543017
-53.5753296721487	0.0230505345850356
-27.313752035751627	0.017957253317869
-35.360094583893805	0.0247772122724014
-79.82493471476499	0.0156865829209676
-31.75319804313716	0.0365384740589399
-25.258674942536853	0.0109400048453672
-26.53295560725393	0.0541283834547811
-13.588654565368554	0.0077691037098945
-28.91525836395262	0.0394681859326116
-20.06499772614525	0.0285620770076723
-30.836503114210853	0.069942470898728
-47.77524634786665	0.0956157426565708
-22.137850322725416	0.0177270072800103
-24.257251962813243	0.008445426171136
-33.91977366415137	0.0071285788735217
-21.61324772192248	0.0265844331274049
-29.541750783791592	0.0487067273706477
-30.435146604842963	0.0460574424392806
-31.24519048700069	0.0450244188475546
-67.20747787852815	0.0134371198156756
-33.63190789787115	0.0175473297186518
-38.3231407627442	0.0167206462706262
-82.56071280673227	0.0107288204164347
-23.30522250434572	0.0052713739471024
-41.49221148385911	0.0584456147859756
-29.379454352780325	0.0127317657494275
-38.09703279075142	0.0177839504704477
-31.05263710578656	0.047709685147094
-27.06896344523883	0.0066342141643945
-32.23559599538899	0.002256229323464
-39.71689466321034	0.0068771977386593
-15.367807501816875	0.0038436777286284
-17.470215999854016	0.0060755207692238
-24.22151371563525	0.0055405542718728
-19.19958269457516	0.0031755637892566
-25.225692149911087	0.0042929119297439
-29.24376457846581	0.0074022381138724
-24.093332569255924	0.0103664125861681
-30.870240837778628	0.0051098735969944
-33.36560329211176	0.0047080868248409
-32.22297972918075	0.0048886095792594
-19.19958269457516	0.0031755637892566
-17.811898533500674	0.0033001325977831
-33.36560329211176	0.0047080868248409
-19.19958269457516	0.0031755637892566
-18.682800525399013	0.0033146197825444
-20.809503595327865	0.0073695733428893
-26.13554426083056	0.0062004787544087
-28.363321290205725	0.0022460943823605
-51.9219132312331	0.0026412719011771
-30.19388986545188	0.0021727699836989
-29.208019659494507	0.0024176876433244
-58.38126935276024	0.0281168278690924
-22.51899691480268	0.0055039875289718
-24.05007271596827	0.0054556766246204
-33.048550594255005	0.0323090374896612
-19.71955348876068	0.0054690070623169
-36.46547989004316	0.0074272006327263
-33.782513399532014	0.0093625491203533
-25.22013789471209	0.0030623158838912
-30.56648579757781	0.0017816123788022
-30.193889865451872	0.0021727699836989
-41.30201065457581	0.0175346324397267
-28.842957715734908	0.0029093786470557
-29.906983581276783	0.0040202608582408
-17.379266242778332	0.0049374946811391
-23.1241456224594	0.0030627672105452
-23.07876265552441	0.0032871436606896
-52.52090336432974	0.0237665787706056
-33.001207854974005	0.0018874548615664
-22.064096753186472	0.0030528824221143
-31.69689231635241	0.0045854054576986
-19.19958269457516	0.0031755637892566
-27.82283561928747	0.0045204468321739
-46.25544724664216	0.0145868618635528
-19.611586918577053	0.0044226238613742
-17.80040909664003	0.007844292117395
-5.11280028019894	0.0031279315847287
-43.43145351448613	0.0195070154444055
-33.569263843321195	0.0102147482102644
-3.9558765589926335	0.0012032225296146
-43.959002578180495	0.0184351370888631
-43.12503762729263	0.0305450990626655
-43.959002578180495	0.0184351370888631
-33.96840492212488	0.0333764350284744
-32.43288722379671	0.0361296412228981
-43.959002578180495	0.0184351370888631
-30.26460523530709	0.0116602933461769
-67.69981551503179	0.0144071350383401
-24.78184614909801	0.0080665378850792
-31.54334343696208	0.010665266086328
-68.93647162950644	0.0158104558541427
-37.743039736484725	0.0095011764453184
-32.13622818847637	0.0368303699861947
-18.321843118611653	0.0093954529491188
-18.321843118611653	0.0093954529491188
-21.611400518082142	0.0082506561461073
-35.96512397594799	0.0506742776475672
-35.18694986928931	0.032523670343939
-25.80635327593946	0.0477843108912006
-24.30380020606036	0.0524333054849334
-60.24910275763282	0.0054023425551534
-21.56545750575673	0.0126571794757153
-20.883838538880404	0.0142589823925848
-67.40923324825725	0.0176568943650291
-30.7335299558708	0.0493771290260868
-28.577613291514524	0.0564914047461081
-24.695666948316227	0.0444482784873767
-33.39818216358799	0.0875368349703822
-25.910793857376326	0.0130622707796481
-29.34915918884173	0.0357479066966296
-35.72738216131108	0.0762617349390873
-18.25667485394815	0.0117503239111617
-10.0	0.0007045302183995
-33.40733637887852	0.0377586380704009
-44.13567876397474	0.0259539311936367
-40.23901766903048	0.0274819948823123
-41.58834121570849	0.0269477867090433
-59.13480724823834	0.018171605107098
-20.343165655216712	0.0281710106260691
-16.164834257777667	0.0382735480236647
-20.31731361535953	0.0280743702855203
-71.87262818305575	0.0147710639496051
-38.427807531165286	0.0376052288204664
-40.10780333412172	0.0026205846142514
-27.370687025908424	0.0075746677520842
-37.96070980109476	0.020331547822784
-32.46239846075516	0.0052811871681381
-49.63424438212251	0.0342103748593482
-16.13438212779902	0.0401302245985955
-65.99411969355207	0.0205785647123592
-47.01578422859215	0.0024639894720455
-36.30176352315204	0.025442896357938
-33.44682015404492	0.0501554772495025
-20.57816281586449	0.0221233221318918
-50.0	0.0019297676506404
-52.74247282695033	0.0347615457282144
-31.16548777476244	0.0398880728412555
-62.30756422538762	0.0185492336037816
-44.771490624307376	0.0055146792739366
-53.50206831144888	0.0224714633126811
-37.99751323530525	0.0038452968802643
-44.17500322315368	0.0054434633377461
-50.0	0.0019297676506404
-47.10319440048149	0.0051425166061141
-42.40113310810385	0.0033688940728583
-104.04933532019471	0.0111842983865705
-26.37684927033175	0.0713766891074095
-26.91981557842153	0.0687072761915284
-30.346516909542306	0.008136551728471
-50.52814669756103	0.0025601062641257
-50.0	0.0019297676506404
-37.190052122073126	0.0341138127037967
-56.59248447938345	0.0208684771121334
-37.7789986208218	0.0386021112738835
-34.565782371099544	0.0051223861643297
-51.009376519956575	0.0195137657290219
-37.72417256499147	0.0487347748693964
-29.476164947691604	0.0073309577727971
-88.96690355880054	0.0124405030457664
-79.12495336625125	0.0162789675354037
-31.7544541275358	0.0172234039691589
-96.59051811590078	0.0123116160758136
-39.92026461783517	0.0244156785886764
-36.40986788807161	0.0374904819218956
-18.6823984784274	0.0120407580110625
-48.76888974776287	0.0992152081558444
-52.08565524478041	0.0962983596489389
-55.94539508691968	0.018211633569656
-54.734052360935785	0.0223981474828356
-41.87221467516979	0.0700985111753955
-26.24681265929123	0.050582752121341
-46.63995738794663	0.0808604808692638
-23.2319831567384	0.0412151086699601
-34.56528083213634	0.0577184555760287
-37.582108578788606	0.0135669007845885
-68.74260067203295	0.0192569309022573
-42.66397379099537	0.0226967946712999
-42.04292190837925	0.0255539057009288
-71.34053668802017	0.0149585290434686
-73.38228708634325	0.0178288447407626
-36.54399692339766	0.0143248038226607
-31.809562382222147	0.0349876758756427
-33.92012355831332	0.0326827223691345
-45.71971158283569	0.0126159805563214
-21.36482506064775	0.0061047158453485
-23.396446718798373	0.0052910409935526
-13.89689069078737	0.0003809519697968
-20.039821870740088	0.0070620076053174
-54.41663105486667	0.026518275168254
-34.456043078275215	0.0418660969151766
-36.568365241659365	0.0507298631424924
-31.27005542133381	0.0209267962825292
-44.45789435681141	0.0069038001158825
-43.3110902218039	0.0112311031637175
-18.51288991327838	0.0480605418225824
-20.66385195446946	0.0426727621000475
-49.87348492452757	0.00665380446248
-49.87348492452757	0.00665380446248
-10.525418381006592	0.0011655074836537
-48.73522645437064	0.014714080091284
-38.820090068194304	0.0368466043540922
-11.576473218982953	0.0007985774002263
-38.08131988982107	0.044187730928286
-49.10841567842659	0.0290971664715781
-43.21958925934669	0.0408105477965964
-47.28791345712044	0.019505533138687
-43.94584638158767	0.0133098214747594
-47.51313504202581	0.0042753185464502
-25.928123030786303	0.009361066197019
-47.28791345712044	0.019505533138687
-19.09092315491545	0.0267204877791473
-17.679161539669263	0.0324222663182732
-34.511699920503816	0.0081973496120916
-21.401468087445217	0.0054423846913741
-39.56179487651012	0.0120707562586156
-44.12942020708923	0.0198414362729259
-54.8030573533611	0.0251318194929371
-29.362214658943795	0.0073319517988188
-20.0	0.0007744116235088
-47.50523799929629	0.0149304072579933
-22.521102116475365	0.0089654537276225
-5.197958792272019	0.0021096421861547
-27.036683708486507	0.0025937793858311
-6.680480738208129	0.0011265861451244
-31.6718917658476	0.0109364123456482
-25.196644062364346	0.0040087734085094
-41.13372501662903	0.0050712564953799
-31.194998087517003	0.0027203237255558
-55.26689249090107	0.0201730889521987
-16.506164617962614	0.0081728079197909
-24.83858232740729	0.0135461214647895
-40.79240197519562	0.010559715790104
-41.42851247912617	0.0139860397648454
-51.144708026572445	0.0199852118340194
-50.47240823335898	0.0202399495654711
-39.76154191067144	0.0378733942839595
-37.346392742733904	0.0408456065222084
-38.102002463019154	0.0395446368504081
-38.37586523734135	0.0396809567532449
-31.44959952144972	0.0117216440800048
-24.04004235971472	0.0004570304512683
-39.11534144257219	0.0299536375683306
-26.91421236919544	0.006646655807804
-33.98187379082688	0.0103875010276309
-30.041962203056208	0.011993269706235
-29.97525562326981	0.0127671103364154
-34.51601464709845	0.0104573084978236
-21.01228894306066	0.0032222672359159
-21.70080842171547	0.0037071603281743
-34.51601464709845	0.0104573084978236
-33.662567402629264	0.0018876430765687
-40.40756076953075	0.0188115405560818
-33.55000142043893	0.0013749151205858
-33.55000142043893	0.0013749151205858
-33.55000142043893	0.0013749151205858
-33.55000142043893	0.0013749151205858
-30.03026522399248	0.0028223169247209
-29.186468978220915	0.0040644848611507
-31.09858587117889	0.0014332406998089
-35.99409911599642	0.0036581127943525
-48.11041595903151	0.0198073305649771
-43.728296114971485	0.0201130757691671
-33.25392531752303	0.0013798490388431
-57.57056677619593	0.0021717201245511
-51.30370295779652	0.0176085108008518
-32.295599808825834	0.0009689224138511
-27.65110399280778	0.0014872357678976
-34.321156273331944	0.0017103407734552
-33.55000142043893	0.0013749151205858
-53.04232290127307	0.0024709906641076
-28.69202634555161	0.0017087524512963
-29.02505237598865	0.0009321028633612
-29.02505237598865	0.0009321028633612
-31.21362701858729	0.0025464484968589
-30.53882650250546	0.0026188060630917
-27.69744363435298	0.001742597978605
-48.32507141303368	0.0024391673792124
-27.71809573820636	0.0014788145946969
-33.68214244246107	0.0023083563079569
-34.26407319996735	0.0034972432294277
-31.42140719997697	0.0026913838789326
-34.48411248837263	0.0013068720674873
-39.03057012479882	0.002014377769611
-35.748624650188525	0.0023894027704823
-41.40527401638774	0.0043994505004059
-37.79687342963325	0.0011461123654896
-37.79687342963325	0.0011461123654896
-20.0	0.0011604137705176
-37.02443209997981	0.0025739129243615
1.5	8.09336643039033e-05
-19.5	0.0011621670087283
-8.5	0.0002433252300776
1.5	2.137569074801279e-13
-0.1180339887498948	9.869834853427078e-12
-28.832290274994968	0.0041730063357642
-62.58260415869123	0.0044066726224236
-23.71423585604713	0.0154418619503854
-39.42112911677981	0.0130355014640008
-24.588708848446256	0.0057820027538835
-48.23679917251713	0.0112028106064894
-18.39207261295645	0.0096278366922508
-26.822584798929988	0.0159329991873695
-34.16651820171589	0.0655670651604846
-54.44260855198778	0.0208141036505989
-41.57771406307601	0.0277129071969476
-41.57771406307601	0.0277129071969476
-43.13279362048644	0.0268095908629757
-29.520752775345645	0.0346579332649564
-27.860590656563613	0.0329322701781503
-17.061417344707895	0.0309121248855483
-30.71699630517824	0.032134914830014
-22.25174748405184	0.0047169386144568
-11.634760858386578	0.0008054214173132
-32.20341124633084	0.0323602891496771
-15.520883914052426	0.0018012455191395
-27.158870265871368	0.0032316353521337
-32.908632194979454	0.0324961226519132
-22.861432096059584	0.0038377180149308
-24.780217085504667	0.0320722951453711
-26.11817635087008	0.0048375599482304
-20.01541401690931	0.0162339499571734
-42.7428440197927	0.0304679017006682
-59.72986954626684	0.0194292392679414
-28.44650940624948	0.0405217308116277
-17.8039629581126	0.004165244571717
-72.71403564768498	0.0162208917507847
-12.281255628126743	0.0101775689805995
-26.66909565452347	0.0186609779710163
-38.974506698380566	0.0296722996229482
-45.855623443494025	0.0252892066073722
-15.61109347350108	0.004391033968748
-14.189622272061618	0.0036541993774887
-20.972669458580267	0.0053781101163032
-45.75436613946201	0.0249275203349351
-30.06361142105164	0.0210703076414422
-54.25422381790219	0.0174016419450876
-27.069303628178087	0.0194465630335978
-38.38440371904933	0.0164139896324373
-62.15091881785007	0.0175165723012634
-43.57488408529895	0.0334886944880425
-24.966298410470188	0.0060173093839971
-48.57690480552428	0.0253242118576689
-37.15480796825912	0.0403357758902944
-105.94319538028552	0.0107587708645903
-10.525418381006592	0.0011655074836537
-1.0570827846972772	0.0011107164619975
-1.0570827846972772	0.0011107164619975
-10.525418381006592	0.0011655074836537
-30.904326023342406	0.0023521938079425
-34.16074812727358	0.0199638484144833
-41.34676164264842	0.0183152160525697
-27.73817638141896	0.0032797347399959
-18.481517369270072	0.0084801162413474
-18.481517369270072	0.0084801162413474
-17.147563687492724	0.0090334219923381
-18.481517369270072	0.0084801162413474
-19.455724786129835	0.0095461499483211
-45.38678118648181	0.0035849999213455
-26.580991742307216	0.0036738693115871
-41.21091050751925	0.0158781644299393
-21.80271581852713	0.0351798392153023
-31.892569418285067	0.0261096374003775
-34.160748127273614	0.0199638484144833
-34.64812660086543	0.0244752226979711
-34.9240121116329	0.0211612156850048
-27.199690750995693	0.0037752977454959
-48.63274421181917	0.012997489826694
-36.0	0.0015543786678505
-32.5465187133756	0.0022398973692114
-26.580991742307216	0.0036738693115871
-41.72960235903709	0.0076158428328051
-36.0	0.0015543786678505
-38.19192828295885	0.0085568437587672
-34.63853391372134	0.0097913840172481
-25.442009955374928	0.000860964089283
-7.604774621670696	0.0002228204871185
-11.582762530298218	0.0003622901502711
-21.339162979272945	0.001173180014415
0.374667264879411	8.125139642599029e-05
0.374667264879411	8.125139642599029e-05
-52.41040252275754	0.0049839576550328
-49.3468985062914	0.0057750559705157
-47.63809724726657	0.0067535672728781
-8.697229881190443	0.000509672011441
-2.75233724642908	0.0004128603925757
-10.753271797055554	0.0008090051882355
-3.188164992095257	6.040649834152684e-05
-31.775962356375828	0.0021359563340749
-41.52652127684417	0.0035047855475529
-128.26181947636695	0.0052805378906645
-63.76000123053733	0.0052676388302638
-20.5	0.0006166443180085
-6.858951059522463	0.0002149706485003
-8.044498824258191	0.0014049260412498
-50.1132876219947	0.0226189156954891
-83.5064353284061	0.010572673344039
2.2192235935955846	1.3667064628268208e-05
-21.584800378544628	0.0006172364468372
2.2192235935955846	1.366706462826821e-05
-46.0	0.0004789521093257
-1.0	0.0001237637606788
-24.86355947147932	0.0057129788671217
-50.48149040998265	0.0015325230355843
-58.93598751429568	0.0012327691489364
-25.222591843752543	0.0038943117529416
-10.646405044778506	0.0021254206130886
-7.943268113301793	0.0033989340850712
-26.51556079919286	0.0143786936458554
-9.982100560259555	0.0034316063155331
-10.726812023536851	0.0001778352410414
0.5	3.852713725992272e-06
0.5	3.852713725992272e-06
0.5	3.852713725992272e-06
-28.41978011317578	0.0038852091798365
-28.829636538298487	0.0113305880424579
-20.86748186992396	0.0045229295293138
-18.332668421567217	0.0050836716388132
-18.79837518154043	0.0056186580173427
-20.86748186992396	0.0045229295293138
-20.86748186992396	0.0045229295293138
-36.60461600329533	0.0017347689190964
1.5	8.684669775198745e-07
-6.257804885470349	4.003298956056137e-05
2.0	3.766154643032582e-08
1.5	8.684669775198745e-07
-5.284116572672468	0.0005027442479465
-7.970711723102163	0.0004481511689804
0.1698036230366048	2.87766595576644e-05
0.7396013553019261	2.0597776051325903e-05
-12.738963423174823	0.0007054117773018
-15.5	0.0006879649160893
-3.5	0.000407272147378
-53.3619997092983	0.0188000955527287
-20.5	0.0006166443180085
1.0	3.369147365846409e-09
-0.7320508075688776	1.549789792228557e-07
-19.27579547202016	0.0111696630393354
-30.69044899728993	0.0417326920646966
-25.67586531527265	0.0095559771325135
-1.0	0.0001834701661453
-45.00824131747062	0.0084689057882257
-33.893905815014136	0.002408931479428
1.0	1.9589304705054386e-05
-28.5654333924966	0.0009041652744236
-23.859638293854985	0.0006961981221283
-22.52614950352416	0.0159257738326331
-13.306653525519376	0.0015056837908334
-17.65351044790137	0.007444706657028
-17.120635473499373	0.0088335316692418
-17.120635473499373	0.0088335316692418
1.0	3.369147365846409e-09
-5.0	0.0002352795876742
-69.67610049718681	0.010861339630147
-3.11473994453672	0.0002279700431765
-3.11473994453672	0.0002279700431765
-9.935726331038872	0.0003603639377599
-9.935726331038872	0.0003603639377599
-24.343180903667232	0.0096338519416893
-50.67468130836515	0.0034660565953177
-9.519836515170889	0.0009927793319608
-0.4781532478254399	0.0007069049426435
-0.4781532478254399	0.0007069049426435
-0.4781532478254399	0.0007069049426435
-0.4781532478254399	0.0007069049426435
-0.4781532478254399	0.0007069049426435
-0.4781532478254399	0.0007069049426435
-0.4781532478254399	0.0007069049426435
-0.4781532478254399	0.0007069049426435
-38.99476495724665	0.0040462315580325
-28.648096066118708	0.070051576649884
-32.632439390689726	0.0038095848898726
-21.17454201268142	0.0261121607674405
-26.627820279202428	0.0110422026915031
-24.76107281127744	0.0358599205595765
-26.757546896344724	0.03294451514654
-20.74087051458914	0.0278656926369487
-27.48724802252126	0.0163005151560643
-27.48724802252126	0.0163005151560643
-39.72690881341575	0.0441272889183364
-31.93060570350746	0.0062387645288109
-37.64011807454138	0.0018086861228422
-13.066608999887288	0.0019100360789401
-15.05791813300408	0.0008331218913505
-32.50347015513017	0.0293313995963298
-72.74948528504731	0.0038601831062676
-48.60386815529767	0.0051219931695232
-63.37340929969598	0.0043426677784954
-50.77275156834499	0.013280078532214
-50.99847120058631	0.0158030722928061
-49.939463628689474	0.0136841150691131
-52.20808288907557	0.0143009917494609
-34.801173206153	0.0028225772540284
-54.58955463626796	0.0041439259148763
0.5	1.5626051765725725e-05
-17.91167229401675	0.0009772352064258
-25.882178978096	0.0047039365037938
-68.50997648200857	0.0041994223770447
-29.199731200838684	0.0033553279974341
-3.917548502854383	0.0003912617910808
-1.5	0.0001029770300906
-41.53487354885223	0.0049361214395066
-9.824380912248447	0.0004606731081733
-21.649011516424707	0.0008584068147902
-3.439504671222529	0.0004314579875236
-2.75233724642908	0.0004128603925757
-59.010115863972	0.0016007620530716
-65.39729496691456	0.0010876543703211
-4.210410054584337	0.0003338373307105
-4.210410054584337	0.0003338373307105
-4.210410054584337	0.0003338373307105
-64.19520769017895	0.0011485235429571
-4.954967939673842	0.0004422187561712
-12.509440767243754	0.000130196064302
-2.1654968105571326	1.8177609087680136e-05
-3.9528124323706457	0.0004493497937452
-13.069534497522405	0.000198669745997
-3.9528124323706457	0.0004493497937452
-8.620545348741977	0.0006060405146889
-8.620545348741977	0.0006060405146889
-19.264301481428543	0.0040277087707097
-17.81119579339924	0.0052068274461804
-17.4886125421271	0.0033042743259409
-12.44733421995231	0.0012652490155668
-3.0	4.444386872814301e-05
-36.31904785642029	0.0020510349821897
-5.108167517811386	0.0001758515745653
-18.686211081488096	0.0005654771420926
-43.10952031725836	0.0012501864788539
-41.01571883877382	0.0054200662099679
-41.62072131507199	0.0054226125105753
-134.00766238534752	0.0049959035445286
-18.686211081488096	0.0005654771420926
-22.0	0.0005990905895119
-7.767604563662257	0.0005540381110942
-19.74107482085071	0.0005083770066202
-20.5	0.0006166443180085
-24.0	0.0010335764309409
-29.699076103953484	0.0052050584144898
-21.613853360545622	0.0032325722054403
0.7344355629253627	7.717295086765935e-07
-3.2015621187164243	3.555528924642296e-05
0.9999999999999992	6.68767352740384e-08
-45.21373042904637	0.0364896046631519
-55.61334610218318	0.0144811531046068
-37.183096959305246	0.072625692693086
-28.39346809450832	0.008296689912289
-38.63898532141236	0.0067697991112722
-82.58995221071751	0.0091828303750475
-71.06243052901235	0.0145967469355725
-26.72791982762158	0.0108816594029222
-26.72791982762158	0.0108816594029222
-30.53174598304712	0.0057816816989394
-19.021856933097087	0.0018950725676147
-43.34758380707802	0.0280398499039057
-21.5	0.0009210083499709
-42.325595880979854	0.0442513254724979
-51.29344748278297	0.0018318597384483
-27.54288773695112	0.0167830870489909
-35.13859205221686	0.0045078568797677
-22.0	0.0005990905895119
-22.0	0.0005990905895119
-52.03530350220834	0.0044722706606295
-35.275808438219	0.0092608344280465
-23.53995408413136	0.0007462186024182
-23.735511344474123	0.0086684622011099
-18.28439779975948	0.0011783184085858
-59.22138442625321	0.0031447095497127
-35.138592052216865	0.0045078568797677
-35.138592052216865	0.0045078568797677
-51.29344748278297	0.0018318597384483
-44.66701976535067	0.004465451811592
-37.695659616974766	0.0017439390783196
-22.0	0.0005990905895119
-37.288619454179	0.0020108365051452
-67.72695752428601	0.0159810124335798
-31.62263283443414	0.0091038980328513
-16.458266691683153	0.0070992865708886
-15.142081247778766	0.0070646041667875
-29.88874193500204	0.011777893209345
-29.88874193500204	0.011777893209345
-36.633801008121104	0.0318533669227944
-10.875746730254022	0.0096738500682873
-48.113111424318895	0.0171984481994416
-8.820794912742265	0.0010010937809116
-33.40634033021665	0.0071045950637787
-33.40634033021665	0.0071045950637787
-36.96889844702591	0.0074159195280125
-37.95098603474581	0.0055591059954386
-36.96889844702591	0.0074159195280125
-33.40634033021665	0.0071045950637787
-36.96889844702591	0.0074159195280125
-31.46329205408854	0.0125612151492052
-36.96889844702591	0.0074159195280125
-32.992103189064125	0.0086285913865535
-27.387470121376992	0.0123501686393102
-35.114826710919225	0.0110998497344085
-33.40634033021665	0.0071045950637787
-32.99210318906412	0.0086285913865535
-32.99210318906412	0.0086285913865535
-11.5	0.0005758851442674
-23.60407180965926	0.0063299384390852
-23.60407180965926	0.0063299384390852
-64.4297222600976	0.010869444152185
-33.5	0.0017588304918109
-32.89610805290492	0.0284296643243964
-30.75526607683037	0.0289399951394054
-31.696873789132525	0.032711372562689
-46.08082195733383	0.0175492841315017
-53.56796886271897	0.0117737161911961
-11.484700733885978	0.0009204376351168
-54.52989016967844	0.0031560602778966
-9.742649672583562	0.0011291880334955
-55.0663324347984	0.0031603677029978
-11.484700733885978	0.0009204376351168
-41.74257022549863	0.003823316229459
-54.52989016967844	0.0031560602778966
-50.67468130836515	0.0034660565953177
-11.484700733885978	0.0009204376351168
-54.52989016967844	0.0031560602778966
-54.52989016967844	0.0031560602778966
-12.586308764964375	0.000211395631515
-65.80727014566445	0.0208150094893412
-27.66516422471164	0.0115924297753754
-34.87649437009187	0.0138612168647816
-56.20423862474202	0.0300107908593353
-46.00461993102125	0.0218885152340618
-39.31494162978799	0.0453425238155264
-23.528718452205432	0.0122792623562175
-25.53037840615852	0.0136525886659615
-36.73213488317982	0.0323144882037302
-43.52883591836684	0.0112926052581178
-42.24055624203701	0.0319691138916674
-42.17061025752865	0.0292458873942384
-28.749251443317736	0.0216018136324754
-30.009890038203825	0.052081712010346
-42.209796866465496	0.016826794009177
-36.88115140425785	0.0378609509420428
-46.5	0.0025378974933336
-44.18378114752774	0.0311777747093414
-46.01278631828512	0.018233081064924
-59.25232535472408	0.0131840496919276
-38.80318651081313	0.0045028632317942
-40.09091568397909	0.0513856928239331
-55.00148404877911	0.0136367891205258
-40.92725547103885	0.0202036696961537
-43.45038918096687	0.0373519707249432
-11.6041219597369	0.0010918345131577
-20.964868975829496	0.0014995248099386
-43.400138092148346	0.003791297006244
-20.287823630435785	0.0046434259334997
-80.67069575662697	0.003106340836847
-8.706448908767918	0.002831223110566
-47.59939586924754	0.0285106294326851
-51.906822917709945	0.0113561449341916
-39.54759344734665	0.0013026761551925
-43.74560041315748	0.0159693187192305
-44.06238538445589	0.0315769662379083
-40.44949017791823	0.0166333151626488
-35.85114575167695	0.0016844767696665
-37.94673208895993	0.0205770624396878
-41.20900869715114	0.0271729521481417
-39.55372530427879	0.0021343414001778
-49.74852318032952	0.014672792403323
-43.35456494517644	0.0318710075941123
-51.906822917709945	0.0113561449341916
-49.63540110202138	0.016564660059569
-43.93364577962388	0.0168019411645251
-42.88651713026992	0.0131249939309591
-40.207183639015966	0.0343043303322721
-46.70077216076489	0.0129720608672055
-35.73543474520896	0.0016163155224486
-39.49239624061765	0.0105165585074228
-37.134614234213856	0.0110292864634058
-51.906822917709945	0.0113561449341916
-43.745600413157504	0.0159693187192305
-51.906822917709945	0.0113561449341916
-40.39335243185682	0.0166135638050423
-34.56038506929733	0.002144051657685
-48.43961242259324	0.0132821838287822
-51.906822917709945	0.0113561449341916
-51.906822917709945	0.0113561449341916
-44.22009332767418	0.0136467407057336
-60.86795827840146	0.0062237692196995
-44.35123155244881	0.0045932844781579
-32.22949162329684	0.059829751666472
-50.60856812042847	0.0081027574085421
-50.60856812042847	0.0081027574085421
-59.5	0.0026681495374513
-46.53882853984271	0.0041964034193255
-28.72354104431237	0.0511019750584964
-40.77706734717036	0.0055571384483413
-29.77114686464356	0.0086465113469522
-47.52539761558373	0.0046787141974573
-90.1476151587624	0.0068329035592559
-27.69916351563334	0.0324039633740575
-36.51128594994642	0.018853293880605
-36.51128594994642	0.018853293880605
-36.51128594994642	0.018853293880605
-36.51128594994642	0.018853293880605
-47.52539761558373	0.0046787141974573
-52.54471643106844	0.0043866460317002
-71.34682661780084	0.0159130593325283
-27.32931668593933	0.0013874453372604
-57.56810133148336	0.0025156575905218
-28.39855193135836	0.005499271604335
-24.026286513036844	0.0075828783125411
-26.56893003105009	0.0070725474975321
-28.440173611249307	0.012763039212274
-10.769683258461008	0.0013107978384292
-10.459645657272008	0.0013927691580104
-49.14048831309942	0.0075280803745739
-22.553729829185087	0.003736321713163
-20.20456012027524	0.0031215401384006
-17.72406276192786	0.0052122497646406
-8.0	0.0006544674425298
-16.39351453312546	0.0062422516441907
-12.088193597017142	0.0041692816571707
-50.48149040998266	0.0015325230355843
-8.5	0.0003461140016219
-33.96079372192943	0.0159768732844622
-13.22115068852252	0.0007696462726514
-39.44408398422093	0.0068610826176969
-56.30210162286809	0.0031726229425861
-34.21340805200142	0.0053091286911366
-20.681597247984165	0.0004739469711967
-31.5	0.0013841164116635
-2.0	5.002049847576732e-05
-66.29154786264522	0.0039689444645143
-21.50379718159235	0.004927013817329
-21.50379718159235	0.004927013817329
-25.197482299742827	0.0186738901690094
0.4999999999999999	0.0002304030197407
-37.50050018033376	0.0044116898638398
-1.5	1.0813543912826662e-05
-27.86867495936276	0.0004987658318569
-62.230256242693365	0.0040744680301898
-25.233879998936786	0.00307685742409
-63.75863771938717	0.0015151034272936
-30.66512959081165	0.0096961438506131
-29.029361228336608	0.0011348413946815
-1.543443195550209	6.557357142706218e-05
1.0	4.549933436252486e-10
-1.3027756377319948	2.1005520882291808e-08
-7.784281753649946	0.0015660530011845
-82.0	0.0027110962345459
-28.575223223278748	0.005005674224675
-19.138761402207187	0.0021782001852243
-44.99462691377275	0.0012461383510077
-45.55141498289935	0.0022670660752085
0.7344355629253627	7.717295086765935e-07
-46.5	0.0018323621591683
-46.5	0.0018323621591683
-26.5	0.0012329326591046
-101.80342486559532	0.0106653917907437
-27.6500932832574	0.0010617708967537
-48.99615634117151	0.0031864769307868
-26.872376375122663	0.0037654229092798
-58.93598751429568	0.0012327691489364
-35.5	0.0020860505221607
-26.5	0.0012329326591046
-92.55192318615042	0.0117946203580787
-46.5	0.0018323621591683
-10.484092903398052	0.0006331931642048
-10.484092903398052	0.0006331931642048
-58.01524972627889	0.0132259418016159
-58.41158503221188	0.0208856848866535
-91.02455666659183	0.0128108429896986
-7.6881274720911295	0.0001904954746383
-5.0	0.0002392066742704
-6.377551641923021	0.000269605933168
-18.5	0.0006409934464239
-49.50827617066944	0.0017717297098547
-35.402780479554174	0.0030819837471614
-5.0	0.0002392066742704
-5.0	0.0002392066742704
-5.892291696859367	0.0003623282408999
-2.5156097709406984	0.0001130574101476
-7.079703240731432	0.000370208253832
-2.5156097709406984	0.0001130574101476
-5.028518870485331	0.0001943183957855
-67.41017494505292	0.0026586763703485
-2.883638215016034	0.0001824139503716
-67.91853370448263	0.0026626287453016
-3.6825746060605344	0.0001343335797915
-2.793515739682648	4.1996340285223565e-05
-34.30315728499927	0.0053542950394044
-41.70566702372598	0.0098279818897622
-45.368269642193056	0.0077602369630735
-33.35287690031272	0.0046988422843021
-30.804160650191506	0.0093742065651878
-41.67937082537502	0.0058163360457352
-34.44846316366372	0.0044114096406016
-30.047009604965275	0.0058445621790574
-1.5	0.000175046747682
-72.73325507368867	0.0028448588343686
-18.20242347539245	0.0005210332733645
-19.37413180489385	0.0007853855287247
-52.18530429018926	0.0015514996707563
-2.753471552684553	0.0002349324389622
-39.67456026604255	0.0013280979164897
-3.5	0.0001174938207522
-32.645864259782975	0.007158847261998
-110.8987497574755	0.0076871511593321
-31.523345610632862	0.0098079257423195
-128.34596152154597	0.0054705330982252
-37.0	0.0018568135325738
-20.356621712699205	0.005383458272133
-33.022872725172874	0.0099282258382331
-18.73610744292792	0.0005504530897625
-18.73610744292792	0.0005504530897625
-18.73610744292792	0.0005504530897625
-18.73610744292792	0.0005504530897625
-44.182718623813344	0.0027432355009629
-17.399053542402566	0.000700841688326
-18.73610744292792	0.0005504530897625
-19.20994502137655	0.0003504984088424
-31.364190997728908	0.0030210238012445
-23.268164767921007	0.0005127279559829
-18.736107442927924	0.0005504530897625
-19.20994502137655	0.0003504984088424
-19.20994502137655	0.0003504984088424
-23.268164767921007	0.0005127279559829
-23.268164767921007	0.0005127279559829
-55.95170338222353	0.0012665449955936
-23.268164767921007	0.0005127279559829
-18.443714534221044	0.0048407113400829
-41.90926817423356	0.0061710837706626
-22.23229452029868	0.0063597732381659
-4.709422457513806	8.504410362081322e-05
-11.077122461009024	0.0002500873233482
-35.05664910509131	0.0020181058979638
-41.32697098893272	0.0027448915807499
-22.545620545639604	0.0136305961071054
-30.066656554024533	0.0059399523299576
-12.98121162867272	0.0029468850687013
-14.351327784032083	0.0022601723842401
-31.84330053541173	0.0186691084622825
-44.31597706826661	0.0060238680731488
-15.13659853793786	0.0022589841013941
-27.254511973974736	0.0034281533661455
-23.69830013987196	0.0023392722501357
-20.973040838533905	0.0015351448807165
-66.51608401933979	0.0121206724062327
-25.233879998936786	0.00307685742409
-37.98214030892856	0.021843984060426
-51.76914614189628	0.0162686285828848
-109.98173822145012	0.0109743602131473
-97.28876141655884	0.0117850029422477
-7.962071659057062	0.0013586249330051
-29.72003564667373	0.003240558470845
-22.70265126806297	0.0053745355848559
-34.246579826071844	0.0026290959944713
-5.735162698673939	0.0022300766911385
-10.726607041297886	0.0018689557480141
-20.40629433342796	0.0039175400570952
-80.12838199311113	0.0079233955113203
-43.36472785436475	0.0056207224892507
-25.71363882512807	0.008597092095718
-20.87971292322969	0.0034216682560208
-55.35331742757253	0.0044443912182714
-56.65626452777843	0.0177933182900238
-21.60688484784632	0.003433670826158
-20.587098828241487	0.0034460789769622
-22.140497649293945	0.0040383125740293
-48.78488129790008	0.0023529996353104
-22.278925779185165	0.0240672855770767
-44.52279301269328	0.0103285329042147
-45.44123406746508	0.0250756313114021
-34.608473931703266	0.0013640366970409
-38.09502310972898	0.0010926751328718
-34.098040097422974	0.0012868848770243
-35.03984740042559	0.0020752532174777
-35.03984740042559	0.0020752532174777
-35.03984740042559	0.0020752532174777
-39.525300250565095	0.0010730548697324
-40.5	0.0011046968948885
-41.0	0.001067633902162
-41.0	0.001067633902162
-39.525300250565095	0.0010730548697324
-41.0	0.001067633902162
-33.987398665699054	0.0011728372779141
-33.987398665699054	0.0011728372779141
-34.05279673378074	0.001151093241927
-9.094389581607988	0.0003637715371077
-43.67291074624977	0.0051012511315683
-31.491848848601183	0.0039962887402236
-19.0	0.0009327139666646
-29.5	0.0012661279088317
-34.262497473095564	0.0114639071155661
-73.17899376947767	0.016633176388114
-44.64055018054519	0.0093083483868266
-69.25879277005721	0.0196379039426875
-57.54179079373372	0.0183383634878024
-78.53062696119552	0.016267878604586
-80.61824675996891	0.0156514316149001
-54.99279969476038	0.0152666931860746
-80.61824675996891	0.0156514316149001
-74.5	0.00335096051297
-24.79931262330739	0.0110953888345208
-45.12888999250612	0.0214789698664903
-37.74489195742177	0.006867925115761
-52.56172663021693	0.0062904050006529
-40.612027988186746	0.0078014080978899
-28.036124566280463	0.0106236469869282
-38.33513313162596	0.0031203446503523
-60.58895222774612	0.0016571333735826
-40.14469706161016	0.0018886584342922
-62.14890396234098	0.0029953497504853
-58.93598751429568	0.0012327691489364
-25.17912618389001	0.0045790556947061
-38.75682124214919	0.0039452610069939
-29.734165513562488	0.0021366155252439
-28.237681699111583	0.0028456923230038
-30.18582645859744	0.0027018978598213
-71.0	0.0007538170396106
-42.26453609579031	0.0017458175513978
-46.689709078922725	0.0016465706346944
-43.05711953000786	0.003829186436817
-38.33216374321883	0.0039087662902558
-43.05711953000786	0.003829186436817
-60.9051387536728	0.0034138939669279
-34.35655132669645	0.0024401694635341
-58.93598751429568	0.0012327691489364
-71.51514803843835	0.0009890966272848
-60.58895222774612	0.0016571333735826
-71.0	0.0007538170396106
-57.90993466446058	0.0016655545467833
-58.93598751429568	0.0012327691489364
-25.011936738566767	0.0034197395726473
-29.799235730637733	0.0027274217417715
-44.18203111806785	0.001612102889023
-48.95944613917116	0.0013143575558072
-44.18203111806785	0.001612102889023
-48.95944613917116	0.0013143575558072
-52.70003238765458	0.0057843500195556
-48.95944613917116	0.0013143575558072
-67.56358278252456	0.0148225871550641
-13.751116049186324	0.0022352218539527
-46.5	0.0015944760499493
-27.5	0.0009033163339719
-71.5	0.0025456189602008
-8.0	8.836563430764375e-05
-8.0	8.836563430764375e-05
-2.5	7.85137736406367e-06
-28.5	0.0011580540654237
-68.5	0.0021687374861795
-31.5	0.0019738308703105
-8.0	8.836563430764375e-05
-8.0	8.836563430764375e-05
-42.81438021456081	0.0008430756004461
-37.14816036449722	0.011403820256748
-100.62257968821558	0.0107005680378823
-70.21820500501468	0.020572739646112
0.0	0.0001226813671422
0.0	0.0001226813671422
0.0	0.0001226813671422
0.0	0.0001226813671422
-21.372682001385776	0.0052574188708507
-52.586728476590814	0.019476541139363
-53.58483848968802	0.0082335573162864
-8.818829604502318	0.0011218260024379
-40.86131482627819	0.0242851473512688
-22.73390722972984	0.0088213152854772
-68.64892650226602	0.0161808450647053
-86.03532826433816	0.012952153151359
-17.090896336538467	0.0070319131886429
-83.76597670906014	0.0065211224736764
1.5	1.729929015932599e-05
-9.5	0.0006130459147216
-39.03048034360321	0.0036568914935176
-124.99423051317709	0.0054382416836179
-0.5	8.253273554653419e-05
-34.55581129116524	0.0054682228610638
-25.48915447184501	0.0075247274690135
-41.0124921972504	0.0034830827374635
-42.5	0.0020713368218302
-37.07120663064725	0.0037455250079209
-46.5267438354347	0.0196419968542306
-3.0	0.0002810168081925
-12.159317227404154	0.0020651456854782
-6.13395376208405	0.0011862924329171
-30.03768226591832	0.0014572279495219
-39.60948638968221	0.0022087420360207
-29.64479776128489	0.0038294066455765
-28.0414626138908	0.0056826300212602
-67.83332487094648	0.0041693670088349
-62.61580047750666	0.0108267930364842
-23.322675509107373	0.0056952284744512
-22.078258449390493	0.0035718355480268
-31.76201811972922	0.0020057825468422
-86.37454059178835	0.0120753368712787
-48.989957109227255	0.0212269396584264
-32.323886151888175	0.0020067249040037
-90.93462381125651	0.0117282858700837
-80.04640915428763	0.0146637002213807
-95.58406722655472	0.0112603132827723
-20.5	0.0006166443180085
-20.5	0.0006166443180085
-17.21725440628086	0.0015101272806466
-20.5	0.0006166443180085
-20.5	0.0006166443180085
-18.868057790933875	0.0021223281088419
-20.5	0.0006166443180085
-40.29518820778885	0.0027185940894809
-40.29518820778885	0.0027185940894809
-20.0	0.0002527189296248
-1.4641016151377546	0.0007554534445211
-1.4641016151377546	0.0007554534445211
-15.684167115591965	0.0011401005916665
-16.15644701220174	0.0032025210705778
-19.53353274832822	0.0018838891331371
-24.0	0.0002853151221325
-9.46750976018889	0.000595188072679
-34.42546779467212	0.0012411575858906
-34.42546779467212	0.0012411575858906
-39.33913296973361	0.000718397455688
-39.33913296973361	0.000718397455688
-33.89444833450184	0.0012357366183202
-9.970504391216238	0.000399166658613
-26.040253541230463	0.0017904169685989
-26.040253541230463	0.0017904169685989
-26.040253541230463	0.0017904169685989
-8.577943689747311	0.0037978878774483
-2.706888719968496	0.0001142225799304
-2.706888719968496	0.0001142225799304
-7.163565689920909	0.0002192509748622
-9.082413862865105	0.0005574216299087
-9.46750976018889	0.000595188072679
-19.53353274832822	0.0018838891331371
-3.907536453183664	0.0003334101592383
-3.4831640528478123	0.0004834431437072
-3.4831640528478123	0.0004834431437072
-3.4831640528478123	0.0004834431437072
-10.176174977679906	0.0002449176596254
-10.176174977679906	0.0002449176596254
-19.208520363116243	0.0006037079714022
-3.357785524421506	0.0002276619700314
-43.24768153506914	0.0168753347366481
-49.68111271484633	0.016407182449861
-32.855312867692284	0.0091336124015973
-37.02741952187743	0.0024191892327621
-5.986119386925151	0.00128126809505
-8.044498824258191	0.0014049260412498
-5.986119386925151	0.00128126809505
-24.052121551318827	0.0044719262513883
-24.052121551318827	0.0044719262513883
-24.052121551318827	0.0044719262513883
-30.090563265551097	0.0070317927524059
-13.484677327528718	0.0009402542199189
-9.109772228646444	0.0002434397048737
-7.212214450449026	0.0003201886413881
-29.65793826993304	0.0027344641356417
-29.65793826993304	0.0027344641356417
-16.33906525420617	0.0016009894861036
-115.68261984429935	0.0059073642099691
-46.5	0.0015944760499493
1.0	9.9075433275041e-06
-0.5	8.421173200711956e-06
-2.981692161012158	0.0001942060625939
-2.981692161012158	0.0001942060625939
-46.5	0.0015944760499493
-3.5	0.000186634087903
-17.935976348497263	0.0086157591026227
-2.5417464952160254	7.134406721336271e-06
-2.1767410834184404	9.260380571514996e-05
-3.0	0.0002810168081925
0.5	3.649471673816072e-05
-25.0	0.0011215895588048
-25.0	0.0011215895588048
-25.0	0.0011215895588048
-21.703603311174515	0.0020543035254694
-21.703603311174515	0.0020543035254694
-28.5	0.0011580540654237
-17.5524865872714	0.0008682654041214
-20.609671934053274	0.0012799995936117
-21.0	0.0006353945728518
-21.0	0.0006353945728518
-21.0	0.0006353945728518
-31.0	0.0016520014654492
-31.0	0.0016520014654492
-26.8671241983826	0.0062609219440884
-46.5	0.0004370828937115
-1.0151936795215954	0.0001061779378066
0.5	2.822152331452794e-05
-0.3507810593582122	8.76519119571448e-05
-12.42489109331359	0.0006441675587297
-12.408326913195983	0.0006128144081813
-8.464101615137755	0.0007844924999498
-13.521915661238047	0.0062446328567504
-56.56741051273245	0.0122875315960151
-18.287837389993857	0.0036391284263417
-14.052985367401678	0.0016707174866668
-26.37111517007807	0.0033706535224444
-4.0	0.0001100987012783
-64.09156276912654	0.0030155803294607
-20.0	0.0011604137705176
-2.9075364531836625	4.5416295584551695e-05
-36.06433425448798	0.0020606181001035
-0.7807764064044151	4.465921176706803e-05
-28.346069575767125	0.0066751365900969
-33.605330234400355	0.0048606733489684
-0.3696108582817038	8.345933976507788e-05
-52.66238217150421	0.0219407792450603
-103.4410838889875	0.0104992604792989
-103.4410838889875	0.0104992604792989
-103.4410838889875	0.0104992604792989
-103.4410838889875	0.0104992604792989
-98.0343240342149	0.0134047533926939
-100.62257968821558	0.0107005680378823
-120.90228908117314	0.00925453073593
-83.85946265995608	0.0134574763025538
-88.92680237164684	0.0119298419440607
-113.34382083753376	0.0097065810105927
-106.19554484175048	0.0102923497180989
-96.54273540270076	0.0133705301710623
-118.78403329796676	0.0093288641941499
-118.14637337905448	0.0095666302277444
-103.4410838889875	0.0104992604792989
-111.77572420255414	0.0100876526272806
-111.77572420255414	0.0100876526272806
-22.875426543067725	0.0034600374335195
-51.579982543123926	0.0110227169736743
-66.84803757452396	0.0066587557753078
-133.5	0.0049514596758005
-133.5	0.0049514596758005
-82.8135063363406	0.0088145882437107
-133.5	0.0049514596758005
-70.03830553104939	0.0112840026777377
-133.5	0.0049514596758005
-79.57792373768535	0.0114825487493068
-61.1342423338777	0.0152841172981556
-129.56738172062717	0.0051183019863159
-88.15857449041133	0.0077021216237229
-7.590864940013675	0.0002150717589068
-29.776170317764343	0.0103483334818373
-31.813207915827967	0.000665083105315
-31.813207915827967	0.000665083105315
-31.813207915827967	0.000665083105315
-10.952163011671203	0.0011641106074985
-55.98707428827121	0.0110107493058984
-10.952163011671203	0.0011641106074985
-39.44408398422093	0.0068610826176969
-27.725661535508124	0.0015864880588107
-21.97869079778243	0.0019497357818399
-23.982947936980608	0.001328609688283
-23.982947936980608	0.001328609688283
-23.982947936980608	0.001328609688283
-20.67861981288957	0.0020842768593925
-27.37447290142129	0.0043852054777934
-30.0	0.0008865729796674
-26.99350973901692	0.004945990499176
-29.294304086006413	0.0042684633002381
-27.5	0.0009033163339719
-27.5	0.0009033163339719
-24.9339811320566	0.0018606473516773
-34.39066582239886	0.0025082958452615
-46.0	0.0021019497714724
-82.0	0.0027110962345459
-19.0	0.0009327139666646
-1.0	2.117751686229344e-05
0.5	2.451532128153192e-06
-1.7122144504490264	0.0001131739669785
-5.5	0.0003222166863031
-8.5	0.0002028371593041
-7.784281753649946	0.0015660530011845
-62.5485851134528	0.0095637958388457
-62.5485851134528	0.0095637958388457
-12.039836021478274	0.0012677908117385
-4.528938536025534	0.000723528698283
-3.0615528128088307	0.0002209926490725
-56.30210162286809	0.0031726229425861
-56.30210162286809	0.0031726229425861
-56.30210162286809	0.0031726229425861
-9.666563688979483	0.0006270039823853
-56.30210162286809	0.0031726229425861
-1.5	9.952882273987048e-05
-46.5	0.0015944760499493
-39.60636497313308	0.0026360551625893
-9.063563576938405	0.0019498034665084
-15.231756966321758	0.0004499111165456
-14.903225371816983	0.0005717058897686
-10.7266853686473	0.0008004246921724
-2.5	0.0002956313089794
-12.42489109331359	0.0006441675587297
-2.0	0.0001362634407017
-3.315191182921719	0.002335597632487
-7.5	3.456679115391412e-05
-7.5	3.456679115391412e-05
-24.60215414239989	0.001425445793376
-7.5	3.456679115391412e-05
-7.5	3.456679115391412e-05
-29.758491665329657	0.0036974489218894
-4.5	0.0003775785248273
-51.2627704290506	0.0153500887023878
-51.2627704290506	0.0153500887023878
-21.0	0.0006353945728518
-15.05791813300408	0.0008331218913505
-15.05791813300408	0.0008331218913505
-15.05791813300408	0.0008331218913505
-21.0	0.0006353945728518
-21.0	0.0006353945728518
-32.27674953786111	0.0032130188882685
-19.012807143008715	0.0016185428383191
-14.53802568949215	0.0037193060382815
-4.5	0.0001762490775518
-19.0	0.0009327139666646
-19.0	0.0009327139666646
-19.0	0.0009327139666646
-12.006577808748212	0.0015767133563608
-15.231756966321758	0.0004499111165456
-68.5	0.0021687374861795
-39.92278484935842	0.0107090624471084
-39.92278484935842	0.0107090624471084
-59.07387154497991	0.0127322027207547
-39.92278484935842	0.0107090624471084
-64.49736643082869	0.004985573211137
-5.584258493863821	0.0008148733014694
-35.36111869439608	0.0022348219836249
-4.913182359874681	0.0012647570393928
-25.933904999371247	0.0027763674145092
-23.113670497175384	0.0069919793678964
-37.03176677291784	0.0009573422878898
-5.584258493863821	0.0008148733014694
-26.33898846804863	0.0018857398518788
-26.33898846804863	0.0018857398518788
-26.33898846804863	0.0018857398518788
-26.33898846804863	0.0018857398518788
-26.33898846804863	0.0018857398518788
-10.52172886644268	0.0006521761936118
-10.52172886644268	0.0006521761936118
-21.615770126867684	0.0043843514061513
-21.615770126867684	0.0043843514061513
-26.33898846804861	0.0018857398518788
-34.36994623093432	0.0280221311357977
-40.227825844240726	0.0027047291739872
0.9378538277311596	0.0001607597019976
-30.41258232770639	0.0012496338053807
0.9378538277311596	0.0001607597019976
-41.5	0.0014117459156332
-5.5	0.0001352200233395
-1.0	3.362940894521849e-05
-8.0	8.836563430764375e-05
-8.0	8.836563430764375e-05
-8.0	8.836563430764375e-05
-8.0	8.836563430764375e-05
-7.500000000000001	0.000510330815009
-9.701380624977038	0.0016847683381655
0.5	3.6497568014063546e-05
-33.85621381171626	0.0040379116543391
-46.83651119749667	0.0054873565339826
0.5	2.492232805121458e-05
-14.529533157727943	0.0011505505546713
0.5	2.492232805121458e-05
-3.0	0.0004997415857066
-82.0	0.0027110962345459
-2.0	5.943038864261687e-05
-8.86931687685298	0.0015727791704137
-22.26208728264688	0.0016540215898309
-22.26208728264688	0.0016540215898309
-22.26208728264688	0.0016540215898309
-22.26208728264688	0.0016540215898309
-21.68762521148864	0.0020041776060386
-23.6021974779552	0.00162316673017
-22.157843335395366	0.0021190385312444
-22.26208728264686	0.0016540215898309
-23.845530381638746	0.0026173750920434
-37.007575322837	0.0012421679364297
-38.25368600864799	0.0020852435368759
-33.81882960450232	0.0013505460675625
-34.37075079571842	0.0013511805188694
-38.48027865756008	0.0022291100805198
-33.974583275687394	0.0017079519410508
-43.36048707005946	0.0008489162761535
-42.81438021456081	0.0008430756004461
-43.21566551230504	0.0030506300044818
-43.36157429905752	0.0008777580045472
-42.81438021456081	0.0008430756004461
-21.5	0.0008164265816297
-2.0	1.200257013722768e-05
-20.54866496202299	0.0012066516653063
-3.0	0.0001185045999886
-21.972939277330447	0.0258282612138875
-43.98457702305643	0.0067328717567028
-14.861234038550386	0.0039948086348114
-7.5	3.456679115391412e-05
-1.0	0.0003199940155244
0.8819660112501052	0.0001793258403085
-8.0	8.836563430764375e-05
-8.5	0.0002028371593041
-8.609772228646445	0.000407135994702
-41.5	0.0014117459156332
-8.5	0.0002028371593041
-31.5	0.0002997538866478
0.0	1.667356530111507e-05
-3.8117376914899	0.0002900586791754
-13.5	0.0005945194428455
-13.5	0.0005945194428455
-2.0	7.268762870698394e-05
1.5	7.881686338897273e-06
-3.5	0.0002666895994057
-33.06013187900271	0.0020732087914311
-5.0	0.0002352795876742
-5.0	0.0002352795876742
-55.08266370101565	0.0038256185538125
-3.0	6.163309723529123e-05
-3.418017239300773	0.0013111181060641
-7.96985729970653	0.0009710857822522
-25.551105053169564	0.0030515918630152
-36.753262244737215	0.0066302344149421
0.5	1.1447479613933321e-07
-0.8860009363293828	5.282123211339793e-06
0.5	1.1447479613933321e-07
0.5	1.1447479613933321e-07
-63.07905286405955	0.0106461521985939
-63.07905286405955	0.0106461521985939
-15.283646365587956	0.0016381794428187
-1.5	6.015284497170053e-05
-63.07905286405955	0.0106461521985939
-8.0	8.836563430764375e-05
-0.5	5.178041705889789e-05
-28.711646096066225	0.0025317208414227
-6.176174977679906	2.9992927900684013e-05
-53.39842612778618	0.0049044279968179
-25.551105053169564	0.0030515918630152
-25.551105053169564	0.0030515918630152
-25.551105053169564	0.0030515918630152
-25.551105053169564	0.0030515918630152
-25.551105053169564	0.0030515918630152
-25.551105053169564	0.0030515918630152
-6.0	0.0003330170715997
-10.5	0.0007497814643801
-54.44057333058235	0.0126264842263519
-17.0	0.0004420367086156
-25.0	0.001573275893197
-25.0	0.001573275893197
-8.5	0.0002028371593041
-27.0	0.001097712635765
-13.0	0.0006986203620242
-8.0	8.836563430764375e-05
-0.5	3.548841251114892e-05
-0.5	3.548841251114892e-05
-12.0	0.0002100859357733
-1.850781059358212	2.1192587159839693e-05
0.0	6.943554009201032e-07
-82.0	0.0027110962345459
-4.3355406452537135	0.0005857687075061
-28.78362775545612	0.0085499741252965
-26.0	0.0018066872009378
-23.054165651749017	0.0040275042620516
-23.054165651749017	0.0040275042620516
-23.913830214145342	0.0040014234670895
-28.84166586536547	0.0016471977167796
-29.039936203984453	0.0015026497843135
-30.5	0.0011804330980103
-27.754483676813088	0.0023651697062725
-27.626476309307428	0.0012316705683666
-30.350628602710664	0.0021119403858326
-30.350628602710664	0.0021119403858326
-10.711275900591533	0.0005435451308453
-29.273511110212983	0.0021380211807947
-46.5	0.0015944760499493
-46.5	0.0015944760499493
-2.5	0.0003047531100681
-2.5	0.0003047531100681
-0.5	8.421173200711956e-06
-27.5464114408446	0.0014199293220682
-7.5	3.456679115391412e-05
-1.341418292106991	9.687723513183824e-07
0.5	2.0985799731874737e-08
0.5	2.0985799731874737e-08
-1.0	4.89457357152939e-05
-1.0	4.89457357152939e-05
-57.47464090037709	0.0118905713593537
-8.0	8.836563430764375e-05
-8.0	8.836563430764375e-05
-8.0	8.836563430764375e-05
-18.5	0.0011131849159528
1.0	4.661918321048069e-06
1.0	2.9276350088985503e-05
-67.83332487094648	0.0041693670088349
-34.93165782621404	0.0049011747918523
-19.914194159451448	0.0025347224757316
-1.5	1.0813543912826662e-05
-9.1041219597369	0.0002037477761622
-16.956162049926082	0.0013477233224294
-10.0	0.0013382163769027
-29.0	0.0014478466993032
-30.37019176049309	0.0033738855938938
-30.37019176049309	0.0033738855938938
-6.5	0.0004404223185451
-32.2679623707398	0.0047631961336099
-0.7320508075688773	4.350841169663128e-05
-17.5524865872714	0.0008682654041214
-19.558621384311845	0.0010003186901131
-23.62073397459222	0.0021401178532177
-7.5	0.0004679725873114
1.881966011250105	2.505811253315868e-06
1.881966011250105	2.505811253315868e-06
-13.89689069078737	0.0003809519697968
-68.5	0.0021687374861795
-0.8149066358459393	4.5542075715883936e-10
-50.6710370815611	0.0076993480820333
-3.013878188659973	0.0004667646187692
-17.0	0.0005088220835089
0.7344355629253627	7.717295086765935e-07
-27.0	0.001097712635765
-4.5	0.0005444091575487
-2.0	0.0001362634407017
0.7344355629253627	7.717295086765935e-07
-1.5	1.0813543912826662e-05
1.0	1.4223536013026646e-06
-28.5	0.0011580540654237
-41.5	0.0014117459156332
-7.784281753649946	0.0015660530011845
-5.0	0.000753013218793
-3.0	0.0001185045999886
-20.5	0.0009706450459622
1.0	9.865204486608858e-12
-65.69617180733135	0.009294572147649
-21.5	0.0008164265816297
-2.0	0.0001362634407017
-41.84352689880527	0.0046364886312919
-18.5	0.0011131849159528
-2.0	0.0001362634407017
-8.0	0.0001440011680467
-6.786754015251698	0.0005692990100986
-17.0	0.0005088220835089
-3.0	0.0001185045999886
-3.0	0.0001185045999886
1.0	1.9589304705054386e-05
-2.302775637731995	1.0828614210372914e-05
-42.5	0.0018207784152979
-42.5	0.0018207784152979
-42.5	0.0018207784152979
-67.28550750818366	0.0089600657187324
-62.53800737531505	0.0103718116343657
-62.8214133675823	0.011937359595367
-67.28550750818366	0.0089600657187324
-67.28550750818366	0.0089600657187324
-67.28550750818366	0.0089600657187324
-4.5	0.0001217947732229
-0.5	9.557084408843224e-05
-45.38132957932954	0.0043890397922678
-48.97640458974745	0.0029772938766346
-2.618033988749895	0.0001527421463205
1.0	5.704482398761802e-06
-46.5	0.0018323621591683
-2.0	5.943038864261687e-05
1.0	9.423571615054132e-07
1.0	9.423571615054132e-07
-41.5	0.0014117459156332
-46.0	0.0020046226366582
-46.0	0.0020046226366582
-44.5	0.0017516854549647
-16.0	0.0001722604774899
-16.0	0.0001722604774899
-16.0	0.0001722604774899
-3.5	0.0001588010038083
-19.0	0.0003852657050475
