-48.46791430327337	1.4941066731740684e-05
-38.77245143285521	0.0107696959670564
-20.552865279566287	0.0012303475310794
-47.65726575503727	0.0084982908371276
-64.40642198958751	0.0134899619234339
-55.76837182693654	0.0075267685469336
-83.78599014880535	0.0327767295455191
-70.19319665273855	0.0166201513278673
-49.30971922208458	0.0180871980208614
-53.670657641459314	7.27196444444591e-05
-30.311519519402584	0.0004525992271862
-39.299729508073376	0.0012167038722469
-31.91971673509985	1.9497320646402974e-05
-31.91971673509985	1.9497320646402974e-05
-27.1540417690206	0.0063977293358147
-5.654103815398641	3.2872443551579275e-05
-32.107672844539955	0.0096707002225861
-27.562609790728644	0.0013034685956041
-38.49073855588021	0.0062965353990313
-33.52112847541412	0.0065411873575847
-74.0100947349573	0.0533228509346256
-44.523709241693886	0.012178204173248
-31.91971673509985	1.9497320646402974e-05
-35.153592669351	0.0039317682546596
-31.91971673509986	1.9497320646402974e-05
-20.82517574678753	0.0056947297348316
-5.654103815398641	3.2872443551579275e-05
-31.91971673509986	1.9497320646402974e-05
-29.70642610117844	0.0042521742896835
-34.67190213693397	0.0012152550913729
-32.13253361699881	0.0006630743774133
-35.861176973171695	0.0107127804011247
-28.49525494408257	0.0073880383563877
-29.653039749213946	0.0025996890836761
-45.92909127742584	0.0086059316103249
-26.779628143634667	0.0001249909643008
-9.842787921487831	0.0001289220204652
-20.90773917730695	0.0004236895186715
-29.64316255297493	7.75515034958766e-05
-33.31393576783728	0.0033559108174005
-38.830033109418665	0.0071477836664394
-19.707453501790624	0.0017085105495522
-34.99081324327489	0.0008325497008841
-34.13381775532143	0.0079807561534151
-30.273021612794945	0.0045208938866589
-55.940784695763206	0.000473917787468
-33.86367095742076	0.0028536626123859
-36.51427110347807	0.0032457906811533
-30.08567203680277	0.0029977604006413
-19.74547048792478	0.0003087487072846
-42.90205260528162	0.0002043411901514
-46.94150621590517	0.0002872877184777
-54.51958831088634	0.0113043135469403
-39.235988253565495	0.0002066864374854
-43.001410870439145	0.0008527446332028
-15.50124312942048	0.0004940357462662
-26.660700470872506	0.0037588861830011
-17.955838085760206	0.0009532151890312
-14.439894960674078	0.0002334456818025
-31.15248290293855	0.0057028096891678
-25.64328221210249	0.0021103888129382
-26.48000714966958	3.6302073688316017e-07
-33.98586849366934	0.0004381363680906
-32.575862591559485	0.0032014495559814
-26.83122232257567	6.875436975583135e-05
-49.279420604829824	0.0006796462805277
-37.07169080618228	4.4391498715490944e-05
-46.87293511169364	0.0009595812996748
-20.657409571748143	0.0018274293823587
-33.4745917669338	0.0070378804288693
-41.91883149056434	0.0135110081165985
-52.36486485645487	0.0003691701543161
-25.54064507670332	0.0019834956831872
-27.717573445887	0.0032126181919671
-34.848902088417894	0.0042243657843944
-55.49791199372195	9.561595646435112e-05
-135.0888433355167	0.0795505758929835
-33.921775122350205	0.0004129475650879
-56.061694480411504	4.265707351114952e-05
-39.16401234936369	0.0005251707183971
-25.859095104620422	1.3017013388832424e-05
-57.97417461856902	0.0265730011987796
-73.51261793199956	9.293989075829982e-06
-44.14463117801439	0.0089837864014404
-39.09596908894001	0.0082492583023338
-47.04205380624551	0.0002137428219217
-35.26636883900952	0.0014051351019691
-20.99133294062228	0.0005002161541948
-56.908502456947694	0.0077024045281384
-40.64501529837784	0.0003621072908298
-54.168725398370334	2.191978140126132e-05
-34.99173505479595	0.0085146980648697
-48.085188023568136	0.0091344514495101
-29.13405841890576	0.0009506713415606
-75.66793775593898	0.0268409129581455
-52.66003448891929	0.0153178424110125
-19.92802178620701	0.0005370671051221
-37.3645532188023	0.0059135852666124
-20.76760506111141	0.000787948201823
-25.775782214630045	0.0006717287549267
-28.72346137924495	2.010004561603827e-05
-28.33556756253029	2.54997624932629e-06
-32.45334789218915	0.0013502520015241
-55.948320475230254	0.0002560518643627
-32.588923578293254	9.273594998773096e-07
-36.25781204241089	0.0046815001850589
-50.01945668112632	5.399014359747453e-05
-36.55515329771295	0.002111086866546
-108.16412788158578	0.0386304116416581
-41.73738600021202	4.543823779089094e-05
-24.38201311198752	7.464492064239648e-05
-30.449569028865483	0.0034359608305589
-29.5988259872042	0.0028509425170573
-23.61583915682784	0.0009654519204851
-39.23207326828273	0.0060000028465762
-34.72153997434726	0.0040506279283495
-23.163332932348272	0.002590699845591
-42.5	0.0
-34.1094245338295	5.751826233059608e-08
-31.83560934495916	5.751826233059608e-08
-27.54359538372071	0.0004139786822899
-17.779448136046213	0.0009068162000993
-17.779448136046213	0.0009068162000993
-33.53691633164157	4.152558925815728e-08
-53.07357338367718	5.083322430173111e-05
-27.93254495707207	0.000110552125823
-61.06532308858475	0.0002730558218534
-61.0190521055792	0.0177147378576815
-46.89305542317398	0.0001423627533837
-56.92548039277513	0.0136196556241203
-35.282786682638054	0.0006071952382125
-27.27046657874909	0.0001046896794836
-34.3562744802259	0.0045009125654778
-53.19232763336353	0.000286282551027
-48.28604655437	0.0112030607536992
-42.75696349609081	0.0124141466486005
-52.38891309309837	0.0123512165538407
-61.151076701702266	0.0163268562081437
-32.443328526643654	0.000324467521011
-23.495269566892	0.0010358690463846
-19.609595331297225	0.0016821142277723
-26.28040410569444	0.0029130486522893
-40.344454242512114	0.0053183670241296
-32.334685700430576	0.0004041430916855
-28.848074487139563	0.0027654461610865
-51.68988232822558	6.769746157228248e-05
-51.68988232822558	6.769746157228248e-05
-51.68988232822558	6.769746157228248e-05
-13.69374953643884	2.6912870843989226e-06
-43.80154968024024	0.0082524653810167
-29.01397917458294	0.0025416619860086
-23.4137401230045	0.0013409693533304
-13.69374953643884	2.6912870843989226e-06
-13.69374953643884	2.6912870843989226e-06
-49.9626840684424	0.0001206485978287
-57.63171101320849	0.0354667943750091
-56.27837766427636	0.0220671056030701
-24.88783209255848	0.0004046570374784
-26.87213272582528	0.0
-75.95067100784203	0.0596135735779932
-26.87213272582528	0.0
-33.267624896697995	0.0067849732202172
-35.83962328837715	0.0051268365052883
-26.87213272582528	0.0
-31.94942221791974	0.0047812491367589
-11.504752596044437	2.929377542253824e-07
-13.118279893933686	9.551858555256324e-05
-16.29800795805687	0.000758415707473
-76.41039391092404	0.0004678370958198
-52.23751633039746	0.0195314972956977
-27.0795572866016	0.0043740536299471
-26.73936464538296	0.0023001320695862
-42.84816822080319	0.0156804909745634
-39.27687488179589	0.0001170722135197
-12.181632839872176	4.769630315369554e-05
-33.18005763942509	0.0004480873046511
-13.5	0.0
-15.599280455449165	0.0009068584253784
-15.599280455449165	0.0009068584253784
-21.673103416632955	0.0065709341638732
-39.2569566591695	0.0002774500409044
-22.436121807615027	0.0001162036510637
-12.170682439482166	1.141847909751935e-07
-38.99344944392807	0.000184995692378
-11.504752596044453	2.929377542253824e-07
-31.93856786749839	0.0001256605570319
-37.475883564842974	0.0003931693417246
-45.096980836898034	0.0002056832742069
-17.66174798999504	0.0016692278798143
-23.69136726461217	0.0004202602144372
-44.35707428698629	0.0153161624958288
-17.59629955525189	0.0006964796347965
-30.65838239872978	0.0032157842366996
-50.06707640187586	0.0275578308723056
-30.16800331306494	0.0001326497558298
-30.62735046898134	0.0008298185474015
-26.09844278216213	0.0004094188703695
-34.57289901015699	0.001852397352255
-51.79036841039306	0.0222586553592828
-43.827181745723045	0.0018290558175722
-48.44810649771492	0.000533585562584
-20.029964086141664	3.868555759815299e-07
-20.029964086141664	3.868555759815299e-07
-44.360067644699456	0.0080912368009819
-16.669890589588782	6.961910341524964e-05
-25.56100529651168	1.5180524107108055e-05
-46.42700157084808	0.0216568334734389
-40.89025967966774	0.012036336854197
-44.46235941067721	0.0019753971215139
-30.487751420506125	0.0034767531431775
-34.24312563690008	0.0004383587872754
-41.31959217432836	0.0052673655145794
-33.19423720653895	0.0009313710353325
-35.70404381901542	0.0007065877299533
-27.14702646988706	0.0002273895565845
-28.4493003471278	0.0042521123093301
-43.4654139142227	0.0002583131759238
-32.08232160193526	0.0049719800502921
-33.03275171557792	1.7341402425803353e-05
-30.86152068823567	4.135969601775212e-05
-20.029964086141664	3.868555759815299e-07
-26.403893592917186	0.002039309647412
-35.118868403566736	0.0049418373532667
-32.948350959598315	4.140780679103041e-05
-32.46422363004668	0.0010185121266753
-44.45509006949251	0.0027147046502313
-32.357902555940576	9.83569676439293e-05
-16.669890589588782	6.961910341524964e-05
-41.70745342658852	0.0131243925102278
-40.59433191735189	0.0135963866559785
-46.69064442789043	1.4781208569173867e-05
-20.029964086141664	3.868555759815299e-07
-47.16222980789986	0.0145640206907138
-43.14322593529585	3.370464983509506e-05
-16.669890589588782	6.961910341524964e-05
-16.669098771297875	0.0011988282377544
-16.669890589588782	6.961910341524964e-05
-20.029964086141664	3.868555759815299e-07
-35.170359882848594	0.0063863168874501
-34.5	0.0
-47.21987123889184	0.0106579637210925
-40.2730156213745	0.0064768227675044
-35.53329614922049	4.858143857166456e-05
-29.27319475142332	0.0014924701571037
-51.215946274937856	0.0105113076097754
-31.180191135814617	0.0038141261199641
-11.730076953984735	6.742807419976012e-05
-28.60912558347952	0.0001480112593085
-31.68730124724469	0.0092616734203853
-11.244301693444696	0.0002244890826014
-35.26050816870006	1.502518007282586e-06
-32.139096266600326	0.0029954664857371
-21.47529757230452	5.492367357523069e-05
-45.786097481405896	5.16227812072585e-05
-32.58247589392223	0.006288091885016
-49.6911008109403	0.0006081694103822
-41.05988339397531	0.0002846923265046
-58.70769043192735	0.0032120756562973
-21.33303658927745	1.6042042675877114e-06
-29.59971004097413	0.0027976900101355
-32.41644816464987	0.0037569122448466
-45.1815091348783	0.0103277470916951
-36.35116889465294	0.0006958355361851
-44.920393076858026	0.0140162958530031
-28.34368180807577	0.0042238712542362
-25.53236461377918	0.004395936022714
-34.83370765996132	5.078613565430655e-05
-23.03835480565716	0.0048159251723411
-43.43999216052371	0.0062973702087188
-16.84695888756282	0.0003998473599723
-35.9852347601457	0.0009715587035697
-36.021079947931206	0.0003362045237894
-24.24221533212314	0.003716235843085
-15.96037348764308	3.0383073690530136e-05
-14.114369522967769	0.0006813079074288
-32.02456341044297	5.074548347986766e-05
-31.576826550693823	7.515069571461142e-05
-18.303717142193392	7.837520192742252e-05
-14.099329439187068	0.0058101860391441
-27.112310855605028	3.348609571485586e-05
-29.63781495203916	0.0021820902727312
-27.73362286699203	0.001717555338359
-12.172589132928918	0.0010364959839105
-11.520824298928629	1.098958560102507e-07
-11.520824298928629	1.098958560102507e-07
-131.35575645238052	0.0042834078390694
-39.93072508562158	0.0004380587322094
-8.852349955359813	4.351231386668459e-06
-42.12278958163254	0.0004054527542459
-94.53803154926756	0.0005153956712585
-39.49387498141684	0.0032836773920362
-45.27880730112057	0.0024661879692359
-31.830654897801573	0.0002211509323073
-50.014720000390376	0.0180081937210751
-20.30594812228245	0.0014520485365676
-26.763940212997657	0.0020196007168029
-47.28774195602517	0.0099499865325918
-33.08478570633426	0.0001227900559852
-41.666043600789024	0.0151297165437385
-35.2254570331584	0.0002968432028109
-37.05134109342777	2.9254880117297e-05
-37.629274888469936	0.0078312178549428
-9.770355258627232	2.1815543105630947e-05
-9.066048165876014	3.054122968275236e-08
-30.87903208234982	0.0003278901400037
-53.28205006387782	0.0180253978999157
-9.066048165876014	3.054122968275236e-08
-31.31636247258426	0.0010882897604028
-27.76390798380124	0.0023954029130095
-43.32560441917151	0.0013823286118125
-30.95141140201984	0.0006999657274235
-0.9124379454771672	8.884122346633365e-06
-46.03708191666748	0.0179786324870672
-44.0715560443147	0.0057437168437755
-40.999880757722565	0.0061748406297676
-12.59929657621105	0.0002134680698264
-4.275730833115309	8.098305169440255e-05
-37.007575322837	1.4395027002877789e-08
-37.007575322837	1.4395027002877789e-08
-30.20994456300426	0.0030941528938818
-87.15264720697743	0.0015780938383579
-27.44368132018363	1.693854410041238e-07
-18.04213409961969	8.48818750491389e-08
-27.44368132018363	1.693854410041238e-07
-27.44368132018363	1.693854410041238e-07
-26.13637482479922	5.583448314625112e-05
-22.137850322725416	0.0013951284031869
-35.05070171311132	0.0042840636252907
-53.5753296721487	0.0007203895241756
-27.313752035751627	0.0049451061554012
-35.360094583893805	0.0001210744389731
-79.82493471476499	0.0007478228001017
-31.75319804313716	0.0025680317942514
-25.258674942536853	7.379893047058918e-06
-26.53295560725393	0.0006821499356426
-13.588654565368554	2.096588082175475e-05
-28.91525836395262	0.0021579044004574
-20.06499772614525	0.0017919504134037
-30.836503114210853	0.0041285571547478
-47.77524634786665	0.0137363791334493
-22.137850322725416	0.0013951284031869
-24.257251962813243	4.407308024489312e-05
-33.91977366415137	2.756951504683976e-06
-21.61324772192248	0.001624980999778
-29.541750783791592	0.0028707610662015
-30.435146604842963	0.0021441230033798
-31.24519048700069	0.0020809161451516
-67.20747787852815	0.0019289127619096
-33.63190789787115	0.0027411483036055
-38.3231407627442	0.0019887615619308
-82.56071280673227	9.347536352857024e-05
-23.30522250434572	0.0002198681840515
-41.49221148385911	0.0114699112476295
-29.379454352780325	0.004358387410357
-38.09703279075142	0.0035681992342226
-31.05263710578656	0.0050858876593952
-27.06896344523883	0.0010093380209716
-32.23559599538899	0.0005384426499839
-39.71689466321034	0.00087218138858
-15.367807501816875	0.0001807132818287
-17.470215999854016	0.0009893085544223
-24.22151371563525	0.0002734758382632
-19.19958269457516	0.00088381917242
-25.225692149911087	0.0007539198114297
-29.24376457846581	0.0005451813427042
-24.093332569255924	0.0016163545887075
-30.870240837778628	0.0026922445433498
-33.36560329211176	0.0020218467366354
-32.22297972918075	0.0023094349900803
-19.19958269457516	0.00088381917242
-17.811898533500674	2.339154030478201e-05
-33.36560329211176	0.0020218467366354
-19.19958269457516	0.00088381917242
-18.682800525399013	0.0001445638613376
-20.809503595327865	0.0017774112387204
-26.13554426083056	0.0017359015294714
-28.363321290205725	4.625325077874867e-06
-51.9219132312331	4.466141943402024e-08
-30.19388986545188	1.1237523404956698e-06
-29.208019659494507	8.029150937578239e-05
-58.38126935276024	0.0020125527270114
-22.51899691480268	0.0003620677750952
-24.05007271596827	0.001545438232011
-33.048550594255005	0.0031412519143941
-19.71955348876068	0.0006085320029377
-36.46547989004316	0.0009790063749834
-33.782513399532014	0.0076905641403948
-25.22013789471209	0.0001374009579358
-30.56648579757781	2.493363425978225e-06
-30.193889865451872	1.1237523404956698e-06
-41.30201065457581	0.0020134588540314
-28.842957715734908	6.840369743399198e-06
-29.906983581276783	6.360023110304608e-05
-17.379266242778332	0.0008980181352775
-23.1241456224594	0.000501775933111
-23.07876265552441	0.0009857728930392
-52.52090336432974	0.0066925977081422
-33.001207854974005	4.466141943402024e-08
-22.064096753186472	5.856717136584427e-06
-31.69689231635241	1.7073190059836705e-05
-19.19958269457516	0.00088381917242
-27.82283561928747	9.225074687679276e-05
-46.25544724664216	5.032771583151234e-05
-19.611586918577053	5.1365557209790685e-05
-17.80040909664003	0.0001433514924263
-5.11280028019894	0.0001876998206906
-43.43145351448613	0.0018014059462663
-33.569263843321195	0.0027034949373964
-3.9558765589926335	3.6680517363132256e-05
-43.959002578180495	0.0008147939221855
-43.12503762729263	0.0022132609942177
-43.959002578180495	0.0008147939221855
-33.96840492212488	0.0022079050906361
-32.43288722379671	0.0033769497151862
-43.959002578180495	0.0008147939221855
-30.26460523530709	0.0034451483082022
-67.69981551503179	0.0009246923217919
-24.78184614909801	0.0012481551281974
-31.54334343696208	0.0020058523903858
-68.93647162950644	0.0001998527977424
-37.743039736484725	0.0001005650902987
-32.13622818847637	0.0038590266871235
-18.321843118611653	0.000467885195108
-18.321843118611653	0.000467885195108
-21.611400518082142	0.0003985455119692
-35.96512397594799	0.0082486573956513
-35.18694986928931	0.0013510515634265
-25.80635327593946	0.0017099539871207
-24.30380020606036	0.0012712632441403
-60.24910275763282	0.000271138558013
-21.56545750575673	1.7162565953072306e-05
-20.883838538880404	7.231910622264011e-05
-67.40923324825725	1.4573102135028338e-05
-30.7335299558708	0.0013068101985464
-28.577613291514524	0.0027162055357989
-24.695666948316227	0.0009503175091335
-33.39818216358799	0.0041501713606156
-25.910793857376326	0.0002473093901262
-29.34915918884173	0.0040366333440998
-35.72738216131108	0.0071110636238295
-18.25667485394815	1.774293492664683e-05
-10.0	0.0
-33.40733637887852	0.0005193322489043
-44.13567876397474	0.002659507604565
-40.23901766903048	0.001985065347195
-41.58834121570849	0.0014716264050423
-59.13480724823834	0.0001277129471807
-20.343165655216712	0.0003837139333728
-16.164834257777667	0.0005655745638861
-20.31731361535953	0.0003775452518632
-71.87262818305575	9.838903233502016e-05
-38.427807531165286	0.0007176760005726
-40.10780333412172	4.156113695870995e-06
-27.370687025908424	0.000420178693266
-37.96070980109476	0.001302644179689
-32.46239846075516	1.255875879007798e-05
-49.63424438212251	0.0001610970764102
-16.13438212779902	0.0005962200160964
-65.99411969355207	1.919218499417274e-05
-47.01578422859215	9.645029602696537e-06
-36.30176352315204	0.0025115529060317
-33.44682015404492	0.0010134495862362
-20.57816281586449	0.0011636402276702
-50.0	0.0
-52.74247282695033	0.0010681362725138
-31.16548777476244	0.0046935851301506
-62.30756422538762	0.0005461559423806
-44.771490624307376	9.772768325919686e-07
-53.50206831144888	0.0002677622669459
-37.99751323530525	1.908739125242906e-06
-44.17500322315368	0.0
-50.0	0.0
-47.10319440048149	1.9195579055432844e-05
-42.40113310810385	5.594959444221865e-07
-104.04933532019471	1.2380424415526682e-06
-26.37684927033175	0.0017581738512328
-26.91981557842153	0.0019371083746609
-30.346516909542306	0.0013509254895878
-50.52814669756103	3.5325269867921485e-05
-50.0	0.0
-37.190052122073126	0.0006998149819275
-56.59248447938345	0.0003816704555127
-37.7789986208218	0.0030168368002736
-34.565782371099544	3.2181363987868346e-06
-51.009376519956575	0.0010757242612079
-37.72417256499147	0.0024618427950562
-29.476164947691604	0.0014720897070797
-88.96690355880054	1.3486040776661496e-05
-79.12495336625125	4.4257325551000125e-05
-31.7544541275358	0.0004189276043537
-96.59051811590078	0.0018537557269434
-39.92026461783517	0.0001217711748756
-36.40986788807161	0.0014666779734727
-18.6823984784274	0.0004395718087337
-48.76888974776287	0.0173703782171293
-52.08565524478041	0.0092208927016589
-55.94539508691968	0.0008352044197373
-54.734052360935785	0.0029288673728887
-41.87221467516979	0.0127029824163075
-26.24681265929123	0.0014718501545203
-46.63995738794663	0.0164881094658786
-23.2319831567384	0.0004931221861158
-34.56528083213634	0.005888338290995
-37.582108578788606	0.0001021259627398
-68.74260067203295	3.106781058114791e-05
-42.66397379099537	0.0002443538153275
-42.04292190837925	0.00018386635956
-71.34053668802017	8.641917048302986e-05
-73.38228708634325	8.596583012732721e-05
-36.54399692339766	0.00011225147393
-31.809562382222147	0.0002359964985873
-33.92012355831332	0.0003454658108468
-45.71971158283569	0.0001485398662861
-21.36482506064775	0.0003406473380477
-23.396446718798373	0.00028835059098
-13.89689069078737	5.420379087522221e-06
-20.039821870740088	4.435434929065001e-05
-54.41663105486667	0.0002295734280112
-34.456043078275215	0.0061674035875797
-36.568365241659365	0.0084230447863083
-31.27005542133381	0.0003872093816639
-44.45789435681141	8.186971957304117e-05
-43.3110902218039	0.0090742601546365
-18.51288991327838	0.0005503042779055
-20.66385195446946	0.0005580331624908
-49.87348492452757	0.0006946999337948
-49.87348492452757	0.0006946999337948
-10.525418381006592	4.350038249301724e-06
-48.73522645437064	0.0017822707238531
-38.820090068194304	0.0029911446253211
-11.576473218982953	0.0010363860880545
-38.08131988982107	0.0051105771897971
-49.10841567842659	0.0073849110404339
-43.21958925934669	0.0018548919015299
-47.28791345712044	0.0002039884758825
-43.94584638158767	4.5146641938968526e-05
-47.51313504202581	2.750749115565669e-06
-25.928123030786303	7.739985192915401e-05
-47.28791345712044	0.0002039884758825
-19.09092315491545	0.0003670516643166
-17.679161539669263	0.0004459234664939
-34.511699920503816	0.0049686936127507
-21.401468087445217	9.629206675480956e-06
-39.56179487651012	5.238077358927287e-05
-44.12942020708923	3.718804758523364e-05
-54.8030573533611	0.0014020091969796
-29.362214658943795	6.171551173613135e-06
-20.0	0.0
-47.50523799929629	0.0011903843609719
-22.521102116475365	0.0014090422945567
-5.197958792272019	8.84078873635924e-06
-27.036683708486507	6.0112963097902464e-05
-6.680480738208129	1.1179741721381406e-05
-31.6718917658476	0.0074909760389398
-25.196644062364346	0.0007112350271104
-41.13372501662903	2.991573455734512e-05
-31.194998087517003	0.0001237957553538
-55.26689249090107	0.0260147153874862
-16.506164617962614	0.0005936678868492
-24.83858232740729	0.0012485521153338
-40.79240197519562	0.0046608424389784
-41.42851247912617	0.0073986385660531
-51.144708026572445	0.0022211122750472
-50.47240823335898	0.0021512705399014
-39.76154191067144	0.0059595923946149
-37.346392742733904	0.0051095320135632
-38.102002463019154	0.0043648096166968
-38.37586523734135	0.0045882705016415
-31.44959952144972	0.0040451389836097
-24.04004235971472	0.0010399942064019
-39.11534144257219	0.0006169596340814
-26.91421236919544	0.0021164482436878
-33.98187379082688	0.0018020245024448
-30.041962203056208	0.0025020406771975
-29.97525562326981	0.0028886365902012
-34.51601464709845	0.0018909002200537
-21.01228894306066	7.158661076187515e-05
-21.70080842171547	8.395188310457557e-05
-34.51601464709845	0.0018909002200537
-33.662567402629264	0.0003067706973646
-40.40756076953075	0.0007124796911012
-33.55000142043893	1.1151151337705023e-06
-33.55000142043893	1.1151151337705023e-06
-33.55000142043893	1.1151151337705023e-06
-33.55000142043893	1.1151151337705023e-06
-30.03026522399248	0.0009770213005084
-29.186468978220915	0.00168785903494
-31.09858587117889	1.1151151337705023e-06
-35.99409911599642	0.0001684192277563
-48.11041595903151	0.0031008444609453
-43.728296114971485	0.0018718971086535
-33.25392531752303	8.699957262377416e-05
-57.57056677619593	0.0012991537293516
-51.30370295779652	0.0011835021195862
-32.295599808825834	7.222132633572526e-07
-27.65110399280778	0.0009220693741771
-34.321156273331944	0.0001037748714126
-33.55000142043893	1.1151151337705023e-06
-53.04232290127307	0.00209821913873
-28.69202634555161	0.0004962425413986
-29.02505237598865	2.7671146184402018e-06
-29.02505237598865	2.7671146184402018e-06
-31.21362701858729	0.0008045662432409
-30.53882650250546	0.0004490513700951
-27.69744363435298	0.0004233640339223
-48.32507141303368	0.000467454213095
-27.71809573820636	0.0003132409056063
-33.68214244246107	0.0014897850718836
-34.26407319996735	0.0006407401696722
-31.42140719997697	0.0002007139099022
-34.48411248837263	0.0003363648242934
-39.03057012479882	0.0004507180961453
-35.748624650188525	0.0010369637621354
-41.40527401638774	0.0024120876495581
-37.79687342963325	5.632790539451458e-07
-37.79687342963325	5.632790539451458e-07
-20.0	0.0
-37.02443209997981	0.0008222883661379
1.5	1.1599274036269078e-06
-19.5	0.0002202858444819
-8.5	0.0
1.5	0.0
-0.1180339887498948	0.0010363860880545
-28.832290274994968	5.850390527867811e-08
-62.58260415869123	0.0
-23.71423585604713	0.0002710559214737
-39.42112911677981	0.0003794902791347
-24.588708848446256	0.000119104038142
-48.23679917251713	3.454396627890375e-05
-18.39207261295645	1.0870768147146293e-05
-26.822584798929988	5.304698509314825e-05
-34.16651820171589	0.0044504560596862
-54.44260855198778	0.0003113028812109
-41.57771406307601	0.0001872025160531
-41.57771406307601	0.0001872025160531
-43.13279362048644	8.342799374306676e-05
-29.520752775345645	0.000913146301965
-27.860590656563613	0.0008433020103087
-17.061417344707895	0.0006541248172758
-30.71699630517824	0.0005140615777345
-22.25174748405184	8.12253327869344e-05
-11.634760858386578	1.2388274105502136e-06
-32.20341124633084	0.0006940034510351
-15.520883914052426	5.255574591610593e-06
-27.158870265871368	1.3979953826042071e-05
-32.908632194979454	0.0004858828169452
-22.861432096059584	2.805741920291402e-05
-24.780217085504667	0.0025696376142039
-26.11817635087008	1.3279428975092904e-05
-20.01541401690931	0.0009683497775991
-42.7428440197927	0.0020184365079243
-59.72986954626684	0.0008939474858222
-28.44650940624948	0.0016988869189193
-17.8039629581126	5.385205461106525e-08
-72.71403564768498	1.7608210022326856e-05
-12.281255628126743	7.761930488344301e-05
-26.66909565452347	0.0001677964212658
-38.974506698380566	0.0001286084917536
-45.855623443494025	3.56195996012101e-05
-15.61109347350108	1.9152213065444606e-05
-14.189622272061618	4.806762995099952e-07
-20.972669458580267	1.6282114408942614e-05
-45.75436613946201	2.475316651606983e-05
-30.06361142105164	0.0001678363596499
-54.25422381790219	0.0030795549218963
-27.069303628178087	0.0001208424387754
-38.38440371904933	0.0003109989491557
-62.15091881785007	0.0003426981528857
-43.57488408529895	0.0004309382066761
-24.966298410470188	2.74999849985524e-07
-48.57690480552428	2.7896148496934816e-05
-37.15480796825912	0.0024943623561185
-105.94319538028552	0.0007035805995241
-10.525418381006592	4.350038249301724e-06
-1.0570827846972772	5.2375192338066905e-06
-1.0570827846972772	5.2375192338066905e-06
-10.525418381006592	4.350038249301724e-06
-30.904326023342406	0.0
-34.16074812727358	4.582353317937724e-05
-41.34676164264842	0.0010197095052859
-27.73817638141896	5.0979096664483e-06
-18.481517369270072	0.000140721139126
-18.481517369270072	0.000140721139126
-17.147563687492724	0.0001848632028135
-18.481517369270072	0.000140721139126
-19.455724786129835	0.0006230063617075
-45.38678118648181	0.0001268573821056
-26.580991742307216	8.421778382071685e-06
-41.21091050751925	0.0002072501920663
-21.80271581852713	0.0002044528940807
-31.892569418285067	6.985184319592707e-05
-34.160748127273614	4.582353317937724e-05
-34.64812660086543	8.570581861652043e-05
-34.9240121116329	5.344253525886061e-05
-27.199690750995693	0.0005922514423873
-48.63274421181917	6.170081961372259e-05
-36.0	0.0
-32.5465187133756	8.54792521546483e-06
-26.580991742307216	8.421778382071685e-06
-41.72960235903709	0.000165132069635
-36.0	0.0
-38.19192828295885	5.7747404029543086e-05
-34.63853391372134	5.026124298122333e-05
-25.442009955374928	0.0001117984291752
-7.604774621670696	4.994386084791538e-05
-11.582762530298218	4.831830810997194e-05
-21.339162979272945	0.0012445034809585
0.374667264879411	3.624950140036077e-06
0.374667264879411	3.624950140036077e-06
-52.41040252275754	0.0018226891972009
-49.3468985062914	0.0041725460855272
-47.63809724726657	0.0061374247126287
-8.697229881190443	0.0015005536518223
-2.75233724642908	0.0002647701921364
-10.753271797055554	0.001215050042623
-3.188164992095257	1.9423704075297274e-05
-31.775962356375828	4.863186233300525e-05
-41.52652127684417	8.767306408274978e-05
-128.26181947636695	0.0002592359694752
-63.76000123053733	0.000710849256346
-20.5	0.0
-6.858951059522463	1.0453634130383257e-07
-8.044498824258191	1.794644638475384e-05
-50.1132876219947	0.0013079632674725
-83.5064353284061	0.0007100725377912
2.2192235935955846	0.0
-21.584800378544628	0.002071611609381
2.2192235935955846	0.0
-46.0	0.0
-1.0	0.0
-24.86355947147932	0.0011579124279866
-50.48149040998265	2.620910808009936e-06
-58.93598751429568	5.579638127935809e-07
-25.222591843752543	1.9652474432090782e-05
-10.646405044778506	3.724592316540889e-07
-7.943268113301793	2.305952183294662e-05
-26.51556079919286	0.000843200983133
-9.982100560259555	1.817586113424162e-05
-10.726812023536851	0.0031074174140716
0.5	0.0
0.5	0.0
0.5	0.0
-28.41978011317578	2.5316490683658405e-06
-28.829636538298487	0.0001544695259808
-20.86748186992396	0.000117405494375
-18.332668421567217	0.0001883482886651
-18.79837518154043	0.0001815308418898
-20.86748186992396	0.000117405494375
-20.86748186992396	0.000117405494375
-36.60461600329533	7.752441034161397e-05
1.5	0.0005179029023452
-6.257804885470349	0.0031059667056617
2.0	2.9014168198614745e-07
1.5	0.0005179029023452
-5.284116572672468	0.0008609184447261
-7.970711723102163	0.0009643881842942
0.1698036230366048	2.363645057645392e-06
0.7396013553019261	0.0
-12.738963423174823	0.0
-15.5	0.0
-3.5	0.0
-53.3619997092983	0.0011331443472653
-20.5	0.0
1.0	0.0
-0.7320508075688776	0.002072191892745
-19.27579547202016	0.0011204938659568
-30.69044899728993	0.0014127567579959
-25.67586531527265	0.0002706678833446
-1.0	0.0
-45.00824131747062	0.0013429002741583
-33.893905815014136	4.368861427941763e-05
1.0	0.0
-28.5654333924966	0.002072191892745
-23.859638293854985	3.928363686006932e-05
-22.52614950352416	0.0001381370941042
-13.306653525519376	4.8694232913270745e-08
-17.65351044790137	6.0678210403706296e-05
-17.120635473499373	0.0001007701003331
-17.120635473499373	0.0001007701003331
1.0	0.0
-5.0	0.0
-69.67610049718681	0.0036069989742853
-3.11473994453672	6.884093987653252e-06
-3.11473994453672	6.884093987653252e-06
-9.935726331038872	0.0005841715591411
-9.935726331038872	0.0005841715591411
-24.343180903667232	0.0016816951386965
-50.67468130836515	9.630652492279435e-05
-9.519836515170889	0.0001507055456465
-0.4781532478254399	0.000517133947707
-0.4781532478254399	0.000517133947707
-0.4781532478254399	0.000517133947707
-0.4781532478254399	0.000517133947707
-0.4781532478254399	0.000517133947707
-0.4781532478254399	0.000517133947707
-0.4781532478254399	0.000517133947707
-0.4781532478254399	0.000517133947707
-38.99476495724665	0.0007638612256182
-28.648096066118708	0.0024170682168484
-32.632439390689726	0.0011759606875865
-21.17454201268142	0.0003482023857232
-26.627820279202428	0.0042454520487731
-24.76107281127744	0.000285273596645
-26.757546896344724	0.0005823667559383
-20.74087051458914	0.0001099582139362
-27.48724802252126	6.658839870304238e-05
-27.48724802252126	6.658839870304238e-05
-39.72690881341575	0.0012352575480312
-31.93060570350746	2.1256053064240743e-06
-37.64011807454138	2.1262669148309483e-05
-13.066608999887288	0.0001692046538644
-15.05791813300408	4.277956810381041e-06
-32.50347015513017	0.0101597487981953
-72.74948528504731	0.0003447400797815
-48.60386815529767	4.752421853752704e-05
-63.37340929969598	0.0003299741556368
-50.77275156834499	0.0007108328078437
-50.99847120058631	0.0038812614430257
-49.939463628689474	0.001121127797002
-52.20808288907557	0.0027963567976667
-34.801173206153	0.0004912604590893
-54.58955463626796	0.0001139897982426
0.5	1.16056672794459e-07
-17.91167229401675	0.0029873968346929
-25.882178978096	3.244071915987672e-08
-68.50997648200857	0.0012301962831948
-29.199731200838684	0.0012167969549376
-3.917548502854383	4.146261910789604e-05
-1.5	1.0205176302205156e-05
-41.53487354885223	0.0020328213506127
-9.824380912248447	5.09802624931135e-05
-21.649011516424707	0.0002366772319096
-3.439504671222529	0.0002940391697064
-2.75233724642908	0.0002647701921364
-59.010115863972	0.0001893211085115
-65.39729496691456	0.0005294197868131
-4.210410054584337	6.326274600455515e-05
-4.210410054584337	6.326274600455515e-05
-4.210410054584337	6.326274600455515e-05
-64.19520769017895	0.0012844406759615
-4.954967939673842	2.852492816827715e-05
-12.509440767243754	0.0015390732876638
-2.1654968105571326	2.351906058524074e-07
-3.9528124323706457	0.0001861022730725
-13.069534497522405	0.0032056022514042
-3.9528124323706457	0.0001861022730725
-8.620545348741977	0.000139798197997
-8.620545348741977	0.000139798197997
-19.264301481428543	0.0007106723681377
-17.81119579339924	0.0011690719899674
-17.4886125421271	2.45431390800606e-05
-12.44733421995231	1.6842137512469056e-07
-3.0	0.0
-36.31904785642029	0.0017593935735216
-5.108167517811386	2.8241499402520856e-05
-18.686211081488096	0.0001233473438005
-43.10952031725836	0.000327279953004
-41.01571883877382	0.0010817427745991
-41.62072131507199	0.0021181288626536
-134.00766238534752	0.000250374370336
-18.686211081488096	0.0001233473438005
-22.0	0.0
-7.767604563662257	0.0014970426646197
-19.74107482085071	3.5302150119423974e-05
-20.5	0.0
-24.0	0.0
-29.699076103953484	2.1589939651065944e-05
-21.613853360545622	0.0001505052818607
0.7344355629253627	0.0002586613094906
-3.2015621187164243	0.005172065623085
0.9999999999999992	1.7408500919168848e-06
-45.21373042904637	0.0004155938687008
-55.61334610218318	0.0008430775557099
-37.183096959305246	0.0042872107811502
-28.39346809450832	4.005343584761138e-05
-38.63898532141236	1.979481602816792e-05
-82.58995221071751	0.0001125314847479
-71.06243052901235	0.0011234638114405
-26.72791982762158	0.0001081429809552
-26.72791982762158	0.0001081429809552
-30.53174598304712	2.833430641006498e-06
-19.021856933097087	1.265535961921051e-05
-43.34758380707802	0.0002110880553608
-21.5	0.0
-42.325595880979854	0.0056497066439724
-51.29344748278297	5.579638127935809e-07
-27.54288773695112	0.0029066861085398
-35.13859205221686	9.37368996422246e-05
-22.0	0.0
-22.0	0.0
-52.03530350220834	0.0055254758709257
-35.275808438219	5.466422499236806e-05
-23.53995408413136	0.0008578626762583
-23.735511344474123	0.0001843759206566
-18.28439779975948	5.470613406812341e-05
-59.22138442625321	0.0
-35.138592052216865	9.37368996422246e-05
-35.138592052216865	9.37368996422246e-05
-51.29344748278297	5.579638127935809e-07
-44.66701976535067	6.582979372765598e-05
-37.695659616974766	0.0002287447878329
-22.0	0.0
-37.288619454179	0.0
-67.72695752428601	8.744239282159842e-05
-31.62263283443414	1.1803548371982894e-05
-16.458266691683153	0.0002495163060892
-15.142081247778766	0.0001026669773505
-29.88874193500204	0.0011762933287946
-29.88874193500204	0.0011762933287946
-36.633801008121104	0.0054923363598555
-10.875746730254022	0.0001609559485431
-48.113111424318895	0.0009758252297452
-8.820794912742265	0.0
-33.40634033021665	9.598680901875065e-06
-33.40634033021665	9.598680901875065e-06
-36.96889844702591	1.6010406837803707e-06
-37.95098603474581	1.1903130250540185e-07
-36.96889844702591	1.6010406837803707e-06
-33.40634033021665	9.598680901875065e-06
-36.96889844702591	1.6010406837803707e-06
-31.46329205408854	8.235610827444247e-05
-36.96889844702591	1.6010406837803707e-06
-32.992103189064125	0.0002671159500774
-27.387470121376992	4.603289320696395e-05
-35.114826710919225	0.0001258284279367
-33.40634033021665	9.598680901875065e-06
-32.99210318906412	0.0002671159500774
-32.99210318906412	0.0002671159500774
-11.5	0.0
-23.60407180965926	3.5207620836676462e-06
-23.60407180965926	3.5207620836676462e-06
-64.4297222600976	0.00010997160633
-33.5	0.0
-32.89610805290492	2.100679188166364e-05
-30.75526607683037	7.777638143361863e-05
-31.696873789132525	0.0001747265679104
-46.08082195733383	0.0005484772365978
-53.56796886271897	0.0010089981767411
-11.484700733885978	1.7871380864562858e-05
-54.52989016967844	7.490426788187631e-05
-9.742649672583562	3.291160520117893e-05
-55.0663324347984	0.0021822505795124
-11.484700733885978	1.7871380864562858e-05
-41.74257022549863	0.0003392511894634
-54.52989016967844	7.490426788187631e-05
-50.67468130836515	9.630652492279435e-05
-11.484700733885978	1.7871380864562858e-05
-54.52989016967844	7.490426788187631e-05
-54.52989016967844	7.490426788187631e-05
-12.586308764964375	0.0002054749926872
-65.80727014566445	1.3470540026250265e-06
-27.66516422471164	0.0002685882864889
-34.87649437009187	0.0001051093833433
-56.20423862474202	0.0001775006967827
-46.00461993102125	0.0013566409694086
-39.31494162978799	0.0011183086919682
-23.528718452205432	0.0001365417642404
-25.53037840615852	0.0025974665089939
-36.73213488317982	0.000982302043969
-43.52883591836684	9.429309884621358e-06
-42.24055624203701	0.0005790851255562
-42.17061025752865	0.0011238773166443
-28.749251443317736	0.0016868096595776
-30.009890038203825	0.0011854892022222
-42.209796866465496	4.605680741172968e-05
-36.88115140425785	0.0012508046437462
-46.5	0.0
-44.18378114752774	8.40469891936309e-05
-46.01278631828512	0.0003939576477337
-59.25232535472408	1.0796538391307704e-06
-38.80318651081313	0.0004805513531706
-40.09091568397909	0.0049796270759378
-55.00148404877911	4.6236108973597706e-05
-40.92725547103885	0.0026523405662352
-43.45038918096687	0.0029272796773191
-11.6041219597369	3.176255494099634e-06
-20.964868975829496	8.40332920488956e-07
-43.400138092148346	2.343066959504271e-06
-20.287823630435785	0.0003204288481615
-80.67069575662697	4.420157028289216e-05
-8.706448908767918	0.0001141715076431
-47.59939586924754	0.0007747471649377
-51.906822917709945	1.033682357360678e-06
-39.54759344734665	0.0013630527515817
-43.74560041315748	0.0004236835392702
-44.06238538445589	7.822391555190966e-05
-40.44949017791823	6.81852845695965e-05
-35.85114575167695	0.0010478449591867
-37.94673208895993	0.0010739302296324
-41.20900869715114	0.0018123601736948
-39.55372530427879	0.0001041331591527
-49.74852318032952	9.533139791500172e-05
-43.35456494517644	0.0003576722497909
-51.906822917709945	1.033682357360678e-06
-49.63540110202138	3.540609684900821e-05
-43.93364577962388	0.0001457341997465
-42.88651713026992	0.0002059585922818
-40.207183639015966	0.0005334822816609
-46.70077216076489	0.0021092126159975
-35.73543474520896	1.827847950643823e-05
-39.49239624061765	0.0007875822873925
-37.134614234213856	0.0013165512121539
-51.906822917709945	1.033682357360678e-06
-43.745600413157504	0.0004236835392702
-51.906822917709945	1.033682357360678e-06
-40.39335243185682	6.138713571275373e-05
-34.56038506929733	0.0
-48.43961242259324	5.173342884398592e-06
-51.906822917709945	1.033682357360678e-06
-51.906822917709945	1.033682357360678e-06
-44.22009332767418	0.0011030350389456
-60.86795827840146	0.0007230218646444
-44.35123155244881	0.0016292634662863
-32.22949162329684	0.0009104399104285
-50.60856812042847	0.000165620074628
-50.60856812042847	0.000165620074628
-59.5	0.0
-46.53882853984271	1.5484818355645255e-05
-28.72354104431237	0.0014774630464628
-40.77706734717036	6.81127173323061e-05
-29.77114686464356	0.0009628530652667
-47.52539761558373	3.5664919916722243e-06
-90.1476151587624	0.0
-27.69916351563334	0.0005156523667591
-36.51128594994642	0.0003601084249975
-36.51128594994642	0.0003601084249975
-36.51128594994642	0.0003601084249975
-36.51128594994642	0.0003601084249975
-47.52539761558373	3.5664919916722243e-06
-52.54471643106844	0.0
-71.34682661780084	0.0001579772544918
-27.32931668593933	3.897410825430836e-06
-57.56810133148336	5.744595127556385e-05
-28.39855193135836	3.303640312520873e-05
-24.026286513036844	7.913073920212605e-05
-26.56893003105009	4.491910736234691e-05
-28.440173611249307	0.0018563858342876
-10.769683258461008	6.437102613919727e-06
-10.459645657272008	7.6083009545573396e-06
-49.14048831309942	0.0017329979841954
-22.553729829185087	6.044331021258328e-06
-20.20456012027524	0.0006419602236638
-17.72406276192786	0.0002862791275177
-8.0	3.87110367738461e-06
-16.39351453312546	0.0015025478470505
-12.088193597017142	0.0010110153168897
-50.48149040998266	2.620910808009936e-06
-8.5	0.0
-33.96079372192943	0.0016803803900625
-13.22115068852252	0.001155278098652
-39.44408398422093	5.3825118783876494e-05
-56.30210162286809	1.013183938770586e-05
-34.21340805200142	0.0007645740033666
-20.681597247984165	0.0001697359413211
-31.5	0.0
-2.0	0.0
-66.29154786264522	2.080198806199456e-05
-21.50379718159235	2.6056802773406705e-05
-21.50379718159235	2.6056802773406705e-05
-25.197482299742827	0.0001035572744866
0.4999999999999999	0.0
-37.50050018033376	0.0014994654318936
-1.5	0.0
-27.86867495936276	0.0046170599954264
-62.230256242693365	5.662586968303788e-05
-25.233879998936786	1.7052900414097077e-06
-63.75863771938717	2.0759853448142417e-05
-30.66512959081165	0.004757416126355
-29.029361228336608	0.0007589700359278
-1.543443195550209	0.0010364828019485
1.0	0.0
-1.3027756377319948	0.005172645906449
-7.784281753649946	1.036515885168658e-06
-82.0	0.0
-28.575223223278748	0.0001733477068239
-19.138761402207187	2.286768972964288e-05
-44.99462691377275	0.0002059019580163
-45.55141498289935	0.0002480265377205
0.7344355629253627	0.0002586613094906
-46.5	0.0
-46.5	0.0
-26.5	9.807301050287785e-06
-101.80342486559532	1.7072651402690982e-05
-27.6500932832574	3.5571014937315625e-06
-48.99615634117151	0.0002774559554294
-26.872376375122663	3.1146950536948844e-05
-58.93598751429568	5.579638127935809e-07
-35.5	0.0
-26.5	9.807301050287785e-06
-92.55192318615042	7.023073072898135e-05
-46.5	0.0
-10.484092903398052	2.912555155189934e-07
-10.484092903398052	2.912555155189934e-07
-58.01524972627889	2.4768857226264843e-05
-58.41158503221188	0.0001153422693451
-91.02455666659183	9.886559841751026e-05
-7.6881274720911295	8.284179342120892e-06
-5.0	0.0
-6.377551641923021	6.130433077866034e-05
-18.5	2.6926418222759568e-05
-49.50827617066944	0.0001123879278712
-35.402780479554174	0.0002385721110961
-5.0	0.0
-5.0	0.0
-5.892291696859367	0.0011535494425135
-2.5156097709406984	5.80283363972295e-08
-7.079703240731432	0.0002115449103893
-2.5156097709406984	5.80283363972295e-08
-5.028518870485331	9.701092115914496e-05
-67.41017494505292	4.786184946495092e-05
-2.883638215016034	0.0001245945217206
-67.91853370448263	0.0003683372334111
-3.6825746060605344	0.0001906297053468
-2.793515739682648	7.801954579996943e-05
-34.30315728499927	4.768022672359517e-05
-41.70566702372598	0.003594160163981
-45.368269642193056	0.0012200577819148
-33.35287690031272	2.0645910478434657e-05
-30.804160650191506	2.8727882692293888e-06
-41.67937082537502	7.461079260716511e-05
-34.44846316366372	0.0003426343783744
-30.047009604965275	4.100333160196126e-05
-1.5	1.272926396365646e-05
-72.73325507368867	0.0017532347904789
-18.20242347539245	0.000106057553057
-19.37413180489385	6.421633900813867e-05
-52.18530429018926	0.0018956716805565
-2.753471552684553	1.0550606617678089e-07
-39.67456026604255	5.228209786794525e-05
-3.5	0.0
-32.645864259782975	0.0002478291949058
-110.8987497574755	0.0002453667588841
-31.523345610632862	4.549622105290288e-05
-128.34596152154597	0.0053661286475568
-37.0	0.0
-20.356621712699205	5.711158963820248e-05
-33.022872725172874	0.0007755312910253
-18.73610744292792	2.237720195228921e-06
-18.73610744292792	2.237720195228921e-06
-18.73610744292792	2.237720195228921e-06
-18.73610744292792	2.237720195228921e-06
-44.182718623813344	0.0037585607537434
-17.399053542402566	0.0001271929398753
-18.73610744292792	2.237720195228921e-06
-19.20994502137655	0.0001233671057722
-31.364190997728908	0.0001075355776719
-23.268164767921007	1.0029810034133393e-07
-18.736107442927924	2.237720195228921e-06
-19.20994502137655	0.0001233671057722
-19.20994502137655	0.0001233671057722
-23.268164767921007	1.0029810034133393e-07
-23.268164767921007	1.0029810034133393e-07
-55.95170338222353	4.0695895891803095e-05
-23.268164767921007	1.0029810034133393e-07
-18.443714534221044	0.0001150201807549
-41.90926817423356	0.0001724496238666
-22.23229452029868	0.0007560259808115
-4.709422457513806	4.010919478996351e-05
-11.077122461009024	0.0005083998235428
-35.05664910509131	6.270599623629333e-05
-41.32697098893272	0.0002110951210128
-22.545620545639604	0.0002430674789336
-30.066656554024533	9.952434761018412e-05
-12.98121162867272	1.3355850724124304e-05
-14.351327784032083	0.0002253477125676
-31.84330053541173	0.0001477831352887
-44.31597706826661	1.966546061925502e-05
-15.13659853793786	0.0020727802454039
-27.254511973974736	0.0001848230487081
-23.69830013987196	2.53636643375588e-05
-20.973040838533905	3.451234117144493e-08
-66.51608401933979	2.370661536117274e-06
-25.233879998936786	1.7052900414097077e-06
-37.98214030892856	0.0002118356037874
-51.76914614189628	2.9184293377588364e-05
-109.98173822145012	0.0001135121540136
-97.28876141655884	5.298033946994557e-05
-7.962071659057062	9.267569293993484e-07
-29.72003564667373	7.906251350992429e-06
-22.70265126806297	0.0007956502280234
-34.246579826071844	0.0001677810250568
-5.735162698673939	9.482489058427668e-07
-10.726607041297886	3.661286614546736e-05
-20.40629433342796	1.6209579323167284e-07
-80.12838199311113	1.6858188149599494e-05
-43.36472785436475	0.0018988025915374
-25.71363882512807	0.001154190850209
-20.87971292322969	1.6209579323167284e-07
-55.35331742757253	0.0001174745405245
-56.65626452777843	0.0001168823867591
-21.60688484784632	0.0002350974134557
-20.587098828241487	3.915724925086368e-05
-22.140497649293945	7.940770853709866e-05
-48.78488129790008	3.1855274954993675e-05
-22.278925779185165	0.0002543379905447
-44.52279301269328	0.0024173422887768
-45.44123406746508	0.0004939325359929
-34.608473931703266	0.0002466361174553
-38.09502310972898	0.0
-34.098040097422974	0.0010187478518552
-35.03984740042559	3.27799679424403e-05
-35.03984740042559	3.27799679424403e-05
-35.03984740042559	3.27799679424403e-05
-39.525300250565095	9.368163885807056e-05
-40.5	1.9469453336357e-05
-41.0	0.0
-41.0	0.0
-39.525300250565095	9.368163885807056e-05
-41.0	0.0
-33.987398665699054	0.0003138606509195
-33.987398665699054	0.0003138606509195
-34.05279673378074	0.0001529454457166
-9.094389581607988	0.0010363860880545
-43.67291074624977	8.484890834855656e-06
-31.491848848601183	9.841525467889075e-05
-19.0	0.0
-29.5	0.0
-34.262497473095564	0.000120301973162
-73.17899376947767	0.0003399175392884
-44.64055018054519	0.0001681285491289
-69.25879277005721	0.0015122808748649
-57.54179079373372	0.0001913714654151
-78.53062696119552	6.993547247774877e-05
-80.61824675996891	1.38247346786363e-05
-54.99279969476038	2.6580216037402587e-05
-80.61824675996891	1.38247346786363e-05
-74.5	0.0
-24.79931262330739	3.7147828867817815e-05
-45.12888999250612	8.450982194779052e-05
-37.74489195742177	2.3559565972101348e-05
-52.56172663021693	0.0042852751196253
-40.612027988186746	3.206017172644068e-06
-28.036124566280463	2.370093773568879e-05
-38.33513313162596	0.0008018712814757
-60.58895222774612	0.0
-40.14469706161016	0.0014389759958293
-62.14890396234098	0.0002201632496328
-58.93598751429568	5.579638127935809e-07
-25.17912618389001	0.000181587034984
-38.75682124214919	0.0003204279481352
-29.734165513562488	0.0001053046817565
-28.237681699111583	0.0002482485095602
-30.18582645859744	0.0002415058259894
-71.0	0.0
-42.26453609579031	0.0004706123464267
-46.689709078922725	0.0004475368359318
-43.05711953000786	2.702812578944789e-05
-38.33216374321883	6.942958619383325e-05
-43.05711953000786	2.702812578944789e-05
-60.9051387536728	5.553322628712411e-05
-34.35655132669645	0.000302543879314
-58.93598751429568	5.579638127935809e-07
-71.51514803843835	0.000228879470312
-60.58895222774612	0.0
-71.0	0.0
-57.90993466446058	0.0010371425182738
-58.93598751429568	5.579638127935809e-07
-25.011936738566767	0.0003386883968088
-29.799235730637733	0.0002399806061497
-44.18203111806785	1.878925817138229e-05
-48.95944613917116	0.0003444841720395
-44.18203111806785	1.878925817138229e-05
-48.95944613917116	0.0003444841720395
-52.70003238765458	2.6939249825546136e-05
-48.95944613917116	0.0003444841720395
-67.56358278252456	0.0002331215232052
-13.751116049186324	1.934277879907649e-08
-46.5	0.0
-27.5	0.0
-71.5	0.0
-8.0	0.0
-8.0	0.0
-2.5	0.0
-28.5	0.0
-68.5	0.0
-31.5	0.0
-8.0	0.0
-8.0	0.0
-42.81438021456081	1.693607360287804e-08
-37.14816036449722	9.584278629848872e-05
-100.62257968821558	6.050035349041287e-07
-70.21820500501468	0.0001351719732926
0.0	1.3539945159353543e-06
0.0	1.3539945159353543e-06
0.0	1.3539945159353543e-06
0.0	1.3539945159353543e-06
-21.372682001385776	6.422459465378083e-06
-52.586728476590814	0.0004819360350292
-53.58483848968802	1.2616506035277663e-06
-8.818829604502318	0.0
-40.86131482627819	0.0002661380080791
-22.73390722972984	0.0001277426412653
-68.64892650226602	0.0002558922257286
-86.03532826433816	0.0001344670608427
-17.090896336538467	3.266070880068367e-05
-83.76597670906014	5.728741628597223e-06
1.5	0.0
-9.5	0.0
-39.03048034360321	0.000629568988723
-124.99423051317709	0.0
-0.5	0.0
-34.55581129116524	2.648384947499307e-05
-25.48915447184501	4.825434397954526e-05
-41.0124921972504	0.0
-42.5	0.0
-37.07120663064725	1.568180993761473e-05
-46.5267438354347	7.864744426244536e-05
-3.0	0.0
-12.159317227404154	0.0007597752550308
-6.13395376208405	0.0002258327698337
-30.03768226591832	5.458526194250287e-06
-39.60948638968221	5.660812832084872e-06
-29.64479776128489	8.673232028205685e-06
-28.0414626138908	4.353744447575821e-06
-67.83332487094648	2.387696067677936e-06
-62.61580047750666	4.114681429903143e-05
-23.322675509107373	0.0001236915570844
-22.078258449390493	1.0451768308995875e-06
-31.76201811972922	8.660945730929775e-09
-86.37454059178835	0.0001484348773837
-48.989957109227255	0.0004735662358755
-32.323886151888175	0.0031056852249254
-90.93462381125651	4.991048585326893e-05
-80.04640915428763	1.8169325492745904e-05
-95.58406722655472	7.635630724678642e-06
-20.5	0.0
-20.5	0.0
-17.21725440628086	7.657392855522188e-05
-20.5	0.0
-20.5	0.0
-18.868057790933875	2.1002844987017595e-05
-20.5	0.0
-40.29518820778885	5.590530783326764e-06
-40.29518820778885	5.590530783326764e-06
-20.0	0.0
-1.4641016151377546	1.830565674501945e-07
-1.4641016151377546	1.830565674501945e-07
-15.684167115591965	1.2485747444413444e-05
-16.15644701220174	5.088463741301758e-05
-19.53353274832822	1.584870039549198e-05
-24.0	0.0
-9.46750976018889	0.0001605527588975
-34.42546779467212	0.0015044025457785
-34.42546779467212	0.0015044025457785
-39.33913296973361	0.0005829177404627
-39.33913296973361	0.0005829177404627
-33.89444833450184	0.001284709533461
-9.970504391216238	9.375852465357532e-05
-26.040253541230463	6.123288576428474e-05
-26.040253541230463	6.123288576428474e-05
-26.040253541230463	6.123288576428474e-05
-8.577943689747311	8.771094483732596e-05
-2.706888719968496	1.4254048484237589e-06
-2.706888719968496	1.4254048484237589e-06
-7.163565689920909	0.0001365342027424
-9.082413862865105	0.000145237024816
-9.46750976018889	0.0001605527588975
-19.53353274832822	1.584870039549198e-05
-3.907536453183664	4.964292295081666e-07
-3.4831640528478123	1.975539101037428e-05
-3.4831640528478123	1.975539101037428e-05
-3.4831640528478123	1.975539101037428e-05
-10.176174977679906	4.099359465683813e-06
-10.176174977679906	4.099359465683813e-06
-19.208520363116243	4.99812528269101e-05
-3.357785524421506	1.4967746851251634e-05
-43.24768153506914	6.379522102921712e-06
-49.68111271484633	0.0004161008917862
-32.855312867692284	0.0001525431831269
-37.02741952187743	0.0002678905619463
-5.986119386925151	7.623471766494349e-07
-8.044498824258191	1.794644638475384e-05
-5.986119386925151	7.623471766494349e-07
-24.052121551318827	5.142360972661986e-05
-24.052121551318827	5.142360972661986e-05
-24.052121551318827	5.142360972661986e-05
-30.090563265551097	1.56774637057858e-06
-13.484677327528718	0.0004555275576863
-9.109772228646444	0.0041385809518504
-7.212214450449026	2.992797291453862e-06
-29.65793826993304	0.0
-29.65793826993304	0.0
-16.33906525420617	5.768165045518162e-05
-115.68261984429935	0.0
-46.5	0.0
1.0	0.0
-0.5	8.289762342461355e-08
-2.981692161012158	0.001052489295675
-2.981692161012158	0.001052489295675
-46.5	0.0
-3.5	0.0
-17.935976348497263	0.0011217177243148
-2.5417464952160254	0.0031059117545855
-2.1767410834184404	4.620415044016528e-05
-3.0	0.0
0.5	0.0
-25.0	0.0
-25.0	0.0
-25.0	0.0
-21.703603311174515	9.860228003916944e-07
-21.703603311174515	9.860228003916944e-07
-28.5	0.0
-17.5524865872714	5.69976575800005e-05
-20.609671934053274	3.429045916545871e-05
-21.0	0.0
-21.0	0.0
-21.0	0.0
-31.0	0.0
-31.0	0.0
-26.8671241983826	0.0001138357208972
-46.5	0.0
-1.0151936795215954	6.568226541864999e-06
0.5	0.0
-0.3507810593582122	0.0
-12.42489109331359	2.597193718805032e-07
-12.408326913195983	0.0
-8.464101615137755	6.728130310019943e-06
-13.521915661238047	0.0001740103361955
-56.56741051273245	2.8174278376765448e-05
-18.287837389993857	0.0001048550241443
-14.052985367401678	0.0001186152026254
-26.37111517007807	5.28107177175952e-05
-4.0	0.0
-64.09156276912654	4.516314670903765e-07
-20.0	0.0
-2.9075364531836625	0.0
-36.06433425448798	0.0103347606680199
-0.7807764064044151	0.0092856943902846
-28.346069575767125	5.947796731027057e-05
-33.605330234400355	1.4254574888475178e-06
-0.3696108582817038	3.868707532484734e-06
-52.66238217150421	5.359062978855167e-05
-103.4410838889875	3.498332449080061e-05
-103.4410838889875	3.498332449080061e-05
-103.4410838889875	3.498332449080061e-05
-103.4410838889875	3.498332449080061e-05
-98.0343240342149	6.59921903864856e-07
-100.62257968821558	6.050035349041287e-07
-120.90228908117314	1.441977180474414e-07
-83.85946265995608	2.276055253684477e-06
-88.92680237164684	5.931994322184021e-05
-113.34382083753376	1.441977180474414e-07
-106.19554484175048	4.69805838420723e-05
-96.54273540270076	8.309177650459205e-06
-118.78403329796676	4.948795610749048e-05
-118.14637337905448	8.507363153413696e-07
-103.4410838889875	3.498332449080061e-05
-111.77572420255414	0.000130534305825
-111.77572420255414	0.000130534305825
-22.875426543067725	5.2155521644763136e-05
-51.579982543123926	1.802038157759708e-05
-66.84803757452396	3.745620354466207e-05
-133.5	0.0
-133.5	0.0
-82.8135063363406	0.0001377822163741
-133.5	0.0
-70.03830553104939	1.948909356529323e-06
-133.5	0.0
-79.57792373768535	0.0001300615286182
-61.1342423338777	9.82207181345682e-06
-129.56738172062717	0.0
-88.15857449041133	2.2947926192386324e-05
-7.590864940013675	0.0010364906243958
-29.776170317764343	0.0003951076850339
-31.813207915827967	0.0
-31.813207915827967	0.0
-31.813207915827967	0.0
-10.952163011671203	1.16056672794459e-07
-55.98707428827121	1.5131359591928702e-05
-10.952163011671203	1.16056672794459e-07
-39.44408398422093	5.3825118783876494e-05
-27.725661535508124	2.7176758563416303e-06
-21.97869079778243	4.151926276139752e-07
-23.982947936980608	4.151926276139752e-07
-23.982947936980608	4.151926276139752e-07
-23.982947936980608	4.151926276139752e-07
-20.67861981288957	3.202795705013257e-05
-27.37447290142129	0.0004985458231307
-30.0	0.0
-26.99350973901692	0.0001724936617613
-29.294304086006413	7.218216339586718e-05
-27.5	0.0
-27.5	0.0
-24.9339811320566	0.0
-34.39066582239886	7.84953508299528e-06
-46.0	0.0
-82.0	0.0
-19.0	0.0
-1.0	0.0
0.5	0.0
-1.7122144504490264	0.0031068371307076
-5.5	0.0
-8.5	0.0
-7.784281753649946	1.036515885168658e-06
-62.5485851134528	6.082161918622375e-07
-62.5485851134528	6.082161918622375e-07
-12.039836021478274	9.254820972788905e-06
-4.528938536025534	9.413165096419882e-06
-3.0615528128088307	2.1092092684380425e-05
-56.30210162286809	1.013183938770586e-05
-56.30210162286809	1.013183938770586e-05
-56.30210162286809	1.013183938770586e-05
-9.666563688979483	6.686655885734089e-06
-56.30210162286809	1.013183938770586e-05
-1.5	0.0
-46.5	0.0
-39.60636497313308	2.586896067228579e-06
-9.063563576938405	5.571076843051986e-08
-15.231756966321758	0.0
-14.903225371816983	1.114959667073291e-05
-10.7266853686473	8.370253005051549e-07
-2.5	0.0
-12.42489109331359	2.597193718805032e-07
-2.0	0.0
-3.315191182921719	4.272415976499313e-07
-7.5	0.0
-7.5	0.0
-24.60215414239989	3.451234117144493e-08
-7.5	0.0
-7.5	0.0
-29.758491665329657	1.1138039853968411e-05
-4.5	0.0002734246158671
-51.2627704290506	1.112094558290647e-06
-51.2627704290506	1.112094558290647e-06
-21.0	0.0
-15.05791813300408	4.277956810381041e-06
-15.05791813300408	4.277956810381041e-06
-15.05791813300408	4.277956810381041e-06
-21.0	0.0
-21.0	0.0
-32.27674953786111	1.2085947522435286e-05
-19.012807143008715	3.3085719543834964e-06
-14.53802568949215	2.3204069312588737e-06
-4.5	0.0
-19.0	0.0
-19.0	0.0
-19.0	0.0
-12.006577808748212	5.571076843051986e-08
-15.231756966321758	0.0
-68.5	0.0
-39.92278484935842	7.021791352738359e-05
-39.92278484935842	7.021791352738359e-05
-59.07387154497991	2.9581322941397496e-06
-39.92278484935842	7.021791352738359e-05
-64.49736643082869	3.7717505862602735e-06
-5.584258493863821	2.8355313240178126e-06
-35.36111869439608	0.0004297963736749
-4.913182359874681	4.041879331399102e-05
-25.933904999371247	0.0012775938337709
-23.113670497175384	0.0005944256815799
-37.03176677291784	2.1310431349035667e-05
-5.584258493863821	2.8355313240178126e-06
-26.33898846804863	0.0003840738922484
-26.33898846804863	0.0003840738922484
-26.33898846804863	0.0003840738922484
-26.33898846804863	0.0003840738922484
-26.33898846804863	0.0003840738922484
-10.52172886644268	1.170889183750115e-07
-10.52172886644268	1.170889183750115e-07
-21.615770126867684	0.000467753831645
-21.615770126867684	0.000467753831645
-26.33898846804861	0.0003840738922484
-34.36994623093432	1.6369092871930665e-05
-40.227825844240726	4.100211595146002e-05
0.9378538277311596	2.529786751320276e-05
-30.41258232770639	0.0012732306348565
0.9378538277311596	2.529786751320276e-05
-41.5	0.0
-5.5	0.0
-1.0	0.0
-8.0	0.0
-8.0	0.0
-8.0	0.0
-8.0	0.0
-7.500000000000001	2.763254114153785e-08
-9.701380624977038	0.0010373995626433
0.5	0.0
-33.85621381171626	1.167981058399938e-05
-46.83651119749667	6.094800342401034e-06
0.5	0.0
-14.529533157727943	0.0020723711722251
0.5	0.0
-3.0	1.16056672794459e-07
-82.0	0.0
-2.0	0.0
-8.86931687685298	5.632787232698101e-08
-22.26208728264688	1.698316138600588e-05
-22.26208728264688	1.698316138600588e-05
-22.26208728264688	1.698316138600588e-05
-22.26208728264688	1.698316138600588e-05
-21.68762521148864	0.0001093226628596
-23.6021974779552	2.6478427280218283e-05
-22.157843335395366	3.079058052218028e-05
-22.26208728264686	1.698316138600588e-05
-23.845530381638746	5.338718675146392e-06
-37.007575322837	1.4395027002877789e-08
-38.25368600864799	3.133110060575582e-08
-33.81882960450232	0.0
-34.37075079571842	0.0010363860880545
-38.48027865756008	0.0013691860650804
-33.974583275687394	1.770204284196829e-07
-43.36048707005946	0.0002405743130226
-42.81438021456081	1.693607360287804e-08
-43.21566551230504	7.901698469205912e-05
-43.36157429905752	8.765206602128887e-05
-42.81438021456081	1.693607360287804e-08
-21.5	0.0
-2.0	0.0
-20.54866496202299	1.2054461917785368e-05
-3.0	0.0
-21.972939277330447	0.000198347659006
-43.98457702305643	3.456060463696583e-05
-14.861234038550386	5.171341559494322e-05
-7.5	0.0
-1.0	2.589999908906425e-05
0.8819660112501052	0.0
-8.0	0.0
-8.5	0.0
-8.609772228646445	1.3010250833753762e-05
-41.5	0.0
-8.5	0.0
-31.5	0.0
0.0	0.0
-3.8117376914899	4.369060873236563e-05
-13.5	0.0
-13.5	0.0
-2.0	0.0
1.5	0.0
-3.5	0.0
-33.06013187900271	0.0004893228915218
-5.0	0.0
-5.0	0.0
-55.08266370101565	0.0001391947888473
-3.0	0.0
-3.418017239300773	3.962173449729996e-05
-7.96985729970653	1.8594967154961283e-05
-25.551105053169564	3.272212306429881e-05
-36.753262244737215	4.138012126975418e-05
0.5	0.0
-0.8860009363293828	0.0031074174140716
0.5	0.0
0.5	0.0
-63.07905286405955	1.0796538391307704e-06
-63.07905286405955	1.0796538391307704e-06
-15.283646365587956	0.0082851303628314
-1.5	0.0
-63.07905286405955	1.0796538391307704e-06
-8.0	0.0
-0.5	0.0
-28.711646096066225	7.033455592350724e-07
-6.176174977679906	3.329966379736951e-05
-53.39842612778618	0.0004750590609425
-25.551105053169564	3.272212306429881e-05
-25.551105053169564	3.272212306429881e-05
-25.551105053169564	3.272212306429881e-05
-25.551105053169564	3.272212306429881e-05
-25.551105053169564	3.272212306429881e-05
-25.551105053169564	3.272212306429881e-05
-6.0	0.0
-10.5	1.6568306052147988e-06
-54.44057333058235	3.5191075794888502e-06
-17.0	0.0
-25.0	0.0
-25.0	0.0
-8.5	0.0
-27.0	0.0
-13.0	0.0
-8.0	0.0
-0.5	0.0
-0.5	0.0
-12.0	0.0
-1.850781059358212	0.0006823543014641
0.0	7.685744831617582e-06
-82.0	0.0
-4.3355406452537135	1.136388254445744e-07
-28.78362775545612	2.2828653249006647e-06
-26.0	0.0
-23.054165651749017	0.000246862854461
-23.054165651749017	0.000246862854461
-23.913830214145342	0.0001798062752449
-28.84166586536547	1.491864952509887e-05
-29.039936203984453	9.142061843764632e-06
-30.5	0.0
-27.754483676813088	1.411660776419607e-05
-27.626476309307428	0.0
-30.350628602710664	3.708126905716164e-05
-30.350628602710664	3.708126905716164e-05
-10.711275900591533	1.5446572288799663e-05
-29.273511110212983	7.11826633782779e-05
-46.5	0.0
-46.5	0.0
-2.5	5.185202795585994e-06
-2.5	5.185202795585994e-06
-0.5	8.289762342461355e-08
-27.5464114408446	1.2622571794169098e-05
-7.5	0.0
-1.341418292106991	0.0082661365197853
0.5	0.0
0.5	0.0
-1.0	0.0
-1.0	0.0
-57.47464090037709	3.545694144660137e-05
-8.0	0.0
-8.0	0.0
-8.0	0.0
-18.5	0.0
1.0	0.0
1.0	0.0
-67.83332487094648	2.387696067677936e-06
-34.93165782621404	1.6182036480639668e-06
-19.914194159451448	0.0004223354381806
-1.5	0.0
-9.1041219597369	0.0001372040434577
-16.956162049926082	1.6951356425239936e-05
-10.0	6.051819793217264e-06
-29.0	0.0
-30.37019176049309	0.0
-30.37019176049309	0.0
-6.5	0.0
-32.2679623707398	1.858273285683977e-05
-0.7320508075688773	0.002072191892745
-17.5524865872714	5.69976575800005e-05
-19.558621384311845	2.141858810792168e-05
-23.62073397459222	8.071897435046749e-05
-7.5	0.0
1.881966011250105	0.0
1.881966011250105	0.0
-13.89689069078737	5.420379087522221e-06
-68.5	0.0
-0.8149066358459393	0.0031068371307076
-50.6710370815611	0.0002084502220619
-3.013878188659973	4.241732411036526e-07
-17.0	0.0
0.7344355629253627	0.0002586613094906
-27.0	0.0
-4.5	0.0
-2.0	0.0
0.7344355629253627	0.0002586613094906
-1.5	0.0
1.0	0.0
-28.5	0.0
-41.5	0.0
-7.784281753649946	1.036515885168658e-06
-5.0	0.0
-3.0	0.0
-20.5	0.0
1.0	0.0
-65.69617180733135	9.611443037975652e-06
-21.5	0.0
-2.0	0.0
-41.84352689880527	1.118474770353982e-05
-18.5	0.0
-2.0	0.0
-8.0	0.0
-6.786754015251698	9.93380575245594e-06
-17.0	0.0
-3.0	0.0
-3.0	0.0
1.0	0.0
-2.302775637731995	0.000360556964694
-42.5	0.0
-42.5	0.0
-42.5	0.0
-67.28550750818366	6.082161918622375e-07
-62.53800737531505	3.359337550363773e-06
-62.8214133675823	1.1410740338725731e-05
-67.28550750818366	6.082161918622375e-07
-67.28550750818366	6.082161918622375e-07
-67.28550750818366	6.082161918622375e-07
-4.5	0.0
-0.5	0.0
-45.38132957932954	1.0782938562021995e-05
-48.97640458974745	2.279381785920862e-06
-2.618033988749895	7.265537479498352e-06
1.0	0.0
-46.5	0.0
-2.0	0.0
1.0	0.0
1.0	0.0
-41.5	0.0
-46.0	4.5987691898880094e-05
-46.0	4.5987691898880094e-05
-44.5	0.0
-16.0	0.0
-16.0	0.0
-16.0	0.0
-3.5	0.0
-19.0	0.0
