1	-375.2385580778516
2	-141.
3	-141.
4	-141.
5	-141.
6	-141.
7	-141.
8	-141.
9	-141.
10	-141.
11	-141.
12	-141.
13	-141.
14	-141.
15	-141.
16	-141.
17	-141.
18	-141.
19	-141.
20	-141.
21	-141.
22	-141.
23	-141.
24	-141.
25	-141.
26	-141.
27	-141.
28	-141.
29	-141.
30	-141.
31	-141.
32	-141.
33	-141.
34	-141.
35	-352.
36	-141.
37	-141.
38	-141.
39	-141.
40	-141.
41	-141.
42	-141.
43	-141.
44	-141.
45	-141.
46	-141.
47	-141.
48	-141.
49	-141.
50	-141.
51	-141.
52	-141.
53	-141.
54	-141.
55	-141.
56	-141.
57	-141.
58	-141.
59	-141.
60	-141.
61	-141.
62	-141.
63	-141.
64	-141.
65	-141.
66	-141.
67	-141.
68	-141.
69	-380.5041493061546
70	-141.
71	-138.7068263173854
72	-141.
73	-141.
74	-141.
75	-141.
76	-141.
77	-141.
78	-141.
79	-141.
80	-141.
81	-141.
82	-141.
83	-141.
84	-141.
85	-141.
86	-141.
87	-141.
88	-141.
89	-141.
90	-138.62077013859465
91	-141.
92	-141.
93	-141.
94	-141.
95	-141.
96	-141.
97	-141.
98	-141.
99	-141.
100	-141.
101	-141.
102	-141.
103	-141.
104	-141.
105	-141.
106	-141.
107	-141.
108	-141.
109	-141.
110	-141.
111	-141.
112	-141.
113	-141.
114	-141.
115	-141.
116	-141.
117	-141.
118	-141.
119	-141.
120	-141.
121	-141.
122	-141.
123	-141.
124	-141.
125	-141.
126	-141.
127	-141.
128	-141.
129	-141.
130	-141.
131	-141.
132	-141.
133	-141.
134	-141.
135	-141.
136	-141.
137	-141.
138	-141.
139	-141.
140	-141.
141	-141.
142	-141.
143	-141.
144	-141.
145	-141.
146	-141.
147	-141.
148	-141.
149	-141.
150	-141.
151	-141.
152	-141.
153	-141.
154	-141.
155	-141.
156	-141.
157	-141.
158	-141.
159	-141.
160	-141.
161	-141.
162	-141.
163	-141.
164	-141.
165	-141.
166	-141.
167	-141.
168	-141.
169	-141.
170	-141.
171	-141.
172	-141.
173	-141.
174	-141.
175	-141.
176	-141.
177	-141.
178	-141.
179	-141.
180	-141.
181	-141.
182	-141.
183	-141.
184	-141.
185	-141.
186	-141.
187	-141.
188	-141.
189	-141.
190	-141.
191	-141.
192	-141.
193	-141.
194	-141.
195	-141.
196	-141.
197	-141.
198	-141.
199	-141.
200	-141.
201	-141.
202	-141.
203	-141.
204	-141.
205	-141.
206	-141.
207	-141.
208	-141.
209	-141.
210	-141.
211	-141.
212	-141.
213	-141.
214	-141.
215	-141.
216	-141.
217	-138.62077013859465
218	-141.
219	-141.
220	-141.
221	-141.
222	-141.
223	-141.
224	-141.
225	-141.
226	-141.
227	-141.
228	-141.
229	-141.
230	-141.
231	-141.
232	-141.
233	-141.
234	-141.
235	-141.
236	-141.
237	-141.
238	-141.
239	-141.
240	-141.
241	-141.
242	-141.
243	-141.
244	-141.
245	-141.
246	-141.
247	-371.7166972961574
248	-141.
249	-141.
250	-141.
251	-141.
252	-141.
253	-141.
254	-141.
255	-141.
256	-141.
257	-141.
258	-141.
259	-141.
260	-141.
261	-141.
262	-141.
263	-141.
264	-141.
265	-141.
266	-141.
267	-141.
268	-141.
269	-141.
270	-141.
271	-141.
272	-141.
273	-141.
274	-141.
275	-141.
276	-141.
277	-141.
278	-141.
279	-141.
280	-141.
281	-141.
282	-141.
283	-141.
284	-141.
285	-141.
286	-141.
287	-141.
288	-596.6365104542549
1525	-354.8601106177174
603	-596.6058452564118
710	-320.1307808051779
714	-284.1009954911474
289	-238.
290	-238.
291	-238.
292	-238.
293	-238.
294	-238.
295	-238.
296	-238.
297	-238.
298	-238.
299	-238.
300	-238.
301	-238.
302	-238.
303	-238.
304	-238.
305	-238.
306	-238.
307	-238.
308	-238.
309	-238.
310	-238.
311	-238.
312	-238.
313	-238.
314	-238.
315	-238.
316	-238.
317	-238.
318	-238.
319	-238.
320	-238.
321	-238.
322	-238.
323	-238.
324	-238.
325	-238.
326	-238.
327	-238.
328	-238.
329	-238.
330	-238.
331	-238.
332	-238.
333	-238.
334	-238.
335	-238.5052081920559
336	-238.
337	-238.
338	-238.
339	-238.
340	-238.
341	-238.
342	-238.
343	-238.
344	-238.
345	-238.
346	-238.
347	-238.
348	-238.
349	-238.
350	-238.
351	-238.
352	-238.
353	-238.
354	-238.
355	-238.
356	-238.
357	-238.
358	-238.
359	-238.
360	-238.
361	-238.
362	-238.
363	-238.
364	-238.
365	-238.
366	-238.
367	-238.
368	-238.
369	-238.
370	-238.
371	-238.
372	-238.
373	-238.
374	-238.
375	-238.
376	-238.
377	-238.
378	-238.
379	-238.
380	-238.
381	-238.
382	-238.
383	-238.
384	-238.
385	-238.
386	-238.
387	-238.
388	-238.
389	-238.
390	-238.
391	-238.
392	-238.
393	-238.
394	-238.
395	-238.
396	-238.
397	-238.
398	-238.
399	-238.
400	-238.
401	-238.
402	-238.
403	-238.
404	-238.
405	-238.
406	-238.
407	-238.
408	-238.
409	-238.
410	-238.
411	-238.
412	-238.
413	-238.
414	-238.
415	-238.
416	-238.
417	-238.
418	-238.
419	-238.
420	-238.
421	-238.
422	-238.
423	-238.
424	-238.
425	-238.
426	-238.
427	-238.
428	-238.
429	-238.
430	-238.
431	-238.
432	-238.
433	-238.
434	-238.
435	-238.
436	-238.
437	-238.
438	-238.
439	-238.
440	-238.
441	-238.
442	-238.
443	-238.
444	-238.
445	-238.
446	-238.
447	-238.
448	-238.
449	-238.
450	-238.
451	-238.
452	-238.
453	-238.
454	-238.
455	-238.
456	-238.
457	-238.
458	-238.
459	-238.
460	-238.
461	-238.
462	-238.
463	-238.
464	-238.
465	-238.
466	-238.
467	-238.
468	-238.
469	-371.691127381545
470	-238.
471	-238.
472	-238.
473	-238.
474	-238.
475	-238.
476	-238.
477	-238.
478	-238.
479	-238.
480	-238.
481	-238.
482	-238.
483	-238.
484	-238.
485	-238.
486	-238.
487	-238.
488	-238.
489	-238.
490	-238.
491	-238.
492	-238.
493	-371.691127381545
494	-238.
495	-238.
496	-238.
497	-238.
498	-238.
499	-238.
500	-238.
501	-238.
502	-238.
503	-238.
504	-238.
505	-238.
506	-238.
507	-238.
508	-238.
509	-238.
510	-371.691127381545
511	-238.
512	-238.
513	-238.
514	-238.
515	-238.
516	-238.
517	-238.
518	-238.
519	-238.
520	-238.
521	-238.
522	-238.
523	-238.
524	-238.
525	-238.
526	-371.691127381545
527	-238.
528	-238.
529	-238.
530	-238.
531	-238.
532	-238.
533	-238.
534	-238.
535	-238.
536	-238.
537	-238.
538	-238.
539	-238.
540	-238.
541	-238.
542	-238.
543	-238.
544	-238.
545	-238.
546	-238.
547	-238.
548	-238.
549	-238.
550	-238.
551	-238.
552	-238.
553	-238.
554	-238.
555	-238.
556	-238.
557	-238.
558	-238.
559	-238.
560	-238.
561	-238.
562	-238.
563	-238.
564	-238.
565	-238.
566	-238.
567	-238.
568	-238.
569	-238.
570	-238.
571	-238.
572	-238.
573	-238.
574	-238.
575	-238.
576	-238.
577	-238.
578	-238.
579	-238.
580	-238.
581	-238.
582	-238.
583	-238.
584	-371.691127381545
585	-238.
586	-238.
587	-238.
588	-238.
589	-238.
590	-238.
591	-238.
592	-238.
593	-238.
594	-371.691127381545
595	-238.
596	-238.
597	-238.
598	-238.
599	-238.
600	-238.
601	-238.
602	-238.
604	-238.
605	-238.
606	-238.
607	-238.
608	-238.
609	-238.
610	-238.
611	-238.
612	-238.
613	-238.
614	-238.
615	-238.
616	-238.
617	-238.
618	-238.
619	-238.
620	-238.
621	-238.
622	-238.
623	-238.
624	-371.691127381545
625	-238.
626	-238.
627	-238.
628	-238.
629	-238.
630	-238.
631	-238.
632	-238.
633	-238.
634	-238.
635	-238.
636	-238.
637	-238.
638	-238.
639	-371.691127381545
640	-238.
641	-238.
642	-238.
643	-238.
644	-238.
645	-238.
646	-238.
647	-238.
648	-238.
649	-238.
650	-238.
651	-238.
652	-238.
653	-238.
654	-238.
655	-238.
656	-238.
657	-238.
658	-238.
659	-238.
660	-238.
661	-238.
662	-238.
663	-238.
664	-238.
665	-238.
666	-238.
667	-238.
668	-238.
669	-238.
670	-238.
671	-238.
672	-238.
673	-238.
674	-238.
675	-238.
676	-238.
677	-238.
678	-238.
679	-238.
680	-238.
681	-238.
682	-238.
683	-238.
684	-238.
685	-238.
686	-238.
687	-238.
688	-238.
689	-238.
690	-238.
691	-238.
692	-238.
693	-238.
694	-238.
695	-238.
696	-238.
697	-238.
698	-238.
699	-238.
700	-238.
701	-238.
702	-238.
703	-238.
704	-238.
705	-238.
706	-238.
707	-238.
708	-238.
709	-238.
711	-223.6336752708354
712	-227.76473218982952
713	-227.76473218982952
715	-227.76473218982952
716	-351.50360391388824
717	-227.76473218982952
718	-227.76473218982952
719	-351.50360391388824
720	-223.6336752708354
721	-230.28607113045803
722	-230.28607113045803
723	-238.
724	-238.
725	-238.
726	-238.
727	-238.
728	-238.
729	-238.
730	-238.
731	-238.
732	-238.
733	-238.
734	-238.
735	-238.
736	-238.
737	-238.
738	-238.
739	-238.
740	-238.
741	-238.
742	-238.
743	-238.
744	-238.
745	-238.
746	-238.
747	-238.
748	-238.
749	-238.
750	-238.
751	-238.
752	-238.
753	-238.
754	-238.
755	-238.
756	-238.
757	-238.
758	-238.
759	-238.
760	-238.
761	-238.
762	-238.
763	-238.
764	-371.691127381545
765	-238.
766	-238.
767	-238.
2232	-47.49487152511533
768	-382.
769	-382.
770	-382.
771	-382.
772	-382.
773	-382.
774	-382.
775	-382.
776	-382.
777	-382.
778	-382.
779	-382.
780	-382.
781	-382.
782	-382.
783	-382.
784	-382.
785	-382.
786	-382.
787	-382.
788	-382.
789	-382.
790	-382.
791	-382.
792	-382.
793	-382.
794	-382.
795	-382.
796	-382.
797	-382.
798	-382.
799	-382.
800	-382.
801	-382.
802	-382.
803	-382.
804	-382.
805	-382.
806	-382.
807	-382.
808	-382.
809	-382.
810	-382.
811	-382.
812	-382.
813	-382.
814	-382.
815	-382.
816	-382.
817	-382.
818	-382.
819	-382.
820	-382.
821	-382.
822	-382.
823	-382.
824	-382.
825	-382.
826	-382.
827	-382.
828	-382.
829	-382.
830	-382.
831	-382.
832	-382.
833	-382.
834	-382.
835	-382.
836	-382.
837	-382.
838	-382.
839	-382.
840	-382.
841	-382.
842	-382.
843	-382.
844	-382.
845	-382.
846	-382.
847	-382.
848	-382.
849	-382.
850	-382.
851	-382.
852	-382.
853	-382.
854	-382.
855	-382.
856	-382.
857	-382.
858	-382.
859	-382.
860	-382.
861	-382.
862	-382.
863	-382.
864	-382.
865	-382.
866	-382.
867	-382.
868	-382.
869	-382.
870	-382.
871	-382.
872	-382.
873	-382.
874	-382.
875	-382.
876	-382.
877	-382.
878	-382.
879	-382.
880	-382.
881	-382.
882	-382.
883	-382.
884	-382.
885	-382.
886	-382.
887	-382.
888	-382.
889	-382.
890	-382.
891	-382.
892	-382.
893	-382.
894	-382.
895	-382.
896	-382.
897	-382.
898	-382.
899	-382.
900	-382.
901	-382.
902	-382.
903	-382.
904	-382.
905	-382.
906	-382.
907	-382.
908	-382.
909	-382.
910	-382.
911	-382.
912	-382.
913	-382.
914	-382.
915	-382.
916	-382.
917	-382.
918	-382.
919	-382.
920	-382.
921	-382.
922	-382.
923	-382.
924	-382.
925	-382.
926	-382.
927	-382.
928	-382.
929	-382.
930	-382.
931	-382.
932	-382.
933	-382.
934	-382.
935	-382.
936	-382.
937	-382.
938	-382.
939	-382.
940	-382.
941	-382.
942	-382.
943	-382.
944	-382.
945	-382.
946	-382.
947	-382.
948	-382.
949	-382.
950	-382.
951	-382.
952	-382.
953	-382.
954	-382.
955	-382.
956	-382.
957	-382.
958	-382.
959	-382.
960	-382.
961	-382.
962	-382.
963	-382.
964	-382.
965	-382.
966	-382.
967	-382.
968	-382.
969	-382.
970	-382.
971	-382.
972	-382.
973	-382.
974	-382.
975	-382.
976	-382.
977	-382.
978	-382.
979	-382.
980	-382.
981	-382.
982	-382.
983	-382.
984	-382.
985	-382.
986	-382.
987	-382.
988	-382.
989	-382.
990	-382.
991	-382.
992	-382.
993	-382.
994	-382.
995	-382.
996	-382.
997	-382.
998	-382.
999	-382.
1000	-382.
1001	-382.
1002	-382.
1003	-382.
1004	-382.
1005	-382.
1006	-382.
1007	-382.
1008	-382.
1009	-382.
1010	-382.
1011	-382.
1012	-382.
1013	-382.
1014	-382.
1015	-382.
1016	-382.
1017	-382.
1018	-382.
1019	-382.
1020	-382.
1021	-382.
1022	-382.
1023	-382.
1024	-382.
1025	-382.
1026	-382.
1027	-382.
1028	-382.
1029	-382.
1030	-382.
1031	-382.
1032	-382.
1033	-382.
1034	-382.
1035	-382.
1036	-382.
1037	-382.
1038	-382.
1039	-382.
1040	-382.
1041	-382.
1042	-382.
1043	-382.
1044	-382.
1045	-382.
1046	-382.
1047	-382.
1048	-382.
1049	-382.
1050	-382.
1051	-382.
1052	-382.
1053	-382.
1054	-382.
1055	-382.
1056	-382.
1057	-382.
1058	-382.
1059	-382.
1060	-382.
1061	-382.
1062	-382.
1063	-382.
1064	-382.
1065	-382.
1066	-382.
1067	-382.
1068	-382.
1069	-382.
1070	-382.
1071	-382.
1072	-382.
1073	-382.
1074	-382.
1075	-382.
1076	-382.
1077	-382.
1078	-382.
1079	-382.
1080	-382.
1081	-382.
1082	-382.
1083	-382.
1084	-382.
1085	-382.
1086	-382.
1087	-382.
1088	-382.
1089	-382.
1090	-382.
1091	-382.
1092	-382.
1093	-382.
1094	-382.
1095	-382.
1096	-382.
1097	-382.
1098	-382.
1099	-382.
1100	-382.
1101	-382.
1102	-382.
1103	-382.
1104	-382.
1105	-382.
1106	-382.
1107	-382.
1108	-382.
1109	-382.
1110	-382.
1111	-382.
1112	-382.
1113	-382.
1114	-382.
1115	-382.
1116	-382.
1117	-382.
1118	-382.
1119	-382.
1120	-382.
1121	-382.
1122	-382.
1123	-382.
1124	-382.
1125	-382.
1126	-382.
1127	-382.
1128	-382.
1129	-382.
1130	-382.
1131	-382.
1132	-382.
1133	-382.
1134	-382.
1135	-382.
1136	-382.
1137	-382.
1138	-382.
1139	-382.
1140	-382.
1141	-382.
1142	-382.
1143	-382.
1144	-382.
1145	-382.
1146	-382.
1147	-382.
1148	-382.
1149	-382.
1150	-382.
1151	-382.
1152	-382.
1153	-382.
1154	-382.
1155	-382.
1156	-382.
1157	-382.
1158	-382.
1159	-382.
1160	-382.
1161	-382.
1162	-382.
1163	-382.
1164	-382.
1165	-382.
1166	-382.
1167	-382.
1168	-382.
1169	-382.
1170	-382.
1171	-382.
1172	-382.
1173	-382.
1174	-382.
1175	-382.
1176	-382.
1177	-382.
1178	-382.
1179	-382.
1180	-382.
1181	-382.
1182	-382.
1183	-382.
1184	-382.
1185	-382.
1186	-382.
1187	-382.
1188	-382.
1189	-382.
1190	-382.
1191	-382.
1192	-382.
1193	-382.
1194	-382.
1195	-382.
1196	-382.
1197	-382.
1198	-382.
1199	-382.
1200	-382.
1201	-382.
1202	-382.
1203	-382.
1204	-382.
1205	-382.
1206	-382.
1207	-382.
1208	-382.
1209	-382.
1210	-382.
1211	-382.
1212	-382.
1213	-382.
1214	-382.
1215	-382.
1216	-382.
1217	-382.
1218	-382.
1219	-382.
1220	-382.
1221	-382.
1222	-382.
1223	-382.
1224	-382.
1225	-382.
1226	-382.
1227	-382.
1228	-382.
1229	-382.
1230	-382.
1231	-382.
1232	-382.
1233	-382.
1234	-382.
1235	-382.
1236	-382.
1237	-382.
1238	-382.
1239	-382.
1240	-382.
1241	-382.
1242	-382.
1243	-382.
1244	-382.
1245	-382.
1246	-382.
1247	-382.
1248	-382.
1249	-382.
1250	-382.
1251	-382.
1252	-382.
1253	-382.
1254	-382.
1255	-382.
1256	-382.
1257	-382.
1258	-382.
1259	-382.
1260	-382.
1261	-382.
1262	-382.
1263	-382.
1264	-382.
1265	-382.
1266	-382.
1267	-382.
1268	-382.
1269	-382.
1270	-382.
1271	-382.
1272	-382.
1273	-382.
1274	-382.
1275	-382.
1276	-382.
1277	-382.
1278	-382.
1279	-382.
1280	-382.
1281	-382.
1282	-382.
1283	-382.
1284	-382.
1285	-382.
1286	-382.
1287	-382.
1288	-382.
1289	-382.
1290	-382.
1291	-382.
1292	-382.
1293	-382.
1294	-382.
1295	-382.
1296	-382.
1297	-382.
1298	-382.
1299	-382.
1300	-382.
1301	-382.
1302	-382.
1303	-382.
1304	-382.
1305	-382.
1306	-382.
1307	-382.
1308	-382.
1309	-382.
1310	-382.
1311	-382.
1312	-382.
1313	-382.
1314	-382.
1315	-382.
1316	-382.
1317	-382.
1318	-382.
1319	-382.
1320	-382.
1321	-382.
1322	-382.
1323	-382.
1324	-382.
1325	-382.
1326	-382.
1327	-382.
1328	-382.
1329	-382.
1330	-382.
1331	-382.
1332	-382.
1333	-382.
1334	-382.
1335	-382.
1336	-382.
1337	-382.
1338	-382.
1339	-382.
1340	-382.
1341	-382.
1342	-382.
1343	-382.
1344	-382.
1345	-382.
1346	-382.
1347	-382.
1348	-382.
1349	-382.
1350	-382.
1351	-382.
1352	-382.
1353	-382.
1354	-382.
1355	-382.
1356	-382.
1357	-382.
1358	-382.
1359	-382.
1360	-382.
1361	-382.
1362	-382.
1363	-382.
1364	-382.
1365	-382.
1366	-382.
1367	-382.
1368	-382.
1369	-382.
1370	-382.
1371	-382.
1372	-382.
1373	-382.
1374	-382.
1375	-382.
1376	-382.
1377	-382.
1378	-382.
1379	-382.
1380	-382.
1381	-382.
1382	-382.
1383	-382.
1384	-382.
1385	-382.
1386	-382.
1387	-382.
1388	-382.
1389	-382.
1390	-382.
1391	-382.
1392	-382.
1393	-382.
1394	-382.
1395	-382.
1396	-382.
1397	-382.
1398	-382.
1399	-382.
1400	-382.
1401	-382.
1402	-382.
1403	-382.
1404	-382.
1405	-382.
1406	-382.
1407	-382.
1408	-382.
1409	-382.
1410	-382.
1411	-382.
1412	-382.
1413	-382.
1414	-382.
1415	-382.
1416	-382.
1417	-382.
1418	-382.
1419	-382.
1420	-382.
1421	-382.
1422	-382.
1423	-382.
1424	-382.
1425	-382.
1426	-382.
1427	-382.
1428	-382.
1429	-382.
1430	-382.
1431	-382.
1432	-382.
1433	-382.
1434	-382.
1435	-382.
1436	-382.
1437	-382.
1438	-382.
1439	-382.
1440	-382.
1441	-382.
1442	-382.
1443	-382.
1444	-382.
1445	-382.
1446	-382.
1447	-382.
1448	-382.
1449	-382.
1450	-382.
1451	-382.
1452	-382.
1453	-382.
1454	-382.
1455	-382.
1456	-382.
1457	-382.
1458	-382.
1459	-382.
1460	-382.
1461	-382.
1462	-382.
1463	-382.
1464	-382.
1465	-382.
1466	-382.
1467	-382.
1468	-382.
1469	-382.
1470	-382.
1471	-382.
1472	-382.
1473	-382.
1474	-382.
1475	-382.
1476	-382.
1477	-382.
1478	-382.
1479	-382.
1480	-382.
1481	-382.
1482	-382.
1483	-382.
1484	-382.
1485	-382.
1486	-382.
1487	-382.
1488	-382.
1489	-382.
1490	-382.
1491	-382.
1492	-382.
1493	-382.
1494	-382.
1495	-382.
1496	-382.
1497	-382.
1498	-382.
1499	-382.
1500	-382.
1501	-382.
1502	-382.
1503	-382.
1504	-382.
1505	-382.
1506	-382.
1507	-382.
1508	-382.
1509	-382.
1510	-382.
1511	-382.
1512	-382.
1513	-382.
1514	-382.
1515	-382.
1516	-382.
1517	-382.
1518	-382.
1519	-382.
1520	-382.
1521	-382.
1522	-382.
1523	-382.
1524	-382.5028010984702
2329	-108.
2330	-108.
2331	-108.
2332	-108.
2333	-108.
2334	-108.
2335	-108.
2336	-108.
2337	-108.
2338	-108.
2339	-108.
2340	-108.
2341	-108.
2342	-108.
2343	-108.
2344	-108.
2345	-108.
2346	-108.
2347	-108.
2348	-91.1366455578056
2349	-108.
2350	-108.
2351	-91.1366455578056
2352	-91.1366455578056
2353	-108.
2354	-91.1366455578056
2355	-108.
2356	-91.1366455578056
2357	-108.
2358	-108.
2359	-108.
2360	-108.
2361	-108.
2362	-108.
2363	-108.
2364	-108.
2365	-108.
2366	-91.1366455578056
2367	-108.
2368	-108.
2369	-91.1366455578056
2370	-91.1366455578056
2371	-108.
2372	-108.
2373	-108.
2374	-108.
2375	-91.1366455578056
2376	-108.
2377	-108.
2378	-108.
2379	-108.
2380	-108.
2381	-108.
2382	-108.
2383	-108.
2384	-108.
2385	-108.
2386	-91.1366455578056
2387	-108.
2388	-108.
2389	-108.
2390	-108.
2391	-108.
2392	-108.
2393	-108.
2394	-91.1366455578056
2395	-91.1366455578056
2396	-108.
2397	-108.
2398	-108.
2399	-91.1366455578056
2400	-108.
2401	-108.
2402	-91.1366455578056
2403	-108.
2404	-108.
2405	-91.1366455578056
2406	-108.
2407	-91.1366455578056
2408	-108.
2409	-91.1366455578056
2410	-108.
2411	-108.
2412	-108.
2413	-108.
2414	-108.
2415	-108.
2416	-108.
2417	-108.
2418	-108.
2419	-108.
2420	-108.
2421	-108.
2422	-108.
2423	-108.
2424	-108.
2425	-108.
2426	-108.
2427	-108.
2428	-108.
2429	-108.
2430	-108.
2431	-91.1366455578056
2432	-108.
2433	-108.
2434	-91.1366455578056
2435	-108.
2436	-108.
2437	-108.
2438	-108.
2439	-108.
2440	-108.
2441	-108.
2442	-108.
2443	-108.
2444	-91.1366455578056
2445	-108.
2446	-108.
2447	-108.
2448	-108.
2449	-108.
2450	-108.
2451	-108.
2452	-91.1366455578056
2453	-108.
2454	-108.
2455	-108.
2456	-108.
2457	-108.
2458	-108.
2459	-108.
2460	-108.
2461	-91.1366455578056
2462	-108.
2463	-108.
2464	-108.
2465	-91.1366455578056
2466	-108.
2467	-108.
2468	-108.
2469	-91.1366455578056
2470	-108.
2471	-108.
2472	-108.
2473	-108.
2474	-108.
2475	-91.1366455578056
2476	-108.
2477	-108.
2478	-108.
2479	-108.
2480	-108.
2481	-108.
2482	-91.1366455578056
2483	-91.1366455578056
2484	-91.1366455578056
2485	-108.
2486	-108.
2487	-108.
2488	-108.
2489	-108.
2490	-108.
2491	-108.
2492	-91.1366455578056
2493	-108.
2494	-108.
2495	-108.
2496	-108.
2497	-108.
2498	-108.
2499	-108.
2500	-108.
2501	-108.
2502	-108.
2503	-108.
2504	-108.
2505	-108.
2506	-108.
2507	-108.
2508	-108.
2509	-91.1366455578056
2510	-108.
2511	-91.1366455578056
2512	-108.
2513	-108.
2514	-108.
2515	-108.
2516	-108.
2517	-108.
2518	-91.1366455578056
2519	-108.
2520	-108.
2521	-91.1366455578056
2522	-108.
2523	-91.1366455578056
2524	-91.1366455578056
2525	-108.
2526	-91.1366455578056
2527	-108.
2528	-108.
2529	-108.
2530	-91.1366455578056
2531	-108.
2532	-108.
2533	-108.
2534	-108.
2535	-108.
2594	-67.5246763229404
2595	-67.
2596	-67.
2597	-67.
2598	-67.
2599	-67.
2600	-67.
2601	-67.
2602	-67.
2603	-67.
2604	-67.
2605	-67.
2606	-67.
2607	-67.
2608	-67.
2609	-67.
2610	-67.
2611	-67.
2612	-67.
2613	-67.
2614	-67.
2615	-67.
2616	-67.
2617	-67.
2618	-67.
2619	-67.
2620	-67.
2621	-67.
2622	-67.
2623	-67.
2624	-67.
2625	-67.
2626	-67.
2627	-67.
2628	-67.
2629	-67.
2630	-67.
2631	-67.
2632	-67.
2633	-67.
2634	-67.
2635	-67.
2636	-67.
2637	-67.
2638	-67.
2639	-67.
2640	-67.
2641	-67.
2642	-67.
2643	-67.
2644	-67.
2645	-67.
2646	-67.
2647	-67.
2648	-67.
2649	-67.
2650	-67.
2651	-67.
2652	-67.
2653	-67.
2654	-67.
2655	-67.
2656	-67.
2657	-67.
2658	-67.
2659	-67.
2660	-67.
2661	-67.
2662	-67.
2663	-67.
2664	-67.
2665	-67.
2666	-67.
2667	-67.
2668	-67.
2669	-67.
2670	-67.
2671	-67.
2672	-67.
2673	-67.
2674	-67.
2675	-67.
2676	-67.
2677	-67.
2678	-67.
2679	-67.
2680	-67.
2681	-67.
2682	-67.
2683	-67.
2684	-67.
2685	-67.
2686	-67.
2699	-56.19202852502465
1526	-352.5
1527	-352.5
1528	-352.5
1529	-352.5
1530	-352.5
1531	-352.5
1532	-352.5
1533	-352.5
1534	-352.5
1535	-352.5
1536	-352.5
1537	-352.5
1538	-352.5
1539	-352.5
1540	-352.5
1541	-352.5
1542	-352.5
1543	-352.5
1544	-352.5
1545	-352.5
1546	-352.5
1547	-352.5
1548	-352.5
1549	-352.5
1550	-352.5
1551	-352.5
1552	-352.5
1553	-352.5
1554	-352.5
1555	-352.5
1556	-352.5
1557	-352.5
1558	-352.5
1559	-352.5
1560	-352.5
1561	-352.5
1562	-352.5
1563	-352.5
1564	-352.5
1565	-352.5
1566	-352.5
1567	-352.5
1568	-352.5
1569	-352.5
1570	-352.5
1571	-352.5
1572	-352.5
1573	-352.5
1574	-352.5
1575	-352.5
1576	-352.5
1577	-352.5
1578	-352.5
1579	-352.5
1580	-352.5
1581	-352.5
1582	-352.5
1583	-352.5
1584	-352.5
1585	-352.5
1586	-352.5
1587	-352.5
1588	-352.5
1589	-352.5
1590	-352.5
1591	-352.5
1592	-352.5
1593	-352.5
1594	-352.5
1595	-352.5
1596	-352.5
1597	-352.5
1598	-352.5
1599	-352.5
1600	-352.5
1601	-352.5
1602	-352.5
1603	-352.5
1604	-352.5
1605	-352.5
1606	-352.5
1607	-352.5
1608	-352.5
1609	-352.5
1610	-352.5
1611	-352.5
1612	-352.5
1613	-352.5
1614	-352.5
1615	-352.5
1616	-352.5
1617	-352.5
1618	-352.5
1619	-352.5
1620	-352.5
1621	-352.5
1622	-352.5
1623	-352.5
1624	-352.5
1625	-352.5
1626	-352.5
1627	-352.5
1628	-352.5
1629	-352.5
1630	-352.5
1631	-352.5
1632	-352.5
1633	-352.5
1634	-352.5
1635	-352.5
1636	-352.5
1637	-352.5
1638	-352.5
1639	-352.5
1640	-352.5
1641	-352.5
1642	-352.5
1643	-352.5
1644	-352.5
1645	-352.5
1646	-352.5
1647	-352.5
1648	-352.5
1649	-352.5
1650	-352.5
1651	-352.5
1652	-352.5
1653	-352.5
1654	-352.5
1655	-352.5
1656	-352.5
1657	-352.5
1658	-352.5
1659	-352.5
1660	-352.5
1661	-352.5
1662	-352.5
1663	-352.5
1664	-352.5
1665	-352.5
1666	-352.5
1667	-352.5
1668	-352.5
1669	-352.5
1670	-352.5
1671	-352.5
1672	-352.5
1673	-352.5
1674	-352.5
1675	-352.5
1676	-352.5
1677	-352.5
1678	-352.5
1679	-352.5
1680	-352.5
1681	-352.5
1682	-352.5
1683	-352.5
1684	-352.5
1685	-352.5
1686	-352.5
1687	-352.5
1688	-352.5
1689	-352.5
1690	-352.5
1691	-352.5
1692	-352.5
1693	-352.5
1694	-352.5
1695	-352.5
1696	-352.5
1697	-352.5
1698	-352.5
1699	-352.5
1700	-352.5
1701	-352.5
1702	-352.5
1703	-352.5
1704	-352.5
1705	-352.5
1706	-352.5
1707	-352.5
1708	-352.5
1709	-352.5
1710	-352.5
1711	-352.5
1712	-352.5
1713	-352.5
1714	-352.5
1715	-352.5
1716	-352.5
1717	-352.5
1718	-352.5
1719	-352.5
1720	-352.5
1721	-352.5
1722	-352.5
1723	-352.5
1724	-352.5
1725	-352.5
1726	-352.5
1727	-352.5
1728	-352.5
1729	-352.5
1730	-352.5
1731	-352.5
1732	-352.5
1733	-352.5
1734	-352.5
1735	-352.5
1736	-352.5
1737	-352.5
1738	-352.5
1739	-352.5
1740	-352.5
1741	-352.5
1742	-352.5
1743	-352.5
1744	-352.5
1745	-352.5
1746	-352.5
1747	-352.5
1748	-352.5
1749	-352.5
1750	-352.5
1751	-352.5
1752	-352.5
1753	-352.5
1754	-352.5
1755	-352.5
1756	-352.5
1757	-352.5
1758	-352.5
1759	-352.5
1760	-352.5
1761	-352.5
1762	-352.5
1763	-352.5
1764	-352.5
1765	-352.5
1766	-352.5
1767	-352.5
1768	-352.5
1769	-352.5
1770	-352.5
1771	-352.5
1772	-352.5
1773	-352.5
1774	-352.5
1775	-352.5
1776	-352.5
1777	-352.5
1778	-352.5
1779	-352.5
1780	-352.5
1781	-352.5
1782	-352.5
1783	-352.5
1784	-352.5
1785	-352.5
1786	-352.5
1787	-352.5
1788	-352.5
1789	-352.5
1790	-352.5
1791	-352.5
1792	-352.5
1793	-352.5
1794	-352.5
1795	-352.5
1796	-352.5
1797	-352.5
1798	-352.5
1799	-352.5
1800	-352.5
1801	-352.5
1802	-352.5
1803	-352.5
1804	-352.5
1805	-352.5
1806	-352.5
1807	-352.5
1808	-352.5
1809	-352.5
1810	-352.5
1811	-352.5
1812	-352.5
1813	-352.5
1814	-352.5
1815	-352.5
1816	-352.5
1817	-352.5
1818	-352.5
1819	-352.5
1820	-352.5
1821	-352.5
1822	-352.5
1823	-352.5
1824	-352.5
1825	-352.5
1826	-352.5
1827	-352.5
1828	-352.5
1829	-352.5
1830	-352.5
1831	-352.5
1832	-352.5
1833	-352.5
1834	-352.5
1835	-352.5
1836	-352.5
1837	-352.5
1838	-352.5
1839	-352.5
1840	-352.5
1841	-352.5
1842	-352.5
1843	-352.5
1844	-352.5
1845	-352.5
1846	-352.5
1847	-352.5
1848	-352.5
1849	-352.5
1850	-352.5
1851	-352.5
1852	-352.5
1853	-352.5
1854	-352.5
1855	-352.5
1856	-352.5
1857	-352.5
1858	-352.5
1859	-352.5
1860	-352.5
1861	-352.5
1862	-352.5
1863	-352.5
1864	-352.5
1865	-352.5
1866	-352.5
1867	-352.5
1868	-352.5
1869	-352.5
1870	-352.5
1871	-352.5
1872	-352.5
1873	-352.5
1874	-352.5
1875	-352.5
1876	-352.5
1877	-352.5
1878	-352.5
1879	-352.5
1880	-352.5
1881	-352.5
1882	-352.5
1883	-352.5
1884	-352.5
1885	-352.5
1886	-352.5
1887	-352.5
1888	-352.5
1889	-352.5
1890	-352.5
1891	-352.5
1892	-352.5
1893	-352.5
1894	-352.5
1895	-352.5
1896	-352.5
1897	-352.5
1898	-352.5
1899	-352.5
1900	-352.5
1901	-352.5
1902	-352.5
1903	-352.5
1904	-352.5
1905	-352.5
1906	-352.5
1907	-352.5
1908	-352.5
1909	-352.5
1910	-352.5
1911	-352.5
1912	-352.5
1913	-352.5
1914	-352.5
1915	-352.5
1916	-352.5
1917	-352.5
1918	-352.5
1919	-352.5
1920	-352.5
1921	-352.5
1922	-352.5
1923	-352.5
1924	-352.5
1925	-352.5
1926	-352.5
1927	-352.5
1928	-352.5
1929	-352.5
1930	-352.5
1931	-352.5
1932	-352.5
1933	-352.5
1934	-352.5
1935	-352.5
1936	-352.5
1937	-352.5
1938	-352.5
1939	-352.5
1940	-352.5
1941	-352.5
1942	-352.5
1943	-352.5
1944	-352.5
1945	-352.5
1946	-352.5
1947	-352.5
1948	-352.5
1949	-352.5
1950	-352.5
1951	-352.5
1952	-352.5
1953	-352.5
1954	-352.5
1955	-352.5
1956	-352.5
1957	-352.5
1958	-352.5
1959	-352.5
1960	-352.5
1961	-352.5
1962	-352.5
1963	-352.5
1964	-352.5
1965	-352.5
1966	-352.5
1967	-352.5
1968	-352.5
1969	-352.5
1970	-352.5
1971	-352.5
1972	-352.5
1973	-352.5
1974	-352.5
1975	-352.5
1976	-352.5
1977	-352.5
1978	-352.5
1979	-352.5
1980	-352.5
1981	-352.5
1982	-352.5
1983	-352.5
1984	-352.5
1985	-352.5
1986	-352.5
1987	-352.5
1988	-352.5
1989	-352.5
1990	-352.5
1991	-352.5
1992	-352.5
1993	-352.5
1994	-352.5
1995	-352.5
1996	-352.5
1997	-352.5
1998	-352.5
1999	-352.5
2000	-352.5
2001	-352.5
2002	-352.5
2003	-352.5
2004	-352.5
2005	-352.5
2006	-352.5
2007	-352.5
2008	-352.5
2009	-352.5
2010	-352.5
2011	-352.5
2012	-352.5
2013	-352.5
2014	-352.5
2015	-352.5
2016	-352.5
2017	-352.5
2018	-352.5
2019	-352.5
2020	-352.5
2021	-352.5
2022	-352.5
2023	-352.5
2024	-352.5
2025	-352.5
2026	-352.5
2027	-352.5
2028	-352.5
2029	-352.5
2030	-352.5
2031	-352.5
2032	-352.5
2033	-352.5
2034	-352.5
2035	-352.5
2036	-352.5
2037	-352.5
2038	-352.5
2039	-352.5
2040	-352.5
2041	-352.5
2042	-352.5
2043	-352.5
2044	-352.5
2045	-352.5
2046	-352.5
2047	-352.5
2048	-352.5
2049	-352.5
2050	-352.5
2051	-352.5
2052	-352.5
2053	-352.5
2054	-352.5
2055	-352.5
2056	-352.5
2057	-352.5
2058	-352.5
2059	-352.5
2060	-352.5
2061	-352.5
2062	-352.5
2063	-352.5
2064	-352.5
2065	-352.5
2066	-352.5
2067	-352.5
2068	-352.5
2069	-352.5
2070	-352.5
2071	-352.5
2072	-352.5
2073	-352.5
2074	-352.5
2075	-352.5
2076	-352.5
2077	-352.5
2078	-352.5
2079	-352.5
2080	-352.5
2081	-352.5
2082	-352.5
2083	-352.5
2084	-352.5
2085	-352.5
2086	-352.5
2087	-352.5
2088	-352.5
2089	-352.5
2090	-352.5
2091	-352.5
2092	-352.5
2093	-352.5
2094	-352.5
2095	-352.5
2096	-352.5
2097	-352.5
2098	-352.5
2099	-352.5
2100	-352.5
2101	-352.5
2102	-352.5
2103	-352.5
2104	-352.5
2105	-352.5
2106	-352.5
2107	-352.5
2108	-352.5
2109	-352.5
2110	-352.5
2111	-352.5
2112	-352.5
2113	-352.5
2114	-352.5
2115	-352.5
2116	-352.5
2117	-352.5
2118	-352.5
2119	-352.5
2120	-352.5
2121	-352.5
2122	-352.5
2123	-352.5
2124	-352.5
2125	-352.5
2126	-352.5
2127	-352.5
2128	-352.5
2129	-352.5
2130	-352.5
2131	-352.5
2132	-352.5
2133	-352.5
2134	-352.5
2135	-352.5
2136	-352.5
2137	-352.5
2138	-352.5
2139	-352.5
2140	-352.5
2141	-352.5
2142	-352.5
2143	-352.5
2144	-352.5
2145	-352.5
2146	-352.5
2147	-352.5
2148	-352.5
2149	-352.5
2150	-352.5
2151	-352.5
2152	-352.5
2153	-352.5
2154	-352.5
2155	-352.5
2156	-352.5
2157	-352.5
2158	-352.5
2159	-352.5
2160	-352.5
2161	-352.5
2162	-352.5
2163	-352.5
2164	-352.5
2165	-352.5
2166	-352.5
2167	-352.5
2168	-352.5
2169	-352.5
2170	-352.5
2171	-352.5
2172	-352.5
2173	-352.5
2174	-352.5
2175	-352.5
2176	-352.5
2177	-352.5
2178	-352.5
2179	-352.5
2180	-352.5
2181	-352.5
2182	-352.5
2183	-352.5
2184	-352.5
2185	-352.5
2186	-352.5
2187	-352.5
2188	-352.5
2189	-352.5
2190	-352.5
2191	-352.5
2192	-352.5
2193	-352.5
2194	-352.5
2195	-352.5
2196	-352.5
2197	-352.5
2198	-352.5
2199	-352.5
2200	-352.5
2201	-352.5
2202	-352.5
2203	-352.5
2204	-352.5
2205	-352.5
2206	-352.5
2207	-352.5
2208	-352.5
2209	-352.5
2210	-352.5
2211	-352.5
2212	-352.5
2213	-352.5
2214	-352.5
2215	-352.5
2216	-352.5
2217	-352.5
2218	-352.5
2219	-352.5
2220	-352.5
2221	-352.5
2222	-352.5
2223	-352.5
2224	-352.5
2225	-352.5
2226	-352.5
2227	-352.5
2228	-352.5
2229	-352.5
2230	-352.5
2231	-352.5
2233	-46.
2234	-46.
2235	-46.
2236	-46.
2237	-46.
2238	-46.
2239	-46.
2240	-46.
2241	-46.
2242	-46.
2243	-46.
2244	-46.
2245	-46.
2246	-46.
2247	-46.
2248	-46.
2249	-46.
2250	-46.
2251	-46.
2252	-46.
2253	-46.
2254	-46.
2255	-46.
2256	-46.
2257	-46.
2258	-46.
2259	-46.
2260	-46.
2261	-46.
2262	-46.
2263	-46.
2264	-46.
2265	-46.
2266	-46.
2267	-46.
2268	-46.
2269	-46.
2270	-46.
2271	-46.
2272	-46.
2273	-46.
2274	-46.
2275	-46.
2276	-46.
2277	-46.
2278	-46.
2279	-46.
2280	-46.
2281	-46.
2282	-46.
2283	-46.
2284	-46.
2285	-46.
2286	-46.
2287	-46.
2288	-46.
2289	-46.
2290	-46.
2291	-46.
2292	-46.
2293	-46.
2294	-46.
2295	-46.
2296	-46.
2297	-46.
2298	-46.
2299	-46.
2300	-46.
2301	-46.
2302	-46.
2303	-46.
2304	-46.
2305	-46.
2306	-46.
2307	-46.
2308	-46.
2309	-46.
2310	-46.
2311	-46.
2312	-46.
2313	-46.
2314	-46.
2315	-46.
2316	-46.
2317	-46.
2318	-46.
2319	-46.
2320	-46.
2321	-46.
2322	-46.
2323	-46.
2324	-46.
2325	-46.
2326	-46.
2327	-46.
2328	-46.
2536	-27.991451742346836
2537	-26.5
2538	-26.5
2539	-26.5
2540	-26.5
2541	-26.5
2542	-26.5
2543	-26.5
2544	-26.5
2545	-26.5
2546	-26.5
2547	-26.5
2548	-26.5
2549	-26.5
2550	-26.5
2551	-26.5
2552	-26.5
2553	-26.5
2554	-26.5
2555	-26.5
2556	-26.5
2557	-26.5
2558	-26.5
2559	-26.5
2560	-26.5
2561	-26.5
2562	-26.5
2563	-26.5
2564	-26.5
2565	-26.5
2566	-26.5
2567	-26.5
2568	-26.5
2569	-26.5
2570	-26.5
2571	-26.5
2572	-26.5
2573	-26.5
2574	-26.5
2575	-26.5
2576	-26.5
2577	-26.5
2578	-26.5
2579	-26.5
2580	-26.5
2581	-26.5
2582	-26.5
2583	-26.5
2584	-26.5
2585	-26.5
2586	-26.5
2587	-26.5
2588	-26.5
2589	-26.5
2590	-26.5
2591	-26.5
2592	-26.5
2593	-26.5
2687	-84.39369549293251
2688	-82.5
2689	-82.5
2690	-82.5
2691	-82.5
2692	-82.5
2693	-82.5
2694	-82.5
2695	-82.5
2696	-82.5
2697	-82.5
2698	-66.95169194941032
2700	-82.5
2701	-82.5
2702	-82.5
2703	-82.5
2704	-82.5
2705	-82.5
2706	-82.5
2707	-82.5
2708	-82.5
2709	-66.95169194941032
2710	-82.5
2711	-82.5
2712	-82.5
2713	-82.5
2714	-66.95169194941032
2715	-82.5
2716	-82.5
2717	-82.5
2718	-82.5
2719	-82.5
2720	-66.95169194941032
2721	-82.5
2722	-82.5
2723	-82.5
2724	-82.5
2725	-82.5
2726	-82.5
2727	-82.5
2728	-82.5
2729	-82.5
2730	-66.95169194941032
2731	-82.5
2732	-82.5
2733	-82.5
2734	-82.5
2735	-82.5
2736	-82.5
2737	-82.5
2738	-82.5
2739	-82.5
2740	-82.5
2741	-82.5
2742	-82.5
2743	-82.5
2744	-82.5
2745	-82.5
2746	-66.95169194941032
2747	-82.5
2748	-66.95169194941032
2749	-82.5
2750	-82.5
2751	-82.5
2752	-82.5
2753	-82.5
2754	-66.95169194941032
2755	-82.5
2756	-82.5
2757	-82.5
2758	-82.5
2759	-82.5
2760	-82.5
2761	-82.5
2762	-82.5
2763	-82.5
2764	-82.5
2765	-82.5
2766	-82.5
2767	-82.5
2768	-82.5
2769	-82.5
2770	-82.5
2771	-82.5
2772	-82.5
2773	-66.95169194941032
2774	-82.5
2775	-66.95169194941032
2776	-82.5
2777	-66.95169194941032
2778	-82.5
2779	-82.5
2780	-82.5
2781	-82.5
2782	-82.5
2783	-82.5
2784	-82.5
2785	-82.5
2786	-82.5
2787	-82.5
2788	-82.5
2789	-82.5
2790	-82.5
2791	-82.5
2792	-82.5
2793	-82.5
2794	-82.5
2795	-82.5
2796	-82.5
2797	-82.5
2798	-82.5
2799	-82.5
2800	-82.5
2801	-66.95169194941032
2802	-82.5
2803	-82.5
2804	-66.95169194941032
2805	-66.95169194941032
2806	-66.95169194941032
2807	-82.5
2808	-82.5
2809	-82.5
2810	-82.5
2811	-66.95169194941032
2812	-82.5
2813	-82.5
2814	-82.5
2815	-82.5
2816	-82.5
2817	-82.5
2818	-82.5
2819	-82.5
2820	-82.5
2821	-82.5
2822	-82.5
2823	-82.5
2824	-66.95169194941032
2825	-82.5
2826	-66.95169194941032
2827	-82.5
2828	-82.5
2829	-66.95169194941032
2830	-82.5
2831	-66.95169194941032
2832	-82.5
2833	-82.5
2834	-82.5
2835	-82.5
2836	-82.5
2837	-82.5
2838	-82.5
2839	-82.5
2840	-82.5
2841	-66.95169194941032
2842	-82.5
2843	-82.5
2844	-82.5
2845	-82.5
2846	-82.5
2847	-82.5
2848	-82.5
2849	-82.5
2850	-82.5
2851	-82.5
2852	-82.5
2853	-82.5
2854	-82.5
2855	-82.5
2856	-82.5
2857	-66.95169194941032
2858	-25.
2859	-25.
2860	-25.
2861	-25.
2862	-25.
2863	-25.
2864	-25.
2865	-25.
2866	-25.
2867	-25.
2868	-25.
2869	-25.
2870	-25.
2871	-25.
2872	-25.
2873	-25.
2874	-25.
2875	-25.
2876	-25.
2877	-25.
2878	-25.
2879	-25.
2880	-25.
2881	-25.
2882	-25.
2883	-25.
2884	-25.
2885	-25.
2886	-25.
2887	-25.
2888	-25.