212
137
210
211
133
132
91
90
131
26
130
30
138
27
2
136
32
179
135
134
139
81
93
94
24
25
144
189
201
39
202
199
198
38
99
108
109
59
58
20
14
19
44
37
60
61
187
86
21
7
22
3
23
5
65
95
96
28
29
161
147
162
148
4
8
114
71
119
120
82
121
122
123
124
125
126
127
47
34
128
129
118
208
209
207
55
54
76
57
56
113
51
194
166
45
52
50
53
146
158
66
200
195
197
143
196
191
190
193
192
117
116
115
11
141
174
9
111
110
112
83
80
92
142
87
84
102
206
205
183
149
46
69
164
165
107
177
170
171
178
63
103
100
101
106
104
105
85
33
169
168
167
172
31
182
160
36
16
18
35
204
140
159
48
79
176
13
203
62
74
175
64
70
78
67
68
173
181
145
180
1
184
6
186
185
188
98
97
163
10
12
72
15
17
43
77
89
88
151
152
150
153
155
154
157
156
49
42
40
41
75
73
