4446	4404
4446	4405
4446	4483
4446	4436
4446	4445
4446	4447
4446	4448
4458	4456
4458	4411
1200	1379
1200	1193
1200	1194
4412	4413
4412	4410
3734	3736
3734	3569
4447	4408
4447	4404
4447	4492
4447	4483
4447	4470
4026	4009
4026	3930
3724	3411
4024	3935
4024	4025
3921	4012
3921	3895
4022	3928
4022	3987
4022	4021
4023	4039
4023	4018
4020	4012
3725	3696
3725	3411
3798	3799
3798	3648
4028	3912
4028	3911
4029	3949
4029	4009
4607	4606
4607	4608
4607	4547
4642	4677
4642	4640
4417	4428
4417	4419
4417	4418
4417	4422
4417	4423
4417	4420
4417	4421
4417	4426
4417	4427
4417	4424
4417	4425
344	402
344	401
344	343
345	4440
345	4485
345	343
346	347
346	340
347	340
340	411
340	333
341	331
341	338
342	331
342	338
2918	2598
2918	2917
3996	3997
3996	3993
3995	4043
3995	3930
3995	3992
3994	3930
3994	3992
348	349
349	384
349	391
349	385
3991	4017
3991	3989
3990	3989
4686	4563
4844	4727
4643	4641
4416	4431
4416	4411
4416	4410
4684	4682
3002	2702
4933	882
4933	4934
2919	2921
2919	2920
2919	2539
2919	2703
2919	2764
1653	1651
1653	1997
1653	1672
4682	4685
4682	4683
4935	13
4732	4860
4732	4531
4732	4617
4732	4746
4733	4726
4733	4636
4730	4553
4731	4553
4731	3520
4736	4735
4936	4938
4936	13
2318	2316
2318	2324
2319	2316
2316	2323
2316	2322
2316	2321
2316	2320
2316	2317
2316	2324
2316	455
2317	2327
2317	2326
2317	2325
2317	2315
2317	455
2314	2315
2315	455
2312	2313
2312	2310
2312	2311
2313	2498
2313	2492
2313	2497
2313	2310
2310	2289
2310	2311
2311	2428
2311	2289
2311	2460
2311	2448
4527	4525
4527	4528
4025	3935
4025	4006
298	381
298	323
298	386
298	296
298	367
298	292
299	296
299	300
296	300
296	297
296	295
297	309
297	326
297	327
297	325
297	328
294	295
295	301
292	367
292	412
292	291
293	423
293	354
293	291
290	289
290	288
290	393
290	398
290	410
3773	3751
3772	3771
3772	3576
3771	3733
3770	3461
3777	3562
3777	3679
3776	3774
3776	3460
3775	3774
2147	2146
3779	3796
3779	3778
3779	3847
3686	3683
3686	3569
270	311
270	310
270	317
270	316
270	315
270	269
271	269
271	399
271	377
272	269
273	274
273	275
273	276
274	278
274	279
274	277
275	410
276	393
276	421
277	330
277	322
277	323
277	396
277	388
277	279
278	406
278	405
279	377
279	315
3684	3683
3737	3709
3737	3707
4658	4530
3465	3457
4413	4467
4413	4431
4413	4411
1780	2199
1780	1552
1780	1598
2146	1843
2146	2119
2146	2148
2268	1273
2269	1273
2262	1856
2262	2197
2263	2191
2263	2228
2260	2181
2260	2261
2260	2236
2261	2266
2261	2228
2267	2145
2264	1986
2264	1848
2265	2197
2442	2443
2442	2287
2443	2287
2440	2420
2440	2303
2441	2341
2441	2305
1781	1760
1781	1761
2447	2435
2447	2445
2444	2356
2444	2427
2445	2446
2448	2287
2449	2348
2189	2190
2189	1867
3690	3510
3690	3523
108	196
108	106
109	110
4830	4812
102	89
103	89
103	104
100	99
100	237
100	160
100	239
101	89
106	25
106	107
107	188
107	70
104	194
104	250
104	251
104	249
104	248
104	163
105	159
105	89
105	179
2046	2008
2046	1486
2046	1856
2047	1486
2044	1891
2044	2152
2045	1568
2042	2017
2042	2192
2042	2041
2043	1891
2040	2039
2040	1557
2041	1992
4819	4833
4819	4818
3198	2773
3198	3199
2048	1470
2048	2049
2049	1254
1212	1211
2992	3269
2992	2963
4645	4610
4645	4641
4645	4760
3597	3596
3597	3800
3155	3339
3155	3154
1213	1421
1213	1211
1213	1214
1213	1324
1213	1325
1213	1596
3238	3236
3238	2985
3238	2668
3238	3361
1372	1370
1372	2188
2737	3173
2737	3172
2737	2738
2737	2676
2038	2037
2038	1558
4456	4436
3159	3158
3159	3353
1001	976
1001	999
1001	1012
3519	3443
3857	3856
3857	3854
3513	3393
3513	3515
3513	3514
3512	4865
3512	3490
3512	3491
3511	3491
3446	3440
3446	3442
1210	1223
1210	1231
1210	1568
1210	1569
1210	1572
1210	1209
1210	1571
1210	1570
1210	1564
1210	1565
1210	1566
1210	1567
3239	2972
3515	3580
3515	3827
3515	3582
3515	3433
3515	3829
3515	3408
1375	1222
1375	1376
2688	2687
2688	2598
2831	2524
2831	3066
2831	3233
2684	560
2684	2514
2685	2778
2685	2781
2685	2780
2685	2782
2685	2634
2685	559
2686	2990
2686	2620
2687	2690
2687	2598
2687	2520
2687	2689
2680	2514
2680	2697
2680	2712
1655	1602
1655	1656
2682	2514
2682	2634
2682	3141
2683	2514
2683	2697
2683	2797
3391	3386
3391	3438
3391	3393
3391	3430
3391	3434
3391	3435
3391	3436
3391	3437
3999	3922
3999	4000
3999	3900
3999	4001
3999	3910
1613	1446
3390	3805
3390	3804
3390	3385
3441	3439
3441	3608
3998	3997
3998	3930
1374	1198
1374	1373
99	30
98	94
98	228
3392	3386
3392	3497
91	92
91	81
90	82
90	236
90	130
90	192
93	57
93	95
93	94
93	97
93	96
92	227
95	57
94	67
97	211
96	263
96	35
1623	1186
1623	1769
1623	1201
1623	1325
1622	2277
1622	1618
1993	1384
1993	2068
1993	1994
1620	1849
1620	1848
1620	1183
1620	1618
1620	1392
1627	1630
1627	1631
1627	1632
1627	1633
1627	1629
1627	1628
1626	1625
1626	1163
1625	1624
1999	1176
1999	1998
1998	2000
1629	1553
1377	1379
1377	1378
1377	1365
1377	1380
3209	2799
3208	2798
3013	2965
3013	2964
4526	4524
4526	4701
4526	4594
2860	2847
2860	2826
2860	2855
2861	2814
2861	3348
2861	2863
2861	2864
2861	2813
2861	2847
2861	3357
2861	3335
2861	3334
2861	3358
2862	2847
2862	2864
2863	2847
559	556
559	2634
559	563
559	2633
559	2824
558	2819
558	2762
558	556
558	564
558	565
558	566
558	2818
558	2821
558	2800
558	2820
558	2797
558	2822
558	2823
1217	1279
1217	1216
1217	1715
1217	1205
1217	1719
1217	1718
1217	1722
1217	1584
1217	1721
1217	1473
1217	1720
2867	2560
2867	3368
2867	2783
555	1434
555	1479
555	1480
555	553
554	1490
554	553
557	2514
557	2515
557	556
556	560
556	561
556	563
556	564
556	565
556	566
556	567
556	562
551	544
551	538
550	546
550	544
552	541
2744	2745
3538	3417
3538	3535
1439	1437
1439	1599
4848	4777
4848	4849
1199	1920
1199	1921
1199	1192
1199	1919
1199	1918
1199	1922
1199	1915
1199	1917
1199	1916
1198	1192
3348	3335
3349	2786
3349	3351
3349	3350
1191	1677
1191	1188
1190	2009
1190	1188
1193	1192
1193	1201
1192	1195
1192	1194
1192	1197
1192	1196
1195	1539
1195	1538
1194	1509
1194	1508
1194	1497
1197	1559
1197	1690
1196	1641
1196	1643
1196	1642
1759	1879
1759	1784
1759	1878
1759	1758
1758	1281
1757	1346
1757	1325
1756	1330
1756	1750
1755	1400
1755	1474
1754	1187
1754	1400
1753	1933
1753	2061
1753	1749
1753	1751
1752	1749
1752	1892
1752	2092
1751	1749
1750	1329
1750	1749
1177	1805
1177	1175
1177	1174
1177	1619
1177	1806
1177	1344
1177	1345
1177	1652
4258	4317
4258	4257
4258	4204
4258	651
1175	1803
1175	1804
1175	1173
1174	1173
1173	1176
1172	1169
1172	1809
1171	2166
1171	1169
1170	1761
1170	1169
4251	4250
4251	4255
4251	4254
4251	4256
4250	4253
4250	4252
4255	4301
4255	4299
4255	4240
4255	4256
4255	4239
4254	4262
4254	4263
4257	4202
4257	199
4257	602
1178	1184
1178	1185
1178	1182
1178	1183
1178	1180
1178	1181
1178	1179
1007	995
1007	1002
1007	1008
1007	1014
1007	956
1007	1011
4498	4497
2964	3372
2964	2732
510	453
510	475
3440	3438
3440	3439
3440	3393
3440	3377
3440	3444
3440	3447
3440	3443
3440	3442
3440	3445
513	471
1285	2033
1285	1232
1284	1887
1284	1232
1287	1293
1287	1286
1287	1294
512	526
512	516
512	475
1281	1232
1280	1510
1280	1232
1283	1572
1283	1232
1283	2120
1282	2086
1282	1715
1282	1232
1003	951
1003	996
1003	1012
879	876
879	846
879	871
1289	1544
1289	1286
1289	1543
1289	1430
1289	1431
1289	1428
1289	1847
1289	1890
1289	1390
1288	1286
1288	1432
1288	1635
1288	1636
1288	1637
1288	1293
514	525
514	471
3430	3431
3430	3432
3430	3433
1579	1582
1579	1583
1579	1580
1579	1581
1578	1506
689	684
688	684
688	756
688	782
3431	3722
685	731
685	684
685	730
684	687
684	686
684	683
687	737
516	472
516	483
681	784
681	785
681	769
681	678
681	679
681	783
681	675
681	756
680	675
680	751
680	779
680	778
1574	1262
1574	838
1574	913
1574	912
1227	1230
1227	1229
1227	1228
3433	3836
1226	1223
3434	3580
1225	1938
1225	1223
1224	1792
1224	1223
1224	1872
4152	4091
4152	4102
4152	4143
4152	4135
4152	4115
1222	1219
2741	2550
2741	2740
2741	2976
2741	2547
4389	4205
4388	4374
1221	1929
1221	1219
2740	2743
2740	2742
4383	4241
1243	1560
1243	1235
4381	4284
1220	1219
1220	1181
4918	3610
4385	4214
4384	4214
407	301
407	422
404	397
403	362
402	4443
402	4444
401	312
400	1167
400	1161
400	1357
400	1355
400	399
400	1259
1379	1587
1378	1678
1378	1365
1378	1634
1378	1368
1342	1341
1342	1893
409	408
408	385
3834	3825
3834	4905
3834	4921
3834	4864
3834	3833
3835	4725
3835	3592
3835	4552
3835	3529
1343	1341
1343	1978
3830	9
2747	2749
2747	2748
2747	2574
2747	2573
3832	3549
3832	3831
1344	1825
1344	1337
2148	2275
3838	3587
3839	3489
3839	3789
455	2328
455	2329
455	432
4031	4010
4033	3889
4033	3960
4032	3935
4032	3960
4035	4036
4035	3983
1346	1322
1346	1337
1346	1593
1346	1660
4037	3874
4037	4036
4039	3935
4039	4038
4038	3935
1347	1337
1347	1718
4846	4847
4846	4596
4737	4631
3569	3695
3569	3567
3569	3735
4734	4673
4735	4710
3206	3034
3206	3035
3206	3036
379	380
378	4505
378	4495
378	4494
378	4499
378	376
3620	3618
4842	4823
371	308
371	370
371	387
371	368
371	369
370	308
370	373
370	368
370	369
373	283
373	286
372	283
375	376
374	322
374	1422
374	1268
377	376
377	413
4739	4572
4739	4854
3205	3034
3205	2958
393	392
393	410
393	420
393	419
392	395
392	394
893	894
397	366
396	366
396	398
395	4504
4404	4419
4404	4405
4404	4403
4404	4441
4404	4436
4404	4445
4404	4448
3593	3595
3593	3594
2309	466
2309	2307
1247	1249
1247	1248
1247	1229
4729	4553
4728	2389
2301	2303
2301	2302
2300	2298
2300	2369
2303	2493
2303	2369
2302	2367
2302	2341
2305	2304
2304	2306
2307	2308
2306	2308
4676	4549
4676	4861
4676	4674
4676	4863
4696	4571
4696	4614
3592	3591
3592	3564
3592	4552
3592	4544
3592	4551
2746	2745
4919	3610
4919	4929
4919	4932
3748	3746
3749	3747
3749	3745
3749	3750
3746	3747
3746	3744
3203	2779
3203	3160
3744	3742
3744	3473
3745	3742
3745	3473
3742	3743
3740	3741
3741	3797
245	244
245	247
245	45
244	174
244	246
247	198
241	159
241	243
241	242
240	159
240	225
243	224
242	252
242	158
242	253
4628	3566
4628	4626
4628	4595
4629	4655
4629	4626
3591	3563
3591	3590
2887	3259
2887	2885
2275	2207
2274	2231
2276	1482
2271	2258
2270	2145
2270	2233
2273	1688
2272	1688
2279	2280
2279	2281
2278	1683
4674	3384
4674	4675
4674	4657
4407	4408
4407	4415
4407	4403
4407	4453
4407	4452
4407	4443
4407	4444
4407	4481
4407	4483
4407	4480
2154	1858
2154	2153
2198	2213
2198	1777
2459	610
2459	4876
2459	4554
2458	2419
2458	2376
2156	2157
2455	892
2455	2424
2455	2436
2454	2424
2457	438
2457	2324
2456	2381
2456	2398
2451	144
2451	2348
2450	2348
2453	2400
2453	2452
2452	2400
1862	1860
1862	1376
179	180
179	30
178	30
177	77
177	30
177	70
176	153
176	260
176	535
176	547
175	201
175	15
174	120
174	15
173	15
172	171
171	15
170	227
170	169
2051	2050
2051	1904
2051	2171
2051	2112
2051	2111
1502	1501
1502	1563
2053	2055
2053	2054
2052	1573
2052	2050
2055	1914
2054	1908
2057	2078
2057	1915
1503	1501
1503	1239
2059	1928
2059	2008
2059	1844
2058	2073
2058	1915
2058	1899
3692	3496
3692	3388
4825	4824
4825	2504
4825	2503
3694	3606
3694	3695
1500	1302
3696	3574
3697	3698
3697	3699
1501	1504
3596	3598
4802	4813
4802	4801
4633	4632
4633	4636
1506	1349
1506	1351
2968	2775
2968	2940
2968	2573
2968	2751
4856	4854
4795	4803
4795	4793
1507	1497
1504	2019
4740	4540
4740	4662
1505	1349
4402	4229
3526	3527
2157	1919
3524	3817
3524	3521
3525	4874
3525	3521
3522	3545
3522	3552
3522	3521
3523	3689
3523	3521
3520	4557
3520	4555
3520	4750
3520	3443
3521	3409
3087	3249
3087	2874
3087	3250
3087	3251
3087	2609
3087	3091
3528	3529
3541	3492
3541	3651
3541	3652
1364	1365
1364	1201
1364	1215
3086	3085
3086	3175
3086	3174
3086	2624
3086	3176
4654	4655
4654	4595
4670	4687
4670	4667
4670	4669
3543	3544
3543	3478
4657	4784
4657	4656
4657	4754
4657	4722
1977	1827
4656	3518
3083	2605
2699	2803
2699	2698
1976	2201
1976	1974
1976	1915
1976	2232
2697	2717
2697	2875
2697	2549
2697	2796
2697	2707
2696	2549
2696	2806
2695	2549
2695	2517
2695	2717
2695	2715
2694	2549
2694	2711
2694	2709
2694	2710
2693	2520
2693	2951
1975	1974
1975	2160
2691	2817
2691	2520
2691	2924
1365	1324
1365	1595
1365	1594
2405	2340
2405	2408
3782	3783
3782	3396
4229	4201
4229	4296
1973	1972
4652	4651
4652	4661
1972	1645
4556	4557
4556	4525
1607	1937
1607	1606
3673	3671
3673	3766
1115	140
1115	1116
1362	1462
1362	1458
1362	1361
3232	3118
3230	2845
3230	3229
3231	2845
1968	1969
1968	1970
1969	2125
1969	1802
1618	1186
1618	1621
1618	1619
1619	1184
1619	1795
1616	1571
1617	1324
1966	1956
1966	1960
1966	1967
1966	1541
1615	1614
1615	1566
1612	902
1612	1742
1961	1353
1961	1956
1961	1959
1610	1600
1610	2155
1611	902
1611	1262
4310	4281
4532	4762
4532	4588
4532	4529
3650	3646
3650	3657
1363	1634
1363	1425
1363	1361
4186	4183
2873	2586
2872	2586
2871	4265
2871	2868
2871	2869
2871	4243
2871	4318
2871	4269
2871	4222
2870	2868
2870	4220
2870	4178
2870	2974
2877	2604
2877	3265
2877	2876
2876	2604
2876	3019
2876	2708
2876	3101
2876	2984
2876	3248
2876	3138
2876	3160
2875	2604
2542	2978
2542	2866
2542	2535
2879	2973
2879	2878
2879	2777
2878	2882
2878	2881
2878	2880
4534	4535
4534	4536
4534	4537
3355	3354
3354	3143
3354	3346
3357	3358
3356	3343
3356	3151
3356	3147
3351	2786
3351	3350
3350	2786
3353	3346
3353	3352
3352	3149
3352	3273
3359	3251
3359	3360
3358	3335
4835	4763
3781	3780
3781	3479
3953	3900
3953	3954
2544	2543
2544	3040
2544	2535
4535	4768
4917	3610
4917	4929
1768	1187
1769	1392
1769	1705
1361	1360
1762	1763
1762	1718
1762	1764
1763	2202
1760	1237
1761	1246
1761	1237
1761	1773
1766	1187
1766	1159
1767	1187
1764	1582
1765	1187
1765	1330
1142	142
1143	1149
1143	142
1140	1138
1140	1137
1140	1082
1140	1081
1141	1104
1146	142
1147	142
1147	141
1144	142
1145	142
1148	1110
1148	143
1149	4924
1149	4906
2967	2573
4820	4818
4820	4773
2966	3305
2966	2767
2402	2347
3787	3786
3787	3821
692	693
692	663
692	694
692	695
690	691
691	696
691	704
691	705
691	706
691	707
691	703
691	653
691	708
696	698
696	697
695	769
695	791
695	773
695	715
695	549
698	740
698	741
699	663
1548	481
1549	1207
1549	1783
1549	1717
542	217
542	4244
542	4242
542	4243
542	528
542	529
543	546
543	547
543	544
543	545
540	538
540	535
540	534
540	52
541	528
544	535
544	545
544	539
3784	3517
3784	3396
548	535
548	549
549	203
1782	1603
1782	1563
1783	1719
1783	1784
1784	1818
1784	1648
1784	1698
1982	1943
1982	1980
1982	1728
1785	1665
3451	3452
3451	3453
3451	3454
3451	3455
1786	1779
1786	1787
2388	2367
2388	2391
3880	3854
3880	3877
4631	4611
4631	4630
3883	3889
3883	3887
3883	3881
3883	3888
4797	4808
4797	4796
414	413
415	353
415	385
416	411
417	411
411	282
1384	1992
1384	1381
1384	1994
1385	1320
1385	1387
1385	1386
1386	1591
1386	1590
1386	1593
1386	1592
1387	2002
1387	2001
1387	1591
418	335
1382	1393
1382	1381
1382	1392
1383	1860
1383	1381
3827	3582
3826	3408
3825	3794
3825	3824
4878	3610
4878	4877
3823	3482
3822	3799
3821	3824
3820	3819
4845	4650
3582	3580
3582	3842
3829	3828
3828	3527
3583	3580
3583	3842
2446	2398
2438	2358
2438	2439
3585	3584
4282	4280
4283	4280
4280	4281
4280	4239
4281	4308
4281	4307
4281	4309
4286	4329
4286	4328
4286	4285
4287	4259
4284	4382
4284	4380
4284	4378
4284	4379
4284	4239
4284	4377
4129	4109
4129	4116
4288	4259
3587	3811
3587	3584
3587	3814
4524	4525
3588	3584
3588	3739
3588	3815
368	308
368	305
368	369
369	308
369	283
366	365
367	300
364	363
365	289
362	380
362	356
363	282
360	356
361	356
2760	2513
3202	2779
380	354
382	383
383	384
384	385
386	289
388	389
3215	3117
3215	3179
4758	4855
4758	4589
4759	4749
4750	4752
4750	4753
4750	4624
4751	4624
4751	4766
4752	4621
4752	2390
4753	4768
4754	4755
4756	4621
4756	4653
4757	4783
4757	4589
4757	2483
3681	3680
2792	2787
2792	2948
3216	3101
3759	3758
3759	3764
4569	4573
4569	4572
4569	4568
4664	4531
4664	4745
4664	4663
3751	9
3751	3473
3753	3766
3753	3723
3752	3502
3752	3506
3755	3447
3755	3754
3754	3756
3757	3389
3756	3608
2190	1777
2190	1867
2191	2101
2191	2246
258	188
259	260
259	152
2194	2192
2194	1848
2195	1876
2195	2178
2195	2149
2196	1856
2196	2197
2197	1850
252	261
253	266
250	125
251	164
251	1061
251	1105
251	1100
256	188
257	188
254	255
255	45
255	125
2200	2199
2200	2211
2201	2160
2202	2234
2203	2087
2204	2231
2204	2167
2204	1883
2205	2212
2205	1885
2205	1879
2206	2132
2206	2130
2207	1633
2208	1942
2208	1813
2209	1340
2209	2188
4868	4869
4868	4870
3210	3020
2428	2356
2428	2425
2429	2431
2429	2430
2400	2423
2400	2399
4812	4811
4812	4829
4812	4824
4812	4814
4812	4821
2420	2411
2421	2422
2422	2423
2423	2424
2424	443
1849	2193
1849	2214
2426	2425
2427	2396
2427	2356
2427	2425
168	55
168	52
169	110
164	1095
164	163
165	166
165	127
166	67
167	262
167	265
167	35
160	228
160	156
161	118
161	162
162	163
163	45
4839	4840
4839	4834
4838	4840
4838	4773
3688	3603
3688	3687
4815	4774
4815	4832
4815	4822
4815	4837
4815	4814
4529	2365
4529	4530
4529	4531
4529	4533
4528	4622
3683	3568
3683	3685
3682	3568
4525	3621
4525	4567
4525	4566
4525	4565
3680	6
4523	55
4522	602
4521	602
4520	602
4422	4419
4422	4418
4422	4405
4422	4421
4422	4427
4422	4411
4422	4425
4422	4452
4422	4436
4422	4454
4762	4851
2518	2516
2518	2549
2518	3127
2519	2521
2519	2520
2519	2522
1980	1983
1980	1979
2514	2604
2514	560
2514	2681
2515	2712
2515	3019
2515	3022
2515	3021
2515	3020
2516	2517
2517	3126
2510	2511
1841	1637
2512	2622
2512	2616
2512	2626
2512	2627
2512	2625
2512	2511
2513	2659
2513	2627
2513	2625
2513	2757
2513	2745
2513	2511
2734	2961
2734	2582
2734	2733
2735	2733
2736	2525
2736	2769
2736	2768
2736	2770
2736	2771
2736	2767
2736	2766
2736	2676
1840	1637
2730	2585
2731	2585
2732	2965
2732	2782
2732	2772
2732	2663
2732	2956
2733	2582
3226	3227
3226	2845
3226	3223
2738	3172
2738	2676
2739	3332
2739	2766
2739	2676
4427	4453
4427	4418
4427	4462
4427	4415
4427	4421
4427	4425
4427	4440
4427	4439
3531	3494
3531	3532
3531	3533
3530	3494
3533	3601
3533	3516
3532	3693
3535	11
3535	3474
3535	3540
3535	3475
3535	3537
3535	3536
3535	3539
3534	3494
3534	3670
3537	3455
3536	3452
3539	3417
678	675
678	769
678	734
4425	4418
4425	4452
4425	4421
679	731
679	675
679	769
1814	1815
1814	1816
1815	2166
1816	2188
1817	1473
1817	1698
1810	1811
1810	1566
1810	1812
1811	1675
1813	1971
1813	1963
1813	1409
1813	1896
1813	1903
4339	4322
1819	1864
1819	1302
4336	4322
4337	4322
4334	4332
4167	4165
4167	4066
4335	4372
4335	4373
4335	4370
4335	4322
4335	4371
670	769
670	744
670	781
670	669
670	668
670	767
670	734
670	810
670	728
670	729
4700	4813
4700	4799
4700	2500
671	672
671	673
672	675
672	682
2401	2347
4331	964
1609	1791
1609	1606
1608	1510
1608	1606
3229	3225
3229	2845
3229	3223
3229	3055
3228	3224
3228	2845
3228	3223
3228	3055
3228	3362
1979	1981
1979	1706
1979	1707
1978	1827
1601	1457
1601	1602
1600	1448
1600	1318
1603	1560
1603	1239
1602	1657
1602	1654
1602	1258
1605	1527
1605	1662
1605	1673
1604	1516
1604	515
1604	1527
1604	1277
1971	1410
809	721
808	721
803	804
802	753
801	772
800	752
807	669
806	669
805	746
804	669
4437	4419
4437	4479
4437	4434
4437	4436
4437	4457
4437	4455
4437	4449
4437	4438
4437	4460
4437	4476
2848	2648
2848	2847
2849	2847
2849	2864
2849	2858
2849	2856
2846	2661
2847	2859
2847	2784
2847	2864
2847	2851
2847	2850
2847	2853
2847	2852
2847	2855
2847	2854
2847	2857
2847	2856
2847	2858
2847	2826
2844	2811
2845	2603
2845	3227
2845	3223
2842	2811
2842	3223
2843	2811
2840	2780
2841	2811
2841	3223
3320	3319
3320	2976
3321	2618
3322	2763
3323	3324
3324	2920
3325	3044
3325	3326
3326	3044
3327	3122
3328	3122
3329	2703
3589	3478
2612	2614
2612	3118
2612	3117
2612	3116
2612	2610
2612	3113
1775	1773
1775	1276
1774	1366
1774	1773
1777	1776
1776	1205
1776	1721
1771	1299
1771	1770
1773	1278
1773	1367
1772	1594
1772	1646
1772	1778
1779	1778
3972	3971
3972	3988
3972	4034
3975	3966
3975	3973
3974	3973
2998	2994
1159	1155
1159	1154
1159	1400
1158	1891
1158	1153
4913	4914
4913	4890
4913	4879
4913	4915
2999	2657
2999	3005
2999	3004
2999	3007
2999	3006
2999	3003
2999	3009
2999	3008
1155	1153
1154	1153
1157	2010
1157	1153
1156	1892
1156	1891
1156	1153
1151	1122
1151	1083
1151	1152
1150	1074
1150	1092
4182	4301
4182	4315
4182	4279
4182	4176
4182	4239
4182	2974
1555	1559
1555	1558
1555	1509
1555	1557
1555	1556
2618	3046
2618	3047
2618	2588
1554	2096
1554	1550
1554	2097
1554	2083
1554	2061
1551	1550
1551	1598
1550	1553
1550	1552
1553	1400
59	60
59	61
59	62
59	30
58	56
58	222
1557	1932
1557	1930
1557	2098
1556	1802
55	218
55	52
55	53
55	127
54	116
54	53
57	128
57	56
51	52
50	127
50	110
50	49
52	153
52	530
537	536
537	534
537	528
536	539
536	538
535	533
534	533
533	532
531	4246
531	530
3036	2543
3036	3039
3036	3034
3036	3035
3036	3292
3037	2543
3037	3035
3037	3038
2994	2701
2994	2996
2994	2997
2995	2701
2805	2806
2805	2546
2805	2804
3294	2820
3032	2543
3032	2773
3295	2819
3033	2543
3296	2953
4690	4655
3297	3298
3297	2958
3297	3300
3290	4150
3290	2639
3291	2888
429	425
429	508
429	430
428	2
428	425
1399	1482
1399	1396
1399	1737
1399	1398
1398	1696
1398	1396
421	4500
425	427
425	426
425	430
425	431
424	300
427	437
427	508
426	432
426	434
426	433
3812	3581
3452	3579
3452	3578
3452	3575
3452	3574
3452	3577
3452	3576
3452	3573
3452	3572
3810	3497
3811	3768
3816	3449
3816	3427
3817	3803
3453	3612
3818	3803
3819	3799
4834	4763
3450	3383
3450	3491
3518	3380
3627	3628
3456	3462
3456	3461
3456	3460
3456	3458
3456	3459
3456	3457
3626	3801
3626	3625
3626	3479
3457	3467
3457	3466
3457	3464
3457	3463
3457	3443
4890	4916
4890	4889
4299	4300
852	869
852	855
852	857
852	887
852	904
852	840
852	905
852	849
4295	4365
4295	4367
4295	4366
4295	4369
4295	4368
4295	4228
4294	4247
4297	4228
4297	4317
3455	3640
3455	3639
4291	4216
4291	4327
4291	4292
4290	4236
4290	621
4293	2568
4292	4216
4292	4363
4292	4362
4695	4693
4403	4405
4403	4406
4403	4408
4691	4775
4691	4615
4691	4708
3510	3508
3510	3846
3517	3380
3516	3393
3516	3551
3516	3494
3516	4559
3514	3389
2776	2950
2776	2645
4749	4724
4749	4546
4748	4546
4743	4741
4743	4667
4743	4673
4742	4741
3474	3471
4747	4531
4747	4770
4747	4720
4744	4644
1970	2125
2689	2690
4714	3590
4714	2509
4715	4716
4715	4717
4715	4718
4715	4531
4715	4719
3475	3471
4716	4531
4716	4720
2183	2172
2183	1339
2182	1828
2181	1728
2180	2224
2180	2114
2187	2120
2186	2248
2186	1740
229	226
229	4897
228	226
227	226
227	230
226	26
226	71
226	61
225	223
225	266
224	223
223	148
222	192
221	268
221	220
221	185
220	193
2213	1867
2210	2188
2217	1839
2217	2243
2216	2159
2216	1945
2215	2129
2215	1987
2215	1985
2214	2129
2214	2240
2219	2218
2219	1839
2219	2247
2218	1839
2218	1308
2218	2252
3698	3415
2681	3140
2681	3136
2230	2229
3549	3545
151	152
151	202
151	149
150	153
150	116
150	149
2439	2358
2439	2495
2439	460
2439	2324
152	149
155	158
155	147
155	157
155	156
154	67
157	147
156	159
2432	2344
2432	848
1293	1638
2430	2326
2437	443
2437	2473
2436	443
2435	2472
2435	2473
2435	2393
2434	443
2434	2433
2434	467
4922	4909
4637	4768
4637	4785
4637	4623
2236	2018
4518	4517
4519	602
4512	922
4513	4514
4510	110
4511	922
4516	4517
4517	602
4514	4515
4514	602
2509	2507
2508	2507
2508	4584
2508	4585
2508	4583
2508	4582
2506	2374
2505	4787
2505	4738
2505	4788
2505	848
2504	2345
2504	2502
2503	2345
2503	4826
2503	4828
2502	2345
2502	4699
2502	4774
2502	4773
2501	2293
2501	2345
2500	2345
2500	4699
2500	2390
2727	2724
2727	2723
2727	2722
2726	2722
2725	2722
2724	2923
2724	2723
2724	2722
2723	2787
2723	2722
2723	2789
2723	2788
2723	2790
2723	2791
2722	2728
2721	2718
2720	2812
2720	2718
2720	2719
2720	2828
2720	2825
2720	2826
2720	2827
2729	2701
2729	2585
2729	2657
3942	3978
3942	3937
3942	4019
4468	4434
4468	4491
4468	4438
4468	4424
4468	4467
4712	4576
4333	4332
4333	4341
4333	4340
1807	1299
1806	2163
1805	1714
1804	2179
1803	1825
1803	1826
1803	1827
1802	2117
1801	1681
1801	1389
1800	1702
1800	1703
1800	1799
3788	3786
3789	3786
1809	1259
1808	2149
1808	500
4923	4869
4923	4870
3089	3092
3089	3090
3089	2609
3473	3471
3473	3713
3473	3747
3473	3669
4832	4831
4843	4727
3088	2609
3710	3708
3710	3729
3258	2969
1524	1526
1524	1523
1948	2233
1948	2232
1948	1946
1544	1328
1525	1262
1525	1527
1525	1523
1942	1300
1943	2015
1943	1941
1940	1643
1940	2095
1940	1898
1940	1939
1940	1916
1940	2074
1941	1300
1941	1944
1946	1947
1526	1733
1526	1664
1944	2015
1945	1898
818	824
818	822
818	821
818	823
818	817
819	844
819	843
819	817
811	3917
811	3916
811	3887
811	769
811	3913
811	3915
811	3907
812	754
813	789
814	797
815	735
816	773
817	820
1991	2027
1991	1988
3495	3764
3495	3693
3495	3571
3495	3493
3495	3570
1522	1519
1522	2066
1990	1988
1990	1996
2851	2857
2850	2826
2853	3245
2853	2783
2855	3025
2855	2925
2855	3026
2855	2790
2855	2826
1621	1992
1621	2101
1621	2107
1621	2163
1621	2162
2857	3107
2857	3108
2857	2973
2856	3274
1490	1682
1490	1479
1490	1540
1490	1680
1397	1396
1397	1182
1492	1270
1492	1268
1267	1263
1267	1266
1495	1493
1495	1846
1496	1498
1496	1497
1498	1668
1499	1488
1499	2590
1499	2591
1499	2589
1499	2588
3339	2679
3339	3338
1395	1316
4189	4398
4189	4399
4189	4187
1700	1701
1700	1702
1700	1703
1700	1452
1701	1796
1701	1452
1702	1799
1394	1316
1704	1320
1704	1325
1705	1320
1705	1392
1706	1320
1706	2001
1706	2099
1707	2129
1707	1320
1707	2100
1708	1709
1708	1710
1708	1448
1996	1997
4572	4563
4572	4738
1392	1824
1392	1823
4573	4599
4573	4792
1391	1388
3217	2808
3217	3137
1390	1483
1390	1388
1390	1434
1390	1485
4188	4190
4188	4187
4188	4191
3659	3664
3659	3476
3659	3660
3659	3663
3659	3375
3659	3658
1128	1127
1128	1057
1129	1104
1129	1056
1628	1400
4576	4710
4576	4574
4576	4713
3813	3726
3813	3727
1120	1121
1120	1122
1120	1040
1121	1122
1121	1098
1123	1095
1124	1051
1125	1074
1125	1114
1126	1051
1127	1106
4490	4434
3958	3956
3958	4034
3958	4005
4579	4581
4579	4580
4722	4777
4722	4675
2989	2559
2989	2959
2988	2559
3029	3030
3029	3031
3028	2883
2983	2981
2983	3061
2983	3316
3026	3027
3026	3078
3026	3025
3026	3079
3025	3027
3025	2790
3025	2789
3024	2522
3023	2522
3022	3020
3020	3207
3020	2819
3020	3184
524	522
524	523
527	528
527	529
520	519
520	521
520	522
521	479
523	4
1014	953
1014	1012
1014	1009
1014	1008
1015	995
1015	1000
1016	995
1016	1008
1017	1019
1017	1020
1017	978
529	4247
1012	1013
1013	976
1013	937
1234	1241
1234	1240
1234	1168
1234	1233
1235	1233
1235	1240
1235	1242
1235	1245
1235	1244
1236	1255
1236	1233
1237	1245
1237	1233
1231	1232
1232	1279
1233	1238
1233	1239
4196	4197
4196	4195
4196	4198
4196	4199
3957	3969
3957	3888
3957	3956
4194	4180
4194	4226
4194	4193
1238	1560
1239	1853
1239	1531
1239	1575
4190	4274
4190	4332
4190	4249
4190	4185
4190	4191
4190	649
4190	4344
3956	3955
2526	2527
4358	4344
3955	3888
4354	3886
4355	3886
4356	4261
3954	3964
3954	3900
3167	3049
3167	3166
4351	4350
4352	4350
4353	4350
4679	4677
4678	4677
4678	4784
4678	4781
2486	2487
2486	2478
438	2
439	440
436	2
437	2
434	432
434	433
435	2
432	3
432	454
433	465
433	452
433	505
433	504
430	489
431	485
4902	2487
3809	3497
3808	3807
3805	3497
3804	3497
3807	3496
3806	3576
3803	3802
4904	4905
4904	3791
1630	1933
4907	4549
2864	3335
2864	3334
4906	3610
4906	3470
2865	2910
2865	2902
2865	2912
2865	2913
2865	2914
2865	2915
2865	2783
2865	2593
2865	2766
2865	2829
2865	2834
2865	2916
2865	2911
2866	2541
2866	2960
2866	2783
2866	2925
2866	2880
2866	2951
2866	2956
2866	2957
2866	2692
1967	1692
1967	2177
2868	2869
3162	2714
2869	2974
2869	2975
4764	4765
4697	4584
4697	4698
3082	2605
1960	1353
1960	1957
4776	4619
4775	2493
3163	2715
4773	4822
4770	4771
4076	4072
4778	4706
4778	4639
4298	4321
4298	4320
4298	4204
4174	4108
4175	4176
4176	4181
4176	4178
4176	4180
4177	4178
4170	4103
4170	4171
4170	4172
4170	4173
4178	4180
4178	4179
4469	4467
4469	4438
2464	2326
4296	4228
2949	2627
2465	2431
2465	2361
4183	4185
4183	4184
4183	2974
3064	3062
3064	3168
3064	3169
2466	2471
2466	2361
3161	2712
4618	4578
4618	4545
2467	2468
238	237
4070	4068
4070	4164
234	130
235	77
235	232
236	200
230	267
231	191
231	64
232	192
233	192
3068	2594
3068	3067
1963	2070
1963	1962
2228	1983
2229	1866
2226	1793
2226	1889
2227	1443
2224	1874
2224	2225
2222	2247
2222	1839
2223	2123
2223	2163
2220	1839
2220	2254
2221	2247
2221	1839
1	3
1	2
1	4
4880	4881
4880	4877
1433	1436
1433	1434
1433	1435
4881	4882
4837	4836
4882	4914
146	147
146	148
144	83
145	139
145	199
145	197
145	198
142	1096
142	1079
142	194
142	83
143	83
143	1041
143	1062
143	1079
140	1048
140	134
141	4896
141	4901
141	4916
141	134
2468	2397
2468	2350
148	264
4507	4496
4507	4506
4507	1357
4507	4509
4506	4495
4506	1357
4506	4508
4501	4503
4501	4502
4503	4496
4874	4931
4874	4871
4887	4866
4887	4921
4887	3470
4887	4867
3401	3402
2088	1659
2088	2089
2089	2136
2089	2137
2089	2138
3400	3395
3400	3397
2082	1691
2083	2061
2080	2079
2080	1691
2081	2079
2086	2087
2084	2085
2085	1743
3342	2770
3342	3343
3342	3344
2538	2773
2538	2521
2538	2535
2539	2652
2539	2651
2539	2938
2539	2535
3343	3157
2532	2533
2532	2534
2533	2922
2533	2521
2530	2528
2531	2629
2531	2529
2531	2941
2536	2552
2536	2521
2536	2535
2537	2649
2537	2650
2537	2535
2535	2543
2535	2541
2535	2540
2535	2547
2535	2546
2535	2545
2712	3019
2713	2527
2713	2716
2713	2714
2713	2715
3341	2613
2717	2752
4238	4235
3346	3345
2718	2719
3093	2545
3347	3253
3409	3406
3344	3243
3344	3331
3408	3406
3345	2771
3345	3241
4687	4859
1832	1304
1832	2185
1833	1304
1833	2242
1830	1304
1830	2248
1831	1304
1831	2241
1836	1304
1836	2256
1837	1419
1837	1351
1834	1304
1834	2251
1835	1304
1835	2257
3795	3565
3090	3092
3090	2609
1838	1420
1838	1351
1839	1352
3791	3610
3791	3790
3793	3709
3792	3728
3792	3405
2406	443
2406	2407
2404	610
2404	2478
2404	961
2404	2347
938	932
938	924
2150	2078
2150	2158
2151	1955
2151	2131
2152	2014
2152	2006
2153	1858
933	932
933	986
933	972
933	998
933	947
932	613
932	944
932	945
932	942
932	943
932	940
932	941
932	939
932	937
932	936
932	935
932	934
931	922
931	930
931	602
937	1010
937	936
937	954
936	1006
3091	2609
1691	1690
1955	1952
1954	1953
1954	1952
1957	1353
1957	1959
1956	1353
1951	1950
1950	1335
1953	2099
1953	1952
4408	4470
1959	1353
1959	1958
1958	1353
4409	4411
4409	4410
3249	3250
3249	3251
3248	3160
3248	2984
3096	2547
3243	3242
3241	3240
3247	2784
3246	2854
3244	2852
4392	4397
4392	4395
4392	4396
4392	4205
829	833
829	827
829	862
829	830
828	832
828	833
828	834
828	835
828	827
828	826
825	826
824	914
824	826
824	820
827	830
827	831
826	836
826	837
826	838
821	843
821	842
821	841
821	822
820	863
820	834
823	854
823	856
823	857
823	853
823	822
822	846
822	845
4259	4289
4259	4192
3097	3098
3097	2624
1536	1532
1176	1341
2409	4899
2409	2297
2409	2408
4400	4375
4312	4279
3227	3223
1483	1436
1483	1486
1483	1485
1483	1484
1483	1402
1482	1481
1480	1434
1480	1540
1480	1639
1480	1350
1480	1681
1480	1680
1480	1683
1480	1682
1480	1679
1480	1294
1487	1489
1487	1488
1486	1844
1485	1400
1484	1436
1484	1843
1484	1845
1484	1844
3306	2970
3307	2971
1489	1460
3302	2957
3303	2961
3300	3298
3300	2958
3301	2958
3301	3299
797	667
797	735
796	667
795	794
794	754
793	741
792	791
791	769
790	713
3050	3048
3050	3046
1719	1472
2413	2419
2413	2418
2413	2412
2413	2287
799	798
798	752
4318	4319
4318	651
2412	2415
2412	2414
2412	2417
2412	2416
4319	4226
4319	4245
4319	651
1272	1265
1272	2258
4062	4102
4062	4060
4062	4061
4062	4112
4062	4133
1139	1101
1138	1110
1138	1137
1138	1136
2417	2416
2417	2287
3051	3049
3051	3046
1133	1057
1132	1057
1131	1057
1130	1058
1130	1101
1137	1041
1137	1135
1136	1110
1136	1041
1136	1135
1134	1047
4061	4060
4061	4114
1179	1186
1179	1187
1277	1241
1277	1733
2790	2558
2790	2789
2790	3271
2790	2947
2790	2946
2790	2791
3018	2632
3019	2708
3019	3137
3019	3136
3019	3139
3019	3138
3012	3003
2796	2762
2796	2802
2796	2798
2796	2799
2796	2803
3010	2996
2793	2787
2793	3119
2793	2794
3016	2959
3016	3017
3014	2960
2065	2009
2065	1426
518	456
2149	1450
1009	994
1009	1006
1008	995
1008	957
511	475
1005	1024
1005	997
1005	1023
1004	975
1004	996
1004	997
1004	1000
515	471
515	1663
1002	950
1002	925
1002	956
517	509
1000	999
623	618
622	617
621	619
620	619
627	630
627	631
627	626
626	629
626	628
625	616
625	650
625	580
624	571
624	616
4180	4192
4180	4193
628	584
4185	4364
4185	4306
4185	2824
4185	2974
4185	4375
4184	4199
4184	4322
4184	4323
4184	4191
1229	1269
1229	1265
1229	1822
1229	1248
4349	4301
4348	4301
4347	4301
4346	4301
4345	4393
4345	4394
4345	4191
4344	4361
4344	4360
4344	4359
4344	4357
1535	1532
4342	4237
2882	3255
2883	2802
2881	3255
2886	3204
2886	2885
3197	2972
3197	2773
2884	2802
2885	2623
2885	2888
2888	2890
2889	2890
3662	3375
4464	4465
4464	4463
4464	4432
4621	4620
4621	4707
3878	3854
3879	3854
3196	3170
4865	4909
4865	4870
3870	3904
3870	3871
3870	3868
3871	3868
3872	3869
3872	3873
3872	3874
3875	3876
3876	3877
3876	3866
3877	3854
3877	3930
1286	1292
1286	1290
1286	1291
4677	4681
4677	4680
11	10
11	3454
13	12
15	14
15	119
15	115
15	125
17	33
17	32
17	34
17	35
17	16
16	18
19	20
18	47
3118	3116
3118	3115
3118	3113
3275	3276
3275	3224
3275	3277
2382	2367
2382	2383
2382	2385
2382	2384
3959	3960
3959	3961
3272	3273
3194	3134
3194	2768
3904	3905
3904	3962
3904	3926
3904	3901
3905	3901
3906	3985
3906	3869
3906	3901
3907	3912
3907	3911
3907	3910
3907	3908
3907	3909
3900	4002
3900	3909
3900	3865
3900	3988
3270	3269
3902	3899
3902	3901
3903	3899
3903	3901
3271	2789
3271	3278
3908	3976
3601	3600
4761	4619
4761	4726
4763	4699
4763	4803
4763	4798
3600	3602
3600	3599
4765	4653
3111	2599
3111	4085
4767	4724
4766	4536
4769	4720
4768	4706
3193	2778
2719	2814
2719	2811
2719	2810
2719	2783
2719	2603
2719	2812
2719	2813
4166	4130
4166	4165
4166	4096
4166	4168
4163	4169
4163	4161
4162	4169
4162	4161
4161	4160
929	921
929	952
4268	4267
4169	4206
4169	4208
1534	1469
1534	1532
3192	2982
4934	4941
201	113
200	182
200	113
203	3892
203	202
202	180
205	26
205	204
207	197
206	197
209	210
208	197
208	611
208	199
208	571
3476	3471
1573	1297
1573	2116
1573	2115
4706	4705
3191	3182
3471	3472
2239	1748
2238	2144
686	731
686	738
686	737
686	736
3472	3667
3472	3643
2231	1884
1577	1588
1577	1587
1577	1576
1577	1585
2235	1866
2234	1867
2237	1255
1576	1508
1575	1562
1575	1563
4565	4596
682	726
682	724
682	725
682	722
4594	4595
2185	1740
3498	3500
3498	3483
3498	3499
3499	3848
3496	3387
3494	3493
2184	2248
2184	1740
3492	3542
3492	3404
3492	3487
3490	3716
3490	3486
3491	3508
3491	3447
3491	3487
2095	2161
2094	1569
2094	2093
2097	1964
2091	2090
2090	1537
2092	2011
3654	3717
3654	3718
3654	3552
3654	3653
3655	3548
3655	3653
3656	3657
2099	2100
2098	2121
3652	3651
2525	2616
2525	2615
2525	2621
2525	2523
2525	2969
2525	2767
2525	2620
2525	2564
2525	2970
2525	2971
2525	2830
2524	2523
2524	2592
2524	2783
2524	2829
2524	2834
2524	2833
2524	2832
2524	2830
2527	2763
2527	2762
2527	2761
2527	2754
2527	2753
2527	2945
2527	2801
2188	1657
2521	2607
2521	2582
2521	2629
2521	2933
2521	2926
2521	2520
2520	2572
2520	2692
4602	4603
4602	4601
2529	2528
4603	4772
4603	4542
2665	2664
2665	2656
4192	4220
4192	4260
4192	4261
4600	4857
4600	4597
4493	4494
4601	4580
4888	4889
4889	4891
4889	3551
4889	4872
2708	2707
2708	3101
2708	3015
2708	2752
2708	3138
2708	3160
2705	2652
2704	2652
2704	2585
2704	3330
2707	2604
2706	2652
2701	2700
2700	2652
2700	2702
2703	2652
2702	2996
4193	4314
4193	4226
4090	4135
4090	4086
4710	4709
1829	1304
1829	2251
1828	1401
2951	2952
1824	2069
1824	2240
1824	1981
1826	1345
1821	1713
1821	1302
1820	1895
1820	1302
1823	1987
1823	2069
1822	1687
928	946
928	921
2410	2411
2410	848
2145	2056
2144	2143
2144	2141
2143	2170
2143	2169
2143	2141
2142	2141
2142	2056
2140	2121
2140	2167
920	970
920	918
920	969
921	919
921	602
922	919
923	612
923	924
923	925
923	926
924	926
927	612
927	956
927	955
927	957
927	602
3669	3668
3950	3936
3950	3886
3950	3889
4155	4095
4326	4324
1920	2075
1922	2259
1923	1924
1923	1925
1924	1694
1925	2030
1926	1928
1926	1927
1927	2119
1929	2003
4226	3886
4226	4222
3069	2594
3069	3065
3279	2946
833	863
830	840
830	862
830	865
830	864
831	865
831	884
837	903
834	883
835	895
835	906
835	884
4220	4240
4220	4239
4220	4241
838	889
838	906
839	840
3478	3590
3478	3563
3478	3477
3479	3477
4821	4817
4221	4224
4221	4225
4221	4222
4221	4223
3	458
3	460
3	459
4222	4227
4248	4246
2937	2928
2937	2927
2937	2926
4622	4623
4622	4624
4622	4625
1986	1984
1986	2133
3332	3333
2664	2655
3199	2773
3941	3940
3941	3937
3941	3943
3319	2976
3318	3253
3311	2977
3310	2973
3313	3312
3313	3200
3312	3200
3315	2984
1987	1984
1987	2240
1987	1981
1532	1537
1532	1418
1532	1533
786	757
787	762
780	667
780	726
781	669
1726	1725
1726	2022
1727	1725
1727	2023
1724	1725
788	745
789	745
1720	1789
1721	1867
4711	4608
4159	4132
4159	4160
4387	4374
4386	2975
60	61
60	30
61	28
61	71
63	64
63	65
65	48
66	67
67	26
67	31
67	184
67	126
67	185
68	38
69	71
69	70
3337	2678
3337	3145
3337	3336
1371	1369
1371	1258
1371	1246
1588	1587
1589	1459
1589	1669
1370	1369
1583	1937
1580	1584
1581	1716
1586	1667
1586	1671
1586	1585
1373	1297
1584	1321
4272	4273
1038	1037
1039	1086
1039	1041
1039	1037
3317	2565
509	440
509	456
1032	1033
1032	1034
1032	1035
507	489
507	488
1030	1036
1030	1029
1030	1057
505	4094
502	494
502	452
502	503
503	490
503	491
500	499
500	1448
501	499
631	640
631	644
632	583
632	637
633	583
633	637
634	583
634	600
635	590
635	585
635	583
635	594
636	594
636	587
636	583
636	590
637	571
637	602
638	584
638	642
639	584
639	642
1218	1886
1218	1216
4920	4911
3335	3334
4374	4323
4375	4401
4831	4804
2899	2622
2899	2900
2899	2898
1728	1298
4811	4804
2895	2896
2894	3043
2894	2893
4242	4243
4242	4265
1729	1731
1729	1730
1729	1422
2891	2892
2890	2622
2893	2622
2893	2892
1106	1073
1107	1075
1107	1057
1104	1057
1104	1077
1104	1075
1104	1072
1104	1099
1104	1102
1105	1061
1105	1103
1102	1103
1103	1061
1100	1094
1101	1094
1101	1086
1101	1035
4457	4436
1458	1461
1458	1459
1458	1460
1108	1086
1109	1110
1109	1082
1109	1081
3862	3863
3862	3865
3862	3864
4021	3987
3869	3868
3869	3901
3869	3933
3869	3932
3868	3867
4084	4080
4084	4145
4085	4086
4085	4087
4086	4088
4086	4091
4087	4128
4087	4124
4087	4154
4087	3110
3863	3866
1722	1788
1722	1869
3861	3936
3861	3858
3860	3951
3860	3936
3860	3858
3866	3915
3866	3899
3866	3895
3865	3899
1723	1429
1723	1430
3837	3548
3736	3841
3736	3840
3735	3764
1897	1898
1897	1899
3733	3459
3732	3460
3731	3644
3731	3617
3730	3617
4903	4898
3917	3892
3917	4027
3916	3948
3916	3915
3916	3946
3916	3947
3915	3886
3915	3924
3915	3923
3915	3895
3914	3931
3914	3913
3912	3982
3911	3943
2137	1985
4921	3542
3919	3895
3918	3949
3918	4002
3918	3895
4219	4215
4692	4693
4692	4694
4798	4796
4799	4800
3314	3061
4794	4810
4794	4793
2794	2787
2794	3119
4790	4789
4791	4646
3070	2678
4153	4134
4153	4135
4150	4128
4151	4102
4156	4095
4157	4130
4157	4095
4154	4148
4030	3987
4030	3930
4030	4010
4158	4089
2131	2130
2131	1592
4338	4322
4698	4611
2965	3373
3071	2679
4034	3980
216	180
217	180
217	4245
214	180
215	180
212	130
212	211
213	180
210	70
211	111
211	192
1530	1528
1530	1520
1530	1734
4036	3943
219	127
3094	2611
3094	3095
2138	2132
2139	2032
4713	4701
4140	4139
4140	4141
2668	2666
2668	2667
2668	3236
2668	3237
4836	4833
4	478
2431	2371
3488	3714
3488	3716
3488	3486
3481	3477
3480	3477
3483	3501
3483	3502
3483	3442
3482	3544
3482	3477
3485	3561
3485	3442
2669	2671
2669	2670
2669	2672
3487	3486
3486	3489
4563	4562
4562	4564
4561	4580
4561	4559
4560	4558
4567	4653
4566	4662
3649	3646
3649	3797
4564	2493
3074	3073
3074	3059
3646	3645
3646	3547
3645	3647
3645	3648
3644	3739
3644	3643
3644	3642
3644	6
3643	3642
3641	3454
2550	2991
2550	2548
2551	2763
2551	3045
2551	2548
2551	2752
2551	3044
2552	3052
2552	2927
2553	2554
2554	2555
2554	2556
2554	2557
2554	2558
2554	2559
2554	2563
2554	2562
2554	2565
2554	2564
2554	2561
2554	2560
2556	2594
2556	2595
2557	2785
2557	2784
2557	2786
2557	2783
2558	2783
2558	2925
2558	2647
2558	2948
2558	2947
2558	2946
2396	2395
2397	2460
2397	2470
2397	2469
2397	2395
2397	2378
2397	2350
2394	2392
2394	2488
2392	2393
2393	443
2390	4667
2390	2389
2390	2367
2390	4544
2391	2308
3001	2657
4132	4054
2398	2380
2399	443
2778	2645
2779	3201
2779	2645
2779	3160
4898	2487
4898	4897
3003	3011
3003	2996
3282	3137
3282	2822
2771	3281
2773	2543
2773	2972
4896	4895
4895	1116
2777	2645
4081	4079
4081	4073
4817	4816
2751	2750
4269	4343
4269	4265
3940	3937
3164	3165
3164	3121
3164	3047
1858	1413
1858	1893
1859	1413
4419	4434
4419	4421
4419	4411
4419	4438
4419	4436
4418	4421
4418	4435
1850	1431
1851	1407
1852	1745
1852	1407
1854	1855
1855	1652
1856	1436
1856	2007
1857	1314
1857	1413
2172	1656
2173	2006
2171	1539
919	918
2174	1676
2175	1884
2175	2176
915	881
915	916
917	916
917	4940
916	867
911	1366
911	1367
911	909
911	896
910	896
913	859
912	858
2604	2811
2604	2602
2604	2644
2604	2645
2605	3081
2605	3080
2605	2602
2606	2607
2607	2608
2607	2609
2600	2596
2600	2599
2601	2596
2601	2598
2602	2603
2603	2811
2603	2780
4270	2567
2608	2582
2608	2874
1423	1512
1423	1416
1423	1475
1932	1930
1931	2118
1931	1930
1936	1185
1935	1185
1934	1861
1934	1962
1939	1918
1938	1710
3369	2786
847	844
847	848
846	882
845	848
840	880
840	851
840	865
840	885
840	886
4277	4279
4277	4278
4277	4239
3671	3672
849	850
849	851
3364	3253
3365	2822
4927	4892
4927	4925
3367	2959
1587	1462
4626	4627
2407	2358
1739	1269
1739	1740
1739	1351
1738	1547
1738	1867
3702	3701
3968	3967
3968	3888
1731	1352
1731	1350
1730	1732
1733	1736
1733	1735
1733	1734
1732	1351
1735	1871
3895	3922
3895	3920
3895	3893
753	751
753	750
753	764
752	750
751	750
750	754
757	734
757	756
757	729
756	667
756	762
756	738
756	729
755	729
759	714
758	660
1595	1299
506	504
506	1368
1597	1513
1597	1452
1596	1205
1596	1475
1591	2129
1591	2130
1590	1659
1590	1660
1593	1914
1033	1035
2954	3103
2954	2582
2954	2579
2955	2944
2955	2781
2955	2971
2956	2911
2956	2912
2956	2781
2956	2632
2956	2958
2956	2959
2957	2781
1599	484
2952	2978
2953	2944
2953	2582
1025	1023
1024	1027
1024	1028
1031	1029
1021	1018
1023	1026
1022	1018
3150	3151
1036	1050
1036	1051
1036	1034
3785	3428
1037	1041
1037	1040
390	306
1035	1060
3951	3936
605	606
604	606
604	603
607	606
606	610
606	608
601	602
600	598
600	595
600	581
602	611
602	968
602	998
602	2566
602	110
602	187
1205	1204
1205	1202
1205	1870
1205	1869
1205	1868
1205	1517
1204	1434
1204	1455
1204	1202
1204	1257
1204	1451
1204	1389
1207	1206
1206	1208
1206	1203
609	4116
609	608
609	2481
1203	1202
1211	1201
1211	1214
1211	1215
4279	4311
4279	4313
4276	649
4276	4275
3108	3107
1214	1674
1214	1662
1214	1675
3104	3102
3105	3102
3106	3102
3106	3103
1215	1711
1215	1324
1215	1332
3100	2667
3100	3101
3101	2667
3101	3160
3102	3103
1111	1097
1111	1080
1113	1068
1113	1114
1112	1069
1112	1074
5	9
5	8
5	7
5	6
1114	1068
1114	1091
1117	195
1117	1118
1117	1089
1119	1046
1351	1304
1351	1348
1449	1447
1449	1875
1448	1713
1448	1712
1448	1711
1448	1714
1448	1334
1448	1447
1448	1564
4093	4074
4093	4091
4093	4112
4092	4074
4091	4144
1350	1348
1350	1464
4097	4069
4096	4064
4095	4064
4095	4134
4095	4059
4094	4117
4094	4064
4094	4106
461	454
4099	4102
4099	4100
4099	4103
4099	4069
4098	4069
1356	1358
1356	1355
463	454
489	485
488	485
487	485
486	452
486	485
485	490
485	491
484	482
483	482
481	470
481	1517
480	470
4586	4552
4586	4582
4853	4852
4853	4792
4550	4539
4827	4826
4580	4605
4580	4604
4725	3598
3705	3631
4724	4723
4850	4828
4727	3598
3923	3884
3923	3925
3920	3986
4726	3598
3926	3925
3927	3925
3924	3935
3924	3886
3925	3928
3925	3929
3952	3936
3952	3989
3929	3981
3993	3930
3993	3992
4472	4431
4723	4667
4788	882
4786	4738
4782	4781
4780	4668
4149	4112
4148	4147
4144	4135
4147	4123
4147	4128
4146	4102
4146	4115
4141	4139
4141	4115
3992	3930
4143	4139
4142	4089
4142	4139
3856	3935
3856	3853
3856	3934
3308	3175
3854	3852
3854	3853
3855	3853
3855	3888
3852	3850
3850	3851
3851	3891
3851	3864
3858	3859
3859	3898
3848	3664
4497	4499
4822	4823
4305	4302
4012	3897
2898	2897
4823	4841
4883	4549
4883	4884
4883	4866
4883	4885
4647	4641
3909	4001
4932	4912
3665	3768
3665	3375
3665	3767
2896	3263
2896	2942
199	964
199	651
198	26
198	180
198	197
195	194
195	1045
196	71
191	111
191	190
190	42
190	192
193	74
192	130
3678	3422
3679	3418
3670	3438
4559	4558
3672	3415
4554	4866
4554	4867
4554	4551
4552	4636
4553	2389
4553	4551
3674	3540
3674	3411
2543	3038
2543	3039
2543	3034
2543	3035
2543	2958
1454	1545
1454	1451
2541	2977
2540	2972
2540	2650
1455	1389
2549	2548
1456	2035
1456	1162
2381	2379
2381	2488
2380	2379
1457	1444
2385	2366
2384	2365
2384	4669
2387	2367
2386	2367
2389	2367
1450	1447
1450	1709
1451	1208
1451	1452
1451	1453
3580	3581
3581	3700
2769	3195
2768	3134
2768	2677
3584	3445
3584	3586
3586	3445
3259	3261
3259	3260
3259	3262
2763	2762
2763	2761
2763	2945
2763	3045
2763	3044
2762	2761
2762	2798
2762	2799
2762	2800
2762	2801
2762	2797
1453	1647
2766	2906
2766	2916
2765	2572
2764	2993
2764	2572
3676	3612
3676	3675
1949	1334
3145	3144
2007	2008
2007	1844
4260	4261
902	906
902	889
902	1561
902	1258
903	459
900	886
901	889
907	904
1842	1290
1842	1637
908	899
908	909
909	896
1847	1329
1846	1794
1845	1329
3677	3675
3250	3251
4623	4638
4623	4639
2168	2159
2168	1643
3251	3360
2165	2025
2165	1908
2164	2109
2161	2135
2160	2064
2163	2027
2617	2588
2616	2622
2616	2615
2616	2621
2616	2624
2616	2623
2616	2620
2616	2588
2615	2611
2614	2610
2613	3113
2613	2610
2129	2002
2611	2610
3254	3252
3254	3253
3254	2931
4540	4538
4540	4558
4082	4131
4082	4079
2619	2591
2619	3047
2619	2588
1947	1995
4541	4542
4083	4080
4083	4131
3298	2958
3299	2958
1908	2136
1908	1907
1909	1907
1909	1795
1906	1895
1906	2115
1904	1895
1905	1895
1905	2135
1902	1895
1903	1895
1900	1901
1900	1189
3293	567
854	855
855	857
856	861
856	860
856	858
856	859
857	851
850	867
850	866
851	889
4854	4792
4088	4089
4455	4436
2463	2326
4546	4543
4428	4423
4428	4415
4428	4453
4428	4452
4428	4451
4428	4454
4589	4587
4915	4894
4571	4568
3973	3965
2609	3092
4588	4587
4912	4910
741	653
742	743
743	744
743	745
743	746
743	731
743	729
744	747
745	737
746	731
748	725
749	761
749	725
749	765
2912	3177
3063	3062
3063	3170
3062	2577
3061	561
3060	561
3067	2594
3066	2594
3066	2648
3066	2906
3066	3221
3066	3220
3066	3222
3066	2833
3066	2832
3065	2594
2947	3280
2944	2781
2944	1678
2943	2622
2943	1678
2943	3266
2942	2622
2942	3099
2940	2775
2940	2939
1050	1052
1050	1053
1052	1063
1053	1061
1053	1090
1054	1058
1054	1055
1054	1056
1054	1057
1055	1058
1055	1059
1055	1060
1057	1092
1057	1061
1057	1076
1058	1060
1059	1061
1059	1062
2917	2598
4332	4274
1696	1401
1696	1695
1697	1698
1697	1699
1694	1319
1692	1680
1692	2177
1693	1299
1693	1438
1693	1319
1693	1646
1792	1791
4910	4911
2595	3366
2595	2969
1791	1793
1699	1797
1278	1241
1278	1258
618	617
618	615
619	616
4315	4316
612	611
613	611
610	2328
611	110
616	580
616	572
616	577
616	576
616	578
617	614
614	576
615	576
1795	2133
4911	4891
4429	4420
4429	4424
4429	4434
4429	4431
4429	4430
4429	4433
4429	4432
1794	1658
4431	4420
4431	4411
4431	4459
4816	4804
1491	1268
3117	3116
3117	3113
3117	3179
3117	3048
3116	3113
3116	3133
3115	3113
3114	3113
3112	2932
3112	2930
2469	2377
3110	2599
1472	1257
1472	1797
1473	1257
1470	1251
1471	1257
1476	1434
1476	1477
1477	1187
1477	1790
1477	1684
1477	1475
1477	1478
1474	1257
1475	1421
1494	1744
1494	1493
1478	1434
1479	1434
1304	1303
1305	2126
1305	1303
1306	1465
1306	1303
1307	2242
1307	1303
1300	1295
1301	1410
1301	1409
1301	1296
1301	1310
1302	1689
1302	1296
1302	1538
1303	1308
1303	1249
1309	1314
1309	1313
1309	1312
1309	1311
1309	1310
4587	2493
4587	4590
3590	4709
498	458
498	465
498	497
499	472
494	492
495	491
495	492
496	440
496	490
496	492
492	440
492	493
24	132
24	131
24	22
25	22
26	22
26	28
26	131
27	31
27	22
20	21
20	22
22	23
23	28
2593	2785
2593	2592
29	31
29	30
3262	3260
3939	3937
3939	4019
3938	3937
4415	4414
4415	4453
4415	4452
4415	4451
4415	4454
3935	3961
3934	3898
3937	3943
3937	3944
3937	3899
3936	3898
3931	3899
3930	3884
3930	4009
3930	4013
3930	4014
3930	4015
3933	3982
3933	3983
2599	2929
2599	2596
2599	2935
2599	2642
2599	2643
2599	2926
2599	2637
1703	2126
4138	4120
4138	4059
4138	4137
4434	4420
4434	4424
4434	4436
4434	4433
4434	4438
4434	4476
4130	4065
3224	3277
3224	3223
4133	4134
4134	4078
4135	4115
4136	4102
4136	4105
4136	4051
4137	4071
4137	4119
3264	3263
1875	1877
1875	1517
3845	3429
3845	3635
3844	3843
3844	3550
3847	3405
3849	3707
1511	1513
1511	1512
4612	4613
4612	4614
4465	4475
4465	4473
4465	4477
4465	4432
4430	4471
4430	4424
4433	4424
4433	4432
4433	4471
4433	4474
4432	4474
4432	4478
4432	4475
4432	4473
4432	4477
4432	4476
3267	2828
4044	4007
4045	3891
4046	4047
4047	4106
4047	4065
4040	3978
4040	4019
4041	3970
4041	4042
4041	4007
4042	3949
3309	2973
3648	3548
3910	3984
4048	4049
4048	4051
4048	4050
4049	4073
4049	4072
7	3397
3982	3984
3982	3985
2288	2289
2288	2290
3667	3375
3666	3375
3661	3375
3663	3769
2280	2282
2281	1870
2282	1638
2283	2284
2283	2285
2284	2294
2285	2294
2286	2287
2287	2492
2287	2476
2287	2491
2287	2490
2287	2329
2287	2489
2287	2482
4549	4909
4549	4908
4549	3384
4549	4544
4548	4543
4548	4688
4460	4411
4538	4539
4543	4545
4543	4544
4543	4547
4545	4617
4545	4616
972	996
972	969
4828	4826
2578	2575
2579	2575
2579	2582
2579	2580
2576	2575
2577	2575
2577	2581
2574	2586
2574	2652
2574	2980
2574	2570
2574	2979
2056	1915
2572	2586
2572	2570
2573	2570
2570	2569
2570	2571
2378	2375
4461	4459
3691	3637
3691	3612
3691	3573
2374	2372
2375	2376
2375	2377
2376	2377
2377	2475
2377	2470
2377	2482
2377	2349
2370	2371
2370	2361
2371	2471
2372	2373
2373	2355
2594	2906
1087	1084
2596	2597
2596	2598
2590	3098
2590	3175
2590	2591
2590	3200
2591	3171
2591	3121
1086	1094
4530	4659
3598	4635
1085	1097
1085	1040
1085	1079
3695	3438
3695	3606
1876	1517
1876	1874
1876	2178
1876	2067
1874	2113
1874	1873
1084	1079
1873	1521
1873	1567
1871	1650
1083	1040
1083	1078
4439	4440
4438	4479
4438	4436
4438	4445
4438	4449
4438	4474
4438	4476
1082	1041
1082	1078
977	974
977	969
977	993
976	969
975	969
974	969
973	969
1081	1041
1081	1078
971	980
971	969
971	979
970	993
1080	1040
1080	1078
979	982
979	983
979	981
979	984
979	985
978	1018
978	969
182	181
183	114
183	181
183	113
186	187
186	184
2110	2111
2110	2112
189	71
2114	2113
2623	3056
2626	2670
2626	2659
2624	3085
2624	3098
2625	2659
2625	1380
2628	2629
1919	2076
4592	4666
4592	4591
1464	1466
1464	1635
1464	1463
1464	1636
3289	2639
3288	2639
1911	1910
1910	1410
1913	2026
1913	1912
1912	1914
1914	1660
1916	2077
869	868
3449	3448
3448	3383
861	873
860	873
863	862
865	890
866	881
866	880
2024	2025
2024	2026
2024	2027
2020	1964
2020	1632
2020	1633
2021	2071
2021	2005
2022	1165
2023	1253
2117	2118
2028	2029
2028	2030
2029	1313
2758	2757
2759	2757
883	891
887	888
884	898
884	899
3728	3469
888	4939
888	4937
3148	3149
4014	4013
3970	3949
3970	3967
4591	4593
4555	3621
3988	3949
4800	4801
775	666
774	720
777	764
776	715
771	714
770	737
773	714
772	714
772	721
4596	4575
4675	4721
77	75
77	74
76	75
76	130
74	72
73	130
73	72
71	70
71	84
2973	3107
2970	2930
2977	3084
79	80
79	81
79	78
1043	1042
1043	1049
1043	1048
1043	1047
1042	1046
1042	1045
1042	1044
1041	1046
1041	1044
1041	1049
1047	1089
1044	1089
1044	1088
4597	4598
4597	4599
1682	1432
1685	1248
1685	1269
1684	1422
1684	1679
1687	1248
1687	1688
1686	1248
1689	1201
1688	1248
3983	3943
2981	2982
4928	4892
4303	4302
4302	4240
4302	4304
1269	1354
1269	1264
1268	1264
4306	4240
4306	2974
669	668
667	665
667	723
666	665
664	716
664	721
664	662
664	718
663	700
663	662
663	702
663	701
662	661
660	657
660	676
3287	3277
2985	2806
3286	3277
2984	2806
2984	2667
2984	3160
3285	2906
4212	4209
4212	4210
4212	4243
3128	2911
3284	3283
3284	2906
3122	3120
3122	3121
3283	2906
2337	2340
2337	2336
3121	3120
3121	3049
3121	3171
3121	3047
3124	2818
3125	2819
3125	2818
1469	1251
1468	2128
1468	1251
3977	3976
1465	1463
1467	1636
1467	1463
1466	1463
1317	1310
1316	1323
1316	1310
1315	1323
1315	1325
1315	1324
1315	1310
1311	1413
1311	1414
1310	1321
1310	1319
1310	1318
1310	1320
1310	1322
4608	4707
3976	3978
4237	4234
4236	4208
4235	4208
4234	4208
4233	4231
4232	4231
4231	4204
4230	4201
1010	950
1011	950
3445	3504
4609	4611
4609	4610
4454	4453
4454	4452
4454	4451
3123	3120
3444	3562
3444	3555
3444	3554
3444	3501
3444	3559
3444	3561
3444	3443
3444	3560
3949	3887
319	283
319	321
319	320
318	4466
318	315
3403	3402
3403	3405
3403	3404
4214	4209
313	310
313	314
312	310
312	316
312	314
311	310
310	314
4216	4215
4216	4208
4216	4228
4211	4209
3442	3484
1520	1666
1520	1665
1520	1516
1520	1518
4210	4209
2756	2754
3402	3707
4128	4127
4198	4323
4123	4121
4122	4121
4122	4124
4120	4118
2754	2667
2754	2755
2754	2753
4125	4104
1335	1333
2755	2667
3722	3721
1334	1333
2752	3015
1337	1336
1337	1345
2322	2484
1331	1332
4705	4581
4459	4411
1330	1327
3675	3612
4218	4215
4703	4634
4702	4634
4056	4057
4056	4055
4055	4109
4055	4053
4054	4052
4053	4052
4051	4104
4050	4075
2324	2320
2908	2902
2908	2909
4059	4058
4930	4926
3407	3406
2461	2326
2461	2362
3610	4872
3610	3632
3610	3609
3611	3612
2299	2298
2299	466
2299	2474
2299	2340
3615	3573
3616	3617
2293	2291
2292	2367
2292	2291
2290	2491
2297	4861
2297	4876
2297	2295
2296	2353
2296	2295
2296	2496
2294	443
2294	459
2568	4246
2568	2566
2561	2647
1430	1435
1430	1432
1430	1640
1430	1429
1430	1428
1430	1743
2564	3257
2567	2566
2567	4271
2567	127
1521	1518
2369	2364
2369	2483
2368	2364
2368	2343
2367	2364
2366	2363
2365	2363
2364	2363
2362	2360
2361	2360
2587	2584
2586	2658
2586	2584
2586	2660
2585	2584
2585	2663
2585	2661
2583	2581
2582	2581
2580	2575
4080	4075
4080	4077
4080	4079
2589	3098
2589	2588
4440	4453
1860	1861
1860	1863
1863	2108
4443	4453
4443	4452
4443	4444
4443	4483
4443	4480
4443	4481
4444	4453
4444	4452
4444	4483
1864	1865
1864	1642
1866	1252
3726	3411
3727	3411
3720	3721
3721	3432
3207	3184
3207	2819
3723	3415
964	963
964	4330
964	651
965	966
965	967
965	968
965	948
966	947
967	947
960	959
960	961
962	963
4938	4937
4939	4940
4688	4689
4688	4616
4689	4616
2109	2030
2108	2107
2103	2102
2103	2176
2102	2104
2101	2016
2106	1884
2105	1888
2104	1643
4704	4655
4704	4644
2639	2637
2638	2640
2638	2641
2638	2637
2635	2633
2634	2633
2637	2640
2637	2641
2636	2633
2631	2565
2631	2630
2631	2632
2986	2987
3470	3468
2462	2326
3765	3763
3765	3685
1241	1274
878	871
1240	1168
1240	1246
876	875
877	875
874	873
875	871
872	873
873	871
870	871
2037	2039
2036	2035
1242	1168
1242	1254
1242	1255
1242	1252
1242	1253
1242	1250
1242	1251
2033	2031
2032	2034
2032	2031
4598	4570
4598	4599
1244	1563
891	892
892	443
894	895
894	896
894	897
897	1442
3484	3559
3544	3638
3545	3546
3545	3547
3545	3550
3545	3548
3546	3551
3234	2832
3542	4891
3542	4867
3235	2833
1964	1631
4420	4426
4420	4442
1965	1747
1965	1882
768	734
2963	2650
2963	2962
762	761
763	677
760	761
766	767
764	677
3049	3046
3048	3178
3048	3179
3048	3046
3041	562
3042	562
3045	3044
3047	3046
4568	4570
1078	1079
1076	1070
1077	1070
1074	1066
1075	1073
1075	1070
1072	1065
1073	1066
1070	1065
1070	1066
1071	1065
1071	1091
3030	3331
1675	1711
1676	1634
1677	2244
1677	1634
1670	1667
1670	1462
1671	1667
1671	1669
1672	2071
1672	1182
1672	1989
1094	1093
1095	1093
1096	1098
1096	1097
1090	1091
1090	1092
1091	1092
674	658
675	658
676	722
676	723
676	658
677	658
1099	1067
673	724
3135	3133
3134	2677
3137	2808
3137	2837
3137	3139
3137	3138
3137	2822
3131	3132
3130	3129
3130	3133
3130	2677
3133	2677
3132	2816
3139	3138
3138	3340
1533	1746
1533	1747
1533	1748
4630	4585
4641	4648
4641	4649
4641	4640
4641	4646
4641	4644
1418	1417
1419	1417
2490	2327
1410	2015
1410	2016
1411	1412
1412	1562
1414	2127
1415	1416
1416	1421
1416	1422
1416	1417
1417	1257
1417	1420
1320	1298
1326	1250
1327	1328
1327	1329
1324	1201
4646	4789
1328	1542
1328	1543
2494	2495
4208	4207
4209	4213
4858	4779
4202	4200
4203	4204
4203	4205
4200	4201
2496	4876
4204	4228
4205	4390
4205	4391
1531	1528
4445	4436
4445	4450
4445	4476
2874	2931
3618	3621
3618	3619
1256	1262
1256	1168
1257	1421
1257	1261
1257	1168
1257	1251
1252	1250
1528	1529
1529	1658
1258	1168
1258	1741
1258	1742
1259	1168
308	304
308	305
308	306
308	307
309	328
309	304
309	305
4635	4632
301	321
302	303
303	304
304	305
304	306
304	307
305	306
305	307
306	330
306	283
4117	4108
4114	4115
4112	4075
4113	4075
4110	4075
4111	4075
4118	4119
4634	4610
4634	4632
2254	2252
2254	2243
4872	4871
3058	3057
3058	3059
3059	3057
3059	3073
2475	2476
3415	3462
3415	3414
3415	3411
2474	2333
4673	4669
3054	3055
4063	4066
4063	4067
4063	4064
4063	4065
3055	3225
3055	3223
3055	3268
4067	4064
4068	4069
4068	4071
3412	3411
3053	2927
4893	3623
4893	4924
2974	4301
2974	4249
4892	3623
3603	3602
473	474
3607	3687
3607	3604
3606	3604
3605	3604
3604	3608
2774	2775
3413	3411
4487	4484
4487	4450
2479	2477
2478	2477
2478	2485
2478	2480
4536	4661
4779	4672
2358	2357
2359	2357
4871	4873
2352	2353
2353	2356
2353	2354
2353	2355
2350	2329
2350	2328
2351	2328
2351	2356
2351	2348
4620	4593
3398	3395
4453	4423
4453	4452
4453	4451
4452	4451
4452	4466
4451	4423
4450	4449
3739	3738
1894	1895
1894	1896
1443	1440
959	958
958	955
2134	2123
2134	2133
2132	1592
4924	4926
4924	4925
951	946
951	947
950	946
953	952
953	954
952	954
955	993
1442	1440
3971	3966
4574	4575
2648	2647
2640	2641
2644	2645
2644	2646
4803	4804
4803	4805
4803	4806
4804	4807
4805	4807
3429	3382
3429	3424
3428	3509
3428	3424
3423	3416
3423	3463
3422	3416
3422	3506
3421	3416
3421	3467
3420	3416
3420	3411
3427	3424
3426	3508
3426	3633
3426	3424
3425	3424
2003	2004
2003	2005
2006	2004
4581	4693
4582	3566
1790	1436
3331	3153
3331	3031
4721	4683
2852	2783
4411	4436
4577	4578
4577	3595
2996	2657
3557	3553
3557	3766
3556	3553
3555	3553
3554	3553
3553	3558
3552	3797
3558	3766
1263	1266
1263	1265
1263	1264
1261	1563
1261	1168
1799	1408
1799	1389
1260	1167
1260	1168
719	718
718	717
718	720
718	653
715	711
714	701
714	711
714	653
713	720
713	710
712	710
711	710
710	653
710	709
1265	1271
1265	1273
1265	1270
2178	2067
4078	4102
4078	4072
1069	1064
1068	1064
1065	1064
1064	1067
1064	1066
1669	1667
1668	1667
1667	1462
1666	1663
1665	1663
1664	1663
1662	1661
591	589
590	589
593	594
592	589
595	597
595	596
595	599
595	598
595	581
594	646
599	598
599	581
4325	4324
4324	4274
3142	3143
2828	2825
3146	3147
2824	651
2825	2788
2820	3186
2820	3182
2820	3181
2822	3363
2823	2818
3386	3393
3386	3385
3387	3385
3384	3379
3385	3388
3385	3389
3382	3378
3383	3395
3383	3379
3380	3378
3381	3378
1408	1406
1403	1396
1403	2014
1402	1396
1402	1434
1401	1396
1400	1749
1400	1396
1407	1647
1407	1406
1406	1405
1404	1396
1404	2013
1404	2012
4215	4217
1546	1547
1546	1545
449	440
449	445
448	445
448	475
1339	1338
1338	1340
1547	1715
443	441
443	467
442	441
442	478
447	456
447	445
447	457
446	450
446	451
446	452
446	453
446	445
445	444
4436	4421
4436	4449
1543	1291
39	33
39	117
38	33
38	44
4201	4228
1540	1541
33	37
33	36
641	642
641	580
640	584
640	645
643	642
643	580
645	644
644	577
647	578
649	578
649	4249
648	578
1539	1538
339	333
339	350
338	333
335	350
335	336
335	332
334	282
334	332
337	332
336	332
331	329
331	326
330	322
330	329
333	332
4101	4100
4101	4105
4101	4104
4104	4126
4107	4108
4672	4669
3377	3374
3899	3945
3893	3896
3893	3897
3893	3894
3890	3891
3890	3888
3896	3986
3896	3987
3897	4011
3466	3560
8	3397
3463	3563
3463	3566
3463	3564
3463	3565
3463	3503
1353	1348
4619	3595
4075	4057
4075	4072
4074	4072
4077	4072
3375	3374
3966	3964
3967	3969
3964	3963
3965	3963
3704	3500
3200	3175
1352	1348
1352	1639
3969	4004
2854	2783
3636	3637
3634	3635
3630	3631
3631	3706
3631	3707
3469	3468
4610	4650
4613	2493
4613	4615
2345	2499
2345	2342
2344	2342
2347	2328
2347	2348
2347	2403
2346	2339
2346	2485
2341	466
2343	2342
2349	2329
2349	2328
2348	2328
3253	3252
3253	2931
4616	4663
2987	2674
2067	2066
3708	3709
3709	3794
1889	1510
1888	1510
4466	4480
4466	4481
1886	1510
1885	1648
1884	1642
1883	1642
1882	1881
1881	1514
1880	1514
2123	2122
2122	2124
2124	2071
948	946
949	946
947	990
947	992
947	946
947	997
947	996
3038	3035
2659	2658
2659	2663
2658	2656
2658	2655
2658	2662
2658	2660
2658	2661
2653	2651
2652	2651
2657	2654
2657	3000
2656	2654
2655	2654
3039	3034
133	134
130	129
137	83
136	134
135	134
134	83
139	83
139	138
3418	3416
3419	3416
3419	3411
1354	1348
2019	1164
2018	2015
2015	2017
2017	2068
2017	2070
2011	2010
2013	2012
3567	3568
3567	3571
3567	3570
3565	3507
3034	3035
3034	2958
4484	4475
4486	4477
4482	4483
4488	4424
4489	4424
2903	2902
2903	2907
2903	2906
2903	3075
2903	3076
2903	3077
2902	2907
2902	2906
2902	2905
2902	2904
2902	2909
2901	2900
3035	3073
701	739
88	82
89	82
82	80
82	86
82	87
83	80
80	84
80	85
84	85
1652	1651
1388	1389
1650	1275
1651	1182
1389	1798
1389	1512
586	587
586	584
586	583
587	588
584	582
585	582
585	588
582	583
580	579
580	581
580	570
581	579
1984	1985
3153	3152
3157	3156
2839	2780
2838	560
2837	560
2836	560
2835	560
1348	1349
1635	1640
1635	1432
1635	1639
1436	1434
1437	1438
1435	1294
1432	1428
1432	1292
1432	1294
1432	1640
1636	1637
3397	3395
3397	3503
3397	3504
3397	3505
3397	3506
3397	3507
1431	1428
3399	3395
1380	2795
458	479
4264	4265
4265	4266
4265	4267
4265	4243
450	469
450	468
450	453
450	472
450	470
450	471
451	474
454	465
454	464
454	467
454	466
454	462
457	476
457	474
1887	1510
3703	3701
3703	3411
1266	1270
1266	2258
656	652
657	658
657	659
654	652
655	652
652	653
651	571
4496	4495
4496	4494
4668	4666
4668	4667
4669	4671
3885	3881
3884	3881
3886	4261
3886	3881
3886	4227
3881	3882
3888	4004
3888	4003
3888	4005
3888	4006
2128	1746
4666	4667
2815	2816
4660	4661
4665	4663
4900	4901
4900	2487
4653	4651
4008	4009
4008	4010
4003	4007
322	283
322	320
323	354
323	320
323	329
326	327
324	325
3979	3980
3629	3623
3628	3712
3628	3411
564	3211
3623	3622
3623	4894
3624	3500
565	3212
4866	4886
2330	2471
2330	2325
2331	2332
2331	2333
2332	2338
2332	2326
2334	2335
2335	2339
2336	2338
1594	1368
4285	4228
3072	3073
4350	4274
3075	3076
3715	3714
3711	3712
3719	3432
3078	3079
3079	2788
3079	3371
4473	4474
4864	4862
4864	4863
4475	4474
4475	4477
4475	4476
4474	4476
4476	4424
2488	2473
2489	2327
2484	2321
2480	2481
3252	2931
2248	2251
2249	1271
2244	2245
2241	2242
2242	2255
2243	2253
995	993
995	999
994	993
997	996
991	990
120	119
121	114
121	122
121	123
121	124
121	125
122	125
123	125
124	114
126	127
127	110
128	129
4875	4876
3416	3417
4877	4879
4876	4862
3379	3378
3417	3505
2068	2069
3376	3374
3376	3506
2060	2061
2061	2062
2063	2064
2063	1643
2797	2800
2795	2782
3410	3411
3411	3668
3255	3256
4810	4809
3370	2909
3579	3503
3575	3699
3570	3763
2666	2667
4495	4494
2660	2674
2936	2928
2936	2926
2934	2931
2934	2926
2935	2926
2932	2931
2932	2930
2932	2926
2933	2926
2930	2931
2930	2926
2931	2926
1645	1644
1644	1427
1647	1649
1647	1648
1646	1427
1641	1201
578	574
1270	1273
573	574
572	569
571	569
570	569
577	574
576	574
575	574
2808	2807
2809	560
2809	2807
3168	3169
3169	3170
2807	560
1271	2250
1425	1427
1425	1424
1424	1426
1429	1428
733	732
733	735
733	734
734	729
4273	4274
1359	1358
1359	1162
4275	4240
465	467
460	2495
460	2326
4862	4861
2907	2906
2158	2159
1519	1518
1515	1517
1515	1516
1514	1512
1274	1275
1274	1276
3395	3394
3184	2819
3184	3181
3184	3182
3185	3181
3185	3182
3186	3181
3186	3182
3187	3181
3187	3182
3180	3181
3180	3182
3180	3183
3181	3188
3181	3182
3182	3188
3182	562
3189	562
3109	3107
4018	4017
4013	4015
4017	4016
4015	3987
3396	3394
357	356
356	355
356	354
356	358
354	352
353	352
352	351
359	358
3612	3613
3612	3614
2323	2321
2326	2325
1446	1444
1446	1441
2329	2328
1445	1561
1445	1441
289	288
1444	1441
281	280
281	283
281	285
281	284
281	287
281	286
280	282
283	287
3760	3761
3761	3763
3762	3763
3763	3764
1441	1440
262	261
3225	3223
1296	1295
2192	2193
1297	1295
2257	2256
2255	2253
1295	1298
1295	1299
2253	2252
988	986
989	986
986	987
115	112
114	112
117	118
111	47
113	112
2785	2784
2785	2786
2784	2786
2781	2810
2781	2782
2780	2810
4808	4809
2789	2788
2078	2077
2073	2072
2072	2074
2076	2075
3221	3220
3221	2906
3221	3222
3508	3509
2670	2673
2675	2679
2675	2678
2675	2677
2675	2676
3220	3222
2929	2926
2928	2927
2928	2926
2927	2926
3214	563
1631	1633
3213	566
3218	3170
3219	3170
1988	1989
568	569
2817	2816
562	3190
2819	2818
3175	3176
4376	4243
1188	1189
1180	1181
727	728
1744	1745
728	729
1164	1160
1165	1160
1166	1167
1160	1161
1160	1162
1160	1163
1161	1168
4246	4247
3304	2916
48	46
46	47
44	41
45	43
42	40
43	41
40	41
475	474
1717	1715
1716	1715
476	474
477	478
478	479
