4446
4404
4405
4483
4436
4445
4447
4448
4458
4456
4411
1200
1379
1193
1194
4412
4413
4410
3734
3736
3569
4408
4492
4470
4026
4009
3930
3724
3411
4024
3935
4025
3921
4012
3895
4022
3928
3987
4021
4023
4039
4018
4020
3725
3696
3798
3799
3648
4028
3912
3911
4029
3949
4607
4606
4608
4547
4642
4677
4640
4417
4428
4419
4418
4422
4423
4420
4421
4426
4427
4424
4425
344
402
401
343
345
4440
4485
346
347
340
411
333
341
331
338
342
2918
2598
2917
3996
3997
3993
3995
4043
3992
3994
348
349
384
391
385
3991
4017
3989
3990
4686
4563
4844
4727
4643
4641
4416
4431
4684
4682
3002
2702
4933
882
4934
2919
2921
2920
2539
2703
2764
1653
1651
1997
1672
4685
4683
4935
13
4732
4860
4531
4617
4746
4733
4726
4636
4730
4553
4731
3520
4736
4735
4936
4938
2318
2316
2324
2319
2323
2322
2321
2320
2317
455
2327
2326
2325
2315
2314
2312
2313
2310
2311
2498
2492
2497
2289
2428
2460
2448
4527
4525
4528
4006
298
381
323
386
296
367
292
299
300
297
295
309
326
327
325
328
294
301
412
291
293
423
354
290
289
288
393
398
410
3773
3751
3772
3771
3576
3733
3770
3461
3777
3562
3679
3776
3774
3460
3775
2147
2146
3779
3796
3778
3847
3686
3683
270
311
310
317
316
315
269
271
399
377
272
273
274
275
276
278
279
277
421
330
322
396
388
406
405
3684
3737
3709
3707
4658
4530
3465
3457
4467
1780
2199
1552
1598
1843
2119
2148
2268
1273
2269
2262
1856
2197
2263
2191
2228
2260
2181
2261
2236
2266
2267
2145
2264
1986
1848
2265
2442
2443
2287
2440
2420
2303
2441
2341
2305
1781
1760
1761
2447
2435
2445
2444
2356
2427
2446
2449
2348
2189
2190
1867
3690
3510
3523
108
196
106
109
110
4830
4812
102
89
103
104
100
99
237
160
239
101
25
107
188
70
194
250
251
249
248
163
105
159
179
2046
2008
1486
2047
2044
1891
2152
2045
1568
2042
2017
2192
2041
2043
2040
2039
1557
1992
4819
4833
4818
3198
2773
3199
2048
1470
2049
1254
1212
1211
2992
3269
2963
4645
4610
4760
3597
3596
3800
3155
3339
3154
1213
1421
1214
1324
1325
1596
3238
3236
2985
2668
3361
1372
1370
2188
2737
3173
3172
2738
2676
2038
2037
1558
3159
3158
3353
1001
976
999
1012
3519
3443
3857
3856
3854
3513
3393
3515
3514
3512
4865
3490
3491
3511
3446
3440
3442
1210
1223
1231
1569
1572
1209
1571
1570
1564
1565
1566
1567
3239
2972
3580
3827
3582
3433
3829
3408
1375
1222
1376
2688
2687
2831
2524
3066
3233
2684
560
2514
2685
2778
2781
2780
2782
2634
559
2686
2990
2620
2690
2520
2689
2680
2697
2712
1655
1602
1656
2682
3141
2683
2797
3391
3386
3438
3430
3434
3435
3436
3437
3999
3922
4000
3900
4001
3910
1613
1446
3390
3805
3804
3385
3441
3439
3608
3998
1374
1198
1373
30
98
94
228
3392
3497
91
92
81
90
82
236
130
192
93
57
95
97
96
227
67
211
263
35
1623
1186
1769
1201
1622
2277
1618
1993
1384
2068
1994
1620
1849
1183
1392
1627
1630
1631
1632
1633
1629
1628
1626
1625
1163
1624
1999
1176
1998
2000
1553
1377
1378
1365
1380
3209
2799
3208
2798
3013
2965
2964
4526
4524
4701
4594
2860
2847
2826
2855
2861
2814
3348
2863
2864
2813
3357
3335
3334
3358
2862
556
563
2633
2824
558
2819
2762
564
565
566
2818
2821
2800
2820
2822
2823
1217
1279
1216
1715
1205
1719
1718
1722
1584
1721
1473
1720
2867
2560
3368
2783
555
1434
1479
1480
553
554
1490
557
2515
561
567
562
551
544
538
550
546
552
541
2744
2745
3538
3417
3535
1439
1437
1599
4848
4777
4849
1199
1920
1921
1192
1919
1918
1922
1915
1917
1916
3349
2786
3351
3350
1191
1677
1188
1190
2009
1195
1197
1196
1539
1538
1509
1508
1497
1559
1690
1641
1643
1642
1759
1879
1784
1878
1758
1281
1757
1346
1756
1330
1750
1755
1400
1474
1754
1187
1753
1933
2061
1749
1751
1752
1892
2092
1329
1177
1805
1175
1174
1619
1806
1344
1345
1652
4258
4317
4257
4204
651
1803
1804
1173
1172
1169
1809
1171
2166
1170
4251
4250
4255
4254
4256
4253
4252
4301
4299
4240
4239
4262
4263
4202
199
602
1178
1184
1185
1182
1180
1181
1179
1007
995
1002
1008
1014
956
1011
4498
4497
3372
2732
510
453
475
3377
3444
3447
3445
513
471
1285
2033
1232
1284
1887
1287
1293
1286
1294
512
526
516
1280
1510
1283
2120
1282
2086
1003
951
996
879
876
846
871
1289
1544
1543
1430
1431
1428
1847
1890
1390
1288
1432
1635
1636
1637
514
525
3431
3432
1579
1582
1583
1580
1581
1578
1506
689
684
688
756
782
3722
685
731
730
687
686
683
737
472
483
681
784
785
769
678
679
783
675
680
751
779
778
1574
1262
838
913
912
1227
1230
1229
1228
3836
1226
1225
1938
1224
1792
1872
4152
4091
4102
4143
4135
4115
1219
2741
2550
2740
2976
2547
4389
4205
4388
4374
1221
1929
2743
2742
4383
4241
1243
1560
1235
4381
4284
1220
4918
3610
4385
4214
4384
407
422
404
397
403
362
4443
4444
312
400
1167
1161
1357
1355
1259
1587
1678
1634
1368
1342
1341
1893
409
408
3834
3825
4905
4921
4864
3833
3835
4725
3592
4552
3529
1343
1978
3830
9
2747
2749
2748
2574
2573
3832
3549
3831
1825
1337
2275
3838
3587
3839
3489
3789
2328
2329
432
4031
4010
4033
3889
3960
4032
4035
4036
3983
1322
1593
1660
4037
3874
4038
1347
4846
4847
4596
4737
4631
3695
3567
3735
4734
4673
4710
3206
3034
3035
3036
379
380
378
4505
4495
4494
4499
376
3620
3618
4842
4823
371
308
370
387
368
369
373
283
286
372
375
374
1422
1268
413
4739
4572
4854
3205
2958
392
420
419
395
394
893
894
366
4504
4403
4441
3593
3595
3594
2309
466
2307
1247
1249
1248
4729
4728
2389
2301
2302
2300
2298
2369
2493
2367
2304
2306
2308
4676
4549
4861
4674
4863
4696
4571
4614
3591
3564
4544
4551
2746
4919
4929
4932
3748
3746
3749
3747
3745
3750
3744
3203
2779
3160
3742
3473
3743
3740
3741
3797
245
244
247
45
174
246
198
241
243
242
240
225
224
252
158
253
4628
3566
4626
4595
4629
4655
3563
3590
2887
3259
2885
2207
2274
2231
2276
1482
2271
2258
2270
2233
2273
1688
2272
2279
2280
2281
2278
1683
3384
4675
4657
4407
4415
4453
4452
4481
4480
2154
1858
2153
2198
2213
1777
2459
610
4876
4554
2458
2419
2376
2156
2157
2455
892
2424
2436
2454
2457
438
2456
2381
2398
2451
144
2450
2453
2400
2452
1862
1860
180
178
177
77
176
153
260
535
547
175
201
15
120
173
172
171
170
169
2051
2050
1904
2171
2112
2111
1502
1501
1563
2053
2055
2054
2052
1573
1914
1908
2057
2078
1503
1239
2059
1928
1844
2058
2073
1899
3692
3496
3388
4825
4824
2504
2503
3694
3606
1500
1302
3574
3697
3698
3699
1504
3598
4802
4813
4801
4633
4632
1349
1351
2968
2775
2940
2751
4856
4795
4803
4793
1507
2019
4740
4540
4662
1505
4402
4229
3526
3527
3524
3817
3521
3525
4874
3522
3545
3552
3689
4557
4555
4750
3409
3087
3249
2874
3250
3251
2609
3091
3528
3541
3492
3651
3652
1364
1215
3086
3085
3175
3174
2624
3176
4654
4670
4687
4667
4669
3543
3544
3478
4784
4656
4754
4722
1977
1827
3518
3083
2605
2699
2803
2698
1976
2201
1974
2232
2717
2875
2549
2796
2707
2696
2806
2695
2517
2715
2694
2711
2709
2710
2693
2951
1975
2160
2691
2817
2924
1595
1594
2405
2340
2408
3782
3783
3396
4201
4296
1973
1972
4652
4651
4661
1645
4556
1607
1937
1606
3673
3671
3766
1115
140
1116
1362
1462
1458
1361
3232
3118
3230
2845
3229
3231
1968
1969
1970
2125
1802
1621
1795
1616
1617
1966
1956
1960
1967
1541
1615
1614
1612
902
1742
1961
1353
1959
1610
1600
2155
1611
4310
4281
4532
4762
4588
4529
3650
3646
3657
1363
1425
4186
4183
2873
2586
2872
2871
4265
2868
2869
4243
4318
4269
4222
2870
4220
4178
2974
2877
2604
3265
2876
3019
2708
3101
2984
3248
3138
2542
2978
2866
2535
2879
2973
2878
2777
2882
2881
2880
4534
4535
4536
4537
3355
3354
3143
3346
3356
3343
3151
3147
3352
3149
3273
3359
3360
4835
4763
3781
3780
3479
3953
3954
2544
2543
3040
4768
4917
1768
1705
1360
1762
1763
1764
2202
1237
1246
1773
1766
1159
1767
1765
1142
142
1143
1149
1140
1138
1137
1082
1081
1141
1104
1146
1147
141
1144
1145
1148
1110
143
4924
4906
2967
4820
4773
2966
3305
2767
2402
2347
3787
3786
3821
692
693
663
694
695
690
691
696
704
705
706
707
703
653
708
698
697
791
773
715
549
740
741
699
1548
481
1549
1207
1783
1717
542
217
4244
4242
528
529
543
545
540
534
52
539
3784
3517
548
203
1782
1603
1818
1648
1698
1982
1943
1980
1728
1785
1665
3451
3452
3453
3454
3455
1786
1779
1787
2388
2391
3880
3877
4611
4630
3883
3887
3881
3888
4797
4808
4796
414
415
353
416
417
282
1381
1385
1320
1387
1386
1591
1590
1592
2002
2001
418
335
1382
1393
1383
3826
3794
3824
4878
4877
3823
3482
3822
3820
3819
4845
4650
3842
3828
3583
2438
2358
2439
3585
3584
4282
4280
4283
4308
4307
4309
4286
4329
4328
4285
4287
4259
4382
4380
4378
4379
4377
4129
4109
4116
4288
3811
3814
3588
3739
3815
305
365
364
363
356
360
361
2760
2513
3202
382
383
389
3215
3117
3179
4758
4855
4589
4759
4749
4752
4753
4624
4751
4766
4621
2390
4755
4756
4653
4757
4783
2483
3681
3680
2792
2787
2948
3216
3759
3758
3764
4569
4573
4568
4664
4745
4663
3753
3723
3752
3502
3506
3755
3754
3756
3757
3389
2101
2246
258
259
152
2194
2195
1876
2178
2149
2196
1850
261
266
125
164
1061
1105
1100
256
257
254
255
2200
2211
2234
2203
2087
2204
2167
1883
2205
2212
1885
2206
2132
2130
2208
1942
1813
2209
1340
4868
4869
4870
3210
3020
2425
2429
2431
2430
2423
2399
4811
4829
4814
4821
2411
2421
2422
443
2193
2214
2426
2396
168
55
1095
165
166
127
167
262
265
156
161
118
162
4839
4840
4834
4838
3688
3603
3687
4815
4774
4832
4822
4837
2365
4533
4622
3568
3685
3682
3621
4567
4566
4565
6
4523
4522
4521
4520
4454
4851
2518
2516
3127
2519
2521
2522
1983
1979
2681
3022
3021
3126
2510
2511
1841
2512
2622
2616
2626
2627
2625
2659
2757
2734
2961
2582
2733
2735
2736
2525
2769
2768
2770
2771
2766
1840
2730
2585
2731
2772
2663
2956
3226
3227
3223
2739
3332
4462
4439
3531
3494
3532
3533
3530
3601
3516
3693
11
3474
3540
3475
3537
3536
3539
3534
3670
734
1814
1815
1816
1817
1810
1811
1812
1675
1971
1963
1409
1896
1903
4339
4322
1819
1864
4336
4337
4334
4332
4167
4165
4066
4335
4372
4373
4370
4371
670
744
781
669
668
767
810
728
729
4700
4799
2500
671
672
673
682
2401
4331
964
1609
1791
1608
3225
3055
3228
3224
3362
1981
1706
1707
1601
1457
1448
1318
1657
1654
1258
1605
1527
1662
1673
1604
1516
515
1277
1410
809
721
808
803
804
802
753
801
772
800
752
807
806
805
746
4437
4479
4434
4457
4455
4449
4438
4460
4476
2848
2648
2849
2858
2856
2846
2661
2859
2784
2851
2850
2853
2852
2854
2857
2844
2811
2603
2842
2843
2840
2841
3320
3319
3321
2618
3322
2763
3323
3324
3325
3044
3326
3327
3122
3328
3329
3589
2612
2614
3116
2610
3113
1775
1276
1774
1366
1776
1771
1299
1770
1278
1367
1772
1646
1778
3972
3971
3988
4034
3975
3966
3973
3974
2998
2994
1155
1154
1158
1153
4913
4914
4890
4879
4915
2999
2657
3005
3004
3007
3006
3003
3009
3008
1157
2010
1156
1151
1122
1083
1152
1150
1074
1092
4182
4315
4279
4176
1555
1556
3046
3047
2588
1554
2096
1550
2097
2083
1551
59
60
61
62
58
56
222
1932
1930
2098
218
53
54
116
128
51
50
49
530
537
536
533
532
531
4246
3039
3292
3037
3038
2701
2996
2997
2995
2805
2546
2804
3294
3032
3295
3033
3296
2953
4690
3297
3298
3300
3290
4150
2639
3291
2888
429
425
508
430
428
2
1399
1396
1737
1398
1696
4500
427
426
431
424
437
434
433
3812
3581
3579
3578
3575
3577
3573
3572
3810
3768
3816
3449
3427
3803
3612
3818
3450
3383
3380
3627
3628
3456
3462
3458
3459
3626
3801
3625
3467
3466
3464
3463
4916
4889
4300
852
869
855
857
887
904
840
905
849
4295
4365
4367
4366
4369
4368
4228
4294
4247
4297
3640
3639
4291
4216
4327
4292
4290
4236
621
4293
2568
4363
4362
4695
4693
4406
4691
4775
4615
4708
3508
3846
3551
4559
2776
2950
2645
4724
4546
4748
4743
4741
4742
3471
4747
4770
4720
4744
4644
4714
2509
4715
4716
4717
4718
4719
2183
2172
1339
2182
1828
2180
2224
2114
2187
2186
2248
1740
229
226
4897
230
26
71
223
148
221
268
220
185
193
2210
2217
1839
2243
2216
2159
1945
2215
2129
1987
1985
2240
2219
2218
2247
1308
2252
3415
3140
3136
2230
2229
151
202
149
150
2495
460
155
147
157
154
2432
2344
848
1638
2437
2473
2472
2393
2434
2433
467
4922
4909
4637
4785
4623
2018
4518
4517
4519
4512
922
4513
4514
4510
4511
4516
4515
2507
2508
4584
4585
4583
4582
2506
2374
2505
4787
4738
4788
2345
2502
4826
4828
4699
2501
2293
2727
2724
2723
2722
2726
2725
2923
2789
2788
2790
2791
2728
2721
2718
2720
2812
2719
2828
2825
2827
2729
3942
3978
3937
4019
4468
4491
4712
4576
4333
4341
4340
1807
2163
1714
2179
1826
2117
1801
1681
1389
1800
1702
1703
1799
3788
1808
500
4923
3089
3092
3090
3713
3669
4831
4843
3088
3710
3708
3729
3258
2969
1524
1526
1523
1948
1946
1328
1525
1300
2015
1941
1940
2095
1898
1939
2074
1944
1947
1733
1664
818
824
822
821
823
817
819
844
843
811
3917
3916
3913
3915
3907
812
754
813
789
814
797
815
735
816
820
1991
2027
1988
3495
3571
3493
3570
1522
1519
2066
1990
1996
3245
3025
2925
3026
2107
2162
3107
3108
3274
1682
1540
1680
1397
1492
1270
1267
1263
1266
1495
1493
1846
1496
1498
1668
1499
1488
2590
2591
2589
2679
3338
1395
1316
4189
4398
4399
4187
1700
1701
1452
1796
1394
1704
2099
2100
1708
1709
1710
1824
1823
4599
4792
1391
1388
3217
2808
3137
1483
1485
4188
4190
4191
3659
3664
3476
3660
3663
3375
3658
1128
1127
1057
1129
1056
4574
4713
3813
3726
3727
1120
1121
1040
1098
1123
1124
1051
1125
1114
1126
1106
4490
3958
3956
4005
4579
4581
4580
2989
2559
2959
2988
3029
3030
3031
3028
2883
2983
2981
3061
3316
3027
3078
3079
3024
3023
3207
3184
524
522
523
527
520
519
521
479
4
953
1009
1015
1000
1016
1017
1019
1020
978
1013
937
1234
1241
1240
1168
1233
1242
1245
1244
1236
1255
1238
4196
4197
4195
4198
4199
3957
3969
4194
4180
4226
4193
1853
1531
1575
4274
4249
4185
649
4344
3955
2526
2527
4358
4354
3886
4355
4356
4261
3964
3167
3049
3166
4351
4350
4352
4353
4679
4678
4781
2486
2487
2478
439
440
436
435
3
454
465
452
505
504
489
485
4902
3809
3808
3807
3806
3802
4904
3791
4907
3470
2865
2910
2902
2912
2913
2914
2915
2593
2829
2834
2916
2911
2541
2960
2957
2692
1692
2177
3162
2714
2975
4764
4765
4697
4698
3082
1957
4776
4619
3163
4771
4076
4072
4778
4706
4639
4298
4321
4320
4174
4108
4175
4181
4177
4170
4103
4171
4172
4173
4179
4469
2464
2949
2465
2361
4184
3064
3062
3168
3169
2466
2471
3161
4618
4578
4545
2467
2468
238
4070
4068
4164
234
235
232
200
267
231
191
64
233
3068
2594
3067
2070
1962
1866
2226
1793
1889
2227
1443
1874
2225
2222
2223
2123
2220
2254
2221
1
4880
4881
1433
1436
1435
4882
4836
146
83
145
139
197
1096
1079
1041
1062
1048
134
4896
4901
2397
2350
264
4507
4496
4506
4509
4508
4501
4503
4502
4931
4871
4887
4866
4867
3401
3402
2088
1659
2089
2136
2137
2138
3400
3395
3397
2082
1691
2080
2079
2081
2084
2085
1743
3342
3344
2538
2652
2651
2938
3157
2532
2533
2534
2922
2530
2528
2531
2629
2529
2941
2536
2552
2537
2649
2650
2540
2545
2713
2716
3341
2613
2752
4238
4235
3345
3093
3347
3253
3406
3243
3331
3241
4859
1832
1304
2185
1833
2242
1830
1831
2241
1836
2256
1837
1419
1834
2251
1835
2257
3795
3565
1838
1420
1352
3790
3793
3792
3728
3405
2406
2407
2404
961
938
932
924
2150
2158
2151
1955
2131
2014
2006
933
986
972
998
947
613
944
945
942
943
940
941
939
936
935
934
931
930
1010
954
1006
1952
1954
1953
1951
1950
1335
1958
4409
3096
3242
3240
3247
3246
3244
4392
4397
4395
4396
829
833
827
862
830
828
832
834
835
826
825
914
831
836
837
842
841
863
854
856
853
845
4289
4192
3097
3098
1536
1532
2409
4899
2297
4400
4375
4312
1484
1402
1481
1639
1350
1679
1487
1489
1845
3306
2970
3307
2971
1460
3302
3303
3301
3299
667
796
795
794
793
792
790
713
3050
3048
1472
2413
2418
2412
799
798
4319
2415
2414
2417
2416
4245
1272
1265
4062
4060
4061
4112
4133
1139
1101
1136
3051
1133
1132
1131
1130
1058
1135
1134
1047
4114
2558
3271
2947
2946
3018
2632
3139
3012
2802
3010
2793
3119
2794
3016
3017
3014
2065
1426
518
456
1450
994
957
511
1005
1024
997
1023
1004
975
1663
950
925
517
509
623
618
622
617
619
620
627
630
631
626
629
628
625
616
650
580
624
571
584
4364
4306
4323
1269
1822
4349
4348
4347
4346
4345
4393
4394
4361
4360
4359
4357
1535
4342
4237
3255
2886
3204
3197
2884
2623
2890
2889
3662
4464
4465
4463
4432
4620
4707
3878
3879
3196
3170
3870
3904
3871
3868
3872
3869
3873
3875
3876
3866
1292
1290
1291
4681
4680
10
12
14
119
115
17
33
32
34
16
18
19
20
47
3115
3275
3276
3277
2382
2383
2385
2384
3959
3961
3272
3194
3134
3905
3962
3926
3901
3906
3985
3908
3909
4002
3865
3270
3902
3899
3903
3278
3976
3600
4761
4798
3602
3599
3111
2599
4085
4767
4769
3193
2810
4166
4130
4096
4168
4163
4169
4161
4162
4160
929
921
952
4268
4267
4206
4208
1534
1469
3192
2982
4941
113
182
3892
205
204
207
206
209
210
208
611
1297
2116
2115
4705
3191
3182
3472
2239
1748
2238
2144
738
736
3667
3643
1884
1577
1588
1576
1585
2235
2237
1562
726
724
725
722
3498
3500
3483
3499
3848
3387
2184
3542
3404
3487
3716
3486
2161
2094
2093
1964
2091
2090
1537
2011
3654
3717
3718
3653
3655
3548
3656
2121
2615
2621
2523
2564
2830
2592
2833
2832
2761
2754
2753
2945
2801
2607
2933
2926
2572
4602
4603
4601
4772
4542
2665
2664
2656
4260
4600
4857
4597
4493
4888
4891
4872
3015
2705
2704
3330
2706
2700
4314
4090
4086
4709
1829
1401
2952
2069
1821
1713
1820
1895
1687
928
946
2410
2056
2143
2141
2170
2169
2142
2140
920
970
918
969
919
923
612
926
927
955
3668
3950
3936
4155
4095
4326
4324
2075
2259
1923
1924
1925
1694
2030
1926
1927
2003
3069
3065
3279
865
864
884
903
883
895
906
889
839
3477
4817
4221
4224
4225
4223
458
459
4227
4248
2937
2928
2927
4625
1984
2133
3333
2655
3941
3940
3943
3318
3311
2977
3310
3313
3312
3200
3315
1418
1533
786
757
787
762
780
1726
1725
2022
1727
2023
1724
788
745
1789
4711
4159
4132
4387
4386
28
63
65
48
66
31
184
126
68
38
69
3337
2678
3145
3336
1371
1369
1589
1459
1669
1716
1586
1667
1671
1321
4272
4273
1038
1037
1039
1086
3317
2565
1032
1033
1034
1035
507
488
1030
1036
1029
4094
502
494
503
490
491
499
501
640
644
632
583
637
633
634
600
635
590
585
594
636
587
638
642
639
1218
1886
4920
4911
4401
4804
2899
2900
2898
1298
2895
2896
2894
3043
2893
1729
1731
1730
2891
2892
1073
1107
1075
1077
1072
1099
1102
1103
1094
1461
1108
1109
3862
3863
3864
3933
3932
3867
4084
4080
4145
4087
4088
4128
4124
4154
3110
1788
1869
3861
3858
3860
3951
1723
1429
3837
3841
3840
1897
3732
3731
3644
3617
3730
4903
4898
4027
3948
3946
3947
3924
3923
3914
3931
3982
3919
3918
4219
4215
4692
4694
4800
3314
4794
4810
4790
4789
4791
4646
3070
4153
4134
4151
4156
4157
4148
4030
4158
4089
4338
3373
3071
3980
216
214
215
212
213
111
1530
1528
1520
1734
219
3094
2611
3095
2139
2032
4140
4139
4141
2666
2667
3237
478
2371
3488
3714
3481
3480
3501
3485
3561
2669
2671
2670
2672
4562
4564
4561
4560
4558
3649
3074
3073
3059
3645
3547
3647
3642
3641
2991
2548
2551
3045
3052
2553
2554
2555
2556
2557
2563
2562
2561
2595
2785
2647
2395
2470
2469
2378
2394
2392
2488
3001
4054
2380
3201
3011
3282
3281
4895
4081
4079
4073
4816
2750
4343
3164
3165
3121
1413
1859
4435
1851
1407
1852
1745
1854
1855
2007
1857
1314
2173
2174
1676
2175
2176
915
881
916
917
4940
867
911
909
896
910
859
858
2602
2644
3081
3080
2606
2608
2600
2596
2601
4270
2567
1423
1512
1416
1475
1931
2118
1936
1935
1934
1861
3369
847
880
851
885
886
4277
4278
3672
850
3364
3365
4927
4892
4925
3367
4627
1739
1738
1547
3702
3701
3968
3967
1732
1736
1735
1871
3920
3893
750
764
755
759
714
758
660
506
1597
1513
2954
3103
2579
2955
2944
484
1025
1027
1028
1031
1021
1018
1026
1022
3150
1050
3785
3428
390
306
1060
605
606
604
603
607
608
601
598
595
581
968
2566
187
1204
1202
1870
1868
1517
1455
1257
1451
1206
1208
1203
609
2481
4311
4313
4276
4275
1674
3104
3102
3105
3106
1711
1332
3100
1111
1097
1080
1113
1068
1112
1069
5
8
7
1091
1117
195
1118
1089
1119
1046
1348
1449
1447
1875
1712
1334
4093
4074
4092
4144
1464
4097
4069
4064
4059
4117
4106
461
4099
4100
4098
1356
1358
463
487
486
482
470
480
4586
4853
4852
4550
4539
4827
4605
4604
3705
3631
4723
4850
3884
3925
3986
3927
3929
3952
3981
4472
4786
4782
4780
4668
4149
4147
4123
4146
4142
3853
3934
3308
3852
3855
3850
3851
3891
3859
3898
4305
4302
3897
2897
4841
4883
4884
4885
4647
4912
3665
3767
3263
2942
1045
190
42
74
3678
3422
3418
3674
1454
1545
1456
2035
1162
2379
1444
2366
2387
2386
1453
3700
3195
2677
3586
3261
3260
3262
1647
2906
2765
2993
3676
3675
1949
3144
1561
900
901
907
1842
908
899
1794
3677
4638
2168
2165
2025
2164
2109
2135
2064
2617
3254
3252
2931
4538
4082
4131
2619
1995
4541
4083
1907
1909
1906
1905
1902
1900
1901
1189
3293
861
860
866
2463
4543
4451
4587
4894
3965
4910
742
743
747
748
749
761
765
3177
3063
2577
3060
3221
3220
3222
3280
2943
3266
3099
2939
1052
1053
1063
1090
1054
1055
1059
1076
1695
1697
1699
1319
1693
1438
3366
1797
615
4316
572
577
576
578
614
4429
4430
4433
1658
4459
1491
3133
3114
3112
2932
2930
2377
1251
1471
1476
1477
1790
1684
1478
1494
1744
1303
1305
2126
1306
1465
1307
1295
1301
1296
1310
1689
1309
1313
1312
1311
4590
498
497
492
495
496
493
24
132
131
22
27
21
23
29
3939
3938
4414
3944
4013
4014
4015
2929
2935
2642
2643
2637
4138
4120
4137
4065
4078
4136
4105
4051
4071
4119
3264
1877
3845
3429
3635
3844
3843
3550
3849
1511
4612
4613
4475
4473
4477
4471
4474
4478
3267
4044
4007
4045
4046
4047
4040
4041
3970
4042
3309
3984
4048
4049
4050
2288
2290
3666
3661
3769
2282
2283
2284
2285
2294
2286
2476
2491
2490
2489
2482
4908
4548
4688
4616
2578
2575
2580
2576
2581
2980
2570
2979
2569
2571
2375
4461
3691
3637
2372
2475
2349
2370
2373
2355
1087
1084
2597
3171
4659
4635
1085
2067
2113
1873
1521
1650
1078
977
974
993
973
971
980
979
982
983
981
984
985
181
183
114
186
2110
189
3056
2628
2076
4592
4666
4591
1466
1463
3289
3288
1911
1910
1913
2026
1912
2077
868
3448
873
890
2024
2020
2021
2071
2005
1165
1253
2028
2029
2758
2759
891
888
898
3469
4939
4937
3148
4593
775
666
774
720
777
776
771
770
4575
4721
75
76
72
73
84
3084
79
80
78
1043
1042
1049
1044
1088
4598
1685
1686
4928
4303
4304
1354
1264
665
723
664
716
662
718
700
702
701
661
657
676
3287
3286
3285
4212
4209
4210
3128
3284
3283
3120
2337
2336
3124
3125
1468
2128
3977
1467
1317
1323
1315
1414
4234
4233
4231
4232
4230
3504
4609
3123
3555
3554
3559
3560
319
321
320
318
4466
3403
313
314
4211
3484
1666
1518
2756
4127
4121
4122
4118
2755
4125
4104
1333
3721
1336
2484
1331
1327
4218
4703
4634
4702
4056
4057
4055
4053
4052
4075
2908
2909
4058
4930
4926
3407
2461
2362
3632
3609
3611
2299
2474
3615
3616
2291
2292
2295
2296
2353
2496
1640
3257
4271
2364
2368
2343
2363
2360
2587
2584
2658
2660
2583
4077
1863
2108
1865
1252
3720
963
4330
965
966
967
948
960
959
962
4689
2103
2102
2104
2016
2106
2105
1888
4704
2638
2640
2641
2635
2636
2631
2630
2986
2987
3468
2462
3765
3763
1274
878
875
877
874
872
870
2036
1250
2031
2034
4570
897
1442
3638
3546
3234
3235
4442
1965
1747
1882
768
2962
763
677
760
766
3178
3041
3042
1070
1066
1065
1071
2244
1670
1989
1093
674
658
1067
3135
2837
3131
3132
3130
3129
2816
3340
1746
4648
4649
1417
1411
1412
2127
1415
1326
1542
2494
4207
4213
4858
4779
4200
4203
4390
4391
4450
3619
1256
1261
1529
1741
304
307
302
303
4113
4110
4111
3058
3057
3414
2333
3054
4063
4067
3268
3412
3053
4893
3623
473
474
3607
3604
3605
2774
3413
4487
4484
2479
2477
2485
2480
4672
2357
2359
4873
2352
2354
2351
3398
3738
1894
1440
958
2134
2646
4805
4806
4807
3382
3424
3509
3423
3416
3421
3420
3426
3633
3425
2004
3153
4577
3557
3553
3556
3558
1408
1260
719
717
711
710
712
709
1271
1064
1661
591
589
593
592
597
596
599
646
4325
3142
3146
3186
3181
3363
3379
3378
3381
1406
1403
1405
1404
2013
2012
4217
1546
449
445
448
1338
441
442
447
457
446
450
451
444
39
117
44
37
36
641
645
643
647
648
339
350
336
332
334
337
329
4101
4126
4107
3374
3945
3896
3894
3890
4011
3503
3963
3704
4004
3636
3634
3630
3706
2499
2342
2403
2346
2339
2674
1881
1514
1880
2122
2124
949
990
992
2662
2653
2654
3000
133
129
137
136
135
138
3419
1164
3507
4486
4482
4488
4489
2903
2907
3075
3076
3077
2905
2904
2901
739
88
86
87
85
1275
1798
586
588
582
579
570
3152
3156
2839
2838
2836
2835
3505
3399
2795
4264
4266
469
468
464
462
476
3703
656
652
659
654
655
4671
3885
3882
4003
2815
4660
4665
4900
4008
324
3979
3629
3712
3211
3622
3624
3212
4886
2330
2331
2332
2338
2334
2335
3072
3715
3711
3719
3371
4862
2249
2245
2255
2253
991
121
122
123
124
4875
3376
2060
2062
2063
3410
3256
4809
3370
2936
2934
1644
1427
1649
574
573
569
575
2807
2809
2250
1424
733
732
1359
1515
3394
3185
3187
3180
3183
3188
3189
3109
4016
357
355
358
352
351
359
3613
3614
1441
1445
281
280
285
284
287
3760
3761
3762
988
989
987
112
2072
2673
2675
3214
3213
3218
3219
568
3190
4376
727
1160
1166
3304
46
41
43
40
477
