0	14
0	465
0	504
0	515
0	532
1	47
1	157
1	372
1	468
1	653
1	688
2	378
2	478
2	698
3	181
3	195
3	259
3	304
3	555
3	882
3	928
4	368
4	400
4	475
4	485
4	524
4	855
4	859
5	135
5	225
5	349
5	649
5	650
5	848
5	948
6	74
6	221
6	761
6	769
7	104
7	133
7	227
7	325
7	717
7	788
7	850
8	98
8	115
8	350
9	162
9	183
9	248
9	415
9	494
9	588
9	592
9	708
10	12
10	63
10	159
10	184
10	188
10	294
10	319
10	334
10	397
10	728
10	814
11	325
11	554
11	871
12	25
12	114
12	165
12	202
12	293
12	444
12	865
13	55
13	92
13	138
13	196
13	333
13	541
13	573
13	591
13	923
14	44
14	70
14	189
14	260
14	293
14	329
14	337
14	532
14	757
15	271
15	590
15	959
15	980
16	23
16	129
16	456
16	471
16	564
16	575
16	646
16	772
16	821
16	843
17	26
17	42
17	192
17	823
18	22
18	99
18	213
18	235
18	239
18	248
18	250
18	381
18	769
18	951
18	959
18	993
19	359
19	514
19	688
19	963
20	76
20	290
20	600
20	761
20	774
20	834
20	939
21	136
21	525
21	557
21	730
22	137
22	196
22	247
22	312
22	365
22	444
22	615
22	747
22	801
22	857
22	948
22	949
23	304
23	473
24	121
24	233
24	284
24	478
24	598
24	622
24	828
25	560
25	689
26	294
26	391
26	774
27	45
27	48
27	110
27	377
27	606
27	787
28	119
28	274
28	596
28	724
28	754
28	776
28	830
28	991
29	445
29	455
29	503
29	546
29	954
30	181
30	311
30	479
30	682
30	704
30	933
31	251
31	282
31	403
31	750
31	806
32	202
32	698
33	237
33	307
33	357
33	360
33	471
33	479
33	775
33	889
34	81
34	228
34	244
34	397
34	448
34	741
35	164
35	586
35	948
36	80
36	118
36	339
36	517
36	921
37	415
37	500
37	511
37	560
37	630
37	682
37	725
38	65
38	201
38	331
38	430
38	446
38	682
38	700
38	789
39	199
39	201
39	487
39	780
39	930
40	67
40	127
40	205
40	239
40	328
40	494
40	532
41	58
41	248
41	419
41	487
41	552
41	870
41	934
42	134
42	136
42	175
42	826
42	901
42	933
43	679
44	79
44	537
44	563
44	678
44	779
45	124
45	264
45	664
46	122
46	233
46	244
46	283
46	290
46	623
46	964
47	184
47	627
47	723
47	784
47	853
47	996
48	116
48	582
48	750
48	987
49	569
49	724
49	855
49	926
50	292
50	315
50	853
50	962
51	71
51	261
51	302
51	910
52	109
52	382
52	555
52	591
52	616
52	862
53	312
53	795
53	810
53	857
53	945
54	539
54	587
54	627
54	708
54	841
55	161
55	410
55	722
55	735
55	961
56	259
56	370
56	427
56	817
56	836
56	904
56	911
57	673
57	898
58	385
58	434
58	565
58	618
58	638
59	337
59	344
59	524
59	529
59	626
59	682
59	742
59	856
59	857
59	996
60	83
60	642
60	666
60	722
60	751
60	960
61	398
61	447
61	634
62	253
62	336
62	480
62	567
62	806
62	842
62	898
62	921
62	937
63	197
63	268
63	486
63	778
63	866
64	161
64	207
64	270
64	486
64	554
64	880
65	291
65	521
65	641
65	803
65	849
66	625
66	686
66	912
67	531
67	810
67	967
68	411
68	490
68	882
69	934
70	620
70	751
71	186
71	440
71	682
72	259
72	294
72	392
72	727
72	830
73	298
73	300
73	763
73	772
73	852
73	875
74	584
74	602
74	701
74	733
74	839
75	102
75	319
75	663
75	721
76	182
76	215
76	333
76	684
76	770
76	871
77	108
77	458
78	337
78	406
78	906
79	82
79	971
79	983
80	362
80	444
80	477
80	827
80	969
81	223
81	392
81	416
81	816
82	638
82	731
82	843
83	216
83	267
83	416
83	791
84	130
84	209
84	468
84	773
84	877
85	457
86	168
86	333
86	528
86	544
86	935
86	977
87	132
87	439
87	665
87	805
87	831
87	870
87	902
87	903
87	975
87	985
87	998
88	206
88	246
88	629
88	704
88	786
89	369
90	161
90	182
90	192
90	576
90	667
90	682
90	771
91	240
91	949
91	967
92	106
92	313
92	640
92	955
92	965
93	468
94	155
94	675
95	170
95	197
95	339
95	495
95	504
96	449
96	890
97	231
97	249
97	438
97	660
98	148
98	153
98	547
98	635
98	686
98	846
99	563
99	626
99	922
99	967
100	592
100	666
100	711
101	108
101	296
101	593
101	929
101	997
102	190
102	757
102	776
103	286
103	327
103	576
103	629
103	986
104	631
104	968
105	186
105	429
105	523
105	587
105	728
106	110
106	128
106	316
106	463
106	468
106	494
106	591
106	865
106	914
106	915
106	922
106	928
107	790
107	872
108	321
108	336
108	459
108	489
108	747
108	889
109	136
109	138
109	208
109	271
110	419
110	457
110	461
110	570
110	746
110	797
110	843
111	135
111	305
111	911
112	220
112	363
112	568
112	720
112	820
113	315
113	374
114	134
114	241
114	433
114	925
115	158
115	240
115	471
116	237
116	397
116	414
116	471
116	778
116	821
116	825
116	912
117	159
117	449
117	456
117	721
117	758
118	315
118	540
118	606
118	800
118	974
119	301
119	331
119	386
119	442
119	505
119	864
119	975
120	143
120	590
120	768
121	321
121	636
122	175
122	182
122	215
122	379
122	388
122	412
122	466
122	636
122	669
122	695
123	356
123	478
123	555
123	982
124	130
124	657
124	686
124	796
124	799
124	840
124	941
125	249
125	327
125	956
126	229
127	310
127	407
127	522
127	529
128	165
128	536
128	806
128	944
129	222
129	797
129	962
130	324
130	336
130	449
130	678
130	847
130	856
131	454
131	475
131	657
131	699
131	807
132	311
132	390
132	497
132	514
132	567
132	934
133	513
133	583
133	603
133	607
133	714
134	392
134	398
134	427
134	530
134	669
134	859
134	988
135	440
135	534
136	202
136	653
136	756
136	956
137	146
137	358
137	405
137	832
138	810
138	919
139	148
139	382
139	503
139	547
140	269
140	688
140	989
141	239
141	265
141	266
141	346
141	450
141	538
141	568
141	694
142	309
142	363
142	387
142	590
142	608
142	677
142	739
143	279
143	300
143	889
144	729
145	171
145	244
145	716
146	432
146	433
146	722
146	922
146	929
147	178
147	436
147	532
148	615
148	776
148	810
149	241
149	275
149	279
149	450
149	722
149	774
149	885
150	322
150	384
150	553
151	511
151	905
151	970
152	468
152	770
152	847
152	855
152	936
153	394
153	611
153	789
154	425
154	848
155	528
155	675
155	746
156	187
156	243
156	316
156	391
156	441
156	540
156	916
156	925
157	232
157	362
157	415
158	413
158	509
158	629
158	824
159	232
159	377
159	705
160	521
160	774
160	979
161	176
162	211
162	277
162	392
162	418
163	483
163	543
163	612
163	672
163	710
163	951
164	376
164	830
164	916
165	286
165	320
165	329
165	368
165	551
165	795
165	850
166	489
166	685
167	527
167	615
167	772
167	837
167	878
167	949
168	654
168	697
168	698
169	242
169	333
169	354
169	768
169	987
170	241
170	941
171	394
171	607
171	646
171	723
172	945
173	354
173	569
173	744
173	792
173	869
174	364
174	558
174	631
174	788
175	202
175	389
175	399
175	556
175	637
175	712
176	337
176	358
176	584
177	650
177	656
177	756
177	814
177	884
177	946
178	207
178	507
178	666
178	931
179	840
180	239
180	290
180	313
180	444
180	550
180	797
180	828
181	207
181	230
181	295
181	511
181	527
181	687
181	840
181	968
182	195
182	365
182	757
183	545
183	645
183	648
183	821
183	867
183	992
184	769
185	511
185	909
186	251
186	365
186	736
186	792
187	233
187	314
187	593
187	688
188	682
188	716
188	740
189	270
189	695
189	736
189	964
190	250
190	341
190	396
190	524
190	741
191	309
191	314
191	818
191	836
191	842
191	922
192	284
192	746
193	342
193	365
193	380
193	691
193	741
193	820
193	953
194	366
194	921
194	944
195	290
195	312
196	558
197	661
198	426
198	429
198	513
198	967
198	997
199	504
199	536
199	645
200	372
200	465
200	898
200	971
201	724
201	737
201	826
202	337
202	384
202	541
202	611
203	291
203	657
203	663
203	685
204	403
204	516
204	562
204	584
204	951
205	238
205	327
205	381
205	385
205	675
205	705
206	444
206	449
206	559
206	625
206	742
206	928
207	209
207	430
207	439
207	778
207	902
208	297
208	441
208	794
208	900
208	901
209	609
210	246
210	842
210	914
210	967
211	481
211	794
212	505
213	338
213	404
213	641
213	769
214	335
214	490
214	805
215	774
215	975
216	342
216	555
216	829
217	299
217	377
217	794
217	827
217	909
217	927
217	998
218	346
218	540
218	923
219	360
219	746
219	802
220	569
220	867
220	942
221	340
221	414
221	419
221	667
221	958
221	996
222	393
222	589
222	611
222	935
223	517
223	562
224	292
224	448
224	721
225	234
225	282
226	254
226	723
226	767
226	887
226	959
227	312
227	598
227	815
228	526
228	623
228	731
228	861
228	866
229	237
229	271
229	305
230	369
230	469
230	869
230	870
231	243
231	390
231	508
231	645
231	818
232	952
232	954
233	336
233	449
234	457
234	964
235	542
235	642
235	833
235	871
235	878
235	948
236	243
236	356
236	425
236	448
236	743
236	785
237	275
237	424
237	581
237	721
237	832
238	495
238	740
238	786
238	973
239	675
239	751
239	807
240	262
240	425
240	484
240	722
241	315
241	680
241	890
242	317
242	482
242	977
243	316
243	464
243	776
244	273
244	308
244	361
244	536
244	774
244	807
244	834
244	961
245	459
245	511
245	645
245	764
245	845
246	495
247	383
247	634
247	666
247	748
247	959
247	984
248	287
248	300
248	424
248	656
248	889
249	266
249	332
249	420
249	421
249	780
249	804
249	929
250	934
251	256
251	526
251	556
251	856
252	449
252	453
252	546
252	637
253	298
253	331
253	346
253	363
253	565
253	997
254	894
255	501
255	593
255	858
256	440
256	653
256	688
256	693
256	810
257	381
257	500
257	561
257	719
258	706
259	321
259	393
259	404
259	414
259	484
259	729
259	833
260	321
260	434
260	736
260	873
260	977
261	428
261	502
261	981
262	420
262	760
262	819
262	977
263	346
263	620
263	742
264	377
264	422
264	439
264	896
265	536
265	624
265	975
266	303
266	484
266	692
266	865
267	773
268	606
268	981
269	478
270	384
270	530
270	582
270	871
270	893
270	951
270	956
271	730
273	288
273	515
273	764
273	858
273	859
274	505
274	556
274	610
274	931
274	958
275	437
275	496
275	579
275	642
275	911
275	932
275	953
276	541
276	545
276	773
276	894
276	914
277	401
277	575
277	729
277	819
278	541
278	753
278	844
279	498
279	924
280	283
280	338
280	954
281	913
282	319
282	548
282	647
282	703
282	873
283	392
283	434
283	450
283	462
283	474
283	570
284	316
284	541
284	568
284	569
284	869
285	289
285	586
285	613
285	772
286	348
286	650
286	652
286	698
286	750
287	432
287	771
287	958
288	751
289	570
289	588
289	742
289	938
290	438
290	452
290	576
290	738
290	899
290	926
290	960
291	527
291	733
292	303
292	348
292	432
292	589
292	603
292	621
293	366
293	454
293	635
294	320
294	427
294	922
295	334
295	353
295	807
296	859
297	462
297	513
297	808
297	920
297	980
298	470
298	662
298	735
298	790
298	874
298	970
299	303
299	538
299	914
300	330
300	700
301	377
301	440
301	914
302	572
303	608
303	660
304	350
304	996
305	658
305	881
307	349
307	400
307	543
307	613
307	619
307	830
307	983
308	322
308	473
308	474
308	491
308	927
308	953
309	678
309	865
310	562
311	327
311	395
311	870
312	904
313	412
313	660
313	667
314	321
314	676
314	738
314	772
315	927
315	966
315	975
316	599
317	544
317	644
317	844
318	448
318	748
318	837
318	881
319	999
320	373
320	997
321	953
321	994
322	399
322	411
322	540
322	580
322	595
324	377
324	596
324	610
324	658
325	387
325	888
326	372
326	834
326	875
326	880
327	351
327	629
327	716
327	724
327	811
328	606
328	969
329	354
329	620
329	668
329	779
329	866
330	703
331	564
331	667
331	710
332	636
332	848
333	455
333	573
333	856
333	859
334	339
334	536
334	704
334	795
334	796
335	458
335	512
335	682
335	818
337	547
338	428
338	530
338	533
339	379
339	398
339	557
339	808
339	877
340	421
340	649
340	784
341	694
342	447
343	654
343	711
343	900
344	512
344	673
344	677
344	972
345	527
345	834
345	958
346	860
346	866
347	515
347	642
347	875
348	438
349	530
349	939
350	567
350	730
350	891
351	686
351	831
351	961
352	599
352	603
352	622
352	782
353	412
353	469
353	721
353	995
354	385
354	401
354	564
354	607
355	748
356	605
356	660
356	965
357	385
357	552
357	561
357	582
359	406
359	711
359	750
360	428
360	631
360	653
361	539
361	625
361	688
361	813
361	856
362	364
362	675
362	760
362	772
362	939
362	955
362	986
362	989
363	392
363	444
363	494
363	546
363	825
364	841
364	862
364	949
364	968
365	883
366	455
366	893
367	395
367	557
367	611
367	623
367	625
367	745
367	959
368	769
368	816
368	977
369	535
369	659
369	800
369	809
369	988
370	451
371	420
371	810
372	538
372	610
374	831
375	440
375	985
376	444
376	725
376	729
376	880
376	890
376	998
377	753
377	886
378	919
379	399
379	480
379	900
380	394
380	551
380	633
380	739
381	571
381	615
381	869
382	733
382	942
383	446
383	598
383	601
383	631
383	674
384	647
384	695
384	868
384	973
385	411
385	824
385	959
386	575
386	605
386	624
387	596
387	641
387	654
388	498
388	779
388	903
389	573
389	669
389	703
390	688
390	780
390	789
390	882
390	986
391	534
391	736
391	849
392	631
392	791
392	938
392	998
393	599
394	477
394	554
395	444
395	554
395	775
395	907
396	766
396	794
396	807
396	991
397	903
397	925
398	400
398	471
398	526
398	825
399	560
399	567
399	598
399	832
400	412
400	551
400	955
401	680
401	719
402	646
402	832
403	413
403	511
403	523
404	444
404	842
405	508
405	626
405	696
405	760
405	903
406	478
406	503
406	547
406	617
406	687
407	832
407	875
407	928
408	484
408	743
408	906
409	846
410	457
410	676
410	757
410	819
411	673
411	782
411	850
411	914
411	983
413	426
414	493
414	525
415	628
415	731
416	478
416	596
416	681
417	809
417	849
418	488
418	816
418	896
418	974
419	469
419	485
420	439
420	474
420	559
420	878
421	820
422	662
422	712
422	828
423	518
423	786
424	542
424	723
424	747
425	450
425	579
425	653
425	912
426	457
426	518
426	542
426	563
426	610
426	929
426	946
427	694
428	692
428	732
428	787
428	816
428	874
429	515
429	561
429	804
430	756
431	763
432	437
432	463
432	594
432	746
432	813
433	610
433	923
434	562
434	570
434	666
434	799
434	996
435	472
435	794
436	603
436	688
436	967
437	737
438	476
438	641
438	863
439	673
439	854
439	981
440	731
441	779
441	869
441	971
441	986
442	613
442	723
442	927
442	934
443	555
443	627
443	671
443	920
444	744
444	775
445	638
445	647
445	730
445	900
446	851
446	952
447	474
447	690
447	868
448	652
448	948
449	523
449	821
450	596
450	776
450	881
450	899
451	727
451	896
452	605
452	708
452	820
453	557
453	572
453	779
454	582
454	597
454	629
455	776
455	997
456	602
456	638
456	814
457	732
457	822
458	620
459	487
459	666
459	983
460	634
460	654
460	782
460	867
460	948
461	682
461	690
462	480
462	531
462	636
462	798
463	492
463	996
464	627
464	682
464	785
464	920
464	983
465	882
465	967
466	741
466	822
466	867
466	980
467	468
467	922
468	671
468	812
468	948
469	916
470	528
470	787
470	808
470	818
470	859
471	743
471	791
471	850
471	947
472	547
472	795
472	797
472	956
473	903
474	729
474	775
474	875
475	588
475	662
475	727
475	853
476	559
476	657
476	922
477	502
477	542
477	712
477	856
477	872
477	914
477	961
478	518
479	844
479	846
480	582
480	785
480	973
481	505
481	573
481	579
481	596
481	621
482	686
482	822
482	909
483	759
483	915
483	977
484	978
484	994
485	559
485	560
485	680
485	862
485	923
486	507
487	663
487	830
487	861
487	886
487	933
487	962
488	576
488	899
489	531
489	616
489	627
489	819
489	835
489	855
489	960
490	905
491	593
491	670
491	706
491	721
491	737
491	943
492	639
492	729
492	796
492	875
494	678
494	777
494	965
495	569
495	950
496	869
496	982
497	572
497	656
497	699
497	771
498	760
498	837
500	620
500	664
500	730
500	987
501	521
501	639
501	654
501	693
501	821
502	571
502	858
502	872
504	568
504	738
505	899
506	753
506	760
506	881
507	555
507	677
507	790
508	857
509	959
510	674
511	630
511	669
512	616
512	705
512	824
512	929
513	567
513	900
515	716
516	631
516	651
516	909
516	967
517	578
517	782
517	861
518	866
519	631
519	893
521	576
521	830
522	639
522	715
522	930
522	996
523	669
523	807
523	935
523	986
524	715
524	994
525	538
526	651
527	744
527	774
527	778
527	827
528	663
528	895
529	551
529	739
529	918
530	821
530	952
530	963
531	702
531	988
532	737
532	746
532	871
533	721
533	866
533	888
534	587
534	721
535	798
535	804
536	958
537	580
537	927
538	723
538	943
538	964
539	608
539	682
539	958
540	863
540	928
540	992
541	615
541	948
541	973
543	596
543	816
543	899
543	920
544	783
544	979
545	601
546	596
547	688
547	826
547	834
548	667
548	736
549	596
549	691
549	894
549	955
550	962
552	828
552	941
553	775
553	998
554	830
554	851
555	857
557	623
557	859
558	645
558	981
559	618
559	963
560	628
560	639
560	748
561	689
562	919
562	963
563	602
563	736
563	870
564	570
564	584
564	785
565	722
565	783
565	851
566	803
566	921
567	618
567	658
567	668
567	822
567	961
567	987
568	714
569	694
569	749
569	868
570	642
570	939
570	986
571	709
572	608
572	630
572	765
573	695
573	914
573	946
574	603
574	766
574	836
574	914
574	950
576	684
576	778
576	785
576	925
576	927
577	705
577	807
578	709
579	760
579	827
579	851
579	869
579	870
580	585
580	859
581	810
581	816
581	834
582	753
582	992
583	908
584	608
584	687
584	763
584	826
584	889
585	779
586	656
586	788
586	871
586	896
586	905
587	758
587	786
587	955
588	632
588	834
588	939
588	961
589	610
589	773
592	655
592	799
592	873
592	980
593	704
593	882
594	605
595	734
595	816
595	835
596	636
598	728
598	842
598	881
598	937
599	602
600	840
600	988
601	834
601	939
602	673
602	774
603	769
604	678
604	892
604	917
605	800
606	983
607	626
608	724
608	877
609	635
609	743
609	872
610	612
610	914
611	677
611	939
612	903
613	822
613	824
613	953
614	724
614	943
614	976
615	619
615	901
615	974
616	653
617	630
617	676
617	730
617	883
617	914
618	620
619	631
619	638
619	800
619	925
620	914
620	991
621	774
622	888
623	790
624	991
625	921
625	933
626	680
627	745
628	683
628	704
628	989
629	790
631	699
631	905
631	935
632	808
633	645
633	812
633	893
634	962
634	984
635	763
635	799
635	814
635	825
636	695
636	734
636	932
637	682
637	751
637	860
638	809
638	941
639	894
640	860
642	660
642	831
642	875
643	646
643	677
644	814
644	868
644	986
645	704
645	796
646	678
647	839
648	653
648	856
648	877
649	771
649	808
649	860
649	892
650	685
650	694
650	702
650	745
651	777
651	817
652	654
652	752
652	786
653	920
653	925
654	656
654	677
654	747
654	773
655	729
655	994
657	758
658	820
659	787
662	719
662	739
662	801
663	791
663	855
665	754
666	712
666	830
666	831
667	823
668	747
668	810
668	894
668	905
669	854
670	943
671	742
671	754
671	886
672	705
672	771
673	821
675	949
676	731
676	756
676	777
676	791
676	877
676	907
678	727
678	835
681	744
681	868
682	735
683	827
685	743
685	796
685	830
686	733
686	780
686	935
687	724
687	860
688	826
688	942
688	953
689	709
690	878
691	700
691	846
692	801
693	725
693	848
698	782
698	783
699	800
700	799
700	890
700	918
702	863
703	866
703	997
705	979
707	746
707	795
707	818
707	975
707	989
708	913
710	732
712	779
712	795
712	814
714	948
714	983
716	829
716	857
716	898
717	821
717	878
719	808
719	850
719	868
719	978
720	975
721	751
721	778
721	997
722	854
723	743
724	882
724	955
725	905
726	780
726	962
727	819
727	982
728	792
728	979
729	838
729	873
729	883
730	842
731	823
731	847
731	933
732	800
734	846
738	776
738	888
738	954
739	813
739	814
739	881
739	934
740	793
740	875
740	966
741	994
742	824
742	909
743	779
743	906
744	771
744	969
745	818
746	853
747	779
747	857
747	981
748	963
751	785
751	827
754	805
757	815
757	864
757	951
758	954
762	832
763	947
764	799
764	938
764	948
766	927
766	964
767	926
769	948
770	873
772	825
772	845
772	904
773	837
774	808
774	838
775	846
776	816
776	880
777	807
777	929
778	952
779	784
779	967
781	887
781	920
783	805
783	838
783	929
784	814
787	974
790	956
791	821
791	925
791	942
792	802
793	941
793	960
796	929
798	893
800	870
803	811
803	832
803	911
805	851
806	866
806	917
806	942
806	962
808	901
808	924
809	842
809	911
809	925
816	970
817	824
823	885
824	865
828	940
830	984
831	867
831	955
832	843
832	996
833	884
836	876
837	886
838	900
846	927
847	997
848	922
852	870
854	930
854	942
855	901
855	937
855	987
855	993
857	918
857	974
858	870
859	888
859	889
860	912
862	890
865	917
866	901
866	902
866	963
866	994
868	930
872	882
873	915
875	882
878	904
883	929
883	969
885	955
886	972
887	980
887	999
888	979
890	894
896	965
897	915
898	972
899	904
902	956
902	957
903	972
905	992
910	925
914	993
920	938
921	925
923	950
928	990
929	936
934	953
936	972
937	956
941	978
942	979
943	954
945	959
945	999
947	955
950	961
962	991
967	995
969	989
977	984
