Fraction_of_nodes	Efficiency
0.0005382131324004305	0.2936477583774194
0.001076426264800861	0.29362373115189466
0.0016146393972012918	0.2935039741792351
0.002152852529601722	0.29352696913355325
0.002691065662002153	0.29349177959804496
0.0032292787944025836	0.2933870314733252
0.003767491926803014	0.29332015634787867
0.004305705059203444	0.29327870306419407
0.004843918191603875	0.29326485886008735
0.005382131324004306	0.29314598232274125
0.005920344456404736	0.29312369542249095
0.006458557588805167	0.293105764046913
0.006996770721205597	0.29269471979242684
0.007534983853606028	0.29270493936699266
0.008073196986006458	0.292714769959347
0.008611410118406888	0.29266617126399175
0.00914962325080732	0.2926551619962125
0.00968783638320775	0.29263679946224297
0.01022604951560818	0.292637834908843
0.010764262648008612	0.29260123034294544
0.011302475780409042	0.29254223754739483
0.011840688912809472	0.2925500121313892
0.012378902045209902	0.29253028943928483
0.012917115177610334	0.29223352606136316
0.013455328310010764	0.29221723064105454
0.013993541442411194	0.29230569420116015
0.014531754574811625	0.2922751760327575
0.015069967707212056	0.2923238205410099
0.015608180839612486	0.2921288769167413
0.016146393972012917	0.29165945192841086
0.016684607104413347	0.2916528268319286
0.017222820236813777	0.291605949465097
0.01776103336921421	0.29155024851215866
0.01829924650161464	0.2914538932721498
0.01883745963401507	0.2914084708967229
0.0193756727664155	0.29140505667125843
0.01991388589881593	0.2912001489907612
0.02045209903121636	0.29115609694944916
0.02099031216361679	0.2910620763910307
0.021528525296017224	0.29098538142292335
0.022066738428417654	0.29090007330547163
0.022604951560818085	0.29082258477411455
0.023143164693218515	0.2908371955339661
0.023681377825618945	0.29075631741416547
0.024219590958019375	0.2907160594684051
0.024757804090419805	0.29067333934009787
0.02529601722282024	0.2905364742755833
0.02583423035522067	0.2904690081205266
0.0263724434876211	0.29035310301810374
0.02691065662002153	0.2903400246919317
0.02744886975242196	0.29029002094354617
0.02798708288482239	0.2902706159270888
0.02852529601722282	0.2901885292246375
0.02906350914962325	0.2901690190630363
0.029601722282023683	0.2900332426630083
0.030139935414424113	0.2899819754245847
0.030678148546824543	0.2899168512521534
0.031216361679224973	0.2898872334271635
0.031754574811625406	0.28969228498564276
0.03229278794402583	0.2896848157545298
0.03283100107642627	0.2896734669859982
0.03336921420882669	0.2896200548350071
0.03390742734122713	0.2896247271212772
0.03444564047362755	0.28963913580003764
0.03498385360602799	0.28963997250715834
0.03552206673842842	0.2895657729955634
0.03606027987082885	0.28935328592860166
0.03659849300322928	0.2893000739942622
0.03713670613562971	0.2893011169989298
0.03767491926803014	0.28930264537468775
0.03821313240043057	0.28913040998482314
0.038751345532831	0.28890800319674714
0.039289558665231435	0.28880549121035604
0.03982777179763186	0.28878450723511345
0.040365984930032295	0.288692281963001
0.04090419806243272	0.288676339440524
0.041442411194833155	0.2886756290092686
0.04198062432723358	0.2886754659154017
0.042518837459634015	0.28843862362289646
0.04305705059203445	0.28842183082091605
0.043595263724434875	0.2883685399522022
0.04413347685683531	0.2882990462552532
0.044671689989235736	0.2882914604585244
0.04520990312163617	0.2882260495146763
0.045748116254036596	0.28816161174888777
0.04628632938643703	0.28808235435306556
0.04682454251883746	0.2879956830948422
0.04736275565123789	0.2879416621873628
0.04790096878363832	0.2877410960138641
0.04843918191603875	0.2876332152859005
0.04897739504843918	0.28730225029379436
0.04951560818083961	0.2872807208111288
0.05005382131324004	0.2871098071207811
0.05059203444564048	0.2870646318619887
0.051130247578040904	0.2871411411846255
0.05166846071044134	0.2871376597237642
0.052206673842841764	0.28712472662005906
0.0527448869752422	0.28705233123108304
0.053283100107642624	0.2869773585557013
0.05382131324004306	0.2869549259431251
0.05435952637244349	0.28693478741249684
0.05489773950484392	0.2869328595811186
0.05543595263724435	0.2866439874217101
0.05597416576964478	0.2866374302491591
0.05651237890204521	0.2865648096104979
0.05705059203444564	0.2865496331744284
0.05758880516684607	0.28659015120360226
0.0581270182992465	0.2865389962080463
0.05866523143164693	0.28644512277389944
0.059203444564047365	0.28643310021481333
0.05974165769644779	0.2863468439102731
0.060279870828848225	0.2861703433294581
0.06081808396124865	0.28613222018905404
0.061356297093649086	0.28616273821873717
0.06189451022604951	0.28618722752763903
0.062432723358449946	0.2861543787508201
0.06297093649085038	0.2859205968506085
0.06350914962325081	0.28583504605323384
0.06404736275565123	0.2857865058425402
0.06458557588805167	0.2858637999490019
0.0651237890204521	0.28585781740564487
0.06566200215285253	0.2857645100552011
0.06620021528525297	0.2853983242374077
0.06673842841765339	0.2853868543241253
0.06727664155005382	0.2850842652785382
0.06781485468245425	0.28507765186276324
0.06835306781485469	0.28491425123934067
0.0688912809472551	0.2849601501896518
0.06942949407965554	0.2849132702734641
0.06996770721205597	0.2848603931285049
0.07050592034445641	0.2848770008420548
0.07104413347685684	0.28479019980734793
0.07158234660925726	0.28478569231131723
0.0721205597416577	0.2846984701476748
0.07265877287405813	0.284724873673711
0.07319698600645856	0.2846426231256734
0.073735199138859	0.28466404122346844
0.07427341227125941	0.2846147880822392
0.07481162540365985	0.2846050191568491
0.07534983853606028	0.28450548156059036
0.07588805166846072	0.2844656803672828
0.07642626480086114	0.2840674629198095
0.07696447793326157	0.28398734112445057
0.077502691065662	0.2840196264675973
0.07804090419806244	0.2839606248194218
0.07857911733046287	0.2836737148158627
0.07911733046286329	0.28362166840128544
0.07965554359526372	0.2836062635533857
0.08019375672766416	0.2834275629245955
0.08073196986006459	0.28339725172522934
0.08127018299246501	0.2833584396142096
0.08180839612486544	0.2833530364831629
0.08234660925726588	0.28341433515838016
0.08288482238966631	0.28332533276257355
0.08342303552206674	0.28332962943585527
0.08396124865446716	0.2832087490340646
0.0844994617868676	0.2831428129111588
0.08503767491926803	0.283143033588395
0.08557588805166846	0.2831610435306555
0.0861141011840689	0.2832006090872345
0.08665231431646932	0.2831048517592968
0.08719052744886975	0.2831331494714689
0.08772874058127018	0.28311064887447196
0.08826695371367062	0.28296514826390123
0.08880516684607104	0.28295398406107425
0.08934337997847147	0.2828673416928443
0.0898815931108719	0.28275729860410004
0.09041980624327234	0.28273285463545894
0.09095801937567277	0.28252794083903693
0.09149623250807319	0.28254874972553046
0.09203444564047362	0.28233340038653065
0.09257265877287406	0.2822898885531749
0.09311087190527449	0.28230561381215724
0.09364908503767493	0.28233933363143293
0.09418729817007535	0.28216643251209894
0.09472551130247578	0.2821801178102884
0.09526372443487621	0.28209934694925304
0.09580193756727665	0.28212590405089166
0.09634015069967707	0.28211012346362724
0.0968783638320775	0.28209666846073916
0.09741657696447793	0.2819167448594959
0.09795479009687837	0.28188633864819984
0.0984930032292788	0.2818263830251238
0.09903121636167922	0.28182249717129915
0.09956942949407965	0.2817862978592997
0.10010764262648009	0.28172415671307005
0.10064585575888052	0.2816390277139508
0.10118406889128095	0.28163039317157657
0.10172228202368137	0.2815003513577321
0.10226049515608181	0.2814690368820324
0.10279870828848224	0.2813553100646436
0.10333692142088267	0.28111449991971754
0.1038751345532831	0.2807567891923673
0.10441334768568353	0.28062590215556804
0.10495156081808396	0.28062850656318605
0.1054897739504844	0.28062716363159035
0.10602798708288483	0.28060400739672475
0.10656620021528525	0.2803136121046515
0.10710441334768568	0.2802803847028567
0.10764262648008611	0.2802512700893792
0.10818083961248655	0.2802187353169284
0.10871905274488698	0.2801919606526981
0.1092572658772874	0.2801182085014426
0.10979547900968784	0.2800559114962051
0.11033369214208827	0.2798416235770298
0.1108719052744887	0.27976053809218737
0.11141011840688912	0.27975302522415924
0.11194833153928956	0.2797397581804614
0.11248654467168999	0.279712561919625
0.11302475780409042	0.2797001704334212
0.11356297093649086	0.2795724770740204
0.11410118406889128	0.27958151708126433
0.11463939720129171	0.27963514907055403
0.11517761033369214	0.27965281199074304
0.11571582346609258	0.27957238017642055
0.116254036598493	0.27955025254322463
0.11679224973089343	0.27951815269809793
0.11733046286329386	0.2794473850756032
0.1178686759956943	0.2793592389454792
0.11840688912809473	0.2793245062648372
0.11894510226049515	0.27900575559889784
0.11948331539289558	0.2789314271007833
0.12002152852529602	0.27896156388836507
0.12055974165769645	0.27894031985362955
0.12109795479009688	0.2789081010025507
0.1216361679224973	0.278880821407012
0.12217438105489774	0.27883409682721355
0.12271259418729817	0.27887625522669557
0.1232508073196986	0.2788475388556872
0.12378902045209902	0.27882601154152714
0.12432723358449946	0.2788369008242764
0.12486544671689989	0.27883250692259315
0.12540365984930033	0.2787800568049409
0.12594187298170076	0.27847079269043373
0.1264800861141012	0.2783936639165827
0.12701829924650163	0.2781842786142901
0.12755651237890203	0.2781642340140344
0.12809472551130247	0.2779760554516367
0.1286329386437029	0.2779708431170726
0.12917115177610333	0.2779133490525353
0.12970936490850377	0.27788303662843417
0.1302475780409042	0.2777757412716516
0.13078579117330463	0.27778184075904055
0.13132400430570507	0.27762943465238077
0.1318622174381055	0.2775294288125706
0.13240043057050593	0.2770851420198807
0.13293864370290634	0.27705644469232926
0.13347685683530677	0.2768625711848753
0.1340150699677072	0.27689158440654527
0.13455328310010764	0.2768374839360492
0.13509149623250807	0.2763554600176907
0.1356297093649085	0.276309828217402
0.13616792249730894	0.2762452054418859
0.13670613562970937	0.2762541008886078
0.1372443487621098	0.27619280795454265
0.1377825618945102	0.2761504794927133
0.13832077502691065	0.2760689616552169
0.13885898815931108	0.2759531073307541
0.13939720129171151	0.2759425428651184
0.13993541442411195	0.2757466038455066
0.14047362755651238	0.27578947899063444
0.14101184068891282	0.27580365385539246
0.14155005382131325	0.2758362675385345
0.14208826695371368	0.2757660959359812
0.1426264800861141	0.27581228127079777
0.14316469321851452	0.2758662525473888
0.14370290635091496	0.27572297866312523
0.1442411194833154	0.27578319939389323
0.14477933261571582	0.2756460910776339
0.14531754574811626	0.2755234719938672
0.1458557588805167	0.27548023905735713
0.14639397201291712	0.2752950447831161
0.14693218514531756	0.275001813021235
0.147470398277718	0.2750536626679267
0.1480086114101184	0.2750521086363149
0.14854682454251883	0.2748990723015126
0.14908503767491926	0.27476014480743377
0.1496232508073197	0.27474440015039453
0.15016146393972013	0.2746855983209734
0.15069967707212056	0.27451902561157754
0.151237890204521	0.27445486383285755
0.15177610333692143	0.2743782011340868
0.15231431646932186	0.27431762262566284
0.15285252960172227	0.27432868403090527
0.1533907427341227	0.27422092852603697
0.15392895586652314	0.2742491260490806
0.15446716899892357	0.2742044905566133
0.155005382131324	0.2739084660773591
0.15554359526372444	0.2739724410746954
0.15608180839612487	0.27396980536936616
0.1566200215285253	0.27383709145686325
0.15715823466092574	0.273723446346123
0.15769644779332614	0.27364431626472147
0.15823466092572658	0.2735839637425348
0.158772874058127	0.2736030023663135
0.15931108719052745	0.27358305685054946
0.15984930032292788	0.27326769641157417
0.1603875134553283	0.27281949689497614
0.16092572658772875	0.27250603683522284
0.16146393972012918	0.27249287403375066
0.1620021528525296	0.27244124795209523
0.16254036598493002	0.27234964909078685
0.16307857911733045	0.2722118912309248
0.16361679224973089	0.2719935614259681
0.16415500538213132	0.27199401445768434
0.16469321851453175	0.27196689895575005
0.1652314316469322	0.27195254215239184
0.16576964477933262	0.2719217226816696
0.16630785791173305	0.2716446251052064
0.1668460710441335	0.27165036957378164
0.16738428417653392	0.2715656594618655
0.16792249730893433	0.27150681539496013
0.16846071044133476	0.2715257940501606
0.1689989235737352	0.27147884712999054
0.16953713670613563	0.2715049072133618
0.17007534983853606	0.2714490741900394
0.1706135629709365	0.27145739643354616
0.17115177610333693	0.27117132279189204
0.17168998923573736	0.27110030331708546
0.1722282023681378	0.2710791921059548
0.1727664155005382	0.27099318080991397
0.17330462863293863	0.2710138196570648
0.17384284176533907	0.27095062852898544
0.1743810548977395	0.27079240444636793
0.17491926803013993	0.2705974279276141
0.17545748116254037	0.27056339724474426
0.1759956942949408	0.27041611353407424
0.17653390742734124	0.2703929925548354
0.17707212055974167	0.2703205487867719
0.17761033369214208	0.2703121599316138
0.1781485468245425	0.2700026475202745
0.17868675995694294	0.27002677491773436
0.17922497308934338	0.2700495392808264
0.1797631862217438	0.2699535337088234
0.18030139935414424	0.2699625846475714
0.18083961248654468	0.26988535563660976
0.1813778256189451	0.26979967249977943
0.18191603875134554	0.2699029309632808
0.18245425188374598	0.26974532287589237
0.18299246501614638	0.26973901947848505
0.18353067814854682	0.26927052928706735
0.18406889128094725	0.2690955957355548
0.18460710441334768	0.2691485423499326
0.18514531754574812	0.26911691904819146
0.18568353067814855	0.26907404762865283
0.18622174381054898	0.2690136776195743
0.18675995694294942	0.2689656089314215
0.18729817007534985	0.2688692717978019
0.18783638320775026	0.2685453735806605
0.1883745963401507	0.26819544769133985
0.18891280947255112	0.268137936493308
0.18945102260495156	0.26809818932662416
0.189989235737352	0.2680153420997864
0.19052744886975242	0.2680379555986474
0.19106566200215286	0.26798927880948803
0.1916038751345533	0.2679861965956506
0.19214208826695373	0.26797577167872866
0.19268030139935413	0.26791178517260883
0.19321851453175456	0.2674582643899611
0.193756727664155	0.2673774221330244
0.19429494079655543	0.26721423486040285
0.19483315392895587	0.2671733799795216
0.1953713670613563	0.2670103803042666
0.19590958019375673	0.2668110855622538
0.19644779332615717	0.266891280598086
0.1969860064585576	0.26677128462913796
0.197524219590958	0.2667496167021198
0.19806243272335844	0.2664409493031415
0.19860064585575887	0.2664303874646349
0.1991388589881593	0.2664820447351738
0.19967707212055974	0.2664471970064163
0.20021528525296017	0.26644728956360514
0.2007534983853606	0.2664588945274541
0.20129171151776104	0.2664861707747217
0.20182992465016147	0.2665098602673055
0.2023681377825619	0.26656308743620316
0.2029063509149623	0.26666599052131135
0.20344456404736275	0.2667181462260765
0.20398277717976318	0.2667089885742066
0.20452099031216361	0.266373297832328
0.20505920344456405	0.26632210255589295
0.20559741657696448	0.2663351380982987
0.20613562970936491	0.26617287629420566
0.20667384284176535	0.2661559629159528
0.20721205597416578	0.2661661424841154
0.2077502691065662	0.2660891158028894
0.20828848223896662	0.266065858937361
0.20882669537136705	0.26603747849387094
0.2093649085037675	0.2659857753371942
0.20990312163616792	0.2658453480255187
0.21044133476856836	0.2658129676915778
0.2109795479009688	0.26577766119461865
0.21151776103336922	0.2657734994715684
0.21205597416576966	0.2655043953431993
0.21259418729817006	0.2655002627512178
0.2131324004305705	0.26513683594708304
0.21367061356297093	0.26489913411371063
0.21420882669537136	0.2649539880588657
0.2147470398277718	0.26459596725436346
0.21528525296017223	0.26451563327217226
0.21582346609257266	0.2645245658166425
0.2163616792249731	0.26459861627608816
0.21689989235737353	0.2646259921685935
0.21743810548977396	0.2645874484559635
0.21797631862217437	0.26457654413238124
0.2185145317545748	0.26451665441850025
0.21905274488697524	0.2644832135882228
0.21959095801937567	0.26415747152510727
0.2201291711517761	0.2641926157986366
0.22066738428417654	0.2641996608644976
0.22120559741657697	0.2641435387173229
0.2217438105489774	0.26414061468826555
0.22228202368137784	0.2640306414429581
0.22282023681377824	0.2639939087617159
0.22335844994617868	0.2638918129034119
0.2238966630785791	0.263782717388193
0.22443487621097954	0.26362299595283945
0.22497308934337998	0.2635601048754873
0.2255113024757804	0.2635196319768346
0.22604951560818085	0.26358873907289754
0.22658772874058128	0.2634883885863966
0.2271259418729817	0.2634353880380987
0.22766415500538212	0.2634341470512699
0.22820236813778255	0.263365540657988
0.22874058127018299	0.26335140798950407
0.22927879440258342	0.2633093278474508
0.22981700753498385	0.2632568873313806
0.2303552206673843	0.26326660899919924
0.23089343379978472	0.26296174990532706
0.23143164693218515	0.2627944149010662
0.2319698600645856	0.2624851764716206
0.232508073196986	0.26253793885645943
0.23304628632938643	0.2622258820049239
0.23358449946178686	0.2622989841025832
0.2341227125941873	0.2622486627379346
0.23466092572658773	0.2622519857680293
0.23519913885898816	0.26216912807014947
0.2357373519913886	0.26195455994684236
0.23627556512378903	0.2619733667121875
0.23681377825618946	0.26184008115563656
0.2373519913885899	0.2616792439117329
0.2378902045209903	0.26152493294946894
0.23842841765339073	0.2614863938776043
0.23896663078579117	0.26146032314270523
0.2395048439181916	0.26145672855503466
0.24004305705059203	0.2615412684706862
0.24058127018299247	0.2615709411279602
0.2411194833153929	0.26151194472436484
0.24165769644779334	0.26148590614722333
0.24219590958019377	0.2613885442987285
0.24273412271259417	0.26134830824566446
0.2432723358449946	0.2612133027623729
0.24381054897739504	0.2612079606321281
0.24434876210979548	0.2611925740865636
0.2448869752421959	0.26114124166724884
0.24542518837459634	0.2611036456178515
0.24596340150699678	0.2610900085910651
0.2465016146393972	0.2611536296826762
0.24703982777179764	0.2610964030058992
0.24757804090419805	0.26105983836025987
0.24811625403659848	0.26086368235479906
0.24865446716899892	0.26100759880128915
0.24919268030139935	0.26090986734996935
0.24973089343379978	0.2607477544375354
0.2502691065662002	0.26081322254773764
0.25080731969860065	0.26082331080742466
0.2513455328310011	0.2605948091808762
0.2518837459634015	0.26060318560779067
0.25242195909580195	0.2606154679181386
0.2529601722282024	0.26061517049465943
0.2534983853606028	0.2606241560308535
0.25403659849300325	0.26052565667706906
0.2545748116254037	0.26045438695129675
0.25511302475780406	0.26043216405793457
0.2556512378902045	0.2603506408729883
0.25618945102260493	0.2603650245594888
0.25672766415500536	0.26017447646132164
0.2572658772874058	0.26022477444188824
0.25780409041980623	0.26024747808192655
0.25834230355220666	0.2602308362634602
0.2588805166846071	0.26015564210393605
0.25941872981700753	0.2599791223730078
0.25995694294940797	0.2599623449711877
0.2604951560818084	0.2595776357337613
0.26103336921420883	0.2595201966382352
0.26157158234660927	0.25950334147994514
0.2621097954790097	0.2594254508596243
0.26264800861141013	0.2594395442801065
0.26318622174381057	0.2590928067092517
0.263724434876211	0.25885303176976926
0.26426264800861143	0.25878271580007983
0.26480086114101187	0.25873502780597696
0.26533907427341225	0.2587970675108804
0.2658772874058127	0.25838417502349975
0.2664155005382131	0.2582741863530506
0.26695371367061355	0.25826191511010715
0.267491926803014	0.25823679744762484
0.2680301399354144	0.25802965041407233
0.26856835306781485	0.2580532637590817
0.2691065662002153	0.25798945068238743
0.2696447793326157	0.2578114310918029
0.27018299246501615	0.2577459632937338
0.2707212055974166	0.2577498896805147
0.271259418729817	0.2577569930607307
0.27179763186221745	0.25766370606925465
0.2723358449946179	0.2574993337176464
0.2728740581270183	0.25736109458877543
0.27341227125941875	0.2572936714816799
0.2739504843918192	0.2570453773541411
0.2744886975242196	0.257045051392092
0.27502691065662	0.2568064201027491
0.2755651237890204	0.25678616489599493
0.27610333692142086	0.2565297012604736
0.2766415500538213	0.25647923720821664
0.27717976318622173	0.25646795609715534
0.27771797631862216	0.25650963706914637
0.2782561894510226	0.2563406654866289
0.27879440258342303	0.25624035644081666
0.27933261571582346	0.25606046045793907
0.2798708288482239	0.2559927335184388
0.28040904198062433	0.2559222729052713
0.28094725511302476	0.25585861749648603
0.2814854682454252	0.2557245860829198
0.28202368137782563	0.2557954234795082
0.28256189451022606	0.2557061678455243
0.2831001076426265	0.2556560713107395
0.28363832077502693	0.25557304779628925
0.28417653390742736	0.2555977163269679
0.2847147470398278	0.2556248319334703
0.2852529601722282	0.25571876191901766
0.2857911733046286	0.2557604914073439
0.28632938643702904	0.2555586683514612
0.2868675995694295	0.2552890131480351
0.2874058127018299	0.255269504438005
0.28794402583423034	0.2551034933672768
0.2884822389666308	0.255082674391934
0.2890204520990312	0.2549586862887526
0.28955866523143164	0.2549875741441249
0.2900968783638321	0.254893931401743
0.2906350914962325	0.254700771790195
0.29117330462863295	0.25437970958503725
0.2917115177610334	0.2542757011374133
0.2922497308934338	0.25434844821999614
0.29278794402583425	0.2543921094189544
0.2933261571582347	0.2541887965888407
0.2938643702906351	0.25412365769264367
0.29440258342303555	0.25405327689239926
0.294940796555436	0.25398150979912015
0.29547900968783636	0.2539891265598785
0.2960172228202368	0.25402397372144686
0.2965554359526372	0.2540186224274057
0.29709364908503766	0.253943805925324
0.2976318622174381	0.25385906738025904
0.2981700753498385	0.2538507288953356
0.29870828848223896	0.2537958874683071
0.2992465016146394	0.2535998788925257
0.2997847147470398	0.25347763164301085
0.30032292787944026	0.2532242268549272
0.3008611410118407	0.25291895645179807
0.3013993541442411	0.2529512179657061
0.30193756727664156	0.25281927790747594
0.302475780409042	0.2527888400793087
0.30301399354144243	0.2528053921646551
0.30355220667384286	0.25259874770885127
0.3040904198062433	0.2526004433022998
0.30462863293864373	0.25244144731717044
0.3051668460710441	0.2522799472749541
0.30570505920344454	0.2522477560953356
0.306243272335845	0.2520568819108467
0.3067814854682454	0.2520173794614952
0.30731969860064584	0.2518709072369753
0.3078579117330463	0.25186240871074095
0.3083961248654467	0.25185959915345957
0.30893433799784714	0.25183454268343786
0.3094725511302476	0.25166942371222445
0.310010764262648	0.251659386092457
0.31054897739504844	0.251295524720645
0.3110871905274489	0.2513383990517687
0.3116254036598493	0.2511570357084591
0.31216361679224974	0.250922605959145
0.3127018299246502	0.25093844631377765
0.3132400430570506	0.2509902785513984
0.31377825618945104	0.2509673044118047
0.3143164693218515	0.2508678941215102
0.3148546824542519	0.25075602223069315
0.3153928955866523	0.25086745822415435
0.3159311087190527	0.2507701896978866
0.31646932185145316	0.25058109110074056
0.3170075349838536	0.25043723582009353
0.317545748116254	0.2504029857460133
0.31808396124865446	0.25035699934933664
0.3186221743810549	0.25027778359718167
0.3191603875134553	0.25019144231590945
0.31969860064585576	0.2501403752604819
0.3202368137782562	0.25016251194499706
0.3207750269106566	0.25018266594940664
0.32131324004305706	0.25010265948039023
0.3218514531754575	0.24998083947767263
0.3223896663078579	0.24991748008993003
0.32292787944025836	0.25000931517057895
0.3234660925726588	0.24984459052874816
0.3240043057050592	0.2498778005309108
0.32454251883745966	0.24970465671775624
0.32508073196986004	0.24986035341938712
0.32561894510226047	0.24980279312985848
0.3261571582346609	0.24979197821287374
0.32669537136706134	0.24979455976109083
0.32723358449946177	0.2497316064718647
0.3277717976318622	0.2495394993694299
0.32831001076426264	0.249521389735597
0.32884822389666307	0.24942776800754823
0.3293864370290635	0.24945978245087524
0.32992465016146394	0.2494455166506091
0.3304628632938644	0.24941385070869376
0.3310010764262648	0.24911743437322675
0.33153928955866524	0.24890154867371583
0.3320775026910657	0.24882893465525108
0.3326157158234661	0.2483006809303297
0.33315392895586654	0.24823341035867813
0.333692142088267	0.24818746988281387
0.3342303552206674	0.24814029918666541
0.33476856835306784	0.24765529037840522
0.3353067814854682	0.24743516331722631
0.33584499461786865	0.24742023939209412
0.3363832077502691	0.24700966990759113
0.3369214208826695	0.24701932627078582
0.33745963401506995	0.24652294625028653
0.3379978471474704	0.2464605432925029
0.3385360602798708	0.24638793482406057
0.33907427341227125	0.2464350522092623
0.3396124865446717	0.2465026108525766
0.3401506996770721	0.2462156341224087
0.34068891280947255	0.2461017906960604
0.341227125941873	0.24604032078994406
0.3417653390742734	0.2460061503052639
0.34230355220667386	0.24609940384022724
0.3428417653390743	0.2459791293600757
0.3433799784714747	0.24579775462134895
0.34391819160387516	0.24570106164098618
0.3444564047362756	0.2452588003407675
0.344994617868676	0.24530253036652433
0.3455328310010764	0.2453625629510905
0.34607104413347684	0.24520713344980397
0.34660925726587727	0.2452892829049179
0.3471474703982777	0.24519782056082132
0.34768568353067814	0.24521965648110938
0.34822389666307857	0.2452194596703235
0.348762109795479	0.24509908008155393
0.34930032292787944	0.24509921885236619
0.34983853606027987	0.24472892265742452
0.3503767491926803	0.2444094994142017
0.35091496232508074	0.24435381027437578
0.35145317545748117	0.24416058033092297
0.3519913885898816	0.24408296031190027
0.35252960172228204	0.2439746752550504
0.35306781485468247	0.24392095856887774
0.3536060279870829	0.24372159627620057
0.35414424111948334	0.2436907413128217
0.35468245425188377	0.2436209373811375
0.35522066738428415	0.2433057329070787
0.3557588805166846	0.24317002704620422
0.356297093649085	0.24320736326663278
0.35683530678148545	0.24319282796685604
0.3573735199138859	0.24323197698446122
0.3579117330462863	0.24302969116951118
0.35844994617868675	0.2430239364351176
0.3589881593110872	0.24314548917091047
0.3595263724434876	0.24297413164160792
0.36006458557588805	0.2428988035721556
0.3606027987082885	0.24278179485968948
0.3611410118406889	0.24292436973915824
0.36167922497308935	0.2428005746619811
0.3622174381054898	0.24225789990997107
0.3627556512378902	0.2421636676192608
0.36329386437029065	0.24198344112080786
0.3638320775026911	0.24205536288884644
0.3643702906350915	0.2421202490940119
0.36490850376749195	0.24205797171905666
0.36544671689989233	0.24172723714383273
0.36598493003229277	0.24177077304156266
0.3665231431646932	0.24195355063475624
0.36706135629709363	0.24200175213313918
0.36759956942949407	0.24175403774506116
0.3681377825618945	0.2417351482298255
0.36867599569429493	0.24154233810066755
0.36921420882669537	0.24156993012220518
0.3697524219590958	0.241312594144481
0.37029063509149623	0.24126020195379846
0.37082884822389667	0.24117661987728667
0.3713670613562971	0.2411534394812747
0.37190527448869753	0.24093299300925297
0.37244348762109797	0.24070309159459424
0.3729817007534984	0.24053118468613377
0.37351991388589884	0.24054086211532835
0.37405812701829927	0.24031068140751466
0.3745963401506997	0.24032221232304588
0.3751345532831001	0.2402760251676106
0.3756727664155005	0.2402756783404753
0.37621097954790095	0.24017479555236337
0.3767491926803014	0.24018560562332447
0.3772874058127018	0.2401211346601612
0.37782561894510225	0.2401019660775813
0.3783638320775027	0.24000803812957275
0.3789020452099031	0.23993346806160595
0.37944025834230355	0.23971381303638664
0.379978471474704	0.23972518359559142
0.3805166846071044	0.23964133373691018
0.38105489773950485	0.23920589488592697
0.3815931108719053	0.23860715950059258
0.3821313240043057	0.2386271155113862
0.38266953713670615	0.23866473405240946
0.3832077502691066	0.2385580624906471
0.383745963401507	0.23849617098181733
0.38428417653390745	0.23845647450728316
0.3848223896663079	0.23841019629403087
0.38536060279870826	0.2384461804099507
0.3858988159311087	0.23834581615543188
0.38643702906350913	0.23817661312680488
0.38697524219590956	0.23816040641363542
0.38751345532831	0.23824687959203078
0.38805166846071043	0.23802646949174192
0.38858988159311086	0.2380523100064079
0.3891280947255113	0.23805203339934464
0.38966630785791173	0.2379783727942036
0.39020452099031216	0.2374744537351466
0.3907427341227126	0.23735936994753795
0.39128094725511303	0.23738589482820655
0.39181916038751347	0.2373435340268181
0.3923573735199139	0.23732275973020528
0.39289558665231433	0.23730856790625712
0.39343379978471477	0.23737016731073268
0.3939720129171152	0.23733049109717572
0.39451022604951563	0.23716962906015399
0.395048439181916	0.23697849481864003
0.39558665231431644	0.23696711660449635
0.3961248654467169	0.23687117957008436
0.3966630785791173	0.23672898043107163
0.39720129171151775	0.23668709616040312
0.3977395048439182	0.2366273619603767
0.3982777179763186	0.23642262535756292
0.39881593110871905	0.23644452798554738
0.3993541442411195	0.2363638014876801
0.3998923573735199	0.2364264781883645
0.40043057050592035	0.2364386876987361
0.4009687836383208	0.2363703511304847
0.4015069967707212	0.23638666471762154
0.40204520990312165	0.23628234751173874
0.4025834230355221	0.23623984525324232
0.4031216361679225	0.23612053073380176
0.40365984930032295	0.23614150796464067
0.4041980624327234	0.2360647032474601
0.4047362755651238	0.2359212391469344
0.4052744886975242	0.23587950051519266
0.4058127018299246	0.23591209882237765
0.40635091496232506	0.2358080798477525
0.4068891280947255	0.23579449961091167
0.4074273412271259	0.23574261227712615
0.40796555435952636	0.23547847321051268
0.4085037674919268	0.23529791214801404
0.40904198062432723	0.23520736993232
0.40958019375672766	0.23522942945593378
0.4101184068891281	0.2350829345590056
0.41065662002152853	0.2350176395505335
0.41119483315392896	0.2345537097287933
0.4117330462863294	0.23459627830613825
0.41227125941872983	0.23459655757765882
0.41280947255113026	0.23453683632660488
0.4133476856835307	0.23451874644412
0.41388589881593113	0.23450186146071905
0.41442411194833156	0.2343938000252655
0.414962325080732	0.2343551373627688
0.4155005382131324	0.23369173612854016
0.4160387513455328	0.23347409888374257
0.41657696447793324	0.2334513468108883
0.4171151776103337	0.23331348620022202
0.4176533907427341	0.23321224262069995
0.41819160387513454	0.2329745665015556
0.418729817007535	0.2327851714094514
0.4192680301399354	0.23289552243036846
0.41980624327233584	0.23291761224867025
0.4203444564047363	0.23281427024963688
0.4208826695371367	0.23270692042032692
0.42142088266953714	0.23240318107257857
0.4219590958019376	0.23243044762795
0.422497308934338	0.23243657278836344
0.42303552206673845	0.23233840600312736
0.4235737351991389	0.23228783421382598
0.4241119483315393	0.23234931452882912
0.42465016146393975	0.23240850255951565
0.4251883745963401	0.2316523963574691
0.42572658772874056	0.23157399560686448
0.426264800861141	0.2314728073193864
0.4268030139935414	0.23159399197415823
0.42734122712594186	0.231513810768951
0.4278794402583423	0.23141929275260148
0.4284176533907427	0.2312505412669684
0.42895586652314316	0.23091692763530175
0.4294940796555436	0.23073074046870778
0.430032292787944	0.2306877869905981
0.43057050592034446	0.23069928791051084
0.4311087190527449	0.23060663399209255
0.4316469321851453	0.230341998545035
0.43218514531754576	0.2304290925337571
0.4327233584499462	0.23003344639414675
0.4332615715823466	0.22990347690398996
0.43379978471474706	0.2299843456665393
0.4343379978471475	0.2299501236709846
0.43487621097954793	0.22969520625492237
0.4354144241119483	0.22958091857109206
0.43595263724434874	0.22957134738125345
0.4364908503767492	0.2295395625104133
0.4370290635091496	0.22953080315882085
0.43756727664155004	0.229548357942847
0.4381054897739505	0.22956303944895806
0.4386437029063509	0.22925207501955733
0.43918191603875134	0.22872613342188658
0.4397201291711518	0.22865481454726963
0.4402583423035522	0.22870454371324342
0.44079655543595264	0.22881915037003947
0.4413347685683531	0.2287910026005485
0.4418729817007535	0.22881420867785915
0.44241119483315394	0.22878515361782328
0.4429494079655544	0.2286163481362064
0.4434876210979548	0.22856894797460342
0.44402583423035524	0.22862992033857427
0.4445640473627557	0.22870017530947667
0.44510226049515605	0.228705474510486
0.4456404736275565	0.22876408541951393
0.4461786867599569	0.2286818015229733
0.44671689989235736	0.2284920883212478
0.4472551130247578	0.22830073076673912
0.4477933261571582	0.22830112440772451
0.44833153928955866	0.2282311529328287
0.4488697524219591	0.22817792840942014
0.4494079655543595	0.22815314764807249
0.44994617868675996	0.22781495296579873
0.4504843918191604	0.2276958651458208
0.4510226049515608	0.22760599201003387
0.45156081808396126	0.22747818457522517
0.4520990312163617	0.2271534648576557
0.4526372443487621	0.22711028663112165
0.45317545748116256	0.22691293091962414
0.453713670613563	0.22688170809291286
0.4542518837459634	0.22691945375002337
0.45479009687836386	0.226955110347844
0.45532831001076424	0.22686915131401975
0.45586652314316467	0.2268642107476116
0.4564047362755651	0.22672346612529592
0.45694294940796554	0.22668390603705757
0.45748116254036597	0.22631649952751456
0.4580193756727664	0.22532694231821973
0.45855758880516684	0.22523107523845715
0.45909580193756727	0.22488560669891422
0.4596340150699677	0.22453981100229217
0.46017222820236814	0.22424198756956387
0.4607104413347686	0.22327665770273436
0.461248654467169	0.22304830846036747
0.46178686759956944	0.2228296052774131
0.4623250807319699	0.2228055552187374
0.4628632938643703	0.22262269850783034
0.46340150699677074	0.22252610579783688
0.4639397201291712	0.2225392177682958
0.4644779332615716	0.22239245005555092
0.465016146393972	0.2223592330424191
0.4655543595263724	0.22224181884141186
0.46609257265877285	0.22218335398030856
0.4666307857911733	0.2222437300841417
0.4671689989235737	0.2221445566509662
0.46770721205597415	0.22207755715379784
0.4682454251883746	0.22228158109824098
0.468783638320775	0.2221167704440202
0.46932185145317545	0.22207086124341036
0.4698600645855759	0.2221351121175777
0.4703982777179763	0.22197678014529956
0.47093649085037675	0.22189539210406822
0.4714747039827772	0.2218153368950631
0.4720129171151776	0.22184096179095167
0.47255113024757806	0.2218586524056437
0.4730893433799785	0.22182966617024769
0.4736275565123789	0.2217732424152214
0.47416576964477936	0.2216947044802538
0.4747039827771798	0.2216607839650599
0.47524219590958017	0.2216739618745427
0.4757804090419806	0.22167380075458754
0.47631862217438103	0.22155478291216965
0.47685683530678147	0.221476086892138
0.4773950484391819	0.2214126684465693
0.47793326157158234	0.22148614135019437
0.47847147470398277	0.2212859946867002
0.4790096878363832	0.22108291660466922
0.47954790096878364	0.22082931515418264
0.48008611410118407	0.2207745378636147
0.4806243272335845	0.22054935420712907
0.48116254036598494	0.22032354122585848
0.48170075349838537	0.22030982895559367
0.4822389666307858	0.22031230524556653
0.48277717976318624	0.22012638437101475
0.48331539289558667	0.2200883914332695
0.4838536060279871	0.21999126739678312
0.48439181916038754	0.21991234183337155
0.48493003229278797	0.21992928103463472
0.48546824542518835	0.21976286327336142
0.4860064585575888	0.21987060907378683
0.4865446716899892	0.21941113635949733
0.48708288482238965	0.21936603866724264
0.4876210979547901	0.2193651055051546
0.4881593110871905	0.21947343281013115
0.48869752421959095	0.2194766258983479
0.4892357373519914	0.21941180820878317
0.4897739504843918	0.21947740583372086
0.49031216361679225	0.2191473301594752
0.4908503767491927	0.21909484091833517
0.4913885898815931	0.21878001778885822
0.49192680301399355	0.2187453817872981
0.492465016146394	0.21857776166991827
0.4930032292787944	0.2184801529543221
0.49354144241119485	0.21842078414985142
0.4940796555435953	0.2183440741522972
0.4946178686759957	0.21817573638384719
0.4951560818083961	0.2181756624089696
0.49569429494079653	0.21817169846345258
0.49623250807319697	0.21805567818071037
0.4967707212055974	0.21802088036987732
0.49730893433799783	0.2178732970034914
0.49784714747039827	0.2178825348697624
0.4983853606027987	0.21773672343514128
0.49892357373519913	0.21752621810175513
0.49946178686759957	0.21731952308013053
0.5	0.21718698155004557
0.5005382131324004	0.2167320732100598
0.5010764262648009	0.2167351825242309
0.5016146393972013	0.216337849816431
0.5021528525296017	0.21632655180962482
0.5026910656620022	0.2162172004609834
0.5032292787944026	0.21625521881760124
0.503767491926803	0.21617438032072772
0.5043057050592035	0.21610089937985336
0.5048439181916039	0.21592508343891453
0.5053821313240043	0.2158807602885139
0.5059203444564048	0.21587299619485895
0.5064585575888052	0.2158032793533125
0.5069967707212056	0.21589426684772084
0.5075349838536061	0.21569351080590798
0.5080731969860065	0.21562229758484036
0.5086114101184069	0.21539188302519885
0.5091496232508074	0.21537816035068183
0.5096878363832078	0.21520653917073243
0.5102260495156081	0.21527586004768423
0.5107642626480086	0.2152252660327843
0.511302475780409	0.2151809962863386
0.5118406889128094	0.2150815190669046
0.5123789020452099	0.21495760198418462
0.5129171151776103	0.21482848560419474
0.5134553283100107	0.21455785094458038
0.5139935414424112	0.21462179942510867
0.5145317545748116	0.21447880536386627
0.515069967707212	0.21449903109497406
0.5156081808396125	0.21453012953525255
0.5161463939720129	0.2142838076181607
0.5166846071044133	0.21432620745336028
0.5172228202368138	0.2143299737400603
0.5177610333692142	0.21429514694173704
0.5182992465016146	0.21413546066298178
0.5188374596340151	0.2140209146320163
0.5193756727664155	0.21379377738697086
0.5199138858988159	0.2136926891009668
0.5204520990312164	0.21367177875970172
0.5209903121636168	0.213616071703615
0.5215285252960172	0.21312133676409312
0.5220667384284177	0.21298914929653603
0.5226049515608181	0.2127669712326281
0.5231431646932185	0.21269803986214408
0.523681377825619	0.21250228673537247
0.5242195909580194	0.21238045970777852
0.5247578040904198	0.21230623151470945
0.5252960172228203	0.21210362385031142
0.5258342303552207	0.2118588338258464
0.5263724434876211	0.21168903886038737
0.5269106566200216	0.21157179370938115
0.527448869752422	0.21150309932390554
0.5279870828848224	0.2115383738043835
0.5285252960172229	0.21130408911612722
0.5290635091496233	0.21133014703161473
0.5296017222820237	0.21113375280366892
0.5301399354144241	0.2110198487422878
0.5306781485468245	0.211020174825114
0.5312163616792249	0.21074720595940383
0.5317545748116254	0.21070343961261778
0.5322927879440258	0.2105161045242569
0.5328310010764262	0.2103405591916189
0.5333692142088267	0.2102425416107773
0.5339074273412271	0.21006873877592738
0.5344456404736275	0.20999509940222777
0.534983853606028	0.20994266889352525
0.5355220667384284	0.20973381977518274
0.5360602798708288	0.20969688224381794
0.5365984930032293	0.20907490510661653
0.5371367061356297	0.20903599859262778
0.5376749192680301	0.20889112615964903
0.5382131324004306	0.2085844348576546
0.538751345532831	0.20873212971932223
0.5392895586652314	0.20863315310208153
0.5398277717976319	0.2086045508171012
0.5403659849300323	0.20851917424846503
0.5409041980624327	0.20842440834964301
0.5414424111948332	0.20838361965042068
0.5419806243272336	0.20838519558514834
0.542518837459634	0.20849462788143702
0.5430570505920345	0.20771947400702678
0.5435952637244349	0.20771843291291878
0.5441334768568353	0.20762271620064626
0.5446716899892358	0.20737332977775327
0.5452099031216362	0.2071535420668428
0.5457481162540366	0.20657263505169626
0.5462863293864371	0.20649367075587338
0.5468245425188375	0.2059182822022348
0.5473627556512379	0.20560935981408357
0.5479009687836384	0.20500579466124885
0.5484391819160388	0.2051035684102216
0.5489773950484392	0.20485963672228005
0.5495156081808397	0.20458649591271244
0.55005382131324	0.20458244356558192
0.5505920344456404	0.20462981003823671
0.5511302475780409	0.20454528025641774
0.5516684607104413	0.2044564960825988
0.5522066738428417	0.20433329887301627
0.5527448869752422	0.20424511454764205
0.5532831001076426	0.20417914682423405
0.553821313240043	0.20384144873300922
0.5543595263724435	0.2037817333516664
0.5548977395048439	0.2034474912595386
0.5554359526372443	0.2030278628445293
0.5559741657696448	0.2029043558453254
0.5565123789020452	0.20290949742900422
0.5570505920344456	0.2029188374150106
0.5575888051668461	0.2026509921753127
0.5581270182992465	0.20252186222596288
0.5586652314316469	0.20266411321250205
0.5592034445640474	0.2024489915456893
0.5597416576964478	0.20232097271685276
0.5602798708288482	0.20225915203458716
0.5608180839612487	0.2022535093849827
0.5613562970936491	0.2020891720226469
0.5618945102260495	0.20195697589397005
0.56243272335845	0.20186403474731013
0.5629709364908504	0.20163998742480566
0.5635091496232508	0.20154147434673603
0.5640473627556513	0.20136752501742392
0.5645855758880517	0.20130361213939155
0.5651237890204521	0.20121351883325875
0.5656620021528526	0.20104100739919578
0.566200215285253	0.20098468405251327
0.5667384284176534	0.20075417526605022
0.5672766415500539	0.2005697575566891
0.5678148546824543	0.20061893712240267
0.5683530678148547	0.20065037171968023
0.5688912809472552	0.20063735176981945
0.5694294940796556	0.2005103625535963
0.569967707212056	0.20041300372054596
0.5705059203444564	0.2002969450345214
0.5710441334768568	0.20029587617361444
0.5715823466092572	0.20023686268239732
0.5721205597416577	0.2000082551322297
0.5726587728740581	0.1999936057362601
0.5731969860064585	0.19984139237005305
0.573735199138859	0.19980719005926945
0.5742734122712594	0.19974343555986226
0.5748116254036598	0.19958447243024507
0.5753498385360603	0.19908993693068183
0.5758880516684607	0.19853573373987557
0.5764262648008611	0.19856857999477887
0.5769644779332616	0.1983404938015441
0.577502691065662	0.1977358424704581
0.5780409041980624	0.19769534135525518
0.5785791173304629	0.19778896561863737
0.5791173304628633	0.19766482953292136
0.5796555435952637	0.19750437366680515
0.5801937567276642	0.1974039076498788
0.5807319698600646	0.19677355352747677
0.581270182992465	0.196755634997891
0.5818083961248655	0.196528144994152
0.5823466092572659	0.19654207125364864
0.5828848223896663	0.1965820655976842
0.5834230355220668	0.19640268889721538
0.5839612486544672	0.19640157491378477
0.5844994617868676	0.19642702146923174
0.5850376749192681	0.19600615632684135
0.5855758880516685	0.19602457254997757
0.5861141011840689	0.19604271724215788
0.5866523143164694	0.19594487347684322
0.5871905274488698	0.19578573399774793
0.5877287405812702	0.19569108833102417
0.5882669537136707	0.19550566290248741
0.5888051668460711	0.19549450942424743
0.5893433799784715	0.1952147769323595
0.589881593110872	0.1949637913093683
0.5904198062432723	0.19493187218538688
0.5909580193756727	0.19489890841013122
0.5914962325080731	0.1946952144086991
0.5920344456404736	0.19447976081830293
0.592572658772874	0.19425805924123457
0.5931108719052745	0.19401983164989736
0.5936490850376749	0.19401835666509976
0.5941872981700753	0.1939599988778234
0.5947255113024758	0.1940203406967918
0.5952637244348762	0.19351346686409449
0.5958019375672766	0.1934485357406014
0.596340150699677	0.19351376786450689
0.5968783638320775	0.19309294174104352
0.5974165769644779	0.1931736169465576
0.5979547900968784	0.19296361205969434
0.5984930032292788	0.19278662559587895
0.5990312163616792	0.19264376302755998
0.5995694294940797	0.1923955782262673
0.6001076426264801	0.19224881458014342
0.6006458557588805	0.19191853975968304
0.601184068891281	0.19153689099702734
0.6017222820236814	0.19141865594533222
0.6022604951560818	0.19135301713343375
0.6027987082884823	0.19113950464324903
0.6033369214208827	0.1912224133364278
0.6038751345532831	0.19113194855199106
0.6044133476856836	0.1908782358231725
0.604951560818084	0.1908883815333287
0.6054897739504844	0.1910876908715849
0.6060279870828849	0.19026375912297783
0.6065662002152853	0.18913665583008082
0.6071044133476857	0.18894226121873328
0.6076426264800862	0.1889253702956843
0.6081808396124866	0.18885895830118335
0.608719052744887	0.18885896285677156
0.6092572658772875	0.18872835546885716
0.6097954790096879	0.18865792058081082
0.6103336921420882	0.1883601448191192
0.6108719052744886	0.18799372555193525
0.6114101184068891	0.18739263283184981
0.6119483315392895	0.1867713311272087
0.61248654467169	0.18659026337069878
0.6130247578040904	0.18642708726336782
0.6135629709364908	0.186179213051997
0.6141011840688912	0.18629236514801265
0.6146393972012917	0.1861344120525163
0.6151776103336921	0.18561662173656562
0.6157158234660925	0.1856099493305068
0.616254036598493	0.1852093648773731
0.6167922497308934	0.18519699736076572
0.6173304628632938	0.18513201261577886
0.6178686759956943	0.1848286099981834
0.6184068891280947	0.18461886134356673
0.6189451022604952	0.18456708952915185
0.6194833153928956	0.1844079642773339
0.620021528525296	0.1841748247084653
0.6205597416576965	0.1840778472937071
0.6210979547900969	0.18403970719883903
0.6216361679224973	0.18371864274335287
0.6221743810548978	0.18372533710295022
0.6227125941872982	0.1838020272933789
0.6232508073196986	0.1836923399462896
0.623789020452099	0.18348609859234877
0.6243272335844995	0.18349949767991042
0.6248654467168999	0.1833597219567626
0.6254036598493004	0.18241136693432716
0.6259418729817008	0.18259864250382554
0.6264800861141012	0.18260153318321998
0.6270182992465017	0.18215685865407605
0.6275565123789021	0.18187960488976976
0.6280947255113025	0.18177461672584705
0.628632938643703	0.18180041434742203
0.6291711517761034	0.1814355734690625
0.6297093649085038	0.1815807165118814
0.6302475780409041	0.1816383413297375
0.6307857911733046	0.18124603441623202
0.631324004305705	0.1808915114919511
0.6318622174381054	0.18081916614359808
0.6324004305705059	0.18055974691130144
0.6329386437029063	0.18047731381071885
0.6334768568353067	0.1804520199669076
0.6340150699677072	0.1804986014541696
0.6345532831001076	0.18022945154325798
0.635091496232508	0.1800900523759669
0.6356297093649085	0.18010096649286397
0.6361679224973089	0.17975018257954312
0.6367061356297093	0.17948743514956061
0.6372443487621098	0.17937995632164888
0.6377825618945102	0.17941190484919384
0.6383207750269106	0.17937057343984386
0.6388589881593111	0.1795169425630036
0.6393972012917115	0.1795926390622385
0.639935414424112	0.1794424369915655
0.6404736275565124	0.17907970903264686
0.6410118406889128	0.17902984414336162
0.6415500538213132	0.17887656961574408
0.6420882669537137	0.17886090535877322
0.6426264800861141	0.17847519130331288
0.6431646932185145	0.1784382585852159
0.643702906350915	0.1783759769987074
0.6442411194833154	0.1783219285399245
0.6447793326157158	0.17739904848179266
0.6453175457481163	0.17700874356153884
0.6458557588805167	0.17718489068628127
0.6463939720129172	0.1773025351054471
0.6469321851453176	0.17716824787172175
0.647470398277718	0.1769783871741184
0.6480086114101185	0.1768999556425885
0.6485468245425189	0.175899601542163
0.6490850376749193	0.1760716717426319
0.6496232508073198	0.17565384307671486
0.6501614639397201	0.1752274444188037
0.6506996770721205	0.17524934266168543
0.6512378902045209	0.17496422941877982
0.6517761033369214	0.1744092506951422
0.6523143164693218	0.17408243922847416
0.6528525296017222	0.174144802275513
0.6533907427341227	0.17425985188859403
0.6539289558665231	0.17443850049628945
0.6544671689989235	0.17441161184891268
0.655005382131324	0.17416720916255063
0.6555435952637244	0.17416980202477467
0.6560818083961248	0.17291071035802683
0.6566200215285253	0.1729966456946172
0.6571582346609257	0.17289252214644052
0.6576964477933261	0.17265263075530066
0.6582346609257266	0.17220796993359616
0.658772874058127	0.17222253633411258
0.6593110871905274	0.17239217865771825
0.6598493003229279	0.17197775742189325
0.6603875134553283	0.1719574296591348
0.6609257265877287	0.17196283785910643
0.6614639397201292	0.17148512654311193
0.6620021528525296	0.17133649248019833
0.66254036598493	0.1711358820608633
0.6630785791173305	0.17096161090445428
0.6636167922497309	0.1708933169223144
0.6641550053821313	0.17051877639256885
0.6646932185145318	0.17042587001378454
0.6652314316469322	0.1704309877153448
0.6657696447793326	0.17041908823309948
0.6663078579117331	0.17053482414879845
0.6668460710441335	0.16956728905895926
0.667384284176534	0.16977344314078552
0.6679224973089344	0.169460218187708
0.6684607104413348	0.16927441580075803
0.6689989235737352	0.169312815185713
0.6695371367061357	0.16910093704882284
0.670075349838536	0.1688263307845347
0.6706135629709364	0.16782691942477004
0.6711517761033369	0.16749124984460412
0.6716899892357373	0.16729923897046625
0.6722282023681377	0.16719222411031284
0.6727664155005382	0.16701300138060277
0.6733046286329386	0.16662716967782756
0.673842841765339	0.16672190855292396
0.6743810548977395	0.1665923505704588
0.6749192680301399	0.16626632269134461
0.6754574811625403	0.1663957526507182
0.6759956942949408	0.16619415640054241
0.6765339074273412	0.16622119857397585
0.6770721205597416	0.16627171189035955
0.6776103336921421	0.16609174520769676
0.6781485468245425	0.1652830789186793
0.6786867599569429	0.16520403609627993
0.6792249730893434	0.16492912690641556
0.6797631862217438	0.16488153398121744
0.6803013993541442	0.16444865984378704
0.6808396124865447	0.16450514945450487
0.6813778256189451	0.16351095970220947
0.6819160387513455	0.16335337974990768
0.682454251883746	0.16317902826387584
0.6829924650161464	0.16324332836034167
0.6835306781485468	0.16311274060455977
0.6840688912809473	0.16308970462758082
0.6846071044133477	0.16268619420272515
0.6851453175457481	0.1627308331977639
0.6856835306781486	0.16288133181602246
0.686221743810549	0.16244203489410453
0.6867599569429494	0.1625482039799605
0.6872981700753499	0.16224443642654424
0.6878363832077503	0.16191895799157793
0.6883745963401507	0.16194590703276204
0.6889128094725512	0.1614561767376918
0.6894510226049516	0.16148147320865466
0.689989235737352	0.16084956463619554
0.6905274488697524	0.16063322444521572
0.6910656620021528	0.1600874230224539
0.6916038751345532	0.16004871859944605
0.6921420882669537	0.15988508243248525
0.6926803013993541	0.15930536265925715
0.6932185145317545	0.1590369116352266
0.693756727664155	0.15870074909971052
0.6942949407965554	0.1580392615907868
0.6948331539289558	0.15737473904036176
0.6953713670613563	0.15735397724526537
0.6959095801937567	0.15711417494018076
0.6964477933261571	0.1568130527699626
0.6969860064585576	0.1564417365585618
0.697524219590958	0.15613592956517536
0.6980624327233584	0.1563172151762512
0.6986006458557589	0.15618785330395726
0.6991388589881593	0.15615986300660661
0.6996770721205597	0.1559557331016697
0.7002152852529602	0.1557753841907763
0.7007534983853606	0.15577704131114745
0.701291711517761	0.1552386609949114
0.7018299246501615	0.15513273658859336
0.7023681377825619	0.15502272035969739
0.7029063509149623	0.15486722893964783
0.7034445640473628	0.15487675574707133
0.7039827771797632	0.1548107540027857
0.7045209903121636	0.15460477098144074
0.7050592034445641	0.1544429515496104
0.7055974165769645	0.154390982312139
0.7061356297093649	0.1541732753417199
0.7066738428417654	0.15377166891722321
0.7072120559741658	0.15374725397107247
0.7077502691065662	0.15365991638960888
0.7082884822389667	0.15306743540689194
0.7088266953713671	0.15303951118932071
0.7093649085037675	0.15301777527610744
0.709903121636168	0.15221049879765353
0.7104413347685683	0.1520027940333223
0.7109795479009687	0.15165764770512252
0.7115177610333692	0.1514382695677418
0.7120559741657696	0.1504846606638523
0.71259418729817	0.1503851376823891
0.7131324004305705	0.1503449801446796
0.7136706135629709	0.15022183350291318
0.7142088266953713	0.15025801730075922
0.7147470398277718	0.15017871347456987
0.7152852529601722	0.15022442624908602
0.7158234660925726	0.14983178882108325
0.7163616792249731	0.14957621639447644
0.7168998923573735	0.14956906611198004
0.7174381054897739	0.14916760105877278
0.7179763186221744	0.14865785891725128
0.7185145317545748	0.14806516864912092
0.7190527448869752	0.14752029486554158
0.7195909580193757	0.14733700771679895
0.7201291711517761	0.14738862778481682
0.7206673842841765	0.14714894826368866
0.721205597416577	0.1472664873016782
0.7217438105489774	0.1474024894448698
0.7222820236813778	0.1467794878682429
0.7228202368137783	0.14664869879675294
0.7233584499461787	0.14627724133825043
0.7238966630785791	0.1456454842549107
0.7244348762109796	0.14521862888507037
0.72497308934338	0.14504683941673696
0.7255113024757804	0.14485816857015482
0.7260495156081809	0.14432825407415145
0.7265877287405813	0.14406437420698934
0.7271259418729817	0.14394444522930933
0.7276641550053822	0.14377588609530872
0.7282023681377826	0.14356493969429135
0.728740581270183	0.14310016115279092
0.7292787944025835	0.1428347078983483
0.7298170075349839	0.1429728090402757
0.7303552206673842	0.142830749764764
0.7308934337997847	0.14175520681501358
0.7314316469321851	0.14147307417293853
0.7319698600645855	0.1414959182678833
0.732508073196986	0.14103140418606883
0.7330462863293864	0.14075795855696935
0.7335844994617868	0.1402894815417945
0.7341227125941873	0.14009709912485774
0.7346609257265877	0.13975644119290878
0.7351991388589881	0.13922405900408083
0.7357373519913886	0.13923494267394532
0.736275565123789	0.13852698496734756
0.7368137782561894	0.13818948666092065
0.7373519913885899	0.1377666219037368
0.7378902045209903	0.1379637184871014
0.7384284176533907	0.13757885392837288
0.7389666307857912	0.13674552051143243
0.7395048439181916	0.13692044497472516
0.740043057050592	0.1368459425475575
0.7405812701829925	0.13684768995974533
0.7411194833153929	0.13704386870014057
0.7416576964477933	0.1368275393612245
0.7421959095801938	0.13661901992648967
0.7427341227125942	0.1365954811649881
0.7432723358449946	0.13655056673583194
0.7438105489773951	0.1364955273018516
0.7443487621097955	0.13642510386696488
0.7448869752421959	0.1361260218106725
0.7454251883745964	0.13596735696580783
0.7459634015069968	0.13572083910570004
0.7465016146393972	0.13567701955182296
0.7470398277717977	0.13545792347754482
0.7475780409041981	0.13439606367469387
0.7481162540365985	0.134268860220883
0.748654467168999	0.134213763799767
0.7491926803013994	0.13418132446211825
0.7497308934337998	0.13388255472386149
0.7502691065662002	0.1338469672762296
0.7508073196986006	0.13369746193624515
0.751345532831001	0.13355047780734158
0.7518837459634015	0.13355560199755384
0.7524219590958019	0.1328186857478812
0.7529601722282023	0.13299050040183383
0.7534983853606028	0.13293378089365926
0.7540365984930032	0.13278322580208105
0.7545748116254036	0.13275015763270173
0.7551130247578041	0.13297097413462458
0.7556512378902045	0.1326200138789746
0.7561894510226049	0.1323767739306749
0.7567276641550054	0.13217585840722032
0.7572658772874058	0.1321489736345889
0.7578040904198062	0.13208232400009517
0.7583423035522067	0.1319094526351008
0.7588805166846071	0.13195479893963638
0.7594187298170075	0.1314109922268484
0.759956942949408	0.1315314131824477
0.7604951560818084	0.13133831489452455
0.7610333692142088	0.13089256002069422
0.7615715823466093	0.1303965212556677
0.7621097954790097	0.1304190677640366
0.7626480086114101	0.13019288636136211
0.7631862217438106	0.13018148891963893
0.763724434876211	0.1302319888119178
0.7642626480086114	0.1303114702775681
0.7648008611410119	0.13002927464225797
0.7653390742734123	0.13024695391726332
0.7658772874058127	0.13010769782686143
0.7664155005382132	0.13001454657751382
0.7669537136706136	0.12995164958513333
0.767491926803014	0.12969009573171336
0.7680301399354145	0.1294405978680835
0.7685683530678149	0.12926928826403505
0.7691065662002153	0.12929776204949378
0.7696447793326158	0.12918996542029942
0.7701829924650161	0.129017626287013
0.7707212055974165	0.12857222403547114
0.771259418729817	0.12861138445661702
0.7717976318622174	0.1285181621369723
0.7723358449946178	0.12837832343390104
0.7728740581270183	0.12814719230382662
0.7734122712594187	0.1280677896077799
0.7739504843918191	0.1283459017873786
0.7744886975242196	0.12821385234096663
0.77502691065662	0.12792769914232255
0.7755651237890204	0.1279873677232391
0.7761033369214209	0.1278228461632422
0.7766415500538213	0.12763167121508268
0.7771797631862217	0.1278721507659104
0.7777179763186222	0.1279286666896317
0.7782561894510226	0.12773838659604986
0.778794402583423	0.12758599350066216
0.7793326157158235	0.12747455510614217
0.7798708288482239	0.12659532153360256
0.7804090419806243	0.12632884368850414
0.7809472551130248	0.12597566959079579
0.7814854682454252	0.12569881625267318
0.7820236813778256	0.12566108806651308
0.7825618945102261	0.1255907261676529
0.7831001076426265	0.12590062610407957
0.7836383207750269	0.12551304066837857
0.7841765339074274	0.1254150655558442
0.7847147470398278	0.12552411096286953
0.7852529601722282	0.1249024917231919
0.7857911733046287	0.12413202686025124
0.7863293864370291	0.12380788233713477
0.7868675995694295	0.12349189577846979
0.78740581270183	0.12314134529684825
0.7879440258342304	0.12312369688657032
0.7884822389666308	0.12301098423687526
0.7890204520990313	0.12303962597653476
0.7895586652314317	0.12324403336555503
0.790096878363832	0.12307205914150605
0.7906350914962325	0.1230958692865098
0.7911733046286329	0.12259200715050429
0.7917115177610333	0.12242978860306056
0.7922497308934338	0.12246573014798963
0.7927879440258342	0.12201837313499013
0.7933261571582346	0.12191219006751974
0.7938643702906351	0.1216221902644909
0.7944025834230355	0.12134753265317219
0.7949407965554359	0.12141892774770509
0.7954790096878364	0.1211144111177808
0.7960172228202368	0.12114479308068875
0.7965554359526372	0.12066873339318099
0.7970936490850377	0.1209687421692556
0.7976318622174381	0.12002463996606101
0.7981700753498385	0.11996790106312616
0.798708288482239	0.11984812606868411
0.7992465016146394	0.1199358925841407
0.7997847147470398	0.11998999762828474
0.8003229278794403	0.11907159818484354
0.8008611410118407	0.11921578858980988
0.8013993541442411	0.11926542494712988
0.8019375672766416	0.11893721708602223
0.802475780409042	0.11846356963337083
0.8030139935414424	0.11840089456587662
0.8035522066738429	0.11787561221126494
0.8040904198062433	0.11616369042435201
0.8046286329386437	0.11613451933634969
0.8051668460710442	0.11556682753438703
0.8057050592034446	0.11512435899916262
0.806243272335845	0.1150254450706278
0.8067814854682455	0.11480073411166387
0.8073196986006459	0.11414661479966826
0.8078579117330463	0.11362023546227935
0.8083961248654468	0.11340702311705578
0.8089343379978472	0.1114338485401086
0.8094725511302476	0.11114595662481112
0.810010764262648	0.1107197340156189
0.8105489773950484	0.11043481402859139
0.8110871905274488	0.10958461162590796
0.8116254036598493	0.10935713322928353
0.8121636167922497	0.10965067144029299
0.8127018299246501	0.10977662760446297
0.8132400430570506	0.10979798148063721
0.813778256189451	0.10964322426991377
0.8143164693218514	0.10915181358826301
0.8148546824542519	0.10948769003296255
0.8153928955866523	0.10920980792728799
0.8159311087190527	0.10929611567057884
0.8164693218514532	0.10848269574427485
0.8170075349838536	0.10820341531626772
0.817545748116254	0.10819894159242663
0.8180839612486545	0.10817669218607037
0.8186221743810549	0.10766356303860825
0.8191603875134553	0.10743549978413194
0.8196986006458558	0.10641035638874466
0.8202368137782562	0.10619459292614578
0.8207750269106566	0.10554136048113442
0.8213132400430571	0.10406973685407395
0.8218514531754575	0.1041216867145304
0.8223896663078579	0.10356596152714977
0.8229278794402584	0.10357352697570792
0.8234660925726588	0.10317510944134198
0.8240043057050592	0.10334784077566568
0.8245425188374597	0.10226319794725489
0.8250807319698601	0.10222698967699714
0.8256189451022605	0.10132811252565928
0.826157158234661	0.10088404330597633
0.8266953713670614	0.10064216146935619
0.8272335844994618	0.10098917397720442
0.8277717976318623	0.10090857635920762
0.8283100107642627	0.10031089716590158
0.8288482238966631	0.10020447924218823
0.8293864370290636	0.10032216053035477
0.829924650161464	0.0994785907671695
0.8304628632938643	0.09924993015499582
0.8310010764262648	0.0984052566380456
0.8315392895586652	0.09794722782542174
0.8320775026910656	0.09799283402378102
0.832615715823466	0.09674727598116963
0.8331539289558665	0.09621910212138443
0.8336921420882669	0.09627876344667594
0.8342303552206674	0.09580323122689025
0.8347685683530678	0.0958906822799913
0.8353067814854682	0.09599370231063603
0.8358449946178687	0.09630057570652259
0.8363832077502691	0.09610906924025055
0.8369214208826695	0.09566028819847486
0.83745963401507	0.09525672962807795
0.8379978471474704	0.09485541948514567
0.8385360602798708	0.09513120028119207
0.8390742734122713	0.09460516641869751
0.8396124865446717	0.09451395832352223
0.8401506996770721	0.09411407004209157
0.8406889128094726	0.09349579361442857
0.841227125941873	0.09335346331159988
0.8417653390742734	0.09285062906466167
0.8423035522066739	0.09282554932923337
0.8428417653390743	0.09298820096852581
0.8433799784714747	0.09307954658735754
0.8439181916038752	0.09359099190723306
0.8444564047362756	0.09344100807533319
0.844994617868676	0.09346227950302849
0.8455328310010765	0.09293876371401463
0.8460710441334769	0.09197975133141584
0.8466092572658773	0.09184237794299797
0.8471474703982778	0.0908393473953518
0.8476856835306782	0.09065305326092996
0.8482238966630786	0.090445096619464
0.8487621097954791	0.08961783120990326
0.8493003229278795	0.08961898065948527
0.8498385360602799	0.0894183517404196
0.8503767491926802	0.08953883936780369
0.8509149623250807	0.08981302625705959
0.8514531754574811	0.08967962972467905
0.8519913885898815	0.08980943016283768
0.852529601722282	0.09012595271718371
0.8530678148546824	0.08991716781894368
0.8536060279870828	0.08978130253274422
0.8541442411194833	0.09006968886426679
0.8546824542518837	0.08926653148585273
0.8552206673842842	0.0890605919892709
0.8557588805166846	0.08837075556196702
0.856297093649085	0.08754807698753733
0.8568353067814855	0.08675868129442192
0.8573735199138859	0.0865500512764574
0.8579117330462863	0.08677452256586349
0.8584499461786868	0.08703256426167914
0.8589881593110872	0.08663186682840128
0.8595263724434876	0.0863175550503054
0.860064585575888	0.08664163732020051
0.8606027987082885	0.08589216411474757
0.8611410118406889	0.08528693086741365
0.8616792249730894	0.08502527687063043
0.8622174381054898	0.08475384303026015
0.8627556512378902	0.08478534178325015
0.8632938643702907	0.08462298808498021
0.8638320775026911	0.08450154457917733
0.8643702906350915	0.08443887212549976
0.864908503767492	0.0847355669385881
0.8654467168998924	0.0847154663096765
0.8659849300322928	0.08451044063606569
0.8665231431646933	0.08316391941391318
0.8670613562970937	0.08228602436881695
0.8675995694294941	0.08199089810139507
0.8681377825618946	0.08190536729913872
0.868675995694295	0.08191846326332704
0.8692142088266954	0.08074053425062985
0.8697524219590959	0.08053732752430834
0.8702906350914962	0.08032599782651136
0.8708288482238966	0.07972674254499068
0.871367061356297	0.07975165519484866
0.8719052744886975	0.07863288916128598
0.8724434876210979	0.07901042393881474
0.8729817007534983	0.07828539373436191
0.8735199138858988	0.07769424743892452
0.8740581270182992	0.07753422821019015
0.8745963401506996	0.07767776391795558
0.8751345532831001	0.07687019888066357
0.8756727664155005	0.07679578840758654
0.876210979547901	0.0770362559934393
0.8767491926803014	0.07686371463261552
0.8772874058127018	0.0768172959040658
0.8778256189451022	0.07640378385232144
0.8783638320775027	0.07540059011238728
0.8789020452099031	0.07438732220160602
0.8794402583423035	0.07360725517275635
0.879978471474704	0.07381580185391667
0.8805166846071044	0.07399810135104087
0.8810548977395048	0.07367421971967271
0.8815931108719053	0.07401097091414503
0.8821313240043057	0.07405031224529636
0.8826695371367062	0.07411904206739822
0.8832077502691066	0.0742894056811735
0.883745963401507	0.07356296756167438
0.8842841765339075	0.07323774695443783
0.8848223896663079	0.07321664164792918
0.8853606027987083	0.07377242506560756
0.8858988159311088	0.0737439163095281
0.8864370290635092	0.07411244924988881
0.8869752421959096	0.07430409734818375
0.88751345532831	0.0712613612464082
0.8880516684607105	0.07073479442591674
0.8885898815931109	0.07110060111185673
0.8891280947255114	0.07115282164358554
0.8896663078579118	0.07102204666049622
0.8902045209903121	0.07055442413816718
0.8907427341227125	0.06972087444493853
0.891280947255113	0.06800299077526732
0.8918191603875134	0.06785689733152359
0.8923573735199138	0.06760023059017975
0.8928955866523143	0.06693695861352258
0.8934337997847147	0.06690592278732499
0.8939720129171151	0.06628505497173211
0.8945102260495156	0.06629145099043003
0.895048439181916	0.06655102324174435
0.8955866523143164	0.06623228611864312
0.8961248654467169	0.06524088517328418
0.8966630785791173	0.06512248139743178
0.8972012917115177	0.06494230042025526
0.8977395048439182	0.06411764781522451
0.8982777179763186	0.06335593008127574
0.898815931108719	0.06345484081915936
0.8993541442411195	0.06154037479205643
0.8998923573735199	0.06163970002679654
0.9004305705059203	0.06171954605650232
0.9009687836383208	0.06149524210643219
0.9015069967707212	0.06140976358189457
0.9020452099031216	0.06099449485005913
0.9025834230355221	0.05954937341493508
0.9031216361679225	0.059718377577316115
0.903659849300323	0.058962014714792385
0.9041980624327234	0.05812324806040311
0.9047362755651238	0.05818701867527006
0.9052744886975242	0.05727764198283712
0.9058127018299247	0.05738139127794335
0.9063509149623251	0.05617568360592119
0.9068891280947255	0.05601394354402193
0.907427341227126	0.05510380252067375
0.9079655543595264	0.05540767578177336
0.9085037674919269	0.05393823529605004
0.9090419806243273	0.054126825633588685
0.9095801937567277	0.05415807076521425
0.910118406889128	0.05416405344729484
0.9106566200215285	0.05415363390007487
0.9111948331539289	0.053428583242331094
0.9117330462863293	0.05341745766910429
0.9122712594187298	0.05276236256695309
0.9128094725511302	0.0522207802464308
0.9133476856835306	0.052227799094453534
0.9138858988159311	0.052122719872720616
0.9144241119483315	0.05248915804803149
0.9149623250807319	0.05096490710414838
0.9155005382131324	0.05027626222200023
0.9160387513455328	0.049935811592139764
0.9165769644779332	0.04966098059646511
0.9171151776103337	0.049721936901718514
0.9176533907427341	0.05001689031165355
0.9181916038751345	0.050394022078189625
0.918729817007535	0.050693972914503324
0.9192680301399354	0.0507117639258585
0.9198062432723358	0.05091849221882838
0.9203444564047363	0.05119366027529352
0.9208826695371367	0.05097136185757996
0.9214208826695371	0.05078575492108857
0.9219590958019376	0.05059288776889411
0.922497308934338	0.05113481293915504
0.9230355220667384	0.051239494688968365
0.9235737351991389	0.0519662960320743
0.9241119483315393	0.05179059235822218
0.9246501614639397	0.05174195865228816
0.9251883745963402	0.051130429684543496
0.9257265877287406	0.05098772359086603
0.926264800861141	0.049128342913229685
0.9268030139935415	0.04881014625050621
0.9273412271259419	0.0492521909943142
0.9278794402583423	0.04915543969241694
0.9284176533907428	0.04837024877353024
0.9289558665231432	0.04869827322290942
0.9294940796555436	0.04844129319496368
0.930032292787944	0.04811332032441205
0.9305705059203444	0.04798486531771464
0.9311087190527448	0.0476595445646877
0.9316469321851453	0.0476059084439291
0.9321851453175457	0.047451745080316896
0.9327233584499461	0.046232236616430486
0.9332615715823466	0.045120031569677796
0.933799784714747	0.04306344946388954
0.9343379978471474	0.042088677629254986
0.9348762109795479	0.04090466550590532
0.9354144241119483	0.04015416924345506
0.9359526372443487	0.03976636057607439
0.9364908503767492	0.04001813890231977
0.9370290635091496	0.039002120165913326
0.93756727664155	0.03876723164391835
0.9381054897739505	0.03899169641274909
0.9386437029063509	0.03807987498020099
0.9391819160387513	0.037830539228295185
0.9397201291711518	0.03728470759720753
0.9402583423035522	0.03720900711809797
0.9407965554359526	0.03715857069443385
0.9413347685683531	0.03685065793118792
0.9418729817007535	0.036887690883017896
0.9424111948331539	0.03555122413392549
0.9429494079655544	0.035545978978593434
0.9434876210979548	0.03589042240827945
0.9440258342303552	0.03526758705156754
0.9445640473627557	0.034486642553461413
0.9451022604951561	0.03475235968975039
0.9456404736275565	0.03516126826968402
0.946178686759957	0.03541936026936017
0.9467168998923574	0.03468204068544194
0.9472551130247578	0.03508014153133015
0.9477933261571583	0.03485026148202684
0.9483315392895587	0.03552912663603443
0.9488697524219591	0.03600660338790227
0.9494079655543596	0.03343554015825797
0.94994617868676	0.03365548728451944
0.9504843918191603	0.03426195784891427
0.9510226049515608	0.03409008275674933
0.9515608180839612	0.03410485900560797
0.9520990312163616	0.03364371037826083
0.9526372443487621	0.03405270894495021
0.9531754574811625	0.033676813771039815
0.9537136706135629	0.03274040779102329
0.9542518837459634	0.032781846071761926
0.9547900968783638	0.032189164822555426
0.9553283100107642	0.032371367001105364
0.9558665231431647	0.03222315424212432
0.9564047362755651	0.03233480305702517
0.9569429494079655	0.031952983725135525
0.957481162540366	0.03140469235405936
0.9580193756727664	0.03187653616225037
0.9585575888051668	0.030694268137877102
0.9590958019375673	0.02980125313283204
0.9596340150699677	0.03057065637065633
0.9601722282023681	0.030848451190916903
0.9607104413347686	0.03141933028919326
0.961248654467169	0.030679353901184852
0.9617868675995694	0.029064482130880486
0.9623250807319699	0.029236813566006093
0.9628632938643703	0.029610075914423717
0.9634015069967707	0.02944866006103932
0.9639397201291712	0.028217570157868653
0.9644779332615716	0.0264142524142524
0.965016146393972	0.026286057692307692
0.9655543595263725	0.026599702380952384
0.9660925726587729	0.02544376173408433
0.9666307857911733	0.025765027322404387
0.9671689989235738	0.024847514962269078
0.9677072120559742	0.025179445789615295
0.9682454251883746	0.022865353037766836
0.9687836383207751	0.021682798951401506
0.9693218514531755	0.021653091060985813
0.9698600645855759	0.021709956709956724
0.9703982777179763	0.021644219977553315
0.9709364908503767	0.018273934311670164
0.9714747039827771	0.016763425253991292
0.9720129171151776	0.016742081447963804
0.972551130247578	0.017215686274509808
0.9730893433799784	0.017836734693877553
0.9736275565123789	0.016369047619047623
0.9741657696447793	0.016533687943262414
0.9747039827771797	0.016635831020659887
0.9752421959095802	0.01493558776167472
0.9757804090419806	0.01510942760942761
0.976318622174381	0.014420366455250178
0.9768568353067815	0.013538205980066446
0.9773950484391819	0.012882307394502518
0.9779332615715823	0.013160569105691059
0.9784714747039828	0.011976495726495728
0.9790096878363832	0.010852451641925328
0.9795479009687836	0.01083451872925557
0.9800861141011841	0.011136136136136137
0.9806243272335845	0.011058201058201059
0.9811625403659849	0.01019607843137255
0.9817007534983854	0.010814022578728462
0.9822389666307858	0.011489898989898991
0.9827771797631862	0.012029569892473118
0.9833153928955867	0.011218637992831541
0.9838536060279871	0.011417624521072796
0.9843918191603875	0.01075533661740558
0.984930032292788	0.011155202821869487
0.9854682454251884	0.012013295346628679
0.9860064585575888	0.011743589743589742
0.9865446716899893	0.011888888888888888
0.9870828848223897	0.012258454106280191
0.9876210979547901	0.01297760210803689
0.9881593110871906	0.00541125541125541
0.988697524219591	0.005952380952380953
0.9892357373519914	0.0060526315789473685
0.9897739504843919	0.006725146198830409
0.9903121636167922	0.006862745098039215
0.9908503767491926	0.006985294117647059
0.9913885898815931	0.007916666666666666
0.9919268030139935	0.008095238095238096
0.9924650161463939	0.008241758241758242
0.9930032292787944	0.008333333333333333
0.9935414424111948	0.006818181818181818
0.9940796555435952	0.005454545454545454
0.9946178686759957	0.006666666666666666
0.9951560818083961	0.008333333333333333
0.9956942949407965	0.010714285714285714
0.996232508073197	0.009523809523809523
0.9967707212055974	0.006666666666666666
0.9973089343379978	0.01
0.9978471474703983	0.016666666666666666
0.9983853606027987	0.0
0.9989235737351991	0.0
0.9994617868675996	0.0
1.0	0.0
