Fraction_of_nodes	Efficiency
0.0005382131324004305	0.29245688209286913
0.001076426264800861	0.2887403087587878
0.0016146393972012918	0.2858159897614391
0.002152852529601722	0.2843117148898594
0.002691065662002153	0.28181444263880084
0.0032292787944025836	0.2793544656179184
0.003767491926803014	0.27679439443092185
0.004305705059203444	0.2766873778415963
0.004843918191603875	0.27643112658487257
0.005382131324004306	0.2762471316722818
0.005920344456404736	0.2761062761037173
0.006458557588805167	0.27591101874383644
0.006996770721205597	0.27585679270242053
0.007534983853606028	0.27582274665259865
0.008073196986006458	0.27578700534184436
0.008611410118406888	0.27571878405574884
0.00914962325080732	0.2748573603299245
0.00968783638320775	0.2718321002452386
0.01022604951560818	0.2688160303437443
0.010764262648008612	0.2687106319495994
0.011302475780409042	0.2687063275887154
0.011840688912809472	0.26813132735331074
0.012378902045209902	0.2680661812170009
0.012917115177610334	0.2680692956706352
0.013455328310010764	0.26804112200236335
0.013993541442411194	0.26790036254179656
0.014531754574811625	0.26783732733698806
0.015069967707212056	0.2677411310520512
0.015608180839612486	0.2676997756875178
0.016146393972012917	0.2676897234083107
0.016684607104413347	0.26760950437017017
0.017222820236813777	0.2676186323811169
0.01776103336921421	0.26761643226759935
0.01829924650161464	0.26764787624812875
0.01883745963401507	0.26767952918708604
0.0193756727664155	0.2669952441324185
0.01991388589881593	0.26701048145935913
0.02045209903121636	0.26702521701381216
0.02099031216361679	0.2670422630579162
0.021528525296017224	0.2654906357570763
0.022066738428417654	0.265465799508461
0.022604951560818085	0.2654653866627663
0.023143164693218515	0.26547186900493036
0.023681377825618945	0.26550661898694794
0.024219590958019375	0.2655415884602671
0.024757804090419805	0.2655767780885162
0.02529601722282024	0.2656121885375101
0.02583423035522067	0.26560135190109285
0.0263724434876211	0.26562877371370075
0.02691065662002153	0.2657008263977444
0.02744886975242196	0.2657363500242003
0.02798708288482239	0.2654357951109236
0.02852529601722282	0.26518624052628875
0.02906350914962325	0.26516849065602316
0.029601722282023683	0.2650935693160555
0.030139935414424113	0.26501862629310113
0.030678148546824543	0.26494366165355926
0.031216361679224973	0.2648805853729902
0.031754574811625406	0.2649313334396051
0.03229278794402583	0.26491296559765765
0.03283100107642627	0.26520796890010495
0.03336921420882669	0.2636617824057729
0.03390742734122713	0.2633264663949787
0.03444564047362755	0.2631873884361097
0.03498385360602799	0.2631449028903165
0.03552206673842842	0.26310297597171833
0.03606027987082885	0.2630530442967161
0.03659849300322928	0.26300846131936784
0.03713670613562971	0.26298891185313417
0.03767491926803014	0.2632832475127348
0.03821313240043057	0.26357807757713875
0.038751345532831	0.263873403154256
0.039289558665231435	0.26416922535510157
0.03982777179763186	0.2640456444635545
0.040365984930032295	0.26401354862159826
0.04090419806243272	0.263123884732944
0.041442411194833155	0.26231339989952474
0.04198062432723358	0.262143649775489
0.042518837459634015	0.2621789601336013
0.04305705059203445	0.2624740405614388
0.043595263724434875	0.26134286256806527
0.04413347685683531	0.26128028318995355
0.044671689989235736	0.26114166687643225
0.04520990312163617	0.2610118601772065
0.045748116254036596	0.26100591783026433
0.04628632938643703	0.26094653214550556
0.04682454251883746	0.2609860460404066
0.04736275565123789	0.26101001176821415
0.04790096878363832	0.2610697392996671
0.04843918191603875	0.25892758125646503
0.04897739504843918	0.2588199143622869
0.04951560818083961	0.25870869453856565
0.05005382131324004	0.2581737113415864
0.05059203444564048	0.25816756728739015
0.051130247578040904	0.258142602118175
0.05166846071044134	0.2575195231900128
0.052206673842841764	0.2574690072663895
0.0527448869752422	0.2574515836138499
0.053283100107642624	0.25737816328533425
0.05382131324004306	0.2571210706833407
0.05435952637244349	0.2570204184154068
0.05489773950484392	0.2569142169576302
0.05543595263724435	0.2568111496342816
0.05597416576964478	0.2568270129929981
0.05651237890204521	0.256842853867407
0.05705059203444564	0.2568711229706583
0.05758880516684607	0.2568363468511504
0.0581270182992465	0.2568502764927481
0.05866523143164693	0.2568205367592666
0.059203444564047365	0.25668399379531764
0.05974165769644779	0.2565980849330089
0.060279870828848225	0.25651699178000903
0.06081808396124865	0.2564486204309791
0.061356297093649086	0.25631925665936606
0.06189451022604951	0.2561285493740719
0.062432723358449946	0.25608240118433023
0.06297093649085038	0.2560401041195714
0.06350914962325081	0.25601436006730244
0.06404736275565123	0.25588686126232646
0.06458557588805167	0.25582615416634225
0.0651237890204521	0.25578436554895045
0.06566200215285253	0.2557804386063908
0.06620021528525297	0.25567080844534673
0.06673842841765339	0.2556606581402018
0.06727664155005382	0.2553946664955473
0.06781485468245425	0.25536840396643623
0.06835306781485469	0.2553408972220396
0.0688912809472551	0.25530836898734327
0.06942949407965554	0.2552759292327089
0.06996770721205597	0.2552465186293459
0.07050592034445641	0.25523603142801476
0.07104413347685684	0.25512067642990677
0.07158234660925726	0.2549511883041879
0.0721205597416577	0.2549367843551404
0.07265877287405813	0.2548864873581135
0.07319698600645856	0.2544004045800718
0.073735199138859	0.2543546552020835
0.07427341227125941	0.2542966632526804
0.07481162540365985	0.2542534547868951
0.07534983853606028	0.254181570247087
0.07588805166846072	0.2534131706229841
0.07642626480086114	0.2533763177344668
0.07696447793326157	0.25334619792395663
0.077502691065662	0.2532513390744647
0.07804090419806244	0.2531785366171838
0.07857911733046287	0.25318501428067836
0.07911733046286329	0.2531554411080114
0.07965554359526372	0.25311219139854624
0.08019375672766416	0.2530439118190775
0.08073196986006459	0.2525431680948588
0.08127018299246501	0.25182227446798705
0.08180839612486544	0.25176476018833566
0.08234660925726588	0.2516767796792102
0.08288482238966631	0.25162894565183785
0.08342303552206674	0.25160577682432
0.08396124865446716	0.24999407752543856
0.0844994617868676	0.2491399999857853
0.08503767491926803	0.24906268718187902
0.08557588805166846	0.2490027239097826
0.0861141011840689	0.2489351883190285
0.08665231431646932	0.2488509337348961
0.08719052744886975	0.24852859258094379
0.08772874058127018	0.24844175516941885
0.08826695371367062	0.2483427654430297
0.08880516684607104	0.24831001864141042
0.08934337997847147	0.2482389012061747
0.0898815931108719	0.2481849124330884
0.09041980624327234	0.2481316522967196
0.09095801937567277	0.2480705181510574
0.09149623250807319	0.2480074143008126
0.09203444564047362	0.2472730735460691
0.09257265877287406	0.2471937425640315
0.09311087190527449	0.24686405308384982
0.09364908503767493	0.24669365619491704
0.09418729817007535	0.2434604723461167
0.09472551130247578	0.24312724425582022
0.09526372443487621	0.2430153252912384
0.09580193756727665	0.2429515429385903
0.09634015069967707	0.24259895018789238
0.0968783638320775	0.24249651423589882
0.09741657696447793	0.24215303944077127
0.09795479009687837	0.24204242737017848
0.0984930032292788	0.24196811584364164
0.09903121636167922	0.24179133034268882
0.09956942949407965	0.2411866721558622
0.10010764262648009	0.24111458133155841
0.10064585575888052	0.24104570884962143
0.10118406889128095	0.24028310348916843
0.10172228202368137	0.23989696174231964
0.10226049515608181	0.2382975333026179
0.10279870828848224	0.2382508076136986
0.10333692142088267	0.23802386344855592
0.1038751345532831	0.23736001981044916
0.10441334768568353	0.23660432364502246
0.10495156081808396	0.23645170834731827
0.1054897739504844	0.2363890966085941
0.10602798708288483	0.23633778979869308
0.10656620021528525	0.23627412264476982
0.10710441334768568	0.23623322785377307
0.10764262648008611	0.23610217774748127
0.10818083961248655	0.2358124890695904
0.10871905274488698	0.23545518167628254
0.1092572658772874	0.235427209160186
0.10979547900968784	0.23534239624219716
0.11033369214208827	0.23526274822243784
0.1108719052744887	0.23518061366228885
0.11141011840688912	0.2351339372843909
0.11194833153928956	0.2350793826448301
0.11248654467168999	0.23501580087437732
0.11302475780409042	0.2348358969757144
0.11356297093649086	0.23458071502245012
0.11410118406889128	0.23450476884066393
0.11463939720129171	0.23442126880796738
0.11517761033369214	0.23436556299751807
0.11571582346609258	0.23422299323765547
0.116254036598493	0.23411465681850444
0.11679224973089343	0.23402511292459652
0.11733046286329386	0.2337835961936407
0.1178686759956943	0.23272911959050088
0.11840688912809473	0.2325376573000288
0.11894510226049515	0.23232173969887032
0.11948331539289558	0.2321694123326252
0.12002152852529602	0.2320741321165374
0.12055974165769645	0.23196726125794193
0.12109795479009688	0.23146558190011254
0.1216361679224973	0.23139060573975379
0.12217438105489774	0.23127346532590418
0.12271259418729817	0.23118264709813077
0.1232508073196986	0.2307861252327559
0.12378902045209902	0.23069172450156367
0.12432723358449946	0.23060254176928244
0.12486544671689989	0.23038092915471634
0.12540365984930033	0.23029889829431568
0.12594187298170076	0.2298751653136428
0.1264800861141012	0.22974160986083575
0.12701829924650163	0.22960904989372877
0.12755651237890203	0.22943457667620765
0.12809472551130247	0.22934113641760895
0.1286329386437029	0.2286777608529011
0.12917115177610333	0.22730661173945385
0.12970936490850377	0.22702811057597364
0.1302475780409042	0.2268379195441395
0.13078579117330463	0.22581336035886806
0.13132400430570507	0.22556587070317027
0.1318622174381055	0.2249198916025098
0.13240043057050593	0.2226410475099378
0.13293864370290634	0.222521817157409
0.13347685683530677	0.222255603717045
0.1340150699677072	0.22084547930553833
0.13455328310010764	0.2205057610277927
0.13509149623250807	0.2203597563057442
0.1356297093649085	0.21843853650922862
0.13616792249730894	0.21723316881968965
0.13670613562970937	0.21678422795948166
0.1372443487621098	0.21658454767485466
0.1377825618945102	0.2161382427296311
0.13832077502691065	0.21600436563707198
0.13885898815931108	0.21594934538702748
0.13939720129171151	0.21585626902202995
0.13993541442411195	0.2155396708246949
0.14047362755651238	0.21541440128206052
0.14101184068891282	0.21529969865776347
0.14155005382131325	0.21463020436538674
0.14208826695371368	0.21274424564659253
0.1426264800861141	0.21261749151992435
0.14316469321851452	0.2117623616260162
0.14370290635091496	0.21127603726577018
0.1442411194833154	0.21059324298691695
0.14477933261571582	0.209193051342684
0.14531754574811626	0.20918101860756055
0.1458557588805167	0.20820783553900277
0.14639397201291712	0.20814777127698864
0.14693218514531756	0.20815783091937898
0.147470398277718	0.2060328473216355
0.1480086114101184	0.20428279730548277
0.14854682454251883	0.20096601312487936
0.14908503767491926	0.20088593912738376
0.1496232508073197	0.2011403861687104
0.15016146393972013	0.20092892270141346
0.15069967707212056	0.20015989040649576
0.151237890204521	0.20001338674586094
0.15177610333692143	0.1995843550453774
0.15231431646932186	0.19957738143645753
0.15285252960172227	0.19941151970713744
0.1533907427341227	0.19928993256823305
0.15392895586652314	0.1991926681121744
0.15446716899892357	0.19904011342575945
0.155005382131324	0.19647524012847623
0.15554359526372444	0.1963791121693003
0.15608180839612487	0.19597443055914357
0.1566200215285253	0.19585033788070474
0.15715823466092574	0.195125051654257
0.15769644779332614	0.19451288983459208
0.15823466092572658	0.1944544304877407
0.158772874058127	0.1943870721940562
0.15931108719052745	0.19438050175925844
0.15984930032292788	0.19278760690392854
0.1603875134553283	0.19028136673188595
0.16092572658772875	0.18955237388333035
0.16146393972012918	0.1887246013304823
0.1620021528525296	0.18734217744270681
0.16254036598493002	0.1851186116468531
0.16307857911733045	0.18437723484032384
0.16361679224973089	0.18410107485084276
0.16415500538213132	0.18325843944023015
0.16469321851453175	0.18324020472714464
0.1652314316469322	0.18251441689955356
0.16576964477933262	0.18198929414608855
0.16630785791173305	0.18180864290301205
0.1668460710441335	0.17881337312076848
0.16738428417653392	0.17848269290543187
0.16792249730893433	0.17831102025255957
0.16846071044133476	0.17738255779825512
0.1689989235737352	0.17724450468617645
0.16953713670613563	0.17705259009819047
0.17007534983853606	0.1767702241169861
0.1706135629709365	0.1765239154080662
0.17115177610333693	0.17641347547411065
0.17168998923573736	0.17624407677131151
0.1722282023681378	0.17389133102574034
0.1727664155005382	0.17301929949061304
0.17330462863293863	0.17262601901484462
0.17384284176533907	0.1718135000602319
0.1743810548977395	0.17104049938131355
0.17491926803013993	0.17075025855783374
0.17545748116254037	0.1702302347180295
0.1759956942949408	0.16991322007817028
0.17653390742734124	0.16850004703505017
0.17707212055974167	0.1612068280056997
0.17761033369214208	0.1607927107618048
0.1781485468245425	0.1605813252769786
0.17868675995694294	0.1604021762487438
0.17922497308934338	0.1600744158401377
0.1797631862217438	0.1599332874774202
0.18030139935414424	0.15845937655825734
0.18083961248654468	0.15745243311360976
0.1813778256189451	0.1570143440115914
0.18191603875134554	0.15583530146830904
0.18245425188374598	0.1554159981598623
0.18299246501614638	0.15379637222806034
0.18353067814854682	0.1537977505205338
0.18406889128094725	0.15204424336584899
0.18460710441334768	0.1488782550007962
0.18514531754574812	0.14879684656304845
0.18568353067814855	0.14879636068513502
0.18622174381054898	0.14879618096931146
0.18675995694294942	0.14879630863340074
0.18729817007534985	0.1473198068460889
0.18783638320775026	0.1441646507890753
0.1883745963401507	0.1432340498475435
0.18891280947255112	0.1414938498211485
0.18945102260495156	0.1413097309891649
0.189989235737352	0.14095968301855416
0.19052744886975242	0.1404912315969188
0.19106566200215286	0.14040965079745318
0.1916038751345533	0.14007810080721197
0.19214208826695373	0.14026487160828824
0.19268030139935413	0.1401685181746933
0.19321851453175456	0.13978527786367487
0.193756727664155	0.13972710945197206
0.19429494079655543	0.1396585263193121
0.19483315392895587	0.1395900818593742
0.1953713670613563	0.13937336301343123
0.19590958019375673	0.13937556938120735
0.19644779332615717	0.13861279119442668
0.1969860064585576	0.13831276438708767
0.197524219590958	0.1381668029513923
0.19806243272335844	0.1383523862998831
0.19860064585575887	0.13823737899311558
0.1991388589881593	0.13842330687340224
0.19967707212055974	0.13860961011280115
0.20021528525296017	0.1387962897223807
0.2007534983853606	0.1387963453447821
0.20129171151776104	0.1381419731124285
0.20182992465016147	0.13809254917480202
0.2023681377825619	0.13792957753349164
0.2029063509149623	0.1378658378185612
0.20344456404736275	0.13805226897179795
0.20398277717976318	0.138239078537389
0.20452099031216361	0.13842626754014783
0.20505920344456405	0.13861383700835941
0.20559741657696448	0.1378960840351886
0.20613562970936491	0.13767052443849243
0.20667384284176535	0.137697933827231
0.20721205597416578	0.13731562664369323
0.2077502691065662	0.1370565631865422
0.20828848223896662	0.13577314387038933
0.20882669537136705	0.1359579949852571
0.2093649085037675	0.13594950793390448
0.20990312163616792	0.1361348515030032
0.21044133476856836	0.13632057435634973
0.2109795479009688	0.1357678641535073
0.21151776103336922	0.13572781109468923
0.21205597416576966	0.13568798863918577
0.21259418729817006	0.13562586596325013
0.2131324004305705	0.13551949173090252
0.21367061356297093	0.13430961880542733
0.21420882669537136	0.13428229551059898
0.2147470398277718	0.13446649619031173
0.21528525296017223	0.1346510761439017
0.21582346609257266	0.13483367947034203
0.2163616792249731	0.13501901786136655
0.21689989235737353	0.1352023752269832
0.21743810548977396	0.1334371321428177
0.21797631862217437	0.13253405949864064
0.2185145317545748	0.13271673911200887
0.21905274488697524	0.13253372395957483
0.21959095801937567	0.13250093122726098
0.2201291711517761	0.13246989502362683
0.22066738428417654	0.13265060459610287
0.22120559741657697	0.13260061714924287
0.2217438105489774	0.13278414741519337
0.22228202368137784	0.13296805897671027
0.22282023681377824	0.1331523528907459
0.22335844994617868	0.1323061737112025
0.2238966630785791	0.13009395576942243
0.22443487621097954	0.13007158012712108
0.22497308934337998	0.13002088260711459
0.2255113024757804	0.13020171832701322
0.22604951560818085	0.12973688433720082
0.22658772874058128	0.1296941075897644
0.2271259418729817	0.1283418220535427
0.22766415500538212	0.12439487480154414
0.22820236813778255	0.1238917051682815
0.22874058127018299	0.12386281412383704
0.22927879440258342	0.12385860624794082
0.22981700753498385	0.12355563676433057
0.2303552206673843	0.12299870742506504
0.23089343379978472	0.12317097452229903
0.23143164693218515	0.1233436037788124
0.2319698600645856	0.12351561336216568
0.232508073196986	0.12174595919755864
0.23304628632938643	0.12171497684062535
0.23358449946178686	0.12171980674627875
0.2341227125941873	0.12172332906865131
0.23466092572658773	0.12136878365833721
0.23519913885898816	0.12119165637729297
0.2357373519913886	0.12136246914174299
0.23627556512378903	0.12153364328721795
0.23681377825618946	0.12170517983384775
0.2373519913885899	0.1187996341054294
0.2378902045209903	0.11811691635585707
0.23842841765339073	0.11028786268565012
0.23896663078579117	0.10948704763570478
0.2395048439181916	0.1094726178128286
0.24004305705059203	0.10962778807195381
0.24058127018299247	0.1090516630766714
0.2411194833153929	0.10415459389884472
0.24165769644779334	0.10386873167004226
0.24219590958019377	0.10401637734405796
0.24273412271259417	0.10118406424861444
0.2432723358449946	0.10058853700282666
0.24381054897739504	0.10054114284912531
0.24434876210979548	0.10068446593230297
0.2448869752421959	0.1008280956982549
0.24542518837459634	0.10096490544610054
0.24596340150699678	0.1006227123564743
0.2465016146393972	0.10050060649018727
0.24703982777179764	0.10005110686429748
0.24757804090419805	0.0999949036647054
0.24811625403659848	0.09992520870896712
0.24865446716899892	0.09962463041589902
0.24919268030139935	0.09946332713289434
0.24973089343379978	0.09908917615589401
0.2502691065662002	0.09723805767154277
0.25080731969860065	0.09715067510725996
0.2513455328310011	0.09660555467023531
0.2518837459634015	0.09635051183179534
0.25242195909580195	0.09482374409663163
0.2529601722282024	0.09467368685747052
0.2534983853606028	0.09429181813460492
0.25403659849300325	0.09426600224717471
0.2545748116254037	0.09377393570668276
0.25511302475780406	0.09390797781901501
0.2556512378902045	0.09383627408170966
0.25618945102260493	0.09319280833999961
0.25672766415500536	0.09313927783879643
0.2572658772874058	0.093269630860223
0.25780409041980623	0.09218668339010226
0.25834230355220666	0.09181531356052605
0.2588805166846071	0.09088258197414993
0.25941872981700753	0.0907330589149927
0.25995694294940797	0.09069990990184768
0.2604951560818084	0.09058024342808292
0.26103336921420883	0.09070166751297139
0.26157158234660927	0.09054159300507687
0.2621097954790097	0.08781447411713433
0.26264800861141013	0.08775553395580471
0.26318622174381057	0.08765934486539809
0.263724434876211	0.08744459297289207
0.26426264800861143	0.0865387458019239
0.26480086114101187	0.08646611783300273
0.26533907427341225	0.08639372101668993
0.2658772874058127	0.08632155660492535
0.2664155005382131	0.08624962585551191
0.26695371367061355	0.08617716699401967
0.267491926803014	0.08605819846831946
0.2680301399354144	0.08355566550519983
0.26856835306781485	0.08349410561527276
0.2691065662002153	0.0832554358123728
0.2696447793326157	0.08316466676887399
0.27018299246501615	0.08304162387981313
0.2707212055974166	0.08294423806347605
0.271259418729817	0.08286047319362885
0.27179763186221745	0.08284313394989523
0.2723358449946179	0.08296577367446947
0.2728740581270183	0.08287319154503177
0.27341227125941875	0.08046830594247023
0.2739504843918192	0.08039422687346837
0.2744886975242196	0.08035749665349874
0.27502691065662	0.08028359058116999
0.2755651237890204	0.0802404651611401
0.27610333692142086	0.08020897860204931
0.2766415500538213	0.08015427588299875
0.27717976318622173	0.08010724217770783
0.27771797631862216	0.0799959378848825
0.2782561894510226	0.07982927132635202
0.27879440258342303	0.07872938599623494
0.27933261571582346	0.07863431612230735
0.2798708288482239	0.07875194411949854
0.28040904198062433	0.07851700327201581
0.28094725511302476	0.07840254774276632
0.2814854682454252	0.07830883356908505
0.28202368137782563	0.07792102332489631
0.28256189451022606	0.0769360309604297
0.2831001076426265	0.07705163731799608
0.28363832077502693	0.07682573562326656
0.28417653390742736	0.0764759994705574
0.2847147470398278	0.07611868777338689
0.2852529601722282	0.0760508282056871
0.2857911733046286	0.07598324572566756
0.28632938643702904	0.07591594181980842
0.2868675995694295	0.07584891798166994
0.2874058127018299	0.07570362368488738
0.28794402583423034	0.07536985858978877
0.2884822389666308	0.07529092578314846
0.2890204520990312	0.0752674480564581
0.28955866523143164	0.07473806723597264
0.2900968783638321	0.07463312430165078
0.2906350914962325	0.07425634360795928
0.29117330462863295	0.0742055375779843
0.2917115177610334	0.0741045956601215
0.2922497308934338	0.07315006650120051
0.29278794402583425	0.07269776611267344
0.2933261571582347	0.072658811452778
0.2938643702906351	0.07259172656360607
0.29440258342303555	0.07252493449281558
0.294940796555436	0.07214296666810315
0.29547900968783636	0.07209486500010982
0.2960172228202368	0.07219155687030324
0.2965554359526372	0.07230211055616895
0.29709364908503766	0.07241291838843893
0.2976318622174381	0.07233852591356041
0.2981700753498385	0.0720004402003917
0.29870828848223896	0.07193478833720958
0.2992465016146394	0.07186865282791453
0.2997847147470398	0.0718036083696255
0.30032292787944026	0.07173808111283911
0.3008611410118407	0.07167285983585592
0.3013993541442411	0.07159539066274434
0.30193756727664156	0.07107725375679383
0.302475780409042	0.07118702557726765
0.30301399354144243	0.07115095105029758
0.30355220667384286	0.0712574205916264
0.3040904198062433	0.07120051013460255
0.30462863293864373	0.07131081301629828
0.3051668460710441	0.07123409411265881
0.30570505920344454	0.0711386049436592
0.306243272335845	0.07105601878698728
0.3067814854682454	0.070980110661855
0.30731969860064584	0.07091509758137828
0.3078579117330463	0.07083133608602706
0.3083961248654467	0.07077470659914793
0.30893433799784714	0.07068916111896661
0.3094725511302476	0.070538189532118
0.310010764262648	0.0704363776492463
0.31054897739504844	0.07054460486403054
0.3110871905274489	0.07065491699047938
0.3116254036598493	0.07050537084284672
0.31216361679224974	0.07061579428974234
0.3127018299246502	0.07059643704213557
0.3132400430570506	0.07070594721936313
0.31377825618945104	0.07081694556664628
0.3143164693218515	0.0709282054968374
0.3148546824542519	0.07103972783252425
0.3153928955866523	0.07115151339953059
0.3159311087190527	0.07126356302693142
0.31646932185145316	0.07137587754706842
0.3170075349838536	0.07148845779556538
0.317545748116254	0.0711991608967827
0.31808396124865446	0.070375874031188
0.3186221743810549	0.07036536756495075
0.3191603875134553	0.07031143804334487
0.31969860064585576	0.07025245246469687
0.3202368137782562	0.06980806585410969
0.3207750269106566	0.06990998705104152
0.32131324004305706	0.06984299848845164
0.3218514531754575	0.0697362167262784
0.3223896663078579	0.06966940409970387
0.32292787944025836	0.06960292305122193
0.3234660925726588	0.06902768155875827
0.3240043057050592	0.06913451380688386
0.32454251883745966	0.06924350535562053
0.32508073196986004	0.06922671197188299
0.32561894510226047	0.06933729777375501
0.3261571582346609	0.06923222323819615
0.32669537136706134	0.06934299479537727
0.32723358449946177	0.06945403241714729
0.3277717976318622	0.06956533695627733
0.32831001076426264	0.06952534775541575
0.32884822389666307	0.06937723322109358
0.3293864370290635	0.06926432613161115
0.32992465016146394	0.06813489015736779
0.3304628632938644	0.06779625751312547
0.3310010764262648	0.06790543023053791
0.33153928955866524	0.0675856712266652
0.3320775026910657	0.06769468037380498
0.3326157158234661	0.06780395346561095
0.33315392895586654	0.06791349135489305
0.333692142088267	0.06802198890851026
0.3342303552206674	0.06812551633848075
0.33476856835306784	0.0682299450666418
0.3353067814854682	0.06833287310268396
0.33584499461786865	0.06825177897206065
0.3363832077502691	0.06824215260391704
0.3369214208826695	0.06809787177928021
0.33745963401506995	0.06795114006561925
0.3379978471474704	0.06806039658626291
0.3385360602798708	0.06393365521623857
0.33907427341227125	0.06387296200094095
0.3396124865446717	0.06364738039659043
0.3401506996770721	0.06375129448703384
0.34068891280947255	0.0637302911443031
0.341227125941873	0.0636465434747
0.3417653390742734	0.06352180429548959
0.34230355220667386	0.06339581301735531
0.3428417653390743	0.06349974057967883
0.3433799784714747	0.06360392391122877
0.34391819160387516	0.06348420317003277
0.3444564047362756	0.06358853218099421
0.344994617868676	0.06350453606045152
0.3455328310010764	0.06342085417656498
0.34607104413347684	0.06333748842407647
0.34660925726587727	0.06325444070766152
0.3471474703982777	0.06288336647879661
0.34768568353067814	0.06278198346930455
0.34822389666307857	0.062381015684053936
0.348762109795479	0.062293672308489215
0.34930032292787944	0.062162363920339817
0.34983853606027987	0.06226536700885737
0.3503767491926803	0.06236862632396326
0.35091496232508074	0.06206112052868994
0.35145317545748117	0.062164212091029965
0.3519913885898816	0.061922674400253466
0.35252960172228204	0.06166643355457239
0.35306781485468247	0.061304837597390284
0.3536060279870829	0.06123577945960913
0.35414424111948334	0.059645209951985745
0.35468245425188377	0.05961160238598913
0.35522066738428415	0.059217625783361864
0.3557588805166846	0.05895819564430236
0.356297093649085	0.059056870448727976
0.35683530678148545	0.05915579317979787
0.3573735199138859	0.05925496466878328
0.3579117330462863	0.059354385750442315
0.35844994617868675	0.059040045210087676
0.3589881593110872	0.05900562951831289
0.3595263724434876	0.05897172135084497
0.36006458557588805	0.05907100034301811
0.3606027987082885	0.05917053025092547
0.3611410118406889	0.059110184119735475
0.36167922497308935	0.059209948143566254
0.3622174381054898	0.05930355030537226
0.3627556512378902	0.05893367565068227
0.36329386437029065	0.05881417447218678
0.3638320775026911	0.056354965502893956
0.3643702906350915	0.055266284119693594
0.36490850376749195	0.05300698829408242
0.36544671689989233	0.05295670249896264
0.36598493003229277	0.05280871303034847
0.3665231431646932	0.05270594466250378
0.36706135629709363	0.0525270868584682
0.36759956942949407	0.05240840921309735
0.3681377825618945	0.05186518203938802
0.36867599569429493	0.05176507614388154
0.36921420882669537	0.05107155452395199
0.3697524219590958	0.05115885632655704
0.37029063509149623	0.05110766458858675
0.37082884822389667	0.05119517771288228
0.3713670613562971	0.051281448515503224
0.37190527448869753	0.05136940983371163
0.37244348762109797	0.050490990630689646
0.3729817007534984	0.0499026465954304
0.37351991388589884	0.04972084699199431
0.37405812701829927	0.049806425041894475
0.3745963401506997	0.049892224223706524
0.3751345532831001	0.04730301992070022
0.3756727664155005	0.04722514517766731
0.37621097954790095	0.047305218290634596
0.3767491926803014	0.047197482714072016
0.3772874058127018	0.04711607161778213
0.37782561894510225	0.04700849214045394
0.3783638320775027	0.04693114584105008
0.3789020452099031	0.04701255285898772
0.37944025834230355	0.04670694430228275
0.379978471474704	0.04363766349427111
0.3805166846071044	0.04353624377064123
0.38105489773950485	0.043612024873810315
0.3815931108719053	0.04174818362961253
0.3821313240043057	0.041820979067502
0.38266953713670615	0.04107299312033237
0.3832077502691066	0.04052020063881401
0.383745963401507	0.04027636066165663
0.38428417653390745	0.04024941434886021
0.3848223896663079	0.040109635050203596
0.38536060279870826	0.03968082253003409
0.3858988159311087	0.03975043800815696
0.38643702906350913	0.0393897798796667
0.38697524219590956	0.0394590062063445
0.38751345532831	0.039528415188237805
0.38805166846071043	0.03903786118550395
0.38858988159311086	0.039106650368209685
0.3891280947255113	0.039175621532880255
0.38966630785791173	0.0392447753219939
0.39020452099031216	0.03931411238086668
0.3907427341227126	0.0393836333576675
0.39128094725511303	0.03914897722438496
0.39181916038751347	0.039212188739935434
0.3923573735199139	0.03928014343700527
0.39289558665231433	0.039344606721290525
0.39343379978471477	0.03941449056981857
0.3939720129171152	0.038048697741576175
0.39451022604951563	0.038116400050724884
0.395048439181916	0.03800804029395893
0.39558665231431644	0.037922345759496004
0.3961248654467169	0.03739618912776453
0.3966630785791173	0.03746296803692125
0.39720129171151775	0.03752992597800601
0.3977395048439182	0.03759706359156237
0.3982777179763186	0.037664381521001156
0.39881593110871905	0.036951218572945276
0.3993541442411195	0.036616829994427016
0.3998923573735199	0.03668256936605076
0.40043057050592035	0.036619063483862166
0.4009687836383208	0.036684925108833144
0.4015069967707212	0.03661388854645653
0.40204520990312165	0.036526791024409345
0.4025834230355221	0.0364269587392717
0.4031216361679225	0.03624373564868216
0.40365984930032295	0.036180289430337846
0.4041980624327234	0.03608063605543282
0.4047362755651238	0.03550378031989513
0.4052744886975242	0.035568098762503636
0.4058127018299246	0.035207658863877
0.40635091496232506	0.03526744309814137
0.4068891280947255	0.03533150748160757
0.4074273412271259	0.0351913497618334
0.40796555435952636	0.03505145065982575
0.4085037674919268	0.03511529665374164
0.40904198062432723	0.035179317249281736
0.40958019375672766	0.03504011746432695
0.4101184068891281	0.03425376986259173
0.41065662002152853	0.034129651889216454
0.41119483315392896	0.03382697345133746
0.4117330462863294	0.03337064186550356
0.41227125941872983	0.03343181627772263
0.41280947255113026	0.03315892325650827
0.4133476856835307	0.03320760562034644
0.41388589881593113	0.0332686490130309
0.41442411194833156	0.0325291391136109
0.414962325080732	0.03239241346731886
0.4155005382131324	0.03245212298523097
0.4160387513455328	0.03251199775088638
0.41657696447793324	0.032034956579080155
0.4171151776103337	0.030453253411265
0.4176533907427341	0.02998083770637967
0.41819160387513454	0.029846203370821188
0.418729817007535	0.029899809075074935
0.4192680301399354	0.0278536737167995
0.41980624327233584	0.027060269694633637
0.4203444564047363	0.027110567593694294
0.4208826695371367	0.02658562415886827
0.42142088266953714	0.02651129152287311
0.4219590958019376	0.026067293263474022
0.422497308934338	0.025714508301247163
0.42303552206673845	0.025556962109231703
0.4235737351991389	0.025484456943919327
0.4241119483315393	0.02544898717248299
0.42465016146393975	0.025392307466159905
0.4251883745963401	0.025439903169001816
0.42572658772874056	0.02536890288108545
0.426264800861141	0.02529729749811166
0.4268030139935414	0.025344848809198336
0.42734122712594186	0.024996759320929998
0.4278794402583423	0.024905257575745708
0.4284176533907427	0.02480591163982016
0.42895586652314316	0.024852715246687744
0.4294940796555436	0.024899651441676766
0.430032292787944	0.024577519552764132
0.43057050592034446	0.019071168773802577
0.4311087190527449	0.01910728841163175
0.4316469321851453	0.019143510759331527
0.43218514531754576	0.01908644357578447
0.4327233584499462	0.01831220005956837
0.4332615715823466	0.01832895961070211
0.43379978471474706	0.0177890348027574
0.4343379978471475	0.017554669438060486
0.43487621097954793	0.01664127241975936
0.4354144241119483	0.016673030573232182
0.43595263724434874	0.016704879724279427
0.4364908503767492	0.016736820220884168
0.4370290635091496	0.016768852412694473
0.43756727664155004	0.01672228203686853
0.4381054897739505	0.016653701325879663
0.4386437029063509	0.016685666203664462
0.43918191603875134	0.016451085281236098
0.4397201291711518	0.016361336835435943
0.4402583423035522	0.016083654872385954
0.44079655543595264	0.01601295641309878
0.4413347685683531	0.015942884383511113
0.4418729817007535	0.015874496069818816
0.44241119483315394	0.015790860699466763
0.4429494079655544	0.015821403950336137
0.4434876210979548	0.01580962501812596
0.44402583423035524	0.015840263826300625
0.4445640473627557	0.015870991787166385
0.44510226049515605	0.015899925883637086
0.4456404736275565	0.015808966636570415
0.4461786867599569	0.015839723380999537
0.44671689989235736	0.015776308698752548
0.4472551130247578	0.015679369450799844
0.4477933261571582	0.014615232559437153
0.44833153928955866	0.014643777935529803
0.4488697524219591	0.014672407022402785
0.4494079655543595	0.014636420722801538
0.44994617868675996	0.014662216433577211
0.4504843918191604	0.014662116358019693
0.4510226049515608	0.014502620363676657
0.45156081808396126	0.014460109168434496
0.4520990312163617	0.014401068192651053
0.4526372443487621	0.014359343249081433
0.45317545748116256	0.014295172456034531
0.453713670613563	0.0142316922391517
0.4542518837459634	0.01417020511329722
0.45479009687836386	0.014198209471228638
0.45532831001076424	0.014146391645245227
0.45586652314316467	0.014174404301968485
0.4564047362755651	0.014128546375459733
0.45694294940796554	0.014156579205569772
0.45748116254036597	0.014184695549572891
0.4580193756727664	0.01421289573953228
0.45855758880516684	0.01424118010916319
0.45909580193756727	0.014269548993842798
0.4596340150699677	0.014298002730620152
0.46017222820236814	0.01432654165822618
0.4607104413347686	0.014323233579184077
0.461248654467169	0.01434788404234644
0.46178686759956944	0.01428585975806366
0.4623250807319699	0.014107733174443242
0.4628632938643703	0.013908781272544397
0.46340150699677074	0.01393671055220814
0.4639397201291712	0.01388380175422648
0.4644779332615716	0.013833011074902804
0.465016146393972	0.013783000796671921
0.4655543595263724	0.013618515294150287
0.46609257265877285	0.01364599968424948
0.4666307857911733	0.013673567360379276
0.4671689989235737	0.013632159723400004
0.46770721205597415	0.01365975518842713
0.4682454251883746	0.013687434530247651
0.468783638320775	0.013715198089132536
0.46932185145317545	0.013743046207080013
0.4698600645855759	0.013582680634227094
0.4703982777179763	0.013554833724290288
0.47093649085037675	0.013492413196652517
0.4714747039827772	0.013488086246255577
0.4720129171151776	0.013515612952880587
0.47255113024757806	0.013473865871385415
0.4730893433799785	0.013501419789322809
0.4736275565123789	0.013503509827895192
0.47416576964477936	0.01346966204957114
0.4747039827771798	0.013370706413864489
0.47524219590958017	0.01337079234833061
0.4757804090419806	0.01339300007132217
0.47631862217438103	0.013420557684637648
0.47685683530678147	0.013448200439909816
0.4773950484391819	0.013403822182921733
0.47793326157158234	0.013360296027645536
0.47847147470398277	0.012769274161676013
0.4790096878363832	0.012736699845998572
0.47954790096878364	0.012763069824975794
0.48008611410118407	0.012780761051265693
0.4806243272335845	0.012807277153031805
0.48116254036598494	0.012833875859476315
0.48170075349838537	0.012860557514069821
0.4822389666307858	0.012781953342052597
0.48277717976318624	0.012704077712837675
0.48331539289558667	0.012723330800409358
0.4838536060279871	0.012263360021420705
0.48439181916038754	0.011446831010581363
0.48493003229278797	0.010595509792783292
0.48546824542518835	0.01061769934208755
0.4860064585575888	0.010603568556571004
0.4865446716899892	0.010615922360190088
0.48708288482238965	0.010631648110531617
0.4876210979547901	0.01065400699194178
0.4881593110871905	0.010676436480345866
0.48869752421959095	0.010698936873349756
0.4892357373519914	0.010721508470128975
0.4897739504843918	0.010744151571438647
0.49031216361679225	0.010766866479623506
0.4908503767491927	0.010789653498628
0.4913885898815931	0.01081251293400645
0.49192680301399355	0.010835445092933292
0.492465016146394	0.010858450284213405
0.4930032292787944	0.0108815288182925
0.49354144241119485	0.010904681007267589
0.4940796555435953	0.010846155525297984
0.4946178686759957	0.010869281656481987
0.4951560818083961	0.010879321530735757
0.49569429494079653	0.01090256794426297
0.49623250807319697	0.010925888945213265
0.4967707212055974	0.01094928485301886
0.49730893433799783	0.01097046088954931
0.49784714747039827	0.010994002651114868
0.4983853606027987	0.010500126598303319
0.49892357373519913	0.010522707515719024
0.49946178686759957	0.010545361353212499
0.5	0.010560355477789817
0.5005382131324004	0.010580814526917958
0.5010764262648009	0.010603667258077609
0.5016146393972013	0.01058518768898681
0.5021528525296017	0.010608099350651283
0.5026910656620022	0.010631085481421925
0.5032292787944026	0.010654146404375118
0.503767491926803	0.0106468378637401
0.5043057050592035	0.010669983163443883
0.5048439181916039	0.010693204019077057
0.5053821313240043	0.01071650075985936
0.5059203444564048	0.01072799449522724
0.5064585575888052	0.007530929542124085
0.5069967707212056	0.0057422876986732195
0.5075349838536061	0.005754852879633118
0.5080731969860065	0.005324723142213496
0.5086114101184069	0.005328593821650964
0.5091496232508074	0.005333672291342419
0.5096878363832078	0.0053429821318929874
0.5102260495156081	0.005354737868156778
0.5107642626480086	0.005366532444958886
0.511302475780409	0.005378366033591651
0.5118406889128094	0.005390238806292736
0.5123789020452099	0.005396052854707848
0.5129171151776103	0.005365861915726224
0.5134553283100107	0.0053367490418213545
0.5139935414424112	0.005308721626557215
0.5145317545748116	0.005281787113227152
0.515069967707212	0.005255952995224149
0.5156081808396125	0.005168251690220535
0.5161463939720129	0.005179762273049534
0.5166846071044133	0.005191311352811072
0.5172228202368138	0.005194604256115086
0.5177610333692142	0.005201224281587652
0.5182992465016146	0.0052103605362763174
0.5188374596340151	0.005218272088767434
0.5193756727664155	0.005227461441368555
0.5199138858988159	0.005239195361551201
0.5204520990312164	0.005245924634473035
0.5209903121636168	0.005171607639757701
0.5215285252960172	0.00518325540471211
0.5220667384284177	0.005194942564587447
0.5226049515608181	0.005206669297238886
0.5231431646932185	0.005218435781526432
0.523681377825619	0.00523024219732174
0.5242195909580194	0.005242088725514994
0.5247578040904198	0.005253975548021831
0.5252960172228203	0.005265902847790325
0.5258342303552207	0.005192374722899187
0.5263724434876211	0.005170726129945031
0.5269106566200216	0.00517473013187366
0.527448869752422	0.0051865311127901334
0.5279870828848224	0.005150781477006476
0.5285252960172229	0.005162554691811062
0.5290635091496233	0.005174368318108112
0.5296017222820237	0.0051862225410591045
0.5301399354144241	0.005198117546887222
0.5306781485468245	0.005210053522884667
0.5312163616792249	0.0052154323492262546
0.5317545748116254	0.00522743564577223
0.5322927879440258	0.005239480428366175
0.5328310010764262	0.005251566888408542
0.5333692142088267	0.005263695218404867
0.5339074273412271	0.005266965924797435
0.5344456404736275	0.004656074530532662
0.534983853606028	0.0046668649697691215
0.5355220667384284	0.0046776929627384235
0.5360602798708288	0.004688558683906225
0.5365984930032293	0.004699462308752518
0.5371367061356297	0.004706343045102323
0.5376749192680301	0.004717313541710953
0.5382131324004306	0.004728322441458236
0.538751345532831	0.004731645375729592
0.5392895586652314	0.004742713552047088
0.5398277717976319	0.004753820609546027
0.5403659849300323	0.004764966730553169
0.5409041980624327	0.004776152098465266
0.5414424111948332	0.004787376897756606
0.5419806243272336	0.004787120842108094
0.542518837459634	0.004791469356528635
0.5430570505920345	0.004802769991803467
0.5435952637244349	0.004814110652941138
0.5441334768568353	0.004825491529189226
0.5446716899892358	0.004836912810915117
0.5452099031216362	0.004848374689613968
0.5457481162540366	0.004841605894569284
0.5462863293864371	0.004853106146100327
0.5468245425188375	0.0048646474211207795
0.5473627556512379	0.0048762299149805914
0.5479009687836384	0.004887853824193894
0.5484391819160388	0.00473436667148783
0.5489773950484392	0.004745679375601302
0.5495156081808397	0.004415849409289783
0.55005382131324	0.0041197907215871285
0.5505920344456404	0.0041253623847429055
0.5511302475780409	0.004132388367017469
0.5516684607104413	0.004142321992899723
0.5522066738428417	0.0041354930710752
0.5527448869752422	0.00414545811461996
0.5532831001076426	0.004131527546223727
0.553821313240043	0.004141507081359533
0.5543595263724435	0.004151522817952905
0.5548977395048439	0.0041615749313135665
0.5554359526372443	0.004152293137765295
0.5559741657696448	0.004162371519167638
0.5565123789020452	0.004172486638290767
0.5570505920344456	0.004182638673907046
0.5575888051668461	0.004192827805877587
0.5581270182992465	0.0042030542151602155
0.5586652314316469	0.004169441454575023
0.5592034445640474	0.00414530435778544
0.5597416576964478	0.0041225329296213
0.5602798708288482	0.004101137428995808
0.5608180839612487	0.004046293193487339
0.5613562970936491	0.004026087676394415
0.5618945102260495	0.004035991951121092
0.56243272335845	0.004045932817995775
0.5629709364908504	0.004049330164765698
0.5635091496232508	0.0040373303776966235
0.5640473627556513	0.004047311416949273
0.5645855758880517	0.004051210237569743
0.5651237890204521	0.004056649579810153
0.5656620021528526	0.004057491211226654
0.566200215285253	0.004047271657970899
0.5667384284176534	0.00403287589460759
0.5672766415500539	0.004042920417383699
0.5678148546824543	0.004048344171495177
0.5683530678148547	0.00403629226282329
0.5688912809472552	0.004046382993480349
0.5694294940796556	0.00403580492480678
0.569967707212056	0.004045919724117073
0.5705059203444564	0.00405607259669955
0.5710441334768568	0.004066263733877187
0.5715823466092572	0.004076493328176249
0.5721205597416577	0.004086761573335383
0.5726587728740581	0.004093892256133636
0.5731969860064585	0.004096269294356704
0.573735199138859	0.004096516962614707
0.5742734122712594	0.0041068878916339846
0.5748116254036598	0.00411729825384345
0.5753498385360603	0.0041277482494115805
0.5758880516684607	0.004138238079778573
0.5764262648008611	0.00414876794766605
0.5769644779332616	0.004141240025180295
0.577502691065662	0.004151804412999633
0.5780409041980624	0.004162409277400654
0.5785791173304629	0.0041106729029924014
0.5791173304628633	0.004117924888970572
0.5796555435952637	0.00408768070739899
0.5801937567276642	0.004098175394709385
0.5807319698600646	0.004105410557555689
0.581270182992465	0.004107706678400737
0.5818083961248655	0.00411497653765692
0.5823466092572659	0.004122270258286191
0.5828848223896663	0.0041329221194187134
0.5834230355220668	0.004143615320245153
0.5839612486544672	0.004137313519540063
0.5844994617868676	0.004148045850330051
0.5850376749192681	0.004158819995395842
0.5855758880516685	0.004169636172236924
0.5861141011840689	0.004180494599768791
0.5866523143164694	0.004191395498334029
0.5871905274488698	0.004168865165900138
0.5877287405812702	0.004120206829468051
0.5882669537136707	0.004089415871060439
0.5888051668460711	0.004100135178717216
0.5893433799784715	0.004104016814411932
0.589881593110872	0.004109629200423505
0.5904198062432723	0.00411698596030151
0.5909580193756727	0.004127834408154743
0.5914962325080731	0.00413872579181742
0.5920344456404736	0.004146174839579893
0.592572658772874	0.0041385050521994295
0.5931108719052745	0.004132532090589456
0.5936490850376749	0.004131197264332654
0.5941872981700753	0.00414216989982889
0.5947255113024758	0.004133272717976424
0.5952637244348762	0.00412509764083549
0.5958019375672766	0.004136097901211051
0.596340150699677	0.004141801767435914
0.5968783638320775	0.00414930628156102
0.5974165769644779	0.004151467085556352
0.5979547900968784	0.004162597024123527
0.5984930032292788	0.004162975948426731
0.5990312163616792	0.004165146032433291
0.5995694294940797	0.004169121736307915
0.6001076426264801	0.004174917637132782
0.6006458557588805	0.004182548429959378
0.601184068891281	0.004193852614905214
0.6017222820236814	0.004205202689641087
0.6022604951560818	0.0042165989028921476
0.6027987082884823	0.004218848740144667
0.6033369214208827	0.00421925170870658
0.6038751345532831	0.004230732665737074
0.6044133476856836	0.0042385533427072375
0.604951560818084	0.0042408249901623495
0.6054897739504844	0.004239987021281022
0.6060279870828849	0.004247849857950525
0.6065662002152853	0.004233877048748752
0.6071044133476857	0.004237976228505545
0.6076426264800862	0.004192202891497399
0.6081808396124866	0.00420373577428006
0.608719052744887	0.004215316313603146
0.6092572658772875	0.004223145019383238
0.6097954790096879	0.004221221275707819
0.6103336921420882	0.004229077446679035
0.6108719052744886	0.004223551161517366
0.6114101184068891	0.0042352669761124215
0.6119483315392895	0.004247031606601623
0.61248654467169	0.004258845324561572
0.6130247578040904	0.004257148871302673
0.6135629709364908	0.004269023763551774
0.6141011840688912	0.004280948410935997
0.6146393972012917	0.004292923091805748
0.6151776103336921	0.004304948086460665
0.6157158234660925	0.004317023677166025
0.616254036598493	0.0043291501481693
0.6167922497308934	0.004341327785716893
0.6173304628632938	0.004325823671518061
0.6178686759956943	0.004338026277079466
0.6184068891280947	0.00435028058859664
0.6189451022604952	0.004362586898606815
0.6194833153928956	0.004374945501719015
0.620021528525296	0.004387356694631693
0.6205597416576965	0.004383702143010619
0.6210979547900969	0.004392132434895558
0.6216361679224973	0.004381680697470139
0.6221743810548978	0.004203229127939829
0.6227125941872982	0.004215238354019657
0.6232508073196986	0.004227299121842317
0.623789020452099	0.0042394117267759625
0.6243272335844995	0.003983820098729243
0.6248654467168999	0.003995267857633638
0.6254036598493004	0.00400676503132467
0.6259418729817008	0.00401831190461379
0.6264800861141012	0.004029908764367365
0.6270182992465017	0.004041555899524496
0.6275565123789021	0.004053253601115016
0.6280947255113025	0.004005646890564755
0.628632938643703	0.004017274312598324
0.6291711517761034	0.0040289524356000635
0.6297093649085038	0.004025871629583395
0.6302475780409041	0.004033365120994159
0.6307857911733046	0.004045141369522609
0.631324004305705	0.004056969268263903
0.6318622174381054	0.004068849119708307
0.6324004305705059	0.004080781228563757
0.6329386437029063	0.004092765901775397
0.6334768568353067	0.004104803448545326
0.6340150699677072	0.004116894180352528
0.6345532831001076	0.004129038410973037
0.635091496232508	0.004141236456500284
0.6356297093649085	0.004153488635365669
0.6361679224973089	0.00415264602444087
0.6367061356297093	0.004153978197499436
0.6372443487621098	0.004155299978731065
0.6377825618945102	0.004167666942953479
0.6383207750269106	0.004102225838174289
0.6388589881593111	0.004006293844806175
0.6393972012917115	0.004007115819578146
0.639935414424112	0.004019113172331374
0.6404736275565124	0.004031164486191438
0.6410118406889128	0.00404327008524907
0.6415500538213132	0.004055430296031774
0.6420882669537137	0.004067645447525845
0.6426264800861141	0.004070829752970053
0.6431646932185145	0.004083128332284162
0.643702906350915	0.004049842304386572
0.6442411194833154	0.004062114553793804
0.6447793326157158	0.004074442670800765
0.6453175457481163	0.004086826995028123
0.6458557588805167	0.004094641516051327
0.6463939720129172	0.004107125179210021
0.6469321851453176	0.004119666019451883
0.647470398277718	0.004132264386483846
0.6480086114101185	0.004096137708119085
0.6485468245425189	0.004101656258290553
0.6490850376749193	0.004114257352786069
0.6496232508073198	0.004122190149839899
0.6501614639397201	0.004123040801006882
0.6506996770721205	0.0041357662355778904
0.6512378902045209	0.004148550675255103
0.6517761033369214	0.004161394485395211
0.6523143164693218	0.004174298034187134
0.6528525296017222	0.004187261692678398
0.6533907427341227	0.004200285834801815
0.6539289558665231	0.0041931837923175055
0.6544671689989235	0.004206267049079807
0.655005382131324	0.004219411633608181
0.6555435952637244	0.004195776510917337
0.6560818083961248	0.004208929415340275
0.6566200215285253	0.004112565829666449
0.6571582346609257	0.004125498426615085
0.6576964477933261	0.00413353991128466
0.6582346609257266	0.004146579469364422
0.658772874058127	0.004159680826297643
0.6593110871905274	0.004172844373216306
0.6598493003229279	0.0041860705043516985
0.6603875134553283	0.004199359617063927
0.6609257265877287	0.0042127121118717605
0.6614639397201292	0.004216002117837998
0.6620021528525296	0.004221831358941638
0.66254036598493	0.004235319638043688
0.6630785791173305	0.004248872660885428
0.6636167922497309	0.0042624908424908296
0.6641550053821313	0.004276174601214717
0.6646932185145318	0.004289924358774893
0.6652314316469322	0.004303740540284635
0.6657696447793326	0.004317623574285553
0.6663078579117331	0.0043315738927808215
0.6668460710441335	0.004345591931268785
0.667384284176534	0.004306789722440135
0.6679224973089344	0.0042703437644396125
0.6684607104413348	0.004236277659622601
0.6689989235737352	0.004204615242988166
0.6695371367061357	0.0041753805847200365
0.670075349838536	0.004189025619310624
0.6706135629709364	0.004194714801723567
0.6711517761033369	0.0042084679650079065
0.6716899892357373	0.004222288877865076
0.6722282023681377	0.0042361779860159475
0.6727664155005382	0.004250135738852903
0.6733046286329386	0.00426416258947618
0.673842841765339	0.004278258994730647
0.6743810548977395	0.004292425415243
0.6749192680301399	0.004306662315459394
0.6754574811625403	0.004320970163683512
0.6759956942949408	0.004269106938522813
0.6765339074273412	0.004219647148931681
0.6770721205597416	0.004172615735220085
0.6776103336921421	0.004186570971792728
0.6781485468245425	0.004200596335182318
0.6786867599569429	0.004172535201842822
0.6792249730893434	0.004147081651452534
0.6797631862217438	0.0041242624996126465
0.6803013993541442	0.00410410483485245
0.6808396124865447	0.004112272957129623
0.6813778256189451	0.004049875655205612
0.6819160387513455	0.003975751417892012
0.682454251883746	0.003872228411378376
0.6829924650161464	0.003885399256315037
0.6835306781485468	0.0038383748080233295
0.6840688912809473	0.0038514750633408153
0.6846071044133477	0.0038588083639278328
0.6851453175457481	0.0037714163056629005
0.6856835306781486	0.0037843542689756375
0.686221743810549	0.0037973589228209145
0.6867599569429494	0.0037956440390920763
0.6872981700753499	0.0037287079351890507
0.6878363832077503	0.0037415877553451443
0.6883745963401507	0.0037545344257788643
0.6889128094725512	0.0037675484099236787
0.6894510226049516	0.0037806301752359136
0.689989235737352	0.0037937801932367344
0.6905274488697524	0.0038069989395546323
0.6910656620021528	0.0038202868939684353
0.6916038751345532	0.003818389289593496
0.6921420882669537	0.0038195167354537064
0.6926803013993541	0.003823701109165226
0.6932185145317545	0.003830974624610755
0.693756727664155	0.0038320874279066503
0.6942949407965554	0.003836289340984196
0.6948331539289558	0.003843613089785076
0.6953713670613563	0.0038572187998374124
0.6959095801937567	0.0038708968806878997
0.6964477933261571	0.003884647846516276
0.6969860064585576	0.0038984722160768323
0.697524219590958	0.003912370512747338
0.6980624327233584	0.003926343264578578
0.6986006458557589	0.003940391004344512
0.6991388589881593	0.003954514269593059
0.6996770721205597	0.003962278720488041
0.7002152852529602	0.003947470389935826
0.7007534983853606	0.003961695508458117
0.701291711517761	0.003975997658308146
0.7018299246501615	0.003613046004400032
0.7023681377825619	0.003626136750792786
0.7029063509149623	0.0036129961335122007
0.7034445640473628	0.0036030358026728363
0.7039827771797632	0.0035962907766186572
0.7045209903121636	0.0035927964580591237
0.7050592034445641	0.003592588638759536
0.7055974165769645	0.0035957035042958377
0.7061356297093649	0.003530037750221251
0.7066738428417654	0.0035430158301853
0.7072120559741658	0.0035560656122485975
0.7077502691065662	0.00356239197751095
0.7082884822389667	0.003575561633620048
0.7088266953713671	0.0035888044544853076
0.7093649085037675	0.003602120983073379
0.709903121636168	0.0036155117673970717
0.7104413347685683	0.003628977360571735
0.7109795479009687	0.003642518320872376
0.7115177610333692	0.003649160738364269
0.7120559741657696	0.0036383259243702535
0.71259418729817	0.0036449513155460142
0.7131324004305705	0.0036586541400405485
0.7136706135629709	0.003672434381622622
0.7142088266953713	0.0036862926245721413
0.7147470398277718	0.003700229458691507
0.7152852529601722	0.0037142454793683685
0.7158234660925726	0.0037283412876392163
0.7163616792249731	0.0036451155956065888
0.7168998923573735	0.003575834389522616
0.7174381054897739	0.0035268387253120205
0.7179763186221744	0.0035257299101387213
0.7185145317545748	0.0035282496843781343
0.7190527448869752	0.003534439860470716
0.7195909580193757	0.0035295782272749773
0.7201291711517761	0.003543179684798195
0.7206673842841765	0.003556859915241431
0.721205597416577	0.00357061952806635
0.7217438105489774	0.0035844591386402502
0.7222820236813778	0.003598379368304873
0.7228202368137783	0.003612380844446137
0.7233584499461787	0.0036188793066395768
0.7238966630785791	0.0036254010315139836
0.7244348762109796	0.0036395904680365434
0.72497308934338	0.003653863371832765
0.7255113024757804	0.0036682203988340724
0.7260495156081809	0.0036826622114279075
0.7265877287405813	0.003697189478534132
0.7271259418729817	0.0036806188980102153
0.7276641550053822	0.0036678015627649853
0.7282023681377826	0.003674498402221186
0.728740581270183	0.0036586039319637846
0.7292787944025835	0.0036731800432465087
0.7298170075349839	0.0036878434366327223
0.7303552206673842	0.0037025948103792533
0.7308934337997847	0.0036853707414829778
0.7314316469321851	0.0036218353708756296
0.7319698600645855	0.003628329548913302
0.732508073196986	0.0036429599099976296
0.7330462863293864	0.003657678939937014
0.7335844994617868	0.0036724873566978925
0.7341227125941873	0.0035995160314579626
0.7346609257265877	0.003614148210447629
0.7351991388589881	0.003628869791752915
0.7357373519913886	0.003643681505188641
0.736275565123789	0.0036585840880319484
0.7368137782561894	0.0036735782851140463
0.7373519913885899	0.003688664848913283
0.7378902045209903	0.0037038445396495516
0.7384284176533907	0.003702148119864813
0.7389666307857912	0.0037174462525915272
0.7395048439181916	0.0037328394047761713
0.740043057050592	0.0037483283649619647
0.7405812701829925	0.0037639139298890414
0.7411194833153929	0.0037795969045969127
0.7416576964477933	0.0037953781025284235
0.7421959095801938	0.003811258345635237
0.7427341227125942	0.003827238464484861
0.7432723358449946	0.0038433192983692507
0.7438105489773951	0.003859501695415016
0.7443487621097955	0.0038757865126952482
0.7448869752421959	0.0038921746163430083
0.7454251883745964	0.003908666881666496
0.7459634015069968	0.003925264193265929
0.7465016146393972	0.003941967445152167
0.7470398277717977	0.003958777540867101
0.7475780409041981	0.003966583444195392
0.7481162540365985	0.003983570953592375
0.748654467168999	0.004000667824637836
0.7491926803013994	0.004017874998077139
0.7497308934337998	0.003933382770980108
0.7502691065662002	0.0038527779846577845
0.7508073196986006	0.0038694566772320606
0.751345532831001	0.0038862439079358877
0.7518837459634015	0.003903140620579087
0.7524219590958019	0.003920147769252634
0.7529601722282023	0.003937266318463344
0.7534983853606028	0.003954497243270624
0.7540365984930032	0.00397184152942532
0.7545748116254036	0.003970021206863318
0.7551130247578041	0.003963305417049916
0.7556512378902045	0.003980803454211285
0.7561894510226049	0.00399841762878744
0.7567276641550054	0.003907082916364165
0.7572658772874058	0.003924447729325784
0.7578040904198062	0.003941928565536589
0.7583423035522067	0.003959526460918449
0.7588805166846071	0.003977242462980724
0.7594187298170075	0.003995077630976153
0.759956942949408	0.004013033036059192
0.7604951560818084	0.0040159260383979545
0.7610333692142088	0.00403405662999343
0.7615715823466093	0.0040369889925061945
0.7621097954790097	0.004055297332608263
0.7626480086114101	0.004073730502301937
0.7631862217438106	0.004092289638986684
0.763724434876211	0.004084972418981848
0.7642626480086114	0.004093218951687344
0.7648008611410119	0.004111995185410681
0.7653390742734123	0.00412035572427854
0.7658772874058127	0.004128749757225848
0.7664155005382132	0.0041478201949035655
0.7669537136706136	0.004167023066176267
0.767491926803014	0.004186359600126041
0.7680301399354145	0.004205831040126627
0.7685683530678149	0.004225438644043302
0.7691065662002153	0.004245183684436027
0.7696447793326158	0.0042650674487659385
0.7701829924650161	0.004285091239605215
0.7707212055974165	0.004305256374850416
0.771259418729817	0.004325564187939333
0.7717976318622174	0.004329289144624358
0.7723358449946178	0.004349807102655753
0.7728740581270183	0.004370471269414212
0.7734122712594187	0.004391283037363804
0.7739504843918191	0.004412243815585111
0.7744886975242196	0.0044333550300137475
0.77502691065662	0.004454618123682879
0.7755651237890204	0.004464505318821872
0.7761033369214209	0.004486021007105351
0.7766415500538213	0.004496051840211093
0.7771797631862217	0.004517824488347708
0.7777179763186222	0.004539755675184347
0.7782561894510226	0.004561846943676728
0.778794402583423	0.004584099855597103
0.7793326157158235	0.004606515991810292
0.7798708288482239	0.00462909695255446
0.7804090419806243	0.0046337781631899345
0.7809472551130248	0.004644501196225341
0.7814854682454252	0.004624054815625704
0.7820236813778256	0.004616387564682401
0.7825618945102261	0.0046392976766659365
0.7831001076426265	0.004650033537852515
0.7836383207750269	0.0045181408005690645
0.7841765339074274	0.004416043225270158
0.7847147470398278	0.004438178780284044
0.7852529601722282	0.004460481186215119
0.7857911733046287	0.004482952124180938
0.7863293864370291	0.004486510783740003
0.7868675995694295	0.004090482887951243
0.78740581270183	0.004111246760478915
0.7879440258342304	0.004132169135850308
0.7884822389666308	0.004153251631441382
0.7890204520990313	0.004174495885310647
0.7895586652314317	0.004195903556517369
0.790096878363832	0.004217476325445478
0.7906350914962325	0.004239215894133341
0.7911733046286329	0.004261123986609483
0.7917115177610333	0.0042832023492344025
0.7922497308934338	0.004305452751048607
0.7927879440258342	0.004327876984126985
0.7933261571582346	0.004350476863939658
0.7938643702906351	0.004348192600895839
0.7944025834230355	0.004371017758905791
0.7949407965554359	0.004394023115531611
0.7954790096878364	0.004417210572605656
0.7960172228202368	0.004440582057116798
0.7965554359526372	0.004464139521610786
0.7970936490850377	0.004487884944598077
0.7976318622174381	0.0045118203309692665
0.7981700753498385	0.004535947712418301
0.798708288482239	0.004545932435855161
0.7992465016146394	0.004570372932822124
0.7997847147470398	0.004580519568346713
0.8003229278794403	0.00460527913358102
0.8008611410118407	0.004630239996093654
0.8013993541442411	0.004655404343898511
0.8019375672766416	0.0046659657228606405
0.802475780409042	0.004550011663515036
0.8030139935414424	0.004481622875963771
0.8035522066738429	0.0045062471774800555
0.8040904198062433	0.0045310749856204416
0.8046286329386437	0.004556108549076908
0.8051668460710442	0.004581350147686752
0.8057050592034446	0.004606802092951679
0.806243272335845	0.004632466728567008
0.8067814854682455	0.004658346430961237
0.8073196986006459	0.0045670782279392235
0.8078579117330463	0.004482579548673401
0.8083961248654468	0.004404969140686817
0.8089343379978472	0.00433436778865282
0.8094725511302476	0.00427089835309934
0.810010764262648	0.004214685809940765
0.8105489773950484	0.004165857290857287
0.8110871905274488	0.004075702075702074
0.8116254036598493	0.004099058534588618
0.8121636167922497	0.0041226163422586675
0.8127018299246501	0.004146377819735663
0.8132400430570506	0.004170345321583846
0.813778256189451	0.004194521236491579
0.8143164693218514	0.004168351870576337
0.8148546824542519	0.004150281375008473
0.8153928955866523	0.004131928460607298
0.8159311087190527	0.004113289087822192
0.8164693218514532	0.004137484905985853
0.8170075349838536	0.004161894846434146
0.817545748116254	0.004169066694594261
0.8180839612486545	0.004193808930170489
0.8186221743810549	0.004218772078564361
0.8191603875134553	0.00415511727078891
0.8196986006458558	0.004179998212530161
0.8202368137782562	0.004205103306899711
0.8207750269106566	0.004230435254531637
0.8213132400430571	0.004255996796855091
0.8218514531754575	0.0042634807287375235
0.8223896663078579	0.004289398544717691
0.8229278794402584	0.004315553413892799
0.8234660925726588	0.0043419482359961185
0.8240043057050592	0.004368585955235359
0.8245425188374597	0.00439546956111373
0.8250807319698601	0.004422602089268753
0.8256189451022605	0.004402209226770627
0.826157158234661	0.004429552141222619
0.8266953713670614	0.004457150596931171
0.8272335844994618	0.004485007788161991
0.8277717976318623	0.004513126959247646
0.8283100107642627	0.004541511405532222
0.8288482238966631	0.004570164474336842
0.8293864370290636	0.004599089565946569
0.829924650161464	0.004628290134619246
0.8304628632938643	0.004637549287230813
0.8310010764262648	0.0046468325837895
0.8315392895586652	0.004164618661423771
0.8320775026910656	0.004191400775002059
0.832615715823466	0.004135463126231717
0.8331539289558665	0.004162229877857812
0.8336921420882669	0.004189257344597149
0.8342303552206674	0.004216548923389313
0.8347685683530678	0.004244108066679439
0.8353067814854682	0.004196935604843029
0.8358449946178687	0.00417062122519413
0.8363832077502691	0.004100442939030742
0.8369214208826695	0.0040729569645706265
0.83745963401507	0.004100019801544518
0.8379978471474704	0.004127353266888148
0.8385360602798708	0.004154960981047935
0.8390742734122713	0.004182846625216042
0.8396124865446717	0.004211013942557564
0.8401506996770721	0.0041370916370916345
0.8406889128094726	0.004165139715987171
0.841227125941873	0.004193473999769396
0.8417653390742734	0.004222098395672259
0.8423035522066739	0.004251016877834398
0.8428417653390743	0.004256696323494795
0.8433799784714747	0.004286052849863725
0.8439181916038752	0.0043157141152607055
0.8444564047362756	0.004345684352172238
0.844994617868676	0.004375967866821522
0.8455328310010765	0.004406569040715379
0.8460710441334769	0.004412955465587042
0.8466092572658773	0.004382258463059053
0.8471474703982778	0.004413228487532969
0.8476856835306782	0.00437769925402434
0.8482238966630786	0.004408857255832343
0.8487621097954791	0.004440349093374003
0.8493003229278795	0.004472179552824712
0.8498385360602799	0.004504353506442156
0.8503767491926802	0.00451090391224926
0.8509149623250807	0.004543591621758313
0.8514531754574811	0.0045766359244620095
0.8519913885898815	0.004610042026100418
0.852529601722282	0.0046438152277568315
0.8530678148546824	0.004677960927960926
0.8536060279870828	0.004712484624846246
0.8541442411194833	0.004747391918363626
0.8546824542518837	0.004782688512552203
0.8552206673842842	0.004818380217869757
0.8557588805166846	0.004854472953584137
0.856297093649085	0.004890972750227627
0.8568353067814855	0.0049278857521161375
0.8573735199138859	0.004965218219935199
0.8579117330462863	0.005002976533394782
0.8584499461786868	0.005041167193955047
0.8589881593110872	0.005079796827625201
0.8595263724434876	0.005118872187837703
0.860064585575888	0.005158400158400156
0.8606027987082885	0.005198387756527289
0.8611410118406889	0.005238842135955517
0.8616792249730894	0.00527977059014267
0.8622174381054898	0.005321180555555553
0.8627556512378902	0.005363079615048116
0.8632938643702907	0.005405475501333082
0.8638320775026911	0.0054483761005500115
0.8643702906350915	0.005381121018571215
0.864908503767492	0.005424169986719785
0.8654467168998924	0.00537135207496653
0.8659849300322928	0.005414669430409809
0.8665231431646933	0.005458512907579119
0.8670613562970937	0.005502891061299274
0.8675995694294941	0.00554781262098335
0.8681377825618946	0.005593286494925837
0.868675995694295	0.005639321774719465
0.8692142088266954	0.005685927739799791
0.8697524219590959	0.005618805939439658
0.8702906350914962	0.005423582295988933
0.8708288482238966	0.005303347280334726
0.871367061356297	0.00534791322386695
0.8719052744886975	0.0053930432932666715
0.8724434876210979	0.00543874704998927
0.8729817007534983	0.00548503425892535
0.8735199138858988	0.005440989270776502
0.8740581270182992	0.005395986941051319
0.8745963401506996	0.005442504069853485
0.8751345532831001	0.005489625317211524
0.8756727664155005	0.005537361189535102
0.876210979547901	0.005585722422631479
0.8767491926803014	0.005634719987742281
0.8772874058127018	0.005587757941108277
0.8778256189451022	0.00563720712642782
0.8783638320775027	0.005687315634218289
0.8789020452099031	0.0057380952380952375
0.8794402583423035	0.005716154174674353
0.879978471474704	0.005767651059130879
0.8805166846071044	0.005819846996317584
0.8810548977395048	0.005872754696284108
0.8815931108719053	0.005926387159263871
0.8821313240043057	0.005938865848379484
0.8826695371367062	0.005993601939147958
0.8832077502691066	0.006049098253399328
0.883745963401507	0.006105368934826299
0.8842841765339075	0.0061624284575816845
0.8848223896663079	0.0062202916355871465
0.8853606027987083	0.006278973632149289
0.8858988159311088	0.00633848996989478
0.8864370290635092	0.006398856541036635
0.8869752421959096	0.006460089617984354
0.88751345532831	0.006522205864311127
0.8880516684607105	0.00658522234609191
0.8885898815931109	0.006649156543626783
0.8891280947255114	0.006714026363564606
0.8896663078579118	0.0067798501514426904
0.8902045209903121	0.006846646704658874
0.8907427341227125	0.006914435285893121
0.891280947255113	0.0069832356369965345
0.8918191603875134	0.0070530679933665
0.8923573735199138	0.00712395309882747
0.8928955866523143	0.007195912221037848
0.8934337997847147	0.007268967167444324
0.8939720129171151	0.007343140301806001
0.8945102260495156	0.007339961625675912
0.895048439181916	0.007415631333157107
0.8955866523143164	0.007439061303705287
0.8961248654467169	0.007516551525618884
0.8966630785791173	0.007595258871436882
0.8972012917115177	0.007675208964820429
0.8977395048439182	0.007756428107305301
0.8982777179763186	0.007838943299936209
0.898815931108719	0.007922782265710927
0.8993541442411195	0.00800797347286911
0.8998923573735199	0.008094546159062289
0.9004305705059203	0.008182530356443401
0.9009687836383208	0.008271956917716006
0.9015069967707212	0.008362857543185413
0.9020452099031216	0.00845526480885597
0.9025834230355221	0.008549212195621035
0.9031216361679225	0.008644734119594455
0.903659849300323	0.008741865963634844
0.9041980624327234	0.008840644110116593
0.9047362755651238	0.008941105975004282
0.9052744886975242	0.008913419913419915
0.9058127018299247	0.009015873015873017
0.9063509149623251	0.00912010276172126
0.9068891280947255	0.009226150468252902
0.907427341227126	0.009334058660864047
0.9079655543595264	0.009443871115697743
0.9085037674919269	0.009555632904049195
0.9090419806243273	0.009669390438621209
0.9095801937567277	0.009464404524284764
0.910118406889128	0.00950628862756415
0.9106566200215285	0.009621516368504321
0.9111948331539289	0.009738851933973886
0.9117330462863293	0.009858347049728168
0.9122712594187298	0.009980055037996417
0.9128094725511302	0.010027349640876211
0.9133476856835306	0.010075051759834372
0.9138858988159311	0.010201781970649899
0.9144241119483315	0.010330918451291037
0.9149623250807319	0.01046252250799538
0.9155005382131324	0.01059665741194404
0.9160387513455328	0.010733388475323962
0.9165769644779332	0.010872783130847651
0.9171151776103337	0.011014911014911019
0.9176533907427341	0.011159844054580901
0.9181916038751345	0.011307656558615084
0.918729817007535	0.011325974981604125
0.9192680301399354	0.011478001491424314
0.9198062432723358	0.011633109619686804
0.9203444564047363	0.011791383219954652
0.9208826695371367	0.011952909017488278
0.9214208826695371	0.012117776728074323
0.9219590958019376	0.01228607918263091
0.922497308934338	0.012360787360787365
0.9230355220667384	0.012534882957418173
0.9235737351991389	0.012712682715679423
0.9241119483315393	0.012894292468760558
0.9246501614639397	0.013079821856800278
0.9251883745963402	0.01326938449240608
0.9257265877287406	0.013463098134630985
0.926264800861141	0.01366108487190497
0.9268030139935415	0.013427741466957157
0.9273412271259419	0.013628155518702785
0.9278794402583423	0.013833090188156963
0.9284176533907428	0.014042682463735098
0.9289558665231432	0.014257074562418077
0.9294940796555436	0.014182814640829912
0.930032292787944	0.013985291194593527
0.9305705059203444	0.01299257105943153
0.9311087190527448	0.01156496062992126
0.9316469321851453	0.011498562679665042
0.9321851453175457	0.011682539682539683
0.9327233584499461	0.011870967741935483
0.9332615715823466	0.012063991607658012
0.933799784714747	0.0117286418765827
0.9343379978471474	0.011312830239804905
0.9348762109795479	0.010950413223140497
0.9354144241119483	0.011134453781512605
0.9359526372443487	0.011323173337131462
0.9364908503767492	0.011516731855714906
0.9370290635091496	0.011052166224580018
0.93756727664155	0.011019490254872564
0.9381054897739505	0.011060259344012205
0.9386437029063509	0.011256016146561094
0.9391819160387513	0.01145701643489254
0.9397201291711518	0.011663449163449163
0.9402583423035522	0.011875511875511875
0.9407965554359526	0.012093411175979984
0.9413347685683531	0.011892626571525655
0.9418729817007535	0.012114918656974732
0.9424111948331539	0.012343502027861048
0.9429494079655544	0.012578616352201259
0.9434876210979548	0.011996336996336997
0.9440258342303552	0.011762509335324868
0.9445640473627557	0.01135858874294054
0.9451022604951561	0.0115835112923057
0.9456404736275565	0.011617161716171616
0.946178686759957	0.011346801346801345
0.9467168998923574	0.01065072493643922
0.9472551130247578	0.010870327512448276
0.9477933261571583	0.011096792668957616
0.9483315392895587	0.011330409356725144
0.9488697524219591	0.011235535647629712
0.9494079655543596	0.011248379470754213
0.94994617868676	0.011492909459248869
0.9504843918191603	0.011745500875935658
0.9510226049515608	0.011396011396011395
0.9515608180839612	0.010528506034124011
0.9520990312163616	0.010767790262172283
0.9526372443487621	0.011015325670498084
0.9531754574811625	0.011271496034928271
0.9537136706135629	0.01153670770633835
0.9542518837459634	0.011811391223155929
0.9547900968783638	0.01209600305985848
0.9553283100107642	0.012391027524733079
0.9558665231431647	0.012696978821640068
0.9564047362755651	0.01301440329218107
0.9569429494079655	0.013343881856540084
0.957481162540366	0.013686032673374445
0.9580193756727664	0.01404151404151404
0.9585575888051668	0.014411027568922305
0.9590958019375673	0.0147953216374269
0.9596340150699677	0.015195195195195195
0.9601722282023681	0.015611501912871775
0.9607104413347686	0.01604515474378488
0.961248654467169	0.016497130933750652
0.9617868675995694	0.016968477531857814
0.9623250807319699	0.01746031746031746
0.9628632938643703	0.017973856209150325
0.9634015069967707	0.017412935323383085
0.9639397201291712	0.017262173978591887
0.9644779332615716	0.017327117327117326
0.965016146393972	0.017868589743589743
0.9655543595263725	0.01678240740740741
0.9660925726587729	0.01732377538829152
0.9666307857911733	0.016129032258064516
0.9671689989235738	0.01612021857923497
0.9677072120559742	0.016666666666666666
0.9682454251883746	0.017241379310344827
0.9687836383207751	0.017241379310344827
0.9693218514531755	0.017857142857142856
0.9698600645855759	0.018506493506493506
0.9703982777179763	0.01919191919191919
0.9709364908503767	0.019916142557651992
0.9714747039827771	0.020682148040638608
0.9720129171151776	0.021493212669683258
0.972551130247578	0.02235294117647059
0.9730893433799784	0.02326530612244898
0.9736275565123789	0.02423469387755102
0.9741657696447793	0.02526595744680851
0.9747039827771797	0.026364477335800184
0.9752421959095802	0.02753623188405797
0.9757804090419806	0.02878787878787879
0.976318622174381	0.02854122621564482
0.9768568353067815	0.028792912513842746
0.9773950484391819	0.028455284552845527
0.9779332615715823	0.028658536585365855
0.9784714747039828	0.03012820512820513
0.9790096878363832	0.03171390013495277
0.9795479009687836	0.031294452347083924
0.9800861141011841	0.03153153153153153
0.9806243272335845	0.029365079365079365
0.9811625403659849	0.02857142857142857
0.9817007534983854	0.0285204991087344
0.9822389666307858	0.030303030303030304
0.9827771797631862	0.03024193548387097
0.9833153928955867	0.03225806451612903
0.9838536060279871	0.034482758620689655
0.9843918191603875	0.03694581280788178
0.984930032292788	0.03968253968253968
0.9854682454251884	0.042735042735042736
0.9860064585575888	0.043076923076923075
0.9865446716899893	0.04666666666666667
0.9870828848223897	0.04710144927536232
0.9876210979547901	0.05138339920948617
0.9881593110871906	0.05194805194805195
0.988697524219591	0.05714285714285714
0.9892357373519914	0.05789473684210526
0.9897739504843919	0.06432748538011696
0.9903121636167922	0.06535947712418301
0.9908503767491926	0.07352941176470588
0.9913885898815931	0.075
0.9919268030139935	0.08571428571428572
0.9924650161463939	0.08791208791208792
0.9930032292787944	0.10256410256410256
0.9935414424111948	0.10606060606060606
0.9940796555435952	0.12727272727272726
0.9946178686759957	0.13333333333333333
0.9951560818083961	0.16666666666666666
0.9956942949407965	0.17857142857142858
0.996232508073197	0.23809523809523808
0.9967707212055974	0.26666666666666666
0.9973089343379978	0.4
0.9978471474703983	0.5
0.9983853606027987	1.0
0.9989235737351991	1.0
0.9994617868675996	0.0
1.0	0.0
