Fraction_of_nodes	Efficiency
0.0005382131324004305	0.29151040354325075
0.001076426264800861	0.2877431544751248
0.0016146393972012918	0.2864003903251262
0.002152852529601722	0.28371731083998014
0.002691065662002153	0.28221624697756365
0.0032292787944025836	0.2818068976009305
0.003767491926803014	0.28111105169938366
0.004305705059203444	0.277654578641608
0.004843918191603875	0.2772615972805209
0.005382131324004306	0.276534817185699
0.005920344456404736	0.2758198327034952
0.006458557588805167	0.27332228884942933
0.006996770721205597	0.2727833423106786
0.007534983853606028	0.2719709767618351
0.008073196986006458	0.2712911382845502
0.008611410118406888	0.2706783528661977
0.00914962325080732	0.2691423782999128
0.00968783638320775	0.26879865053335406
0.01022604951560818	0.2680123843191209
0.010764262648008612	0.2673020455864278
0.011302475780409042	0.26505793705441993
0.011840688912809472	0.2624736175944435
0.012378902045209902	0.262052668363728
0.012917115177610334	0.2617928720347053
0.013455328310010764	0.26073425509523296
0.013993541442411194	0.25955642846265936
0.014531754574811625	0.2591009135779845
0.015069967707212056	0.25869293890008177
0.015608180839612486	0.25748983603814324
0.016146393972012917	0.2573011036307841
0.016684607104413347	0.2564321288925481
0.017222820236813777	0.2560125920066804
0.01776103336921421	0.2557550908313995
0.01829924650161464	0.2554531777110156
0.01883745963401507	0.25527574714498946
0.0193756727664155	0.25325482550853223
0.01991388589881593	0.2527851600443271
0.02045209903121636	0.25259041688419703
0.02099031216361679	0.25226007847061144
0.021528525296017224	0.2517862396147731
0.022066738428417654	0.25097290858782345
0.022604951560818085	0.24977064136113175
0.023143164693218515	0.2496113767744254
0.023681377825618945	0.249442616100141
0.024219590958019375	0.24820190234228143
0.024757804090419805	0.2476127832786253
0.02529601722282024	0.24742879113043484
0.02583423035522067	0.2465398154668751
0.0263724434876211	0.24636865220882748
0.02691065662002153	0.24611382495097547
0.02744886975242196	0.2449510901734918
0.02798708288482239	0.24448145420608453
0.02852529601722282	0.2443424541362098
0.02906350914962325	0.2414883747506287
0.029601722282023683	0.24125968085431698
0.030139935414424113	0.2407384953334965
0.030678148546824543	0.2400466281594944
0.031216361679224973	0.2398348604311817
0.031754574811625406	0.23963498687589227
0.03229278794402583	0.23934559092690474
0.03283100107642627	0.23817284213199244
0.03336921420882669	0.23800879283575932
0.03390742734122713	0.23747088788655363
0.03444564047362755	0.23731989162430445
0.03498385360602799	0.23693409358343248
0.03552206673842842	0.23674776823570728
0.03606027987082885	0.23442487144227434
0.03659849300322928	0.23403574946750103
0.03713670613562971	0.23387609609786017
0.03767491926803014	0.23367702380948144
0.03821313240043057	0.2301103581039775
0.038751345532831	0.22935072096554335
0.039289558665231435	0.2292041281195622
0.03982777179763186	0.22771409669482773
0.040365984930032295	0.22723507796273235
0.04090419806243272	0.22695969774294106
0.041442411194833155	0.22650996069122983
0.04198062432723358	0.22639804552807366
0.042518837459634015	0.22631666428375147
0.04305705059203445	0.22608766811559847
0.043595263724434875	0.22524745788954878
0.04413347685683531	0.22509744091012113
0.044671689989235736	0.22503794092192142
0.04520990312163617	0.2247755146652437
0.045748116254036596	0.2245744442196272
0.04628632938643703	0.2244860756579402
0.04682454251883746	0.22443151671295392
0.04736275565123789	0.22398366486900262
0.04790096878363832	0.22384795071826474
0.04843918191603875	0.2225350072475377
0.04897739504843918	0.22237529083278204
0.04951560818083961	0.22220284302517732
0.05005382131324004	0.22198606967275325
0.05059203444564048	0.22074136752492096
0.051130247578040904	0.22059371047396892
0.05166846071044134	0.2196189202844033
0.052206673842841764	0.21942107509511605
0.0527448869752422	0.219329517209041
0.053283100107642624	0.21917290236737413
0.05382131324004306	0.2187953482827047
0.05435952637244349	0.21869679236611764
0.05489773950484392	0.2183684201058331
0.05543595263724435	0.21828216421895047
0.05597416576964478	0.21820569463729514
0.05651237890204521	0.21797651942194365
0.05705059203444564	0.2177698935465012
0.05758880516684607	0.21737197984056844
0.0581270182992465	0.21699303556277505
0.05866523143164693	0.21678634840539923
0.059203444564047365	0.216134957761918
0.05974165769644779	0.2157885811107181
0.060279870828848225	0.2155540467033511
0.06081808396124865	0.21538836692509067
0.061356297093649086	0.21524322202807747
0.06189451022604951	0.215154267005895
0.062432723358449946	0.21506724862371485
0.06297093649085038	0.21449611305149321
0.06350914962325081	0.21429961649877122
0.06404736275565123	0.21378348037749767
0.06458557588805167	0.2136122681758705
0.0651237890204521	0.21348791845645915
0.06566200215285253	0.21338197066985112
0.06620021528525297	0.2130902060361113
0.06673842841765339	0.2129164217496968
0.06727664155005382	0.21286005735453487
0.06781485468245425	0.21279734247339588
0.06835306781485469	0.2127580704444116
0.0688912809472551	0.21263310903683738
0.06942949407965554	0.212463928075858
0.06996770721205597	0.21240585609788565
0.07050592034445641	0.2103540924023274
0.07104413347685684	0.21022794723699942
0.07158234660925726	0.20936774427331126
0.0721205597416577	0.20592829101743235
0.07265877287405813	0.2057951998743228
0.07319698600645856	0.20562670835824753
0.073735199138859	0.20554171651860234
0.07427341227125941	0.20550701463400967
0.07481162540365985	0.2051162603817093
0.07534983853606028	0.20502161712060146
0.07588805166846072	0.20483771829921632
0.07642626480086114	0.20473297309357782
0.07696447793326157	0.20428275337877097
0.077502691065662	0.20418619918994327
0.07804090419806244	0.2039992024734659
0.07857911733046287	0.20374910231353743
0.07911733046286329	0.20371108678977815
0.07965554359526372	0.2036163469318799
0.08019375672766416	0.20352158820984978
0.08073196986006459	0.2033015159653045
0.08127018299246501	0.2025676106266619
0.08180839612486544	0.20250857531245262
0.08234660925726588	0.20247062802786897
0.08288482238966631	0.20216945193404115
0.08342303552206674	0.20203015030690413
0.08396124865446716	0.20189154425157627
0.0844994617868676	0.20176432310659792
0.08503767491926803	0.201475157042364
0.08557588805166846	0.20137708442478805
0.0861141011840689	0.2006835708215229
0.08665231431646932	0.20064232106309676
0.08719052744886975	0.20062735012185876
0.08772874058127018	0.2003929337200084
0.08826695371367062	0.20032907101742567
0.08880516684607104	0.20016460242672768
0.08934337997847147	0.19980022920083407
0.0898815931108719	0.19975596606583335
0.09041980624327234	0.19952117125210928
0.09095801937567277	0.19922848823339498
0.09149623250807319	0.19914945087137165
0.09203444564047362	0.19915219238412546
0.09257265877287406	0.19904229491917275
0.09311087190527449	0.19886100249410016
0.09364908503767493	0.19883230492924822
0.09418729817007535	0.19877304411858487
0.09472551130247578	0.1985864721052382
0.09526372443487621	0.19860410418377064
0.09580193756727665	0.1986147831395415
0.09634015069967707	0.19849052444756843
0.0968783638320775	0.19841644914722492
0.09741657696447793	0.19865251137422404
0.09795479009687837	0.19863942128537557
0.0984930032292788	0.19858983531481308
0.09903121636167922	0.1984267221148733
0.09956942949407965	0.19740106257666779
0.10010764262648009	0.19668119376764476
0.10064585575888052	0.19653446336557895
0.10118406889128095	0.19652493992758904
0.10172228202368137	0.19555658869559714
0.10226049515608181	0.1950788857780958
0.10279870828848224	0.19482179634906047
0.10333692142088267	0.19470388083884022
0.1038751345532831	0.19462057584906486
0.10441334768568353	0.19429195096512847
0.10495156081808396	0.19452575596027302
0.1054897739504844	0.19446229354095063
0.10602798708288483	0.19443466046643
0.10656620021528525	0.19441899084766992
0.10710441334768568	0.1939682383711317
0.10764262648008611	0.19382647586634172
0.10818083961248655	0.19381124793509402
0.10871905274488698	0.19341367198312948
0.1092572658772874	0.1932639082140202
0.10979547900968784	0.19229570197011636
0.11033369214208827	0.1923086892749979
0.1108719052744887	0.19229788661008954
0.11141011840688912	0.19227412941433716
0.11194833153928956	0.19216637332417463
0.11248654467168999	0.19211900326058537
0.11302475780409042	0.19205321348915652
0.11356297093649086	0.1911780747596654
0.11410118406889128	0.19115810892273272
0.11463939720129171	0.19116083487506613
0.11517761033369214	0.1911916881278995
0.11571582346609258	0.1907936966394845
0.116254036598493	0.19078322026909933
0.11679224973089343	0.19073486307573403
0.11733046286329386	0.1907390044243592
0.1178686759956943	0.19009423449591153
0.11840688912809473	0.19004987470928203
0.11894510226049515	0.18998705890371176
0.11948331539289558	0.18992084462313108
0.12002152852529602	0.18995869132073828
0.12055974165769645	0.18992663592542883
0.12109795479009688	0.19015863870245592
0.1216361679224973	0.1901205070731236
0.12217438105489774	0.1901129883275441
0.12271259418729817	0.1900239877269774
0.1232508073196986	0.1902574324293447
0.12378902045209902	0.1904913075767686
0.12432723358449946	0.19047818731323615
0.12486544671689989	0.19053013288038112
0.12540365984930033	0.190582440967348
0.12594187298170076	0.190596537316736
0.1264800861141012	0.19056174703827697
0.12701829924650163	0.19051136435298174
0.12755651237890203	0.1904380243496701
0.12809472551130247	0.1903956356966615
0.1286329386437029	0.1903683169913924
0.12917115177610333	0.19038530962144165
0.12970936490850377	0.1906209350046365
0.1302475780409042	0.19058780102190903
0.13078579117330463	0.19060765291543297
0.13132400430570507	0.19062779173889347
0.1318622174381055	0.19064821851445332
0.13240043057050593	0.190668934268031
0.13293864370290634	0.1909057900869975
0.13347685683530677	0.1908160809141211
0.1340150699677072	0.19082844487638168
0.13455328310010764	0.19067201708999448
0.13509149623250807	0.19059376805691958
0.1356297093649085	0.19046440607442322
0.13616792249730894	0.1905045486206206
0.13670613562970937	0.19074223364697196
0.1372443487621098	0.1906880988177266
0.1377825618945102	0.1909263100592228
0.13832077502691065	0.19116496794679685
0.13885898815931108	0.19116507558131896
0.13939720129171151	0.19116542521569255
0.13993541442411195	0.19140483088283805
0.14047362755651238	0.19122082794306253
0.14101184068891282	0.1904726762518283
0.14155005382131325	0.1904343760554689
0.14208826695371368	0.19040876756225855
0.1426264800861141	0.19042860969530606
0.14316469321851452	0.1906679919827923
0.14370290635091496	0.1909078259349719
0.1442411194833154	0.19114811268882337
0.14477933261571582	0.1911850122437175
0.14531754574811626	0.1914259511375344
0.1458557588805167	0.1914221787404262
0.14639397201291712	0.19166372092180212
0.14693218514531756	0.19190572056943067
0.147470398277718	0.1921481788392594
0.1480086114101184	0.1923910968908893
0.14854682454251883	0.18916685372145714
0.14908503767491926	0.18889249980390704
0.1496232508073197	0.18865426662198492
0.15016146393972013	0.18889337215636007
0.15069967707212056	0.18913293255224636
0.151237890204521	0.18937294896411472
0.15177610333692143	0.18961342255010089
0.15231431646932186	0.18945859547192426
0.15285252960172227	0.18817763749993047
0.1533907427341227	0.18568659759665712
0.15392895586652314	0.18536220129028033
0.15446716899892357	0.18100809362878933
0.155005382131324	0.18077006457471126
0.15554359526372444	0.1800394810314581
0.15608180839612487	0.17965171335561222
0.1566200215285253	0.1792353686442974
0.15715823466092574	0.17584715938494716
0.15769644779332614	0.17502949249448646
0.15823466092572658	0.17464527610943822
0.158772874058127	0.17283588908697972
0.15931108719052745	0.17276665888883644
0.15984930032292788	0.172678191624834
0.1603875134553283	0.17255784667792548
0.16092572658772875	0.17249705528019352
0.16146393972012918	0.17249075492185892
0.1620021528525296	0.17271246540376362
0.16254036598493002	0.17126930450399452
0.16307857911733045	0.17116660251616794
0.16361679224973089	0.17108880980327906
0.16415500538213132	0.16633327748222498
0.16469321851453175	0.1662824863829037
0.1652314316469322	0.16539484696867848
0.16576964477933262	0.16459592746408505
0.16630785791173305	0.16457125916241783
0.1668460710441335	0.1614515236458315
0.16738428417653392	0.16140179996723228
0.16792249730893433	0.16087858214514392
0.16846071044133476	0.16090514346609952
0.1689989235737352	0.1611137048963861
0.16953713670613563	0.1602055645654026
0.17007534983853606	0.1594535966189162
0.1706135629709365	0.15913239012310462
0.17115177610333693	0.15821779846662093
0.17168998923573736	0.1557869959789387
0.1722282023681378	0.15483403140213897
0.1727664155005382	0.1524483074963441
0.17330462863293863	0.15194433527773848
0.17384284176533907	0.15014305488586846
0.1743810548977395	0.14996456641271333
0.17491926803013993	0.14843477586179396
0.17545748116254037	0.1476629297414728
0.1759956942949408	0.14586447460013494
0.17653390742734124	0.14545308415637728
0.17707212055974167	0.141789067813916
0.17761033369214208	0.14114812255170714
0.1781485468245425	0.1400618328158544
0.17868675995694294	0.13974317453726007
0.17922497308934338	0.1389687699521578
0.1797631862217438	0.13869893086069413
0.18030139935414424	0.13766562012661307
0.18083961248654468	0.1371173900489879
0.1813778256189451	0.1356438071494706
0.18191603875134554	0.1352937202341196
0.18245425188374598	0.13384743455242656
0.18299246501614638	0.13367228058371866
0.18353067814854682	0.13252335754062103
0.18406889128094725	0.1322154160468197
0.18460710441334768	0.1289756109818103
0.18514531754574812	0.12884937113619788
0.18568353067814855	0.12793728972640656
0.18622174381054898	0.12714920461532145
0.18675995694294942	0.12537516662903492
0.18729817007534985	0.1243737159285517
0.18783638320775026	0.12398318561008702
0.1883745963401507	0.12372295823327752
0.18891280947255112	0.1234542886018859
0.18945102260495156	0.12337585394012923
0.189989235737352	0.12310107334164054
0.19052744886975242	0.12294237530720141
0.19106566200215286	0.12227256551983846
0.1916038751345533	0.12084774994035818
0.19214208826695373	0.11950192262986027
0.19268030139935413	0.11920874722874272
0.19321851453175456	0.11852406291554572
0.193756727664155	0.11847376473529952
0.19429494079655543	0.11802368761217982
0.19483315392895587	0.1170461841571864
0.1953713670613563	0.11549397669461824
0.19590958019375673	0.11502024958152005
0.19644779332615717	0.11462546300695937
0.1969860064585576	0.11290940684621914
0.197524219590958	0.1119815117360986
0.19806243272335844	0.11187689635856946
0.19860064585575887	0.1112544211202547
0.1991388589881593	0.1111953525613865
0.19967707212055974	0.11119067594657563
0.20021528525296017	0.11113735873724136
0.2007534983853606	0.10943348762622825
0.20129171151776104	0.1092991275028384
0.20182992465016147	0.10892610257950436
0.2023681377825619	0.10887645428573667
0.2029063509149623	0.10791196343417685
0.20344456404736275	0.10783091269544637
0.20398277717976318	0.10601529158118905
0.20452099031216361	0.10592053995269632
0.20505920344456405	0.10560920021477176
0.20559741657696448	0.10559113947325718
0.20613562970936491	0.10545255226202223
0.20667384284176535	0.10542247347758887
0.20721205597416578	0.10539982270804041
0.2077502691065662	0.10345831934068378
0.20828848223896662	0.10340567601199017
0.20882669537136705	0.10291068699731476
0.2093649085037675	0.10305089229295143
0.20990312163616792	0.10302098829252201
0.21044133476856836	0.09776290487956582
0.2109795479009688	0.0974445261956895
0.21151776103336922	0.09740941875508535
0.21205597416576966	0.09735228683814554
0.21259418729817006	0.0974831260574887
0.2131324004305705	0.09690968005487792
0.21367061356297093	0.09634067769921874
0.21420882669537136	0.09630492651167108
0.2147470398277718	0.09628418860233202
0.21528525296017223	0.09608398846602077
0.21582346609257266	0.09569187476959701
0.2163616792249731	0.09534516254734708
0.21689989235737353	0.0952949176890136
0.21743810548977396	0.09527888113117203
0.21797631862217437	0.09522129767992887
0.2185145317545748	0.09514581620565103
0.21905274488697524	0.0949539220629978
0.21959095801937567	0.09448342992510085
0.2201291711517761	0.09461393190013552
0.22066738428417654	0.09474470443904379
0.22120559741657697	0.09487431450395914
0.2217438105489774	0.09500467125353929
0.22228202368137784	0.09513625667078796
0.22282023681377824	0.09511755174663425
0.22335844994617868	0.09508610889124515
0.2238966630785791	0.09466291205576864
0.22443487621097954	0.094590320338977
0.22497308934337998	0.09448794414392357
0.2255113024757804	0.09443484380777822
0.22604951560818085	0.09441986627596259
0.22658772874058128	0.09438680880253483
0.2271259418729817	0.09435405282383924
0.22766415500538212	0.094483704601525
0.22820236813778255	0.09461411308651703
0.22874058127018299	0.09474528107028832
0.22927879440258342	0.09487623536104542
0.22981700753498385	0.09476335895595901
0.2303552206673843	0.09418538569952965
0.23089343379978472	0.09413835229972865
0.23143164693218515	0.0942702911256568
0.2319698600645856	0.09440250752274748
0.232508073196986	0.09453500227014783
0.23304628632938643	0.09466629773460176
0.23358449946178686	0.09479836245778324
0.2341227125941873	0.0944014951773206
0.23466092572658773	0.09453188702528147
0.23519913885898816	0.09466503052813398
0.2357373519913886	0.09479845551830753
0.23627556512378903	0.09493216278984251
0.23681377825618946	0.09447260941511941
0.2373519913885899	0.09378106004880729
0.2378902045209903	0.09356855343339493
0.23842841765339073	0.09370089933641247
0.23896663078579117	0.09324401708375755
0.2395048439181916	0.09337609076234646
0.24004305705059203	0.09350844524960704
0.24058127018299247	0.09363617944121301
0.2411194833153929	0.09342956963333719
0.24165769644779334	0.09329792764475126
0.24219590958019377	0.09343054730025196
0.24273412271259417	0.0935634499279906
0.2432723358449946	0.09369663633358204
0.24381054897739504	0.09383010732551021
0.24434876210979548	0.0939638637151403
0.2448869752421959	0.09409688954301515
0.24542518837459634	0.09423121772223429
0.24596340150699678	0.09415029318744113
0.2465016146393972	0.09403692144938632
0.24703982777179764	0.09404306063340269
0.24757804090419805	0.09396653406296335
0.24811625403659848	0.09408661606087622
0.24865446716899892	0.0929250494478935
0.24919268030139935	0.0924953913109463
0.24973089343379978	0.09262819158562104
0.2502691065662002	0.09276127806778428
0.25080731969860065	0.09289465158046262
0.2513455328310011	0.09302831294964314
0.2518837459634015	0.09246799525459552
0.25242195909580195	0.09212184467834146
0.2529601722282024	0.09141991590381505
0.2534983853606028	0.09155183497438334
0.25403659849300325	0.09168403979023082
0.2545748116254037	0.09181653117721092
0.25511302475780406	0.09147294773886298
0.2556512378902045	0.09143343126230104
0.25618945102260493	0.09057333535873893
0.25672766415500536	0.09022273979124104
0.2572658772874058	0.08962253349518165
0.25780409041980623	0.08698393860847893
0.25834230355220666	0.08694099280792898
0.2588805166846071	0.08666322901372006
0.25941872981700753	0.08616879925572374
0.25995694294940797	0.0862942269111178
0.2604951560818084	0.08641992862548213
0.26103336921420883	0.08654590519782249
0.26157158234660927	0.08667215743005856
0.2621097954790097	0.08656021179058461
0.26264800861141013	0.08631552407386012
0.26318622174381057	0.08537129689289183
0.263724434876211	0.08529233586185986
0.26426264800861143	0.08473848113748216
0.26480086114101187	0.08251105452177668
0.26533907427341225	0.08240045183870805
0.2658772874058127	0.07986391313996208
0.2664155005382131	0.07741890070865452
0.26695371367061355	0.07739695615155708
0.267491926803014	0.07717120526823061
0.2680301399354144	0.07687311800005528
0.26856835306781485	0.07509747820352554
0.2691065662002153	0.07519405090341853
0.2696447793326157	0.07529137030600831
0.27018299246501615	0.07538943940236881
0.2707212055974166	0.07534074479741636
0.271259418729817	0.07475986309581047
0.27179763186221745	0.07461053373046575
0.2723358449946179	0.07398344805737217
0.2728740581270183	0.07393105885746099
0.27341227125941875	0.07357880014111212
0.2739504843918192	0.07323795098758942
0.2744886975242196	0.07311115472128128
0.27502691065662	0.0729561330957838
0.2755651237890204	0.07003586255929377
0.27610333692142086	0.06987817739866824
0.2766415500538213	0.06956918672119715
0.27717976318622173	0.06954145680712695
0.27771797631862216	0.06857288775932316
0.2782561894510226	0.06867226734441616
0.27879440258342303	0.0683162301092409
0.27933261571582346	0.06795786628327131
0.2798708288482239	0.067121183622875
0.28040904198062433	0.06679351120089706
0.28094725511302476	0.06678446174954178
0.2814854682454252	0.06673915480417622
0.28202368137782563	0.06622836834795133
0.28256189451022606	0.06592694908889123
0.2831001076426265	0.06558454540287934
0.28363832077502693	0.06568316877942502
0.28417653390742736	0.06563712538400106
0.2847147470398278	0.06558341008448723
0.2852529601722282	0.06568225471159271
0.2857911733046286	0.06576995676239998
0.28632938643702904	0.0658692321688338
0.2868675995694295	0.06576224564977098
0.2874058127018299	0.06560189332822622
0.28794402583423034	0.06569999625625876
0.2884822389666308	0.0656652135636655
0.2890204520990312	0.06525763786796226
0.28955866523143164	0.06482384559539305
0.2900968783638321	0.06491415939630252
0.2906350914962325	0.06465875218217067
0.29117330462863295	0.06459133669025427
0.2917115177610334	0.06429355550784496
0.2922497308934338	0.06439141480085538
0.29278794402583425	0.06448833845629064
0.2933261571582347	0.06458664385027889
0.2938643702906351	0.06443470505660938
0.29440258342303555	0.06435349192406355
0.294940796555436	0.06426093620570748
0.29547900968783636	0.06389862821798149
0.2960172228202368	0.063814558931533
0.2965554359526372	0.06184888013687188
0.29709364908503766	0.06174436896444327
0.2976318622174381	0.06170379717228669
0.2981700753498385	0.061798507528652444
0.29870828848223896	0.061893436111645765
0.2992465016146394	0.06184029618041123
0.2997847147470398	0.06179064854928988
0.30032292787944026	0.06084354068240468
0.3008611410118407	0.060831312379122995
0.3013993541442411	0.06073628152356508
0.30193756727664156	0.060608913231279
0.302475780409042	0.060277723406876406
0.30301399354144243	0.05998698100792213
0.30355220667384286	0.06007976829486401
0.3040904198062433	0.05984465152372164
0.30462863293864373	0.05940771542791297
0.3051668460710441	0.05931409419740666
0.30570505920344454	0.05898381837557615
0.306243272335845	0.058801033889792846
0.3067814854682454	0.058734641044939626
0.30731969860064584	0.05860901084089893
0.3078579117330463	0.058503902087394075
0.3083961248654467	0.05859502966073893
0.30893433799784714	0.05823629901710497
0.3094725511302476	0.05815146539621569
0.310010764262648	0.05756975817622532
0.31054897739504844	0.05765971092337567
0.3110871905274489	0.05760820558359264
0.3116254036598493	0.057692853207777485
0.31216361679224974	0.0574430999049634
0.3127018299246502	0.05732464022927144
0.3132400430570506	0.05676038824036038
0.31377825618945104	0.05660084039830925
0.3143164693218515	0.05667539878542095
0.3148546824542519	0.05658620168874773
0.3153928955866523	0.05667524370556715
0.3159311087190527	0.0565392883083204
0.31646932185145316	0.056286360975011225
0.3170075349838536	0.05622436932953664
0.317545748116254	0.055684030491168546
0.31808396124865446	0.05577199894376123
0.3186221743810549	0.05572039651666015
0.3191603875134553	0.055668583366343304
0.31969860064585576	0.055617162711239704
0.3202368137782562	0.05556613661245507
0.3207750269106566	0.055168403841863264
0.32131324004305706	0.05525597273685035
0.3218514531754575	0.0551656254322252
0.3223896663078579	0.05508579216898032
0.32292787944025836	0.054988482787701735
0.3234660925726588	0.0550760440660261
0.3240043057050592	0.0550484035355367
0.32454251883745966	0.05493582719215862
0.32508073196986004	0.054874878360518464
0.32561894510226047	0.05450074194735599
0.3261571582346609	0.05458787342928621
0.32669537136706134	0.054442473127031314
0.32723358449946177	0.05426307152345721
0.3277717976318622	0.054112223419342305
0.32831001076426264	0.054060466149325775
0.32884822389666307	0.05414724057332149
0.3293864370290635	0.05423422409231477
0.32992465016146394	0.054123265836298624
0.3304628632938644	0.0540369464794208
0.3310010764262648	0.05398067675734605
0.33153928955866524	0.05394170488525064
0.3320775026910657	0.05390318697995738
0.3326157158234661	0.05386512539205154
0.33315392895586654	0.0537789893644233
0.333692142088267	0.05386267506087892
0.3342303552206674	0.05378395199646819
0.33476856835306784	0.05370555849707477
0.3353067814854682	0.053642701324876516
0.33584499461786865	0.053517242882862484
0.3363832077502691	0.05346500583631838
0.3369214208826695	0.05322722893074085
0.33745963401506995	0.053149266533148394
0.3379978471474704	0.05323575842335694
0.3385360602798708	0.05313644688188226
0.33907427341227125	0.05311082293150798
0.3396124865446717	0.052925022152237704
0.3401506996770721	0.05301143035166993
0.34068891280947255	0.05293067846985261
0.341227125941873	0.052898149302300315
0.3417653390742734	0.052812791525808804
0.34230355220667386	0.052796423404438506
0.3428417653390743	0.05270444938573993
0.3433799784714747	0.05279092100081087
0.34391819160387516	0.052877605600155385
0.3444564047362756	0.052795729766837364
0.344994617868676	0.05271418887683332
0.3455328310010764	0.05263298491668945
0.34607104413347684	0.05255211988331502
0.34660925726587727	0.05252388532975751
0.3471474703982777	0.05261055840785942
0.34768568353067814	0.05257818149193186
0.34822389666307857	0.05266508757704248
0.348762109795479	0.05275220931000699
0.34930032292787944	0.05283954740489111
0.34983853606027987	0.0529271025787186
0.3503767491926803	0.05301487555148596
0.35091496232508074	0.05310286704617722
0.35145317545748117	0.053191077788778844
0.3519913885898816	0.05305071313022488
0.35252960172228204	0.05288557128102962
0.35306781485468247	0.052423197833805224
0.3536060279870829	0.05250918209774973
0.35414424111948334	0.05245968545884834
0.35468245425188377	0.05243066301693744
0.35522066738428415	0.052518266463916455
0.3557588805166846	0.0526060896519832
0.356297093649085	0.05255338361952138
0.35683530678148545	0.05251993364469697
0.3573735199138859	0.05248606371793199
0.3579117330462863	0.05245364708567561
0.35844994617868675	0.052420812844308336
0.3589881593110872	0.05250891505076936
0.3595263724434876	0.052476621738867864
0.36006458557588805	0.05162563173314808
0.3606027987082885	0.0517126167908282
0.3611410118406889	0.05179342884287988
0.36167922497308935	0.05160086003916759
0.3622174381054898	0.05168802365409862
0.3627556512378902	0.05177540830947326
0.36329386437029065	0.05186301475331331
0.3638320775026911	0.051950843736807494
0.3643702906350915	0.052038896014327506
0.36490850376749195	0.05195267824131701
0.36544671689989233	0.05184859944132713
0.36598493003229277	0.051930932514738834
0.3665231431646932	0.05201419317913096
0.36706135629709363	0.05209838581363474
0.36759956942949407	0.05218713945215882
0.3681377825618945	0.05227248926897246
0.36867599569429493	0.05236169146909016
0.36921420882669537	0.0524511221974746
0.3697524219590958	0.052540782235419
0.37029063509149623	0.0526306723675583
0.37082884822389667	0.05272079338188631
0.3713670613562971	0.052811146069773
0.37190527448869753	0.05290173122598187
0.37244348762109797	0.05299254964868742
0.3729817007534984	0.05308360213949273
0.37351991388589884	0.05317488950344714
0.37405812701829927	0.052277307601735
0.3745963401506997	0.051686198806864043
0.3751345532831001	0.04758278771925009
0.3756727664155005	0.046762482707391334
0.37621097954790095	0.04684324692622966
0.3767491926803014	0.04639996010490021
0.3772874058127018	0.046278690809739176
0.37782561894510225	0.044501555628255425
0.3783638320775027	0.044029028163223245
0.3789020452099031	0.04410540115223144
0.37944025834230355	0.04418197302923184
0.379978471474704	0.044258744485407744
0.3805166846071044	0.04433571621494758
0.38105489773950485	0.04441288891506063
0.3815931108719053	0.043854870874180815
0.3821313240043057	0.041521939141878544
0.38266953713670615	0.041495842528844015
0.3832077502691066	0.04054149953718089
0.383745963401507	0.0404879501391313
0.38428417653390745	0.039934805432934324
0.3848223896663079	0.03968498926675774
0.38536060279870826	0.03777672758498836
0.3858988159311087	0.037671721166763386
0.38643702906350913	0.03763782715256064
0.38697524219590956	0.03769214486174056
0.38751345532831	0.037751490225086407
0.38805166846071043	0.03764649722500176
0.38858988159311086	0.03771283466504582
0.3891280947255113	0.037773261520476546
0.38966630785791173	0.03783838319268362
0.39020452099031216	0.03773431892804849
0.3907427341227126	0.03745345358449877
0.39128094725511303	0.03751974288287842
0.39181916038751347	0.03720065404246514
0.3923573735199139	0.03726661264892341
0.39289558665231433	0.03674454333482253
0.39343379978471477	0.03680455548138343
0.3939720129171152	0.03686998580223922
0.39451022604951563	0.03643703182852207
0.395048439181916	0.0360953140662121
0.39558665231431644	0.0355385714503432
0.3961248654467169	0.03560197657335898
0.3966630785791173	0.03566555153152569
0.39720129171151775	0.0357292969319395
0.3977395048439182	0.03579321338441166
0.3982777179763186	0.03585730150148312
0.39881593110871905	0.03592156189843919
0.3993541442411195	0.03584966392243038
0.3998923573735199	0.03514340960661153
0.40043057050592035	0.03505521656447586
0.4009687836383208	0.03511826551513139
0.4015069967707212	0.035056533748097814
0.40204520990312165	0.03511969867377006
0.4025834230355221	0.03518303446939453
0.4031216361679225	0.035244914110575384
0.40365984930032295	0.035296768840134364
0.4041980624327234	0.035360596631888674
0.4047362755651238	0.0329864606306785
0.4052744886975242	0.032850196966720834
0.4058127018299246	0.03290976214707753
0.40635091496232506	0.03284395115000219
0.4068891280947255	0.03290361318660528
0.4074273412271259	0.03276797030765805
0.40796555435952636	0.0328234666553105
0.4085037674919268	0.032718746729815555
0.40904198062432723	0.03228414714838497
0.40958019375672766	0.030013564356326742
0.4101184068891281	0.030068383651954734
0.41065662002152853	0.029934754173370232
0.41119483315392896	0.029801421665733602
0.4117330462863294	0.02985600302409575
0.41227125941872983	0.02991073446868621
0.41280947255113026	0.02942821051091011
0.4133476856835307	0.029296921230087265
0.41388589881593113	0.02860663093365944
0.41442411194833156	0.028314813938181308
0.414962325080732	0.02836695908355549
0.4155005382131324	0.028092000315262818
0.4160387513455328	0.028143830574147065
0.41657696447793324	0.027693216853813544
0.4171151776103337	0.0261462450458246
0.4176533907427341	0.02603870009423665
0.41819160387513454	0.025948654642479262
0.418729817007535	0.024624651388292052
0.4192680301399354	0.02453638539420691
0.41980624327233584	0.024058478475081357
0.4203444564047363	0.023830903043058047
0.4208826695371367	0.023698020350989387
0.42142088266953714	0.02374215074270445
0.4219590958019376	0.023786404518552923
0.422497308934338	0.02376043688190928
0.42303552206673845	0.023804807445647672
0.4235737351991389	0.02383184994898418
0.4241119483315393	0.021992084386445288
0.42465016146393975	0.021882138113960486
0.4251883745963401	0.021583101934326956
0.42572658772874056	0.02162359555896922
0.426264800861141	0.021664203250159775
0.4268030139935414	0.02137861824667708
0.42734122712594186	0.021418841423058412
0.4278794402583423	0.021438420664848197
0.4284176533907427	0.020431038165601084
0.42895586652314316	0.020469587294215424
0.4294940796555436	0.019888542214439225
0.430032292787944	0.017722858202944065
0.43057050592034446	0.017697875671703504
0.4311087190527449	0.017649649218841327
0.4316469321851453	0.017201288558083262
0.43218514531754576	0.01723392857432251
0.4327233584499462	0.01703991270537328
0.4332615715823466	0.01698819530673018
0.43379978471474706	0.017012985954774937
0.4343379978471475	0.016362194823282678
0.43487621097954793	0.016050037552684002
0.4354144241119483	0.013940502286558467
0.43595263724434874	0.013967131708309294
0.4364908503767492	0.013992011291236004
0.4370290635091496	0.008978389296019284
0.43756727664155004	0.00892874050713031
0.4381054897739505	0.008697475894255267
0.4386437029063509	0.008676887697527967
0.43918191603875134	0.008613345162945584
0.4397201291711518	0.007520337245484669
0.4402583423035522	0.007534813351828239
0.44079655543595264	0.0075289322542717654
0.4413347685683531	0.00754345285649794
0.4418729817007535	0.007544128693767352
0.44241119483315394	0.007519844656034819
0.4429494079655544	0.007534389810108387
0.4434876210979548	0.007546168537751209
0.44402583423035524	0.00756079289538251
0.4445640473627557	0.007575459806915744
0.44510226049515605	0.007578523974474059
0.4456404736275565	0.007593253855862735
0.4461786867599569	0.0076080267232865924
0.44671689989235736	0.007604214702589017
0.4472551130247578	0.007557350462983457
0.4477933261571582	0.007572096512667327
0.44833153928955866	0.007584980275863753
0.4488697524219591	0.007536720926701862
0.4494079655543595	0.0073867340498717324
0.44994617868675996	0.007332559182478426
0.4504843918191604	0.007346936749502894
0.4510226049515608	0.007361356644987689
0.45156081808396126	0.007367143015193933
0.4520990312163617	0.007381631005390971
0.4526372443487621	0.007382612583779785
0.45317545748116256	0.007389401952666016
0.453713670613563	0.007365288720069818
0.4542518837459634	0.007342159631728814
0.45479009687836386	0.007319900216253806
0.45532831001076424	0.007298515770545058
0.45586652314316467	0.007278011623238165
0.4564047362755651	0.00725839313491461
0.45694294940796554	0.007209708108862039
0.45748116254036597	0.00714823917250091
0.4580193756727664	0.00707330119582428
0.45855758880516684	0.006673433828432745
0.45909580193756727	0.006640027328485979
0.4596340150699677	0.006648302478013097
0.46017222820236814	0.006661572542839471
0.4607104413347686	0.006674882378089899
0.461248654467169	0.006686234140848077
0.46178686759956944	0.006670419365783284
0.4623250807319699	0.006663726799361988
0.4628632938643703	0.006638627593126729
0.46340150699677074	0.006651958170622968
0.4639397201291712	0.006665328940815175
0.4644779332615716	0.00666576198157886
0.465016146393972	0.0066761480997170755
0.4655543595263724	0.0066896080757245695
0.46609257265877285	0.006703108798379917
0.4666307857911733	0.006716650432316038
0.4671689989235737	0.006719236761931021
0.46770721205597415	0.006680330085307491
0.4682454251883746	0.006618141168102812
0.468783638320775	0.006574961041008904
0.46932185145317545	0.006579387639279313
0.4698600645855759	0.006537996271890741
0.4703982777179763	0.006497456707100274
0.47093649085037675	0.00651068981648337
0.4714747039827772	0.0065239633940908795
0.4720129171151776	0.006537277605099228
0.47255113024757806	0.006099164835036124
0.4730893433799785	0.006111637564760125
0.4736275565123789	0.006124148593551855
0.47416576964477936	0.00594774713850464
0.4747039827771798	0.005293811624832965
0.47524219590958017	0.005273532098046299
0.4757804090419806	0.005284371835144031
0.47631862217438103	0.005295245028220459
0.47685683530678147	0.005304032749011104
0.4773950484391819	0.005312845463715444
0.47793326157158234	0.005223262912771627
0.47847147470398277	0.005234054778293882
0.4790096878363832	0.005244880124267603
0.47954790096878364	0.005240751753626867
0.48008611410118407	0.005229604275560502
0.4806243272335845	0.0052158218569758755
0.48116254036598494	0.005199195084117659
0.48170075349838537	0.005210004221506677
0.4822389666307858	0.005220847102300656
0.48277717976318624	0.005231723867097115
0.48331539289558667	0.005242634657226619
0.4838536060279871	0.005240554274483955
0.48439181916038754	0.0052515063210346
0.48493003229278797	0.005259213660369145
0.48546824542518835	0.005246723643238296
0.4860064585575888	0.00523492935245046
0.4865446716899892	0.005245915563053713
0.48708288482238965	0.005256936394068532
0.4876210979547901	0.005267991991111789
0.4881593110871905	0.005279082500566761
0.48869752421959095	0.005286880467125555
0.4892357373519914	0.00529247651885067
0.4897739504843918	0.0053036538715831956
0.49031216361679225	0.005305750683107864
0.4908503767491927	0.005285008482598963
0.4913885898815931	0.00525155333586188
0.49192680301399355	0.005262691306881735
0.492465016146394	0.005273864749146877
0.4930032292787944	0.005285073813438369
0.49354144241119485	0.0052963186513393015
0.4940796555435953	0.005307599415239918
0.4946178686759957	0.005318916258342775
0.4951560818083961	0.0053302693346679465
0.49569429494079653	0.005341658799058262
0.49623250807319697	0.005348514214378703
0.4967707212055974	0.005319648752987022
0.49730893433799783	0.00532646187438008
0.49784714747039827	0.00533137531433211
0.4983853606027987	0.005342828322526164
0.49892357373519913	0.00535431827590794
0.49946178686759957	0.005365845333552522
0.5	0.005346963435007659
0.5005382131324004	0.0053291500308434644
0.5010764262648009	0.005340660074106625
0.5016146393972013	0.005352207447239829
0.5021528525296017	0.005363792311844244
0.5026910656620022	0.00532797456665841
0.5032292787944026	0.005314005749666593
0.503767491926803	0.005325545392988344
0.5043057050592035	0.005334762282255548
0.5048439181916039	0.005346372211052622
0.5053821313240043	0.005358020080793477
0.5059203444564048	0.0053492221465008495
0.5064585575888052	0.005338352693621678
0.5069967707212056	0.005275814973359534
0.5075349838536061	0.005263444849124796
0.5080731969860065	0.0052439946946958435
0.5086114101184069	0.005255494683061405
0.5091496232508074	0.005267032541860661
0.5096878363832078	0.005263329168710286
0.5102260495156081	0.005260805676429653
0.5107642626480086	0.005247757997790705
0.511302475780409	0.0052593296802555135
0.5118406889128094	0.005270939679549676
0.5123789020452099	0.005276490083485797
0.5129171151776103	0.005288163734112978
0.5134553283100107	0.0052998761676326086
0.5139935414424112	0.005311627556030906
0.5145317545748116	0.005323418072248512
0.515069967707212	0.005335247890186841
0.5156081808396125	0.0053471171847145095
0.5161463939720129	0.0053507681728595284
0.5166846071044133	0.005362698536678613
0.5172228202368138	0.005216650835417268
0.5177610333692142	0.004901547301849098
0.5182992465016146	0.004912512732054577
0.5188374596340151	0.004923515000211474
0.5193756727664155	0.004934554271512397
0.5199138858988159	0.0049456307120769585
0.5204520990312164	0.00495674448895803
0.5209903121636168	0.004967895770148037
0.5215285252960172	0.0049790847245853075
0.5220667384284177	0.004990311522160472
0.5226049515608181	0.005001576333722911
0.5231431646932185	0.005012879331087256
0.523681377825619	0.0050242206870399425
0.5242195909580194	0.005035600575345809
0.5247578040904198	0.005047019170754756
0.5252960172228203	0.005058476649008456
0.5258342303552207	0.005069973186847112
0.5263724434876211	0.005081508962016274
0.5269106566200216	0.005093084153273714
0.527448869752422	0.005104698940396345
0.5279870828848224	0.005109845223050286
0.5285252960172229	0.004801805362862137
0.5290635091496233	0.004812793475820631
0.5296017222820237	0.00480678138541423
0.5301399354144241	0.004809048656387813
0.5306781485468245	0.0048200912480213095
0.5312163616792249	0.004831171917556991
0.5317545748116254	0.004842290840267134
0.5322927879440258	0.004853448192433648
0.5328310010764262	0.004860657737054995
0.5333692142088267	0.00486921952735423
0.5339074273412271	0.004880477838400136
0.5344456404736275	0.00489177524080384
0.534983853606028	0.004903111915753559
0.5355220667384284	0.004911799533767918
0.5360602798708288	0.004923209056494441
0.5365984930032293	0.004934658379881637
0.5371367061356297	0.004946147689264365
0.5376749192680301	0.004957677171057522
0.5382131324004306	0.0049457974682983324
0.538751345532831	0.004948265366249777
0.5392895586652314	0.004959840255995391
0.5398277717976319	0.004965977630631093
0.5403659849300323	0.004973502923361693
0.5409041980624327	0.004985177812853152
0.5414424111948332	0.004992756225150614
0.5419806243272336	0.0050045038868568505
0.542518837459634	0.005016293059735194
0.5430570505920345	0.00502812393959306
0.5435952637244349	0.005039996723393753
0.5441334768568353	0.00505191160926466
0.5446716899892358	0.005063868796505523
0.5452099031216362	0.005075868485596768
0.5457481162540366	0.005087910878207911
0.5462863293864371	0.005099996177206029
0.5468245425188375	0.005112124586664308
0.5473627556512379	0.005124296311870651
0.5479009687836384	0.005136511559336374
0.5484391819160388	0.005148770536804958
0.5489773950484392	0.005161073453260883
0.5495156081808397	0.005173420518938541
0.55005382131324	0.005153826474486614
0.5505920344456404	0.0051661857705885
0.5511302475780409	0.0049307748663030655
0.5516684607104413	0.0049079984541909975
0.5522066738428417	0.0049198107248388705
0.5527448869752422	0.004617854103522423
0.5532831001076426	0.004626088204430538
0.553821313240043	0.0046372623305281965
0.5543595263724435	0.004618403714140017
0.5548977395048439	0.004629586289719049
0.5554359526372443	0.004640809529209276
0.5559741657696448	0.004652073630008328
0.5565123789020452	0.004663378790713087
0.5570505920344456	0.004674725211128447
0.5575888051668461	0.004678704170155766
0.5581270182992465	0.0046767470569496735
0.5586652314316469	0.0046881676846833725
0.5592034445640474	0.00469963019735986
0.5597416576964478	0.004711134800046176
0.5602798708288482	0.004144282321931898
0.5608180839612487	0.0041101442281070545
0.5613562970936491	0.004120242862574148
0.5618945102260495	0.004121312331644432
0.56243272335845	0.004131463347239616
0.5629709364908504	0.004126466621911032
0.5635091496232508	0.004136655428384886
0.5640473627556513	0.004146882017824651
0.5645855758880517	0.004157146577274712
0.5651237890204521	0.004167449294938342
0.5656620021528526	0.004177790360186328
0.566200215285253	0.004143466787225549
0.5667384284176534	0.004140383314620812
0.5672766415500539	0.004138820564398146
0.5678148546824543	0.004141377909867634
0.5683530678148547	0.004151718428993396
0.5688912809472552	0.00416209772506588
0.5694294940796556	0.004152571666964641
0.569967707212056	0.004158273985219305
0.5705059203444564	0.004160847239686102
0.5710441334768568	0.004171301629735565
0.5715823466092572	0.00416344224867974
0.5721205597416577	0.0041478428736638736
0.5726587728740581	0.004158304015842092
0.5731969860064585	0.004168804783558865
0.573735199138859	0.004179345377196182
0.5742734122712594	0.004189925998404274
0.5748116254036598	0.004200546850111256
0.5753498385360603	0.004211208136532858
0.5758880516684607	0.004221910063182242
0.5764262648008611	0.004232652836879907
0.5769644779332616	0.004240195227213247
0.577502691065662	0.0042363883679040135
0.5780409041980624	0.004209742189158073
0.5785791173304629	0.004184579045677885
0.5791173304628633	0.004160910592595308
0.5796555435952637	0.004100719311986888
0.5801937567276642	0.0040783321656235345
0.5807319698600646	0.004085516317598156
0.581270182992465	0.004096032447115784
0.5818083961248655	0.004091662670454984
0.5823466092572659	0.004044190539534709
0.5828848223896663	0.004054640644288029
0.5834230355220668	0.00405844571884462
0.5839612486544672	0.004063932646636439
0.5844994617868676	0.004071114477658673
0.5850376749192681	0.004081688800977266
0.5855758880516685	0.0040872379215310395
0.5861141011840689	0.004097881770285026
0.5866523143164694	0.004085249070021289
0.5871905274488698	0.004095915516679307
0.5877287405812702	0.004084890120829272
0.5882669537136707	0.00409558355046495
0.5888051668460711	0.004092595297401316
0.5893433799784715	0.004103337017342001
0.589881593110872	0.004114121083090601
0.5904198062432723	0.004124947717519787
0.5909580193756727	0.004132349979031869
0.5914962325080731	0.004090289148221895
0.5920344456404736	0.004101095724571227
0.592572658772874	0.004111945184160039
0.5931108719052745	0.004122837754184304
0.5936490850376749	0.004121477213507329
0.5941872981700753	0.004121856223793275
0.5947255113024758	0.004123988678854293
0.5952637244348762	0.004127888583543425
0.5958019375672766	0.004133570054741796
0.596340150699677	0.004141047322355703
0.5968783638320775	0.004152119641399435
0.5974165769644779	0.004163236427587921
0.5979547900968784	0.0041058541726091
0.5984930032292788	0.0040730021069009985
0.5990312163616792	0.004074930325742166
0.5995694294940797	0.004082281185242131
0.6001076426264801	0.0040896568891910625
0.6006458557588805	0.004100695099418299
0.601184068891281	0.004111778059146456
0.6017222820236814	0.004122906010592049
0.6022604951560818	0.004134079197612624
0.6027987082884823	0.004145297865720121
0.6033369214208827	0.00415656226209436
0.6038751345532831	0.004167872635596657
0.6044133476856836	0.004134186696606734
0.604951560818084	0.004145466878589289
0.6054897739504844	0.00413660279191554
0.6060279870828849	0.004147920446612983
0.6065662002152853	0.004144292951331512
0.6071044133476857	0.004155662753667126
0.6076426264800862	0.004167079409583795
0.6081808396124866	0.0041747642872618064
0.608719052744887	0.004008228073502525
0.6092572658772875	0.004019285254394946
0.6097954790096879	0.004030388252335263
0.6103336921420882	0.0040319853466044275
0.6108719052744886	0.0037936071889704374
0.6114101184068891	0.0038041303711867217
0.6119483315392895	0.0038146973999955737
0.61248654467169	0.0038253085193279673
0.6130247578040904	0.0038359639748135606
0.6135629709364908	0.0038466640137949093
0.6141011840688912	0.0038146106248768395
0.6146393972012917	0.003825280864386984
0.6151776103336921	0.0037826505893732553
0.6157158234660925	0.00374173044626918
0.616254036598493	0.003702535350147098
0.6167922497308934	0.0035475453001409377
0.6173304628632938	0.0035054395760403885
0.6178686759956943	0.0035113549184150428
0.6184068891280947	0.0035073289991890957
0.6189451022604952	0.0035039321988234733
0.6194833153928956	0.0035138583523612165
0.620021528525296	0.0035157902592053572
0.6205597416576965	0.003525778299714463
0.6210979547900969	0.00352368559605401
0.6216361679224973	0.003523592997277201
0.6221743810548978	0.003523485549163146
0.6227125941872982	0.003533552650732184
0.6232508073196986	0.003539575486847093
0.623789020452099	0.003518290460750211
0.6243272335844995	0.003513723610906373
0.6248654467168999	0.003523820517834265
0.6254036598493004	0.0035339610085330687
0.6259418729817008	0.0035441453342060746
0.6264800861141012	0.003554373747869007
0.6270182992465017	0.003558390717763131
0.6275565123789021	0.003560324776539857
0.6280947255113025	0.003564352480227389
0.628632938643703	0.003574698931548804
0.6291711517761034	0.003585090498210283
0.6297093649085038	0.0035955274428921178
0.6302475780409041	0.0036060100301891795
0.6307857911733046	0.003616538526627688
0.631324004305705	0.003627113200682155
0.6318622174381054	0.003637734322792498
0.6324004305705059	0.003648402165381332
0.6329386437029063	0.003659117002871439
0.6334768568353067	0.003669879111703414
0.6340150699677072	0.0036806887703534977
0.6345532831001076	0.0036915462593515905
0.635091496232508	0.0037024518612994535
0.6356297093649085	0.0037134058608890965
0.6361679224973089	0.0037244085449213604
0.6367061356297093	0.003735460202324688
0.6372443487621098	0.0037465611241740927
0.6377825618945102	0.003757711603710325
0.6383207750269106	0.003768911936359238
0.6388589881593111	0.003775713724331287
0.6393972012917115	0.0037520490649464583
0.639935414424112	0.003763282744781627
0.6404736275565124	0.0037745669509129066
0.6410118406889128	0.003785901986801534
0.6415500538213132	0.0037972881581904106
0.6420882669537137	0.0038087257731247194
0.6426264800861141	0.0038202151419727574
0.6431646932185145	0.003827199793078589
0.643702906350915	0.0038387798227096886
0.6442411194833154	0.003850412488839112
0.6447793326157158	0.00386209811096002
0.6453175457481163	0.0038738370109933327
0.6458557588805167	0.003885629513309903
0.6463939720129172	0.0038974759447529214
0.6469321851453176	0.003909376634660564
0.647470398277718	0.003916663053857531
0.6480086114101185	0.003928658959076085
0.6485468245425189	0.003940710060177545
0.6490850376749193	0.003952816696307123
0.6496232508073198	0.0039602527528794776
0.6501614639397201	0.00397245692160946
0.6506996770721205	0.003908389336826249
0.6512378902045209	0.0038367284632096627
0.6517761033369214	0.0038486068795044294
0.6523143164693218	0.003743821477999609
0.6528525296017222	0.003743411081992626
0.6533907427341227	0.00375505466234097
0.6539289558665231	0.0037667526519432784
0.6544671689989235	0.003778505390326877
0.655005382131324	0.003785438024663848
0.6555435952637244	0.0037875051233325924
0.6560818083961248	0.0037993781801455473
0.6566200215285253	0.0038113071540235555
0.6571582346609257	0.003823292396646271
0.6576964477933261	0.00383533426246248
0.6582346609257266	0.0037391225150483994
0.658772874058127	0.0037509364882397055
0.6593110871905274	0.0037628065404176794
0.6598493003229279	0.0037538365864912084
0.6603875134553283	0.003765753528035625
0.6609257265877287	0.003777727307139077
0.6614639397201292	0.0037897582858242335
0.6620021528525296	0.0037635828618061305
0.66254036598493	0.003775607088201677
0.6630785791173305	0.0037876890308839225
0.6636167922497309	0.0037998290598290634
0.6641550053821313	0.003804310545883583
0.6646932185145318	0.003816543055677421
0.6652314316469322	0.003815890078064461
0.6657696447793326	0.0038281994008969268
0.6663078579117331	0.0038405683811906163
0.6668460710441335	0.0038529974050779646
0.667384284176534	0.003865486861820519
0.6679224973089344	0.0038780371438394165
0.6684607104413348	0.0038906486467462113
0.6689989235737352	0.0038980252994712393
0.6695371367061357	0.003910743163417312
0.670075349838536	0.003923523369833709
0.6706135629709364	0.003912297779631951
0.6711517761033369	0.00392512498546681
0.6716899892357373	0.003938015379507752
0.6722282023681377	0.003945567942845623
0.6727664155005382	0.003958568166710024
0.6733046286329386	0.003971632748118308
0.673842841765339	0.0039847621125748975
0.6743810548977395	0.003997956689106603
0.6749192680301399	0.0040112169102976694
0.6754574811625403	0.004024543212325237
0.6759956942949408	0.0040379360349952036
0.6765339074273412	0.004051395821778521
0.6770721205597416	0.004064923019847898
0.6776103336921421	0.004078518080114948
0.6781485468245425	0.0040837782371538145
0.6786867599569429	0.004097482190969767
0.6792249730893434	0.004111255240351178
0.6797631862217438	0.004125097850588051
0.6803013993541442	0.004139010490893575
0.6808396124865447	0.004152993634443891
0.6813778256189451	0.0041670477584183204
0.6819160387513455	0.003907195503169014
0.682454251883746	0.003920462720497262
0.6829924650161464	0.003933797627709837
0.6835306781485468	0.0039472006860666
0.6840688912809473	0.003960672360763073
0.6846071044133477	0.0039742131209708105
0.6851453175457481	0.003987823439878245
0.6856835306781486	0.00399562959656008
0.686221743810549	0.003935287518248046
0.6867599569429494	0.0038700703649157476
0.6872981700753499	0.0038774803648090107
0.6878363832077503	0.0037697774601473193
0.6883745963401507	0.0037828216728121892
0.6889128094725512	0.0037959337063401344
0.6894510226049516	0.003809114031709371
0.689989235737352	0.0037741545893719987
0.6905274488697524	0.0037812452658688256
0.6910656620021528	0.0037944433296240396
0.6916038751345532	0.0038077106139933546
0.6921420882669537	0.0038210476038847497
0.6926803013993541	0.003819092389467558
0.6932185145317545	0.003755537055879316
0.693756727664155	0.0037532900979397334
0.6942949407965554	0.0037665292164509845
0.6948331539289558	0.003779838506968479
0.6953713670613563	0.003793218466285182
0.6959095801937567	0.00380666959559825
0.6964477933261571	0.00382019240055597
0.6969860064585576	0.00383378739130528
0.697524219590958	0.0038347680277762077
0.6980624327233584	0.0038389143536202513
0.6986006458557589	0.0038462603288184835
0.6991388589881593	0.0038600462081332452
0.6996770721205597	0.0038739063381444954
0.7002152852529602	0.0038878412530299073
0.7007534983853606	0.0039018514917795646
0.701291711517761	0.0039159375982480826
0.7018299246501615	0.0039301001212073885
0.7023681377825619	0.0039443396144001695
0.7029063509149623	0.003958656636593999
0.7034445640473628	0.00397305175163616
0.7039827771797632	0.0039577192691946945
0.7045209903121636	0.003945572352297273
0.7050592034445641	0.003959998576620115
0.7055974165769645	0.003974504065911763
0.7061356297093649	0.003600609380425904
0.7066738428417654	0.0036138469149127645
0.7072120559741658	0.003603460260715717
0.7077502691065662	0.0035963702178458375
0.7082884822389667	0.003592613560146706
0.7088266953713671	0.0035922274708473255
0.7093649085037675	0.003595249547630515
0.709903121636168	0.0035948208279594517
0.7104413347685683	0.0036012866930189673
0.7109795479009687	0.003604301583331032
0.7115177610333692	0.0036108011345143596
0.7120559741657696	0.0036243247342690947
0.71259418729817	0.0036379244518460895
0.7131324004305705	0.0036516008595597967
0.7136706135629709	0.0036653545351136942
0.7142088266953713	0.003679186061661293
0.7147470398277718	0.003693096027867952
0.7152852529601722	0.0037070850279735125
0.7158234660925726	0.003648798228969021
0.7163616792249731	0.003662671986493618
0.7168998923573735	0.003676625022632641
0.7174381054897739	0.0036833878589603917
0.7179763186221744	0.0036719308744326035
0.7185145317545748	0.0036786737287825316
0.7190527448869752	0.003692795316992829
0.7195909580193757	0.00370699837590434
0.7201291711517761	0.003721283533422276
0.7206673842841765	0.0037356514235127093
0.721205597416577	0.0037501026862729134
0.7217438105489774	0.0037646379680026532
0.7222820236813778	0.00377925792127645
0.7228202368137783	0.003691964791658811
0.7233584499461787	0.003621786849310925
0.7238966630785791	0.003570322652696567
0.7244348762109796	0.0035651857061317787
0.72497308934338	0.0035791668265479815
0.7255113024757804	0.003573969207853421
0.7260495156081809	0.0035581320998922385
0.7265877287405813	0.00357216812395493
0.7271259418729817	0.0035862873655515895
0.7276641550053822	0.0036004904838310018
0.7282023681377826	0.003606920215831117
0.728740581270183	0.0036212618469079806
0.7292787944025835	0.00354869455247269
0.7298170075349839	0.003479495192881178
0.7303552206673842	0.003493413173652703
0.7308934337997847	0.003507414829659327
0.7314316469321851	0.0034893079331353542
0.7319698600645855	0.0034750672710964657
0.732508073196986	0.0034890796391250805
0.7330462863293864	0.003503176930596293
0.7335844994617868	0.0035173598331493146
0.7341227125941873	0.0035316290413973848
0.7346609257265877	0.003513003182770171
0.7351991388589881	0.003519033662841727
0.7357373519913886	0.0035333970655472033
0.736275565123789	0.0035478485872876826
0.7368137782561894	0.003562388950350337
0.7373519913885899	0.003577018884438018
0.7378902045209903	0.0035013224495314436
0.7384284176533907	0.0035157608926222952
0.7389666307857912	0.0035302888301951144
0.7395048439181916	0.0035449070034050323
0.740043057050592	0.0035596161610955096
0.7405812701829925	0.0035744170598942435
0.7411194833153929	0.0035893104643104695
0.7416576964477933	0.0036042971468336865
0.7421959095801938	0.0036193778880338275
0.7427341227125942	0.0036345534766629
0.7432723358449946	0.0036322076000211458
0.7438105489773951	0.0036475011057054453
0.7443487621097955	0.0036628914057295187
0.7448869752421959	0.0036783793186501513
0.7454251883745964	0.003693965671695279
0.7459634015069968	0.003709651300874452
0.7465016146393972	0.003725437051090939
0.7470398277717977	0.003741323776255506
0.7475780409041981	0.003757312339401897
0.7481162540365985	0.0037734036128040465
0.748654467168999	0.003789598478095051
0.7491926803013994	0.003805897826387933
0.7497308934337998	0.0038223025583982257
0.7502691065662002	0.0038388135845684123
0.7508073196986006	0.0038554318251942496
0.751345532831001	0.00387215821055301
0.7518837459634015	0.003888993681033675
0.7524219590958019	0.003905939187269116
0.7529601722282023	0.003922995690270292
0.7534983853606028	0.003930608773757088
0.7540365984930032	0.0039478482859226895
0.7545748116254036	0.003965201465201471
0.7551130247578041	0.003982669313065795
0.7556512378902045	0.004000252842041803
0.7561894510226049	0.004017953075856146
0.7567276641550054	0.004035771049584999
0.7572658772874058	0.0040537078098053765
0.7578040904198062	0.00407176441474883
0.7583423035522067	0.00408994193445753
0.7588805166846071	0.004108241450942799
0.7594187298170075	0.00412666405834613
0.759956942949408	0.004125056683629774
0.7604951560818084	0.00414363802004252
0.7610333692142088	0.004162345189433232
0.7615715823466093	0.004155643851567374
0.7621097954790097	0.004174490308944096
0.7626480086114101	0.0041934652648938425
0.7631862217438106	0.004097466694277635
0.763724434876211	0.00411617658785881
0.7642626480086114	0.00413501492464535
0.7648008611410119	0.004153982883015283
0.7653390742734123	0.004173081654891215
0.7658772874058127	0.00419231244592758
0.7664155005382132	0.004185069692035354
0.7669537136706136	0.004204445014683666
0.767491926803014	0.004223955200366653
0.7680301399354145	0.004227414162125224
0.7685683530678149	0.004220017708389808
0.7691065662002153	0.004228844883050497
0.7696447793326158	0.004248652119036682
0.7701829924650161	0.0042685988426002346
0.7707212055974165	0.004277639694375409
0.771259418729817	0.0042867184609693
0.7717976318622174	0.004306986633361589
0.7723358449946178	0.004033477866290212
0.7728740581270183	0.0036678261717943855
0.7734122712594187	0.0036739810730309582
0.7739504843918191	0.003691517975527526
0.7744886975242196	0.003709180740960672
0.77502691065662	0.0037269705766487327
0.7755651237890204	0.0037448887044210823
0.7761033369214209	0.003762936360827931
0.7766415500538213	0.00378111479735367
0.7771797631862217	0.003799425280633833
0.7777179763186222	0.0038178690926757445
0.7782561894510226	0.003818730856148476
0.778794402583423	0.0038373588115443225
0.7793326157158235	0.0038561234023098204
0.7798708288482239	0.0038750259680074175
0.7804090419806243	0.0038940678646561025
0.7809472551130248	0.003913250464974606
0.7814854682454252	0.003932575158628801
0.7820236813778256	0.003952043352483399
0.7825618945102261	0.003959372364035414
0.7831001076426265	0.003979070734005739
0.7836383207750269	0.003998916473327464
0.7841765339074274	0.004018911055694101
0.7847147470398278	0.004039055973266503
0.7852529601722282	0.004059352736951258
0.7857911733046287	0.0040608162559227735
0.7863293864370291	0.004068603753742296
0.7868675995694295	0.004043600562587908
0.78740581270183	0.004064126453768557
0.7879440258342304	0.003998699749852542
0.7884822389666308	0.0038892783576534953
0.7890204520990313	0.003909172364598014
0.7895586652314317	0.003929219402365184
0.790096878363832	0.0039494210445367274
0.7906350914962325	0.003949902384296682
0.7911733046286329	0.00397031531651527
0.7917115177610333	0.003977498404537809
0.7922497308934338	0.003998160733912032
0.7927879440258342	0.00401898448773449
0.7933261571582346	0.004039971351900205
0.7938643702906351	0.003862908333675081
0.7944025834230355	0.0038831860677101208
0.7949407965554359	0.0039036238891191214
0.7954790096878364	0.003924223487478589
0.7960172228202368	0.003944986574713926
0.7965554359526372	0.003965914885455114
0.7970936490850377	0.003951737306469513
0.7976318622174381	0.003972813238770683
0.7981700753498385	0.003994058229352345
0.798708288482239	0.004015474091171929
0.7992465016146394	0.004037062661554573
0.7997847147470398	0.004058825802587213
0.8003229278794403	0.004080765401520117
0.8008611410118407	0.004076027246758953
0.8013993541442411	0.004098179568752208
0.8019375672766416	0.004120512972396634
0.802475780409042	0.004143029436726671
0.8030139935414424	0.004165730967886817
0.8035522066738429	0.004173566159867529
0.8040904198062433	0.004196561014742832
0.8046286329386437	0.004151256411427178
0.8051668460710442	0.004174255061905999
0.8057050592034446	0.004197445367805477
0.806243272335845	0.0042053543794490856
0.8067814854682455	0.00421328644123185
0.8073196986006459	0.004174295416490616
0.8078579117330463	0.004108572267858452
0.8083961248654468	0.004131719153874556
0.8089343379978472	0.0040558605872523254
0.8094725511302476	0.004078839967350072
0.810010764262648	0.004102015194437288
0.8105489773950484	0.004125388500388498
0.8110871905274488	0.004148962148962146
0.8116254036598493	0.004172738436348749
0.8121636167922497	0.004196719691730064
0.8127018299246501	0.004220908277849545
0.8132400430570506	0.00424530659159434
0.813778256189451	0.004144257351093237
0.8143164693218514	0.004050387596899223
0.8148546824542519	0.003963828056139397
0.8153928955866523	0.003884711779448619
0.8159311087190527	0.0038131741866886154
0.8164693218514532	0.003749353113679487
0.8170075349838536	0.0036933888599687643
0.817545748116254	0.003593059991970814
0.8180839612486545	0.0036143837901427478
0.8186221743810549	0.003635897979369788
0.8191603875134553	0.0036576048329779657
0.8196986006458558	0.003679506658325139
0.8202368137782562	0.003647659635683586
0.8207750269106566	0.003624407540070189
0.8213132400430571	0.003600808066101261
0.8218514531754575	0.003622631145289753
0.8223896663078579	0.003644653219121302
0.8229278794402584	0.0036668767143598464
0.8234660925726588	0.003689304094875809
0.8240043057050592	0.00366503442712144
0.8245425188374597	0.003687588485134495
0.8250807319698601	0.0037103513770180415
0.8256189451022605	0.0037142147307265964
0.826157158234661	0.003737284387439184
0.8266953713670614	0.0037605696484201132
0.8272335844994618	0.0037646028037383156
0.8277717976318623	0.0037882053291536026
0.8283100107642627	0.003812030519902996
0.8288482238966631	0.0038360811856437095
0.8293864370290636	0.0038603601804895558
0.829924650161464	0.003884870403857743
0.8304628632938643	0.003909614801334544
0.8310010764262648	0.0038837223499725254
0.8315392895586652	0.003908618006062093
0.8320775026910656	0.003933753813175032
0.832615715823466	0.003959132870034227
0.8331539289558665	0.0039847583255037036
0.8336921420882669	0.004010633379565416
0.8342303552206674	0.004036761284318285
0.8347685683530678	0.004063145345000104
0.8353067814854682	0.004089788921032892
0.8358449946178687	0.004095125107851594
0.8363832077502691	0.004100442939030742
0.8369214208826695	0.004127598190282602
0.83745963401507	0.004155024091879164
0.8379978471474704	0.004182724252491692
0.8385360602798708	0.004210702341137121
0.8390742734122713	0.004238962088393075
0.8396124865446717	0.004211013942557564
0.8401506996770721	0.004239466739466737
0.8406889128094726	0.004268208886852952
0.841227125941873	0.004297244321457394
0.8417653390742734	0.004222098395672259
0.8423035522066739	0.004251016877834398
0.8428417653390743	0.004280233488678621
0.8433799784714747	0.00430975234032468
0.8439181916038752	0.0043157141152607055
0.8444564047362756	0.004345684352172238
0.844994617868676	0.004351771196283389
0.8455328310010765	0.004382203162690964
0.8460710441334769	0.004412955465587042
0.8466092572658773	0.004444032616753147
0.8471474703982778	0.004475439207684265
0.8476856835306782	0.004507179911284863
0.8482238966630786	0.004539259483607175
0.8487621097954791	0.00457168276563294
0.8493003229278795	0.004604454685099843
0.8498385360602799	0.0046117944354194034
0.8503767491926802	0.004580162584733654
0.8509149623250807	0.004613352168680999
0.8514531754574811	0.0045766359244620095
0.8519913885898815	0.004610042026100418
0.852529601722282	0.0046438152277568315
0.8530678148546824	0.004677960927960926
0.8536060279870828	0.004712484624846246
0.8541442411194833	0.004747391918363626
0.8546824542518837	0.004782688512552203
0.8552206673842842	0.004818380217869757
0.8557588805166846	0.004854472953584137
0.856297093649085	0.004890972750227627
0.8568353067814855	0.0049278857521161375
0.8573735199138859	0.004829426338860297
0.8579117330462863	0.0048661520144409835
0.8584499461786868	0.004903298213024503
0.8589881593110872	0.004940871379407833
0.8595263724434876	0.004978878082326354
0.860064585575888	0.005017325017325013
0.8606027987082885	0.005056219009707378
0.8611410118406889	0.005095567017565023
0.8616792249730894	0.005135376134889749
0.8622174381054898	0.005175653594771238
0.8627556512378902	0.005216406772682822
0.8632938643702907	0.005257643189858181
0.8638320775026911	0.005299370516761817
0.8643702906350915	0.0053415965766563335
0.864908503767492	0.005384329349269584
0.8654467168998924	0.005427576974564922
0.8659849300322928	0.005471347756617865
0.8665231431646933	0.005401375647555609
0.8670613562970937	0.0054452892707064675
0.8675995694294941	0.005489740611691826
0.8681377825618946	0.00543437046949927
0.868675995694295	0.005479097798466343
0.8692142088266954	0.005524379598453668
0.8697524219590959	0.005570225072299756
0.8702906350914962	0.005616643614568921
0.8708288482238966	0.005663644816364477
0.871367061356297	0.005711238470283506
0.8719052744886975	0.005759434575517966
0.8724434876210979	0.005689050990488446
0.8729817007534983	0.00548503425892535
0.8735199138858988	0.005531914893617019
0.8740581270182992	0.005579399141630899
0.8745963401506996	0.005627497410093234
0.8751345532831001	0.005676220331392743
0.8756727664155005	0.005631469979296064
0.876210979547901	0.005585722422631479
0.8767491926803014	0.005634719987742281
0.8772874058127018	0.005684365097766442
0.8778256189451022	0.0057346692136758795
0.8783638320775027	0.005785644051130776
0.8789020452099031	0.005837301587301587
0.8794402583423035	0.005889654067905189
0.879978471474704	0.005841716155617501
0.8805166846071044	0.0058945823651706
0.8810548977395048	0.0059481694775812425
0.8815931108719053	0.005864120658641206
0.8821313240043057	0.005917919930738831
0.8826695371367062	0.005972462971575134
0.8832077502691066	0.0059850941571371686
0.883745963401507	0.0060407694516221655
0.8842841765339075	0.006097225240889662
0.8848223896663079	0.006154476182118673
0.8853606027987083	0.006212537278176397
0.8858988159311088	0.006226713165817164
0.8864370290635092	0.0062860151959678034
0.8869752421959096	0.00634616845143161
0.88751345532831	0.0064071893019261444
0.8880516684607105	0.006422643379165119
0.8885898815931109	0.006484999140127887
0.8891280947255114	0.006548267424421818
0.8896663078579118	0.0066124661246612475
0.8902045209903121	0.006677613574165299
0.8907427341227125	0.006743728560048123
0.891280947255113	0.006810830336765021
0.8918191603875134	0.006878938640132671
0.8923573735199138	0.006948073701842547
0.8928955866523143	0.007018256264487421
0.8934337997847147	0.007089507597121811
0.8939720129171151	0.007161849511378156
0.8945102260495156	0.007235304378161522
0.895048439181916	0.007309895144946692
0.8955866523143164	0.007385645353702616
0.8961248654467169	0.007462579159470352
0.8966630785791173	0.007540721349621874
0.8972012917115177	0.00762009736382842
0.8977395048439182	0.007700733314768404
0.8982777179763186	0.007782656009606365
0.898815931108719	0.007865892972275952
0.8993541442411195	0.007950472466601499
0.8998923573735199	0.008036423520294489
0.9004305705059203	0.008123775949862907
0.9009687836383208	0.00821256038647343
0.9015069967707212	0.008302808302808303
0.9020452099031216	0.008394552040960882
0.9025834230355221	0.008487824841416003
0.9031216361679225	0.008582660873163667
0.903659849300323	0.008679095264996967
0.9041980624327234	0.00877716413804778
0.9047362755651238	0.008876904639616505
0.9052744886975242	0.00897835497835498
0.9058127018299247	0.008950191570881227
0.9063509149623251	0.00905366199366598
0.9068891280947255	0.009158937133127213
0.907427341227126	0.009266059204859695
0.9079655543595264	0.009375071666093339
0.9085037674919269	0.009486019259774917
0.9090419806243273	0.009598948060486523
0.9095801937567277	0.009713905522288757
0.910118406889128	0.00950628862756415
0.9106566200215285	0.009548497018376538
0.9111948331539289	0.009664942103966494
0.9117330462863293	0.009783530350640932
0.9122712594187298	0.009904314675957485
0.9128094725511302	0.010027349640876211
0.9133476856835306	0.010152691511387165
0.9138858988159311	0.010201781970649899
0.9144241119483315	0.010330918451291037
0.9149623250807319	0.01046252250799538
0.9155005382131324	0.01059665741194404
0.9160387513455328	0.010733388475323962
0.9165769644779332	0.010872783130847651
0.9171151776103337	0.011014911014911019
0.9176533907427341	0.011159844054580901
0.9181916038751345	0.011307656558615084
0.918729817007535	0.011458425312729953
0.9192680301399354	0.011478001491424314
0.9198062432723358	0.011633109619686804
0.9203444564047363	0.011791383219954652
0.9208826695371367	0.011952909017488278
0.9214208826695371	0.012117776728074323
0.9219590958019376	0.01228607918263091
0.922497308934338	0.012457912457912461
0.9230355220667384	0.012633376013657709
0.9235737351991389	0.012263177171777715
0.9241119483315393	0.011729145558932797
0.9246501614639397	0.01164097293593697
0.9251883745963402	0.011653286066798739
0.9257265877287406	0.011717620508480558
0.926264800861141	0.011889938457134683
0.9268030139935415	0.01195715323166304
0.9273412271259419	0.012135618205269951
0.9278794402583423	0.01231810870459732
0.9284176533907428	0.012504746715273036
0.9289558665231432	0.01269565887886499
0.9294940796555436	0.012890976707770606
0.930032292787944	0.01309083681176705
0.9305705059203444	0.01329538113695091
0.9311087190527448	0.013504757217847774
0.9316469321851453	0.013219180935716373
0.9321851453175457	0.013430687830687835
0.9327233584499461	0.013647311827956993
0.9332615715823466	0.013869219337354667
0.933799784714747	0.014096583588786711
0.9343379978471474	0.01432958497041955
0.9348762109795479	0.014224058769513319
0.9354144241119483	0.013972922502334275
0.9359526372443487	0.012785453164316582
0.9364908503767492	0.01108213820078227
0.9370290635091496	0.01097848511641615
0.93756727664155	0.011169415292353824
0.9381054897739505	0.011365369946605645
0.9386437029063509	0.011566526936811055
0.9391819160387513	0.01177307206068268
0.9397201291711518	0.011985199485199485
0.9402583423035522	0.012203112203112203
0.9407965554359526	0.012427022518765637
0.9413347685683531	0.011892626571525655
0.9418729817007535	0.011855313257182415
0.9424111948331539	0.011902662669723153
0.9429494079655544	0.012129380053908356
0.9434876210979548	0.012362637362637362
0.9440258342303552	0.01260268857356236
0.9445640473627557	0.012849800114220445
0.9451022604951561	0.012618908949718502
0.9456404736275565	0.01287128712871287
0.946178686759957	0.013131313131313131
0.9467168998923574	0.013399299113584827
0.9472551130247578	0.012728802861350724
0.9477933261571583	0.012457044673539518
0.9483315392895587	0.012499999999999999
0.9488697524219591	0.012765957446808508
0.9494079655543596	0.012277892168077478
0.94994617868676	0.01254480286738351
0.9504843918191603	0.012581621277273448
0.9510226049515608	0.012250712250712248
0.9515608180839612	0.011402413649604658
0.9520990312163616	0.011406196799455226
0.9526372443487621	0.011668408220132357
0.9531754574811625	0.01193976655083311
0.9537136706135629	0.012220702234382125
0.9542518837459634	0.012511671335200746
0.9547900968783638	0.012382864792503346
0.9553283100107642	0.012391027524733079
0.9558665231431647	0.011944193516009234
0.9564047362755651	0.010853909465020576
0.9569429494079655	0.011128691983122363
0.957481162540366	0.01141404305961268
0.9580193756727664	0.01171051171051171
0.9585575888051668	0.012018683071314649
0.9590958019375673	0.012339181286549707
0.9596340150699677	0.012672672672672672
0.9601722282023681	0.013019869184252745
0.9607104413347686	0.013381532217148655
0.961248654467169	0.0137584767866458
0.9617868675995694	0.014151576123407108
0.9623250807319699	0.014561766735679778
0.9628632938643703	0.014990053992611536
0.9634015069967707	0.015437518290898448
0.9639397201291712	0.01590532187547113
0.9644779332615716	0.016394716394716395
0.965016146393972	0.01690705128205128
0.9655543595263725	0.017443783068783067
0.9660925726587729	0.01800648574842123
0.9666307857911733	0.01859686233033668
0.9671689989235738	0.019216757741347904
0.9677072120559742	0.018455743879472696
0.9682454251883746	0.01821546853691798
0.9687836383207751	0.018249647106271426
0.9693218514531755	0.018901420217209693
0.9698600645855759	0.017424242424242425
0.9703982777179763	0.018069584736251403
0.9709364908503767	0.01642208245981831
0.9714747039827771	0.01632801161103048
0.9720129171151776	0.01546003016591252
0.972551130247578	0.015294117647058824
0.9730893433799784	0.015918367346938776
0.9736275565123789	0.016581632653061226
0.9741657696447793	0.017287234042553192
0.9747039827771797	0.017113783533765033
0.9752421959095802	0.017874396135265702
0.9757804090419806	0.018686868686868686
0.976318622174381	0.019556025369978858
0.9768568353067815	0.020487264673311186
0.9773950484391819	0.02148664343786295
0.9779332615715823	0.022560975609756097
0.9784714747039828	0.023717948717948717
0.9790096878363832	0.02496626180836707
0.9795479009687836	0.02631578947368421
0.9800861141011841	0.027777777777777776
0.9806243272335845	0.029365079365079365
0.9811625403659849	0.031092436974789917
0.9817007534983854	0.03297682709447415
0.9822389666307858	0.032196969696969696
0.9827771797631862	0.03225806451612903
0.9833153928955867	0.03118279569892473
0.9838536060279871	0.03103448275862069
0.9843918191603875	0.0332512315270936
0.984930032292788	0.03571428571428571
0.9854682454251884	0.03418803418803419
0.9860064585575888	0.033846153846153845
0.9865446716899893	0.03666666666666667
0.9870828848223897	0.03985507246376811
0.9876210979547901	0.043478260869565216
0.9881593110871906	0.047619047619047616
0.988697524219591	0.047619047619047616
0.9892357373519914	0.05263157894736842
0.9897739504843919	0.05263157894736842
0.9903121636167922	0.058823529411764705
0.9908503767491926	0.058823529411764705
0.9913885898815931	0.06666666666666667
0.9919268030139935	0.06666666666666667
0.9924650161463939	0.07692307692307693
0.9930032292787944	0.07692307692307693
0.9935414424111948	0.09090909090909091
0.9940796555435952	0.09090909090909091
0.9946178686759957	0.1111111111111111
0.9951560818083961	0.1111111111111111
0.9956942949407965	0.14285714285714285
0.996232508073197	0.14285714285714285
0.9967707212055974	0.2
0.9973089343379978	0.2
0.9978471474703983	0.3333333333333333
0.9983853606027987	0.3333333333333333
0.9989235737351991	1.0
0.9994617868675996	0.0
1.0	0.0
