Fraction_of_nodes	Efficiency
0.0006816632583503749	0.06051806307652126
0.0013633265167007499	0.06055877528899008
0.002044989775051125	0.060390686830470115
0.0027266530334014998	0.06014618636293835
0.0034083162917518746	0.05891796164736795
0.00408997955010225	0.05748285196952541
0.004771642808452625	0.05596295258030381
0.0054533060668029995	0.054582341261383636
0.006134969325153374	0.0532281713695565
0.006816632583503749	0.04421101542961031
0.007498295841854124	0.03342235455718905
0.0081799591002045	0.03219477380508555
0.008861622358554875	0.03196739356263569
0.00954328561690525	0.03197374370250607
0.010224948875255624	0.03178231359020596
0.010906612133605999	0.03070031652470663
0.011588275391956374	0.03067962730642166
0.012269938650306749	0.029473935929737582
0.012951601908657124	0.029379686437131732
0.013633265167007498	0.02934911085439359
0.014314928425357873	0.028301425036616094
0.014996591683708248	0.028294615385587567
0.015678254942058625	0.027302804691928924
0.016359918200409	0.020344677106113224
0.017041581458759374	0.020341632741971535
0.01772324471710975	0.020338560312313587
0.018404907975460124	0.020298622141693673
0.0190865712338105	0.020240028275733412
0.019768234492160874	0.020234161562216232
0.02044989775051125	0.020230843455363752
0.021131561008861623	0.0202274964609076
0.021813224267211998	0.020224120467654427
0.022494887525562373	0.02022071536395733
0.023176550783912748	0.020207697153716956
0.023858214042263123	0.020204220097710893
0.024539877300613498	0.020200713565489855
0.025221540558963872	0.019168166799381606
0.025903203817314247	0.019163159782228698
0.026584867075664622	0.01572710023044649
0.027266530334014997	0.014921957631677411
0.02794819359236537	0.014910913328222855
0.028629856850715747	0.014899823294211974
0.02931152010906612	0.014888687369526504
0.029993183367416496	0.012196712749352155
0.03067484662576687	0.012181711453271378
0.03135650988411725	0.012166655811018943
0.032038173142467624	0.012151545637470533
0.032719836400818	0.012136380746781559
0.033401499659168374	0.012117677162458294
0.03408316291751875	0.012087694933490323
0.034764826175869123	0.012068845415638537
0.0354464894342195	0.012053429075519312
0.03612815269256987	0.012034453477854019
0.03680981595092025	0.012018920539842248
0.03749147920927062	0.012003331487216643
0.038173142467621	0.011977800946927747
0.03885480572597137	0.01125334697651622
0.03953646898432175	0.006085914913096554
0.04021813224267212	0.0060546881009293525
0.0408997955010225	0.0060269047924747295
0.04158145875937287	0.006002579787932126
0.04226312201772325	0.005504048036669233
0.04294478527607362	0.002808530047779189
0.043626448534423996	0.0027733907219785
0.04430811179277437	0.0015662849340342848
0.044989775051124746	0.0015353828897726137
0.04567143830947512	0.001504390891453081
0.046353101567825496	0.0014733086478079074
0.04703476482617587	0.0014385516480748136
0.047716428084526245	0.0014036935471630763
0.04839809134287662	0.0013687340173152156
0.049079754601226995	0.0013336727295166673
0.04976141785957737	0.0012869224169628612
0.050443081117927745	0.0012552499773085442
0.05112474437627812	0.001223485130188319
0.051806407634628494	0.001191627575006852
0.05248807089297887	0.001159677010011859
0.053169734151329244	0.0011276331322888963
0.05385139740967962	0.0010882234998098844
0.054533060668029994	0.001055981589507183
0.05521472392638037	0.0010163522798901851
0.05589638718473074	0.0009839110202207791
0.05657805044308112	0.0009513748699108492
0.05725971370143149	0.0009187435188295328
0.05794137695978187	0.0008860166556460373
0.05862304021813224	0.0008531939678241977
0.05930470347648262	0.0008202751416170084
0.05998636673483299	0.0007872598620611259
0.06066802999318337	0.000754147812971342
0.06134969325153374	0.0007172442620459039
0.06203135650988412	0.0006839323467230446
0.0627130197682345	0.0006428476908826255
0.06339468302658487	0.0006093288000754842
0.06407634628493525	0.0005719955238364208
0.06475800954328562	0.000538274077996313
0.065439672801636	0.0005044535663136826
0.06612133605998637	0.00047053366248473783
0.06680299931833675	0.00043651403893224674
0.06748466257668712	0.0004082765435901386
0.0681663258350375	0.00037317256120440577
0.06884798909338787	0.00035012165319632375
0.06952965235173825	0.00033183662215920275
0.07021131561008861	0.00031780063671290324
0.070892978868439	0.00031602282403023186
0.07157464212678936	0.000311632020306971
0.07225630538513975	0.00030722796098601085
0.07293796864349011	0.00030281060179774633
0.0736196319018405	0.0002983798982979702
0.07430129516019086	0.0002939358058670672
0.07498295841854125	0.0002916520840624635
0.07566462167689161	0.00028936130069265293
0.076346284935242	0.00028488320333720313
0.07702794819359236	0.0002825750024654805
0.07770961145194274	0.00028025966112270046
0.07839127471029311	0.0002795795940475095
0.0790729379686435	0.00027505916970511094
0.07975460122699386	0.0002727214489013352
0.08043626448534424	0.00027037648872044276
0.08111792774369461	0.0002658213254791209
0.081799591002045	0.0002634585395682368
0.08248125426039536	0.0002575900690650714
0.08316291751874574	0.00025520741134124034
0.08384458077709611	0.00025447942890236263
0.0845262440354465	0.0002537489934191715
0.08520790729379686	0.000253016096343195
0.08588957055214724	0.00025228072909130704
0.08657123381049761	0.00025154288304556375
0.08725289706884799	0.0002508025495530393
0.08793456032719836	0.0002500597199256603
0.08861622358554874	0.0002476348723644707
0.08929788684389911	0.00024520247893725653
0.08997955010224949	0.00024276251387414906
0.09066121336059986	0.00024031495130154352
0.09134287661895024	0.00023785976524161068
0.09202453987730061	0.00023539692961180563
0.09270620313565099	0.00023292641822437386
0.09338786639400136	0.00023044820478585476
0.09406952965235174	0.00022796226289658255
0.09475119291070211	0.00022546856605018415
0.09543285616905249	0.0002229670876330746
0.09611451942740286	0.00022045780092394963
0.09679618268575324	0.00021965076288738147
0.09747784594410361	0.00021884103311236097
0.09815950920245399	0.00021802860215078355
0.09884117246080436	0.0002154956036224639
0.09952283571915474	0.00021199886831983728
0.10020449897750511	0.00021117160995856978
0.10088616223585549	0.00021149205246230054
0.10156782549420586	0.00021181322490339743
0.10224948875255624	0.00021098117594022214
0.1029311520109066	0.0002101463512352599
0.10361281526925699	0.0002093087410031001
0.10429447852760736	0.0002084683354180167
0.10497614178595774	0.00020762512461377472
0.1056578050443081	0.000205034945086293
0.10633946830265849	0.00020418343125209863
0.10702113156100886	0.00020332907625229135
0.10770279481935924	0.00020247187003797907
0.1083844580777096	0.00020161180251870465
0.10906612133605999	0.0002007488635622456
0.10974778459441036	0.00019988304299441224
0.11042944785276074	0.00019901433059884506
0.1111111111111111	0.0001981427161168108
0.11179277436946149	0.00019726818924699742
0.11247443762781185	0.00019639073964530806
0.11315610088616224	0.0001955103569246536
0.1138377641445126	0.00019462703065474426
0.11451942740286299	0.00019374075036188002
0.11520109066121335	0.00019285150552873981
0.11588275391956374	0.0001919592855941695
0.1165644171779141	0.00019106407995296882
0.11724608043626449	0.000190165877955677
0.11792774369461487	0.00018926466890835722
0.11860940695296524	0.00018556696093995054
0.11929107021131562	0.00018465537790802243
0.11997273346966598	0.00018193936555401438
0.12065439672801637	0.00017921470282233087
0.12133605998636673	0.00017828833560610806
0.12201772324471712	0.00017735887301104694
0.12269938650306748	0.00017642630395352013
0.12338104976141787	0.00017549061730337485
0.12406271301976823	0.00017273355394741626
0.12474437627811862	0.0001717887641649852
0.125426039536469	0.00017084081648534842
0.12610770279481937	0.0001680629286061372
0.12678936605316973	0.00016832552693208432
0.1274710293115201	0.0001685887412040657
0.1281526925698705	0.00016885257334992493
0.12883435582822086	0.00016911702530505402
0.12951601908657123	0.00016938209901242872
0.1301976823449216	0.0001696477964226443
0.130879345603272	0.00016991411949395142
0.13156100886162236	0.0001701810701922923
0.13224267211997273	0.00017044865049133676
0.1329243353783231	0.00017071686237251903
0.1336059986366735	0.00017098570782507418
0.13428766189502386	0.0001712551888460751
0.13496932515337423	0.00017152530744046952
0.1356509884117246	0.00017179606562111747
0.136332651670075	0.00017206746540882856
0.13701431492842536	0.00017233950883239983
0.13769597818677573	0.00017261219792865363
0.1383776414451261	0.00017288553474247573
0.1390593047034765	0.00017315952132685366
0.13974096796182686	0.00017343415974291527
0.14042263122017723	0.00017370945205996753
0.1411042944785276	0.00017398540035553538
0.141785957736878	0.0001742620067154011
0.14246762099522836	0.0001745392732336436
0.14314928425357873	0.00017481720201267806
0.1438309475119291	0.00017509579516329586
0.1445126107702795	0.00017537505480470463
0.14519427402862986	0.0001756549830645685
0.14587593728698023	0.00017593558207904862
0.1465576005453306	0.00017621685399284406
0.147239263803681	0.00017649880095923262
0.14792092706203136	0.0001767814251401121
0.14860259032038173	0.00017706472870604177
0.1492842535787321	0.000177348713836284
0.1499659168370825	0.00017763338271884626
0.15064758009543286	0.00017791873755052312
0.15132924335378323	0.00017820478053693874
0.1520109066121336	0.0001784915138925895
0.152692569870484	0.00017877893984088674
0.15337423312883436	0.0001790670606142
0.15405589638718473	0.00017935587845390035
0.1547375596455351	0.00017964539561040382
0.1554192229038855	0.00017993561434321545
0.15610088616223586	0.00018022653692097328
0.15678254942058623	0.00018051816562149266
0.1574642126789366	0.00018081050273181085
0.158145875937287	0.00018110355054823195
0.15882753919563736	0.00018139731137637181
0.15950920245398773	0.0001816917875312036
0.1601908657123381	0.0001819869813371032
0.1608725289706885	0.00018228289512789523
0.16155419222903886	0.00018257953124689913
0.16223585548738922	0.00018287689204697551
0.1629175187457396	0.00018317497989057285
0.16359918200409	0.00018214427688057318
0.16428084526244036	0.00018244165529180678
0.16496250852079072	0.00018273976257169534
0.1656441717791411	0.00018170255292086854
0.1663258350374915	0.0001819999384411973
0.16700749829584186	0.0001809576277661384
0.16768916155419222	0.00018125427961493534
0.1683708248125426	0.00018155166153390983
0.169052488070893	0.000181849775920665
0.16973415132924335	0.0001821486251826546
0.17041581458759372	0.00018244821173723133
0.1710974778459441	0.0001827485380116959
0.17177914110429449	0.00018304960644334616
0.17246080436264485	0.00018335141947952645
0.17314246762099522	0.00018365397957767748
0.1738241308793456	0.00018395728920538626
0.17450579413769599	0.0001842613508404365
0.17518745739604635	0.00018456616697085906
0.17586912065439672	0.000184871740094983
0.17655078391274712	0.0001851780727214867
0.17723244717109748	0.00018548516736944934
0.17791411042944785	0.0001857930265684028
0.17859577368779822	0.00018610165285838352
0.17927743694614862	0.00018641104878998517
0.17995910020449898	0.0001867212169244111
0.18064076346284935	0.00018703215983352752
0.18132242672119972	0.00018734388009991674
0.18200408997955012	0.00018765638031693077
0.18268575323790048	0.00018796966308874536
0.18336741649625085	0.0001868890367264851
0.18404907975460122	0.00018720156019927186
0.18473074301295161	0.00018751486824981458
0.18541240627130198	0.00018782896350651445
0.18609406952965235	0.0001867397900370812
0.18677573278800272	0.00018705311183244542
0.18745739604635311	0.00018595844673981033
0.18813905930470348	0.00018627098194441504
0.18882072256305385	0.00018658430571555788
0.18950238582140422	0.00018689842070834502
0.1901840490797546	0.00018721332958906674
0.19086571233810498	0.00018752903503525405
0.19154737559645535	0.00018784553973573548
0.19222903885480572	0.0001881628463906945
0.1929107021131561	0.00018848095771172694
0.19359236537150648	0.00018879987642189908
0.19427402862985685	0.00018911960525580575
0.19495569188820722	0.00018944014695962915
0.1956373551465576	0.00018976150429119766
0.19631901840490798	0.0001900836800200452
0.19700068166325835	0.0001889642021022628
0.19768234492160872	0.0001892855697929129
0.1983640081799591	0.00018960775799681573
0.19904567143830948	0.00018993076950958715
0.19972733469665985	0.0001902546071387595
0.20040899795501022	0.00019057927370384273
0.2010906612133606	0.00018944748370022997
0.20177232447171098	0.000189771325552709
0.20245398773006135	0.0001886337215678533
0.20313565098841171	0.00018895672451574346
0.2038173142467621	0.00018928055780540197
0.20449897750511248	0.00018960522428534263
0.20518064076346285	0.00018845839560067433
0.2058623040218132	0.00018878220727696414
0.2065439672801636	0.00018762945693830095
0.20722563053851398	0.00018795239920497614
0.20790729379686435	0.00018827617594779266
0.2085889570552147	0.00018860079004425436
0.2092706203135651	0.0001874386361607807
0.20995228357191548	0.00018776236437522073
0.21063394683026584	0.00018808693198866104
0.2113156100886162	0.00018841234190559644
0.2119972733469666	0.0001887385970430953
0.21267893660531698	0.00018906570033086498
0.21336059986366734	0.00018939365471131746
0.2140422631220177	0.00018972246313963574
0.2147239263803681	0.00019005212858384015
0.21540558963871848	0.00019038265402485552
0.21608725289706884	0.00019071404245657849
0.2167689161554192	0.00019104629688594535
0.2174505794137696	0.0001913794203330002
0.21813224267211997	0.00019171341583096353
0.21881390593047034	0.00019204828642630146
0.2194955691888207	0.000192384035178795
0.2201772324471711	0.00019272066516161005
0.22085889570552147	0.0001930581794613677
0.22154055896387184	0.00019339658117821496
0.2222222222222222	0.00019373587342589604
0.2229038854805726	0.00019407605933182385
0.22358554873892297	0.0001944171420371522
0.22426721199727334	0.00019475912469684814
0.2249488752556237	0.00019510201047976514
0.2256305385139741	0.00019544580256871627
0.22631220177232447	0.0001957905041605482
0.22699386503067484	0.00019613611846621556
0.2276755282890252	0.0001949232626099757
0.2283571915473756	0.00019526795449788017
0.22903885480572597	0.00019561356149699145
0.22972051806407634	0.00019596008684951048
0.2304021813224267	0.00019473707354151354
0.2310838445807771	0.00019508265841026512
0.23176550783912747	0.00019385312237490563
0.23244717109747784	0.00019419775014801658
0.2331288343558282	0.00019296164491894028
0.2338104976141786	0.0001933052987834442
0.23449216087252897	0.00019364987150854838
0.23517382413087934	0.0001939953663729704
0.23585548738922973	0.000194341786670065
0.2365371506475801	0.00019468913570790247
0.23721881390593047	0.00019503741680934773
0.23790047716428084	0.00019538663331213977
0.23858214042263123	0.00019573678856897155
0.2392638036809816	0.0001960878859475706
0.23994546693933197	0.0001964399288307799
0.24062713019768234	0.00019679292061663931
0.24130879345603273	0.00019714686471846782
0.2419904567143831	0.00019750176456494572
0.24267211997273347	0.00019623583980019624
0.24335378323108384	0.00019658973671597658
0.24403544648943423	0.00019531695058155622
0.2447171097477846	0.00019566982673436842
0.24539877300613497	0.00019602366005576873
0.24608043626448534	0.0001963784540106208
0.24676209952283573	0.0001967342120794806
0.2474437627811861	0.0001954485132773595
0.24812542603953647	0.00019580322927241823
0.24880708929788684	0.00019615891179607385
0.24948875255623723	0.0001965155643629758
0.2501704158145876	0.00019687319050376375
0.250852079072938	0.00019723179376515495
0.25153374233128833	0.00019759137771003217
0.25221540558963873	0.0001979519459175322
0.25289706884798907	0.00019831350198313503
0.25357873210633947	0.00019867604951875317
0.25426039536468986	0.00019903959215282228
0.2549420586230402	0.00019940413353039153
0.2556237218813906	0.00019976967731321537
0.256305385139741	0.0002001362271798451
0.25698704839809133	0.00020050378682572178
0.25766871165644173	0.00020087235996326904
0.25835037491479207	0.00020124195032198713
0.25903203817314246	0.00020161256164854695
0.25971370143149286	0.00020198419770688528
0.2603953646898432	0.0002023568622783002
0.2610770279481936	0.00020273055916154728
0.261758691206544	0.00020310529217293648
0.26244035446489433	0.00020348106514642941
0.2631220177232447	0.00020385788193373762
0.26380368098159507	0.0002042357464044211
0.26448534423994546	0.00020461466244598776
0.26516700749829586	0.0002049946339639933
0.2658486707566462	0.00020537566488214198
0.2665303340149966	0.00020575775914238783
0.267211997273347	0.0002061409207050366
0.26789366053169733	0.0002065251535488484
0.2685753237900477	0.00020691046167114102
0.26925698704839807	0.00020729684908789387
0.26993865030674846	0.00020768431983385254
0.27062031356509886	0.0002080728779626343
0.2713019768234492	0.000208462527546834
0.2719836400817996	0.00020885327267813078
0.27266530334015	0.00020924511746739556
0.27334696659850033	0.00020963806604479913
0.2740286298568507	0.00021003212255992092
0.27471029311520107	0.0002104272911818587
0.27539195637355146	0.00021082357609933865
0.27607361963190186	0.00021122098152082656
0.2767552828902522	0.00021161951167463945
0.2774369461486026	0.00021023749710478022
0.278118609406953	0.0002106349214849405
0.27880027266530333	0.00021103347384347396
0.2794819359236537	0.000211433158453026
0.28016359918200406	0.00021183397960649147
0.28084526244035446	0.00021223594161712996
0.28152692569870486	0.00021263904881868196
0.2822085889570552	0.00021304330556548554
0.2828902522154056	0.000213448716232594
0.283571915473756	0.00021385528521589416
0.2842535787321063	0.00021426301693222571
0.2849352419904567	0.00021467191581950096
0.28561690524880706	0.0002150819863368257
0.28629856850715746	0.00021549323296462077
0.28698023176550785	0.00021590566020474443
0.2876618950238582	0.0002163192725806156
0.2883435582822086	0.00021673407463733776
0.289025221540559	0.00021715007094182402
0.2897068847989093	0.00021756726608292262
0.2903885480572597	0.00021798566467154363
0.29107021131561006	0.00021840527134078626
0.29175187457396046	0.00021882609074606716
0.29243353783231085	0.00021924812756524955
0.2931152010906612	0.0002196713864987732
0.2937968643490116	0.0002200958722697853
0.294478527607362	0.00022052158962427234
0.2951601908657123	0.0002209485433311925
0.2958418541240627	0.00022137673818260954
0.2965235173824131	0.00022180617899382701
0.29720518064076346	0.00022223687060352377
0.29788684389911385	0.0002226688178738902
0.2985685071574642	0.00022310202569076547
0.2992501704158146	0.00022353649896377572
0.299931833674165	0.00022397224262647313
0.3006134969325153	0.000224409261636476
0.3012951601908657	0.00022484756097560977
0.3019768234492161	0.00022528714565004887
0.30265848670756645	0.00022572802069045994
0.30334014996591685	0.00022617019115214545
0.3040218132242672	0.00022661366211518887
0.3047034764826176	0.00022705843868460043
0.305385139740968	0.00022557652153291777
0.3060668029993183	0.00022602013317801693
0.3067484662576687	0.00022452945594190107
0.3074301295160191	0.0002249718785151856
0.30811179277436945	0.00022347237201348607
0.30879345603271985	0.0002239135810401662
0.3094751192910702	0.0002243560979987436
0.3101567825494206	0.000224799928064023
0.310838445807771	0.00022524507643642701
0.3115201090661213	0.00022569154834214839
0.3122017723244717	0.00022613934903330344
0.3128834355828221	0.00022658848378808656
0.31356509884117245	0.0002270389579109257
0.31424676209952285	0.000227490776732639
0.3149284253578732	0.00022794394561059244
0.3156100886162236	0.00022839846992885884
0.316291751874574	0.00022885435509837753
0.3169734151329243	0.00022931160655711554
0.3176550783912747	0.00022977022977022977
0.3183367416496251	0.00023023023023023022
0.31901840490797545	0.00023069161345714453
0.31970006816632585	0.00023115438499868342
0.3203817314246762	0.0002316185504304077
0.3210633946830266	0.00023208411535589595
0.321745057941377	0.00023255108540691386
0.3224267211997273	0.00023301946624358438
0.3231083844580777	0.00023348926355455933
0.3237900477164281	0.00023396048305719214
0.32447171097477845	0.00023443313049771174
0.32515337423312884	0.0002349072116513977
0.3258350374914792	0.00023538273232275682
0.3265167007498296	0.0002358596983457006
0.32719836400818	0.0002363381155837243
0.3278800272665303	0.0002368179899300872
0.3285616905248807	0.0002372993273079939
0.3292433537832311	0.0002377821336707772
0.32992501704158145	0.00023826641500208223
0.33060668029993184	0.00023875217731605182
0.3312883435582822	0.00023923942665751317
0.3319700068166326	0.0002397281691021659
0.332651670074983	0.00024021841075677156
0.3333333333333333	0.00024071015775934426
0.3340149965916837	0.00024120341627934292
0.3346966598500341	0.00024169819251786465
0.33537832310838445	0.00024219449270783974
0.33605998636673484	0.0002426923231142279
0.3367416496250852	0.00024319169003421602
0.3374233128834356	0.00024369259979741727
0.338104976141786	0.00024419505876607176
0.3387866394001363	0.0002446990733352484
0.3394683026584867	0.00024520464993304847
0.3401499659168371	0.0002457117950208107
0.34083162917518744	0.00024622051509331757
0.34151329243353784	0.0002467308166790032
0.3421949556918882	0.00024724270634016296
0.3428766189502386	0.00024775619067316434
0.34355828220858897	0.0002482712763086595
0.3442399454669393	0.00024878796991179925
0.3449216087252897	0.00024930627818244884
0.3456032719836401	0.00024982620785540496
0.34628493524199044	0.00025034776570061456
0.34696659850034084	0.00025087095852339536
0.3476482617586912	0.00025139579316465767
0.3483299250170416	0.00025192227650112816
0.34901158827539197	0.000252450415445575
0.3496932515337423	0.00025298021694703475
0.3503749147920927	0.00025351168799104114
0.3510565780504431	0.0002540448355998551
0.35173824130879344	0.00025457966683269687
0.35241990456714384	0.0002551161887859797
0.35310156782549423	0.0002556544085935451
0.3537832310838446	0.0002561943334269
0.35446489434219497	0.00025673597049545577
0.3551465576005453	0.0002572793270467689
0.3558282208588957	0.00025782441036678323
0.3565098841172461	0.0002583712277800744
0.35719154737559644	0.0002589197866500958
0.35787321063394684	0.0002594700943794265
0.35855487389229723	0.00026002215841002105
0.3592365371506476	0.0002605759862234609
0.35991820040899797	0.0002611315853412082
0.3605998636673483	0.0002594134071220358
0.3612815269256987	0.00025996770927400596
0.3619631901840491	0.0002582384935326112
0.36264485344239944	0.0002587914667521671
0.36332651670074984	0.0002593462180206605
0.36400817995910023	0.00025990275496920267
0.36468984321745057	0.0002604610852698884
0.36537150647580097	0.00026102121663606017
0.3660531697341513	0.00026158315682257486
0.3667348329925017	0.00026214691362607176
0.3674164962508521	0.0002627124948852435
0.36809815950920244	0.00026327990848110794
0.36877982276755283	0.0002638491623372833
0.36946148602590323	0.0002644202644202644
0.37014314928425357	0.0002649932227397016
0.37082481254260397	0.00026556804534868145
0.3715064758009543	0.00026614474034400974
0.3721881390593047	0.0002667233158664967
0.3728698023176551	0.0002673037801012443
0.37355146557600544	0.0002678861412779354
0.37423312883435583	0.0002684704076711261
0.37491479209270623	0.0002690565876005391
0.37559645535105657	0.0002696446894313599
0.37627811860940696	0.00027023472157453575
0.3769597818677573	0.0002708266924870758
0.3776414451261077	0.0002714206106723545
0.3783231083844581	0.00027201648468041677
0.37900477164280844	0.0002726143231082858
0.37968643490115883	0.00027321413460027323
0.3803680981595092	0.0002738159278482914
0.38104976141785957	0.0002744197115921686
0.38173142467620996	0.0002750254946199659
0.3824130879345603	0.00027563328576829727
0.3830947511929107	0.00027624309392265195
0.3837764144512611	0.0002768549280177187
0.38445807770961143	0.00027746879703771367
0.38513974096796183	0.0002780847100167097
0.3858214042263122	0.00027870267603896903
0.38650306748466257	0.0002793227042392782
0.38718473074301296	0.0002799448038032855
0.3878663940013633	0.0002805689839678413
0.3885480572597137	0.000281195254021341
0.3892297205180641	0.00028182362330407025
0.38991138377641443	0.0002824541012085536
0.39059304703476483	0.0002830866971799054
0.3912747102931152	0.00028372142071618315
0.39195637355146556	0.0002843582813687447
0.39263803680981596	0.0002849972887426071
0.3933197000681663	0.0002856384524968087
0.3940013633265167	0.00028628178234477446
0.3946830265848671	0.00028438810851437685
0.39536468984321743	0.0002850300681272761
0.3960463531015678	0.00028312354133986305
0.3967280163599182	0.0002837640923383695
0.39740967961826856	0.0002844068196143341
0.39809134287661896	0.0002824836994065274
0.3987730061349693	0.0002831249790873595
0.3994546693933197	0.00028376844494892167
0.4001363326516701	0.0002844141069397042
0.40081799591002043	0.0002850619750648516
0.4014996591683708	0.00028571205938655023
0.4021813224267212	0.0002863643700244191
0.40286298568507156	0.00028701891715590347
0.40354464894342196	0.0002876757110166721
0.4042263122017723	0.0002883347619010173
0.4049079754601227	0.00028899608016225815
0.4055896387184731	0.0002896596762131474
0.40627130197682343	0.00029032556052628107
0.4069529652351738	0.00029099374363451185
0.4076346284935242	0.00029166423613136556
0.40831629175187456	0.000292337048671461
0.40899795501022496	0.0002930121919709332
0.4096796182685753	0.0002936896768078602
0.4103612815269257	0.0002943695140226932
0.4110429447852761	0.0002950517145186902
0.4117246080436264	0.00029573628926235306
0.4124062713019768	0.0002964232492838684
0.4130879345603272	0.00029711260567755177
0.41376959781867756	0.0002978043696022958
0.41445126107702795	0.00029849855228202145
0.41513292433537835	0.0002991951650061335
0.4158145875937287	0.0002998942191299796
0.4164962508520791	0.0003005957260753129
0.4171779141104294	0.0003012996973307586
0.4178595773687798	0.0003020061444522844
0.4185412406271302	0.0003027150790636747
0.41922290388548056	0.0003034265128570089
0.41990456714383095	0.000304140457593143
0.42058623040218135	0.0003020854985103582
0.4212678936605317	0.0003027979643087317
0.4219495569188821	0.0003007284310886369
0.4226312201772324	0.00030143937300610417
0.4233128834355828	0.00029935512750570034
0.4239945466939332	0.00030006449984576125
0.42467620995228356	0.00029796540228140304
0.42535787321063395	0.0002986731585813588
0.42603953646898435	0.0002965590675053169
0.4267211997273347	0.00029726516052318666
0.4274028629856851	0.0002979737783075089
0.4280845262440354	0.0002986849329096748
0.4287661895023858	0.00029939863645306715
0.4294478527607362	0.00030011490113357686
0.43012951601908656	0.0003008337392201243
0.43081117927743695	0.0003015551630551846
0.43149284253578735	0.00030227918505531707
0.4321745057941377	0.00030300581771170007
0.4328561690524881	0.0003037350735906693
0.4335378323108384	0.00030446696533426124
0.4342194955691888	0.00030520150566076126
0.4349011588275392	0.00030593870736525584
0.43558282208588955	0.00030667858332018996
0.43626448534423995	0.00030742114647592893
0.43694614860259035	0.0003081664098613251
0.4376278118609407	0.0003089143865842895
0.4383094751192911	0.000309665089832368
0.4389911383776414	0.00031041853287332264
0.4396728016359918	0.0003111747290557181
0.4403544648943422	0.0003119336918095125
0.44103612815269255	0.00031269543464665416
0.44171779141104295	0.00031345997116168263
0.44239945466939334	0.0003142273150323355
0.4430811179277437	0.0003149974800201598
0.4437627811860941	0.00031577047997112957
0.4444444444444444	0.00031654632881626747
0.4451261077027948	0.00031732504057227305
0.4458077709611452	0.0003181066293421555
0.44648943421949555	0.0003188911093158723
0.44717109747784595	0.0003196784947709732
0.44785276073619634	0.00032046880007325
0.4485344239945467	0.00032126203967739174
0.4492160872528971	0.0003220582281276455
0.4498977505112474	0.0003228573800584833
0.4505794137695978	0.00032365951019527455
0.4512610770279482	0.0003244646333549643
0.45194274028629855	0.0003252727644467575
0.45262440354464895	0.00032608391847280927
0.45330606680299934	0.00032689811052892114
0.4539877300613497	0.00032771535580524347
0.4546693933197001	0.0003285356695869837
0.4553510565780504	0.00032935906725512155
0.4560327198364008	0.0003301855642871294
0.4567143830947512	0.00033101517625770005
0.45739604635310155	0.00033184791883948044
0.45807770961145194	0.0003326838078038116
0.45875937286980234	0.0003335228590214757
0.4594410361281527	0.0003343650884634491
0.4601226993865031	0.00033521051220166266
0.4608043626448534	0.00033605914640976814
0.4614860259032038	0.000336911007363912
0.4621676891615542	0.00033454929133452997
0.46284935241990455	0.0003353994801308058
0.46353101567825494	0.0003330197128270787
0.46421267893660534	0.0003338681706941541
0.4648943421949557	0.000334719875211231
0.4655760054533061	0.0003355748429640055
0.4662576687116564	0.0003364330906442204
0.4669393319700068	0.00033729463505047957
0.4676209952283572	0.00033815949308907054
0.46830265848670755	0.00033902768177479346
0.46898432174505794	0.0003398992182317981
0.46966598500340834	0.00034077411969442816
0.4703476482617587	0.0003416524035080736
0.4710293115201091	0.00033920851346857335
0.47171097477845947	0.0003400850212553138
0.4723926380368098	0.0003376221373152689
0.4730743012951602	0.0003384968060647903
0.47375596455351054	0.00033937487819466004
0.47443762781186094	0.00034025637138477606
0.47511929107021134	0.00034114130342999006
0.4758009543285617	0.00034202969224100566
0.47648261758691207	0.00034292155584528467
0.47716428084526247	0.00034381691238796167
0.4778459441036128	0.00034471578013276676
0.4785276073619632	0.00034561817746295726
0.47920927062031354	0.0003465241228822573
0.47989093387866394	0.0003474336350158065
0.48057259713701433	0.0003483467326111174
0.4812542603953647	0.0003492634345390414
0.48193592365371507	0.0003501837597947438
0.48261758691206547	0.00035110772749868767
0.4832992501704158	0.00035203535689762745
0.4839809134287662	0.00035296666736561055
0.48466257668711654	0.0003539016784049897
0.48534423994546694	0.00035484040964744323
0.48602590320381733	0.00035578288085500614
0.4867075664621677	0.0003567291119211099
0.48738922972051807	0.00035767912287163216
0.48807089297886846	0.0003586329338659565
0.4887525562372188	0.0003595905651980418
0.4894342194955692	0.00035698221514604144
0.49011588275391954	0.0003579379908224699
0.49079754601226994	0.0003588976101008143
0.49147920927062033	0.0003598610936178635
0.49216087252897067	0.0003608284621490943
0.49284253578732107	0.00036179973660979177
0.49352419904567146	0.00036277493805617934
0.4942058623040218	0.00036375408768656037
0.4948875255623722	0.00036473720684247
0.49556918882072254	0.000365724317009838
0.49625085207907293	0.00036671543982016275
0.49693251533742333	0.00036771059705169643
0.49761417859577367	0.0003687098106306413
0.49829584185412407	0.0003697131026323573
0.49897750511247446	0.0003707204952825817
0.4996591683708248	0.0003717320109586597
0.5003408316291752	0.0003727476721907872
0.5010224948875256	0.0003737675016632654
0.501704158145876	0.0003747915222157675
0.5023858214042263	0.0003758197568446173
0.5030674846625767	0.0003768522287040806
0.5037491479209271	0.0003778889611076681
0.5044308111792775	0.0003789299775294523
0.5051124744376279	0.00037997530160539567
0.5057941376959781	0.00038102495713469235
0.5064758009543285	0.000382078968081123
0.5071574642126789	0.0003831373585744225
0.5078391274710293	0.00038420015291166083
0.5085207907293797	0.0003852673755586377
0.50920245398773	0.00038633905115129037
0.5098841172460804	0.0003874152044971157
0.5105657805044308	0.00038849586057660557
0.5112474437627812	0.0003895810445446966
0.5119291070211316	0.00039067078173223425
0.512610770279482	0.0003917650976474506
0.5132924335378323	0.00039286401797745745
0.5139740967961827	0.0003939675685897537
0.5146557600545331	0.00039507577553374735
0.5153374233128835	0.00039618866504229316
0.5160190865712339	0.0003973062635332446
0.5167007498295841	0.0003984285976110221
0.5173824130879345	0.00039955569406819615
0.5180640763462849	0.00040068757988708626
0.5187457396046353	0.00040182428224137584
0.5194274028629857	0.00040296582849774337
0.520109066121336	0.00040411224621750936
0.5207907293796864	0.0004052635631583
0.5214723926380368	0.0004023556092029701
0.5221540558963872	0.00040350519665783576
0.5228357191547376	0.000404659717964439
0.523517382413088	0.00040581920139700186
0.5241990456714383	0.0004069836754325743
0.5248807089297887	0.0004040304094724517
0.5255623721881391	0.0004051930869097825
0.5262440354464895	0.0004063607903302718
0.5269256987048399	0.00040753354874392336
0.5276073619631901	0.0004087113913703509
0.5282890252215405	0.00040989434764059795
0.5289706884798909	0.0004110824471989765
0.5296523517382413	0.00041227571990492417
0.5303340149965917	0.00040925507138758565
0.5310156782549421	0.00041044649808740397
0.5316973415132924	0.00041164313510806694
0.5323790047716428	0.00041284501287480583
0.5330606680299932	0.00041405216203525846
0.5337423312883436	0.0004152646134614232
0.534423994546694	0.00041648239825163266
0.5351056578050443	0.0004177055477325479
0.5357873210633947	0.00041893409346117303
0.5364689843217451	0.0004201680672268908
0.5371506475800955	0.00042140750105351877
0.5378323108384458	0.00042265242720138736
0.5385139740967961	0.0004239028781694388
0.5391956373551465	0.0004251588866973482
0.5398773006134969	0.0004220243982855259
0.5405589638718473	0.00042327855697285284
0.5412406271301977	0.0004201160404726527
0.5419222903885481	0.0004213682492371017
0.5426039536468984	0.00042262606490646616
0.5432856169052488	0.00042388952100484126
0.5439672801635992	0.000425158651307251
0.5446489434219496	0.0004264334898419054
0.5453306066803	0.0004277140708924817
0.5460122699386503	0.000429000429000429
0.5466939331970007	0.0004302925989672978
0.547375596455351	0.00043159061585709355
0.5480572597137015	0.0004328945149986558
0.5487389229720518	0.00043420433198806165
0.5494205862304021	0.0004309356805574657
0.5501022494887525	0.00043224352784292086
0.5507839127471029	0.00042894502585200936
0.5514655760054533	0.0004302507945760642
0.5521472392638037	0.00043156253480343025
0.5528289025221541	0.0004328802830013033
0.5535105657805044	0.00042953521488432896
0.5541922290388548	0.00043085078981506197
0.5548738922972052	0.00043217241800467876
0.5555555555555556	0.00042878817863975196
0.556237218813906	0.00043010752688172043
0.5569188820722563	0.00043143297380585517
0.5576005453306067	0.00043276455705834236
0.558282208588957	0.00043410231457629704
0.5589638718473074	0.00043544628459046516
0.5596455351056578	0.00043679650562795496
0.5603271983640081	0.00043333814820164666
0.5610088616223585	0.0004346860118041401
0.5616905248807089	0.00043119528301429727
0.5623721881390593	0.0004325406661126258
0.5630538513974097	0.0004338923556942278
0.5637355146557601	0.00043525039123630673
0.5644171779141104	0.00043661481252544877
0.5650988411724608	0.0004379856596605365
0.5657805044308112	0.0004393629730556954
0.5664621676891616	0.0004407467934432724
0.567143830947512	0.00044213716187684743
0.5678254942058623	0.0004435341197342782
0.5685071574642127	0.00044493770872077907
0.569188820722563	0.0004463479708720335
0.5698704839809134	0.0004477649485573416
0.5705521472392638	0.00044918868448280214
0.5712338104976141	0.0004506192216945308
0.5719154737559645	0.00044697731590121804
0.5725971370143149	0.0004484053584440334
0.5732788002726653	0.0004498402555910543
0.5739604635310157	0.00045128205128205126
0.5746421267893661	0.0004527307898094415
0.5753237900477164	0.0004541865158216905
0.5760054533060668	0.0004556492743267523
0.5766871165644172	0.0004571191106955483
0.5773687798227676	0.0004585960706654854
0.578050443081118	0.0004600802003440145
0.5787321063394683	0.00046157154621222847
0.5794137695978187	0.00046307015512850195
0.580095432856169	0.0004645760743321719
0.5807770961145194	0.0004660893514472604
0.5814587593728698	0.00046761003448624007
0.5821404226312201	0.00046913817185384216
0.5828220858895705	0.0004706738123509087
0.5835037491479209	0.00047221700517828877
0.5841854124062713	0.00047376779994077903
0.5848670756646217	0.00047532624665111054
0.5855487389229721	0.00047689239573398077
0.5862304021813224	0.0004784662980301325
0.5869120654396728	0.00048004800480048006
0.5875937286980232	0.00048163756773028296
0.5882753919563736	0.00048323503893336846
0.588957055214724	0.00048484047095640294
0.5896387184730743	0.0004864539167832129
0.5903203817314246	0.000488075429839157
0.591002044989775	0.0004897050639955481
0.5916837082481254	0.0004913428735741286
0.5923653715064758	0.0004929889133515964
0.5930470347648262	0.0004946432385641856
0.5937286980231765	0.0004963059049123005
0.5944103612815269	0.0004979769685652039
0.5950920245398773	0.0004996564861657611
0.5957736877982277	0.00050134451483524
0.5964553510565781	0.000503041112178168
0.5971370143149284	0.0005047463362872466
0.5978186775732788	0.0005064602457483237
0.5985003408316292	0.000508182899645427
0.5991820040899796	0.0005099143575658543
0.59986366734833	0.0005116546796053282
0.6005453306066802	0.0005134039263732096
0.6012269938650306	0.0005151621589977754
0.601908657123381	0.0005169294391315585
0.6025903203817314	0.0005187058289567529
0.6032719836400818	0.0005204913911906832
0.6039536468984322	0.0005222861890913407
0.6046353101567825	0.0005240902864629861
0.6053169734151329	0.00052590374766182
0.6059986366734833	0.0005277266376017224
0.6066802999318337	0.0005295590217600616
0.6073619631901841	0.0005314009661835749
0.6080436264485344	0.000533252537494319
0.6087252897068848	0.0005351138028956954
0.6094069529652352	0.0005369848301785474
0.6100886162235856	0.000538865687727334
0.610770279481936	0.0005346114849294866
0.6114519427402862	0.0005364906114143003
0.6121336059986366	0.0005383796628629421
0.612815269256987	0.00053406860918598
0.6134969325153374	0.0005359557774163192
0.6141785957736878	0.0005378529660089433
0.6148602590320382	0.0005397602460302516
0.6155419222903885	0.0005416776891777837
0.6162235855487389	0.0005436053677869573
0.6169052488070893	0.0005455433548378912
0.6175869120654397	0.0005474917239623122
0.6182685753237901	0.0005494505494505495
0.6189502385821404	0.0005514199062586159
0.6196319018404908	0.0005533998700153794
0.6203135650988412	0.0005553905170298232
0.6209952283571916	0.0005573919242983991
0.621676891615542	0.0005594041695124727
0.6223585548738922	0.0005614273310658633
0.6230402181322426	0.0005634614880624787
0.623721881390593	0.0005655067203240485
0.6244035446489434	0.0005675631083979541
0.6250852079072938	0.0005696307335651598
0.6257668711656442	0.0005717096778482443
0.6264485344239945	0.0005671279307169831
0.6271301976823449	0.0005692053224045911
0.6278118609406953	0.0005645730416372619
0.6284935241990457	0.0005666486778197517
0.6291751874573961	0.0005619651175387282
0.6298568507157464	0.0005640387895591663
0.6305385139740968	0.0005593031900744146
0.6312201772324472	0.0005613746833709865
0.6319018404907976	0.0005634577063148491
0.632583503749148	0.0005655523446282873
0.6332651670074982	0.0005676586848317446
0.6339468302658486	0.0005697768142527586
0.634628493524199	0.0005719068210350119
0.6353101567825494	0.0005740487941475025
0.6359918200408998	0.0005762028233938346
0.6366734832992502	0.000578368999421631
0.6373551465576005	0.0005805474137320702
0.6380368098159509	0.0005827381586895499
0.6387184730743013	0.0005849413275314763
0.6394001363326517	0.0005871570143781864
0.6400817995910021	0.0005821976884595481
0.6407634628493524	0.0005844113678833486
0.6414451261077028	0.0005866376969038566
0.6421267893660532	0.000588876772082879
0.6428084526244036	0.0005911286909053757
0.643490115882754	0.0005933935517900706
0.6441717791411042	0.0005956714541002052
0.6448534423994546	0.0005979624981544367
0.645535105657805	0.0006002667852378835
0.6462167689161554	0.0006025844176133193
0.6468984321745058	0.0006049154985325198
0.6475800954328562	0.0006072601322477621
0.6482617586912065	0.0006096184240234816
0.6489434219495569	0.0006119904801480866
0.6496250852079073	0.0006143764079459349
0.6503067484662577	0.0006091617933723197
0.6509884117246081	0.000611545988258317
0.6516700749829584	0.0006062699052223629
0.6523517382413088	0.000608652105242883
0.6530334014996592	0.0006033135838373838
0.6537150647580096	0.0006056935190793458
0.65439672801636	0.0006080875646093037
0.6550783912747103	0.0006104958321919148
0.6557600545330606	0.0006129184347006129
0.656441717791411	0.0006153554861308341
0.6571233810497614	0.000617807101613427
0.6578050443081118	0.0006202733974282511
0.6584867075664622	0.000622754491017964
0.6591683708248125	0.000625250501002004
0.6598500340831629	0.0006277615471907671
0.6605316973415133	0.0006302877505999855
0.6612133605998637	0.000632829233465308
0.6618950238582141	0.000635386119257087
0.6625766871165644	0.0006379585326953748
0.6632583503749148	0.0006405465997651329
0.6639400136332652	0.0006431504477316578
0.6646216768916156	0.0006457702051562267
0.665303340149966	0.0006484060019119664
0.6659850034083163	0.0006510579691999499
0.6666666666666666	0.0006537262395655234
0.667348329925017	0.0006564109469148685
0.6680299931833674	0.0006591122265318022
0.6687116564417178	0.0006618302150948199
0.6693933197000682	0.0006645650506943853
0.6700749829584185	0.0006673168728504697
0.6707566462167689	0.0006700858225303472
0.6714383094751193	0.000672872042166648
0.6721199727334697	0.0006756756756756757
0.6728016359918201	0.0006784968684759916
0.6734832992501704	0.000681335767507272
0.6741649625085208	0.0006841925212494408
0.6748466257668712	0.0006870672797420855
0.6755282890252216	0.0006899601946041574
0.676209952283572	0.000692871419053964
0.6768916155419223	0.0006958011079294565
0.6775732788002726	0.0006987494177088186
0.678254942058623	0.0007017165065313614
0.6789366053169734	0.0007047025342187288
0.6796182685753238	0.0007077076622964206
0.6802999318336742	0.0007107320540156361
0.6809815950920245	0.0007137758743754461
0.6816632583503749	0.0007168392901452978
0.6823449216087253	0.0007199224698878582
0.6830265848670757	0.0007230255839822024
0.6837082481254261	0.0007261488046473524
0.6843899113837764	0.0007199424046076314
0.6850715746421268	0.0007230657989877079
0.6857532379004772	0.0007167782703008582
0.6864349011588275	0.0007199014871649143
0.6871165644171779	0.0007135314096526529
0.6877982276755283	0.0007166540854060562
0.6884798909338786	0.0007102000076778379
0.689161554192229	0.0007133217659533449
0.6898432174505794	0.0007067822045795614
0.6905248807089298	0.0007099026558139083
0.6912065439672802	0.0007130438180077751
0.6918882072256305	0.0007162058748503816
0.6925698704839809	0.0007193890120719389
0.6932515337423313	0.0007225934174709231
0.6939331970006817	0.0007258192809417753
0.6946148602590321	0.0007290667945030361
0.6952965235173824	0.0007323361523259197
0.6959781867757328	0.0007356275507633395
0.6966598500340832	0.0007389411883793907
0.6973415132924335	0.0007422772659792976
0.6980231765507839	0.0007456359866398373
0.6987048398091343	0.0007490175557402448
0.6993865030674846	0.0007524221809936095
0.700068166325835	0.000755850072478774
0.7007498295841854	0.0007593014426727411
0.7014314928425358	0.0007627765064836003
0.7021131561008862	0.0007662754812839838
0.7027948193592365	0.0007697985869450595
0.7034764826175869	0.0007733460458710737
0.7041581458759373	0.0007769180830344504
0.7048398091342877	0.0007805149260114618
0.7055214723926381	0.0007841368050184755
0.7062031356509885	0.000787783952948794
0.7068847989093388	0.0007914566054100938
0.7075664621676891	0.0007951550007624774
0.7082481254260395	0.0007988793801571494
0.7089297886843899	0.0008026299875757276
0.7096114519427403	0.0008064070698702016
0.7102931152010906	0.0008102108768035516
0.710974778459441	0.0008140416610910388
0.7116564417177914	0.0008178996784421812
0.7123381049761418	0.0008217851876034267
0.7130197682344922	0.0008256984504015383
0.7137014314928425	0.0008296397317877031
0.7143830947511929	0.0008336092998823811
0.7150647580095433	0.0008261333516918522
0.7157464212678937	0.0008301051466519093
0.7164280845262441	0.0008341056533827618
0.7171097477845945	0.0008381351492928235
0.7177914110429447	0.0008421939151489631
0.7184730743012951	0.0008462822351254143
0.7191547375596455	0.0008504003968535185
0.7198364008179959	0.0008545486914723162
0.7205180640763463	0.0008587274136800047
0.7211997273346966	0.0008629368617862793
0.721881390593047	0.000867177337765573
0.7225630538513974	0.0008714491473112162
0.7232447171097478	0.000875752599890531
0.7239263803680982	0.0008800880088008801
0.7246080436264485	0.0008844556912266909
0.7252897068847989	0.0008888559682974704
0.7259713701431493	0.0008932891651468344
0.7266530334014997	0.0008977556109725686
0.7273346966598501	0.0009022556390977444
0.7280163599182005	0.0009067895870329089
0.7286980231765507	0.0009113577965393719
0.7293796864349011	0.0009159606136936112
0.7300613496932515	0.0009205983889528193
0.7307430129516019	0.0009252714772216154
0.7314246762099523	0.0009299802379199442
0.7321063394683026	0.0009347250350521888
0.732788002726653	0.0009395062372775197
0.7334696659850034	0.0009443242179815069
0.7341513292433538	0.0009491793553490211
0.7348329925017042	0.0009540720324384491
0.7355146557600545	0.0009590026372572524
0.7361963190184049	0.0009639715628388962
0.7368779822767553	0.0009689792073211762
0.7375596455351057	0.000974025974025974
0.7382413087934561	0.0009791122715404699
0.7389229720518065	0.0009842385137998442
0.7396046353101567	0.000989405120171497
0.7402862985685071	0.0009946125155408205
0.7409679618268575	0.0009998611303985558
0.7416496250852079	0.001005151400929765
0.7423312883435583	0.0010104837691044587
0.7430129516019086	0.001015858682769908
0.743694614860259	0.0010212765957446808
0.7443762781186094	0.0010267379679144385
0.7450579413769598	0.0010179065533110637
0.7457396046353102	0.00102337916918908
0.7464212678936605	0.001028896038025679
0.7471029311520109	0.0010344576382312232
0.7477845944103613	0.001025415659562001
0.7484662576687117	0.0010309885707552727
0.7491479209270621	0.0010217983651226157
0.7498295841854125	0.0010273819627462366
0.7505112474437627	0.0010180402724754847
0.7511929107021131	0.0010236339003462291
0.7518745739604635	0.0010141373777737414
0.7525562372188139	0.0010197403467117178
0.7532379004771643	0.00101008555118532
0.7539195637355146	0.001015697137580794
0.754601226993865	0.0010058805323429278
0.7552828902522154	0.0010114999766576928
0.7559645535105658	0.0010015179256059965
0.7566462167689162	0.0010071444308060304
0.7573278800272665	0.000996993195125811
0.7580095432856169	0.001002625925041776
0.7586912065439673	0.0009923016597045502
0.7593728698023177	0.0009979397373165077
0.7600545330606681	0.0010036260036260037
0.7607361963190185	0.0010093610093610094
0.7614178595773687	0.0010151453131395825
0.7620995228357191	0.0010209794816059018
0.7627811860940695	0.0010268640895690483
0.7634628493524199	0.001032799720144592
0.7641445126107703	0.0010387869648990533
0.7648261758691206	0.0010448264239973036
0.765507839127471	0.0010509187063529732
0.7661895023858214	0.0010570644297819378
0.7668711656441718	0.001063264221158958
0.7675528289025222	0.0010695187165775401
0.7682344921608726	0.0010758285615131008
0.7689161554192229	0.0010821944109895097
0.7695978186775733	0.0010886169297490915
0.7702794819359237	0.0010950967924261692
0.7709611451942741	0.0011016346837242359
0.7716428084526245	0.0011082312985968362
0.7723244717109747	0.0011148873424322526
0.7730061349693251	0.0011216035312420854
0.7736877982276755	0.00112838059185382
0.7743694614860259	0.001116909274008972
0.7750511247443763	0.0011236989960394215
0.7757327880027266	0.0011120171991993476
0.776414451261077	0.0011188185276348177
0.7770961145194274	0.0011069210708992327
0.7777777777777778	0.0011137328928739973
0.7784594410361282	0.0011016144349477682
0.7791411042944786	0.0011084355769598287
0.7798227675528289	0.0010960906101571063
0.7805044308111793	0.001102919835142509
0.7811860940695297	0.0011098130841121496
0.78186775732788	0.0011167711598746083
0.7825494205862304	0.001123794877861241
0.7832310838445807	0.0011308850663650973
0.7839127471029311	0.0011380425667851296
0.7845944103612815	0.0011452682338758287
0.7852760736196319	0.0011525629360024264
0.7859577368779823	0.001159927555401803
0.7866394001363326	0.0011673629884492505
0.787321063394683	0.001154258388985077
0.7880027266530334	0.00116170521730111
0.7886843899113838	0.001148345338761875
0.7893660531697342	0.001155802126675913
0.7900477164280846	0.0011421802952747578
0.7907293796864349	0.0011496455259628281
0.7914110429447853	0.0011357548483874424
0.7920927062031357	0.0011432269197584125
0.792774369461486	0.0011507729720340455
0.7934560327198364	0.0011365374948090836
0.7941376959781867	0.0011440892389606389
0.7948193592365371	0.00115171650055371
0.7955010224948875	0.0011594202898550724
0.7961826857532379	0.0011672016340822876
0.7968643490115883	0.0011750615777461415
0.7975460122699386	0.001183001183001183
0.798227675528289	0.0011681172698121852
0.7989093387866394	0.001176063645797302
0.7995910020449898	0.0011608739058763438
0.8002726653033402	0.001168825097012483
0.8009543285616906	0.001176858259191263
0.8016359918200409	0.0011849745230477545
0.8023176550783913	0.0011931750387781887
0.8029993183367417	0.0011774317570165322
0.803680981595092	0.0011856368563685636
0.8043626448534424	0.0011939280231963159
0.8050443081117927	0.0012023064654643602
0.8057259713701431	0.0011860637509266123
0.8064076346284935	0.0011944458269048924
0.8070892978868439	0.0012029170739042178
0.8077709611451943	0.0012114787612629665
0.8084526244035446	0.0012201321809862736
0.809134287661895	0.001228878648233487
0.8098159509202454	0.0012377195018179006
0.8104976141785958	0.0012206841025374645
0.8111792774369462	0.0012295296395123739
0.8118609406952966	0.0012121212121212121
0.8125426039536469	0.0012209688122096882
0.8132242672119973	0.0012031763856581374
0.8139059304703476	0.0012120232708468003
0.814587593728698	0.0011938354677664424
0.8152692569870484	0.0012026786934536012
0.8159509202453987	0.0011840837119647528
0.8166325835037491	0.00119292015757643
0.8173142467620995	0.0011739057521381855
0.8179959100204499	0.0011827321111768185
0.8186775732788003	0.00116328557242162
0.8193592365371506	0.0011720983419096626
0.820040899795501	0.0011522064754003918
0.8207225630538514	0.0011610019446782573
0.8214042263122018	0.0011406510485215409
0.8220858895705522	0.0011494252873563218
0.8227675528289026	0.0011286011286011286
0.8234492160872529	0.001137349974559277
0.8241308793456033	0.0011160377643048894
0.8248125426039536	0.0011247568093385213
0.825494205862304	0.0011029411764705882
0.8261758691206544	0.00111162575266327
0.8268575323790047	0.0010892907161308394
0.8275391956373551	0.0010979358805445762
0.8282208588957055	0.0011066843736166445
0.8289025221540559	0.0011155378486055777
0.8295841854124063	0.0011244979919678715
0.8302658486707567	0.0011335665241611608
0.830947511929107	0.001142745200470158
0.8316291751874574	0.0011520358118560943
0.8323108384458078	0.0011614401858304297
0.8329925017041582	0.00117096018735363
0.8336741649625086	0.0011805977197598327
0.8343558282208589	0.001190354725708261
0.8350374914792092	0.0011659408113576352
0.8357191547375596	0.0011756569847856154
0.83640081799591	0.001185495118549512
0.8370824812542604	0.001195457262402869
0.8377641445126107	0.0012055455093429777
0.8384458077709611	0.001215761996710291
0.8391274710293115	0.0012261089073205913
0.8398091342876619	0.0012365884706310238
0.8404907975460123	0.0012472029639411615
0.8411724608043627	0.0012579547136303093
0.841854124062713	0.0012688460964323032
0.8425357873210634	0.001279879540749106
0.8432174505794138	0.0012530852477691285
0.8438991138377642	0.0012640772236267525
0.8445807770961146	0.001275214467887781
0.8452624403544649	0.0012864995516743986
0.8459441036128152	0.0012979351032448377
0.8466257668711656	0.0013095238095238095
0.847307430129516	0.0013212684176809738
0.8479890933878664	0.0013331717367591808
0.8486707566462167	0.0013452366393542864
0.8493524199045671	0.0013574660633484162
0.8500340831629175	0.0013698630136986301
0.8507157464212679	0.0013824305642830212
0.8513974096796183	0.0013951718598063671
0.8520790729379687	0.0014080901177675371
0.852760736196319	0.001421188630490956
0.8534423994546694	0.0014344707672245163
0.8541240627130198	0.0014479399763064368
0.8548057259713702	0.0014615997874036673
0.8554873892297206	0.001475453813824555
0.8561690524880708	0.0014895057549085984
0.8568507157464212	0.0015037593984962407
0.8575323790047716	0.0015182186234817814
0.858214042263122	0.0015328874024526198
0.8588957055214724	0.0015477698044181793
0.8595773687798227	0.0015628699976320151
0.8602590320381731	0.0015781922525107603
0.8609406952965235	0.0015937409446537235
0.8616223585548739	0.0016095205579671268
0.8623040218132243	0.0016255356878971479
0.8629856850715747	0.0016417910447761193
0.863667348329925	0.0016582914572864321
0.8643490115882754	0.0016750418760469012
0.8650306748466258	0.0016407732143772754
0.8657123381049762	0.0016575157981974515
0.8663940013633266	0.0016221873364730508
0.8670756646216768	0.0016389109172614328
0.8677573278800272	0.0016024785000801239
0.8684389911383776	0.0016191709844559584
0.869120654396728	0.0015815881326352531
0.8698023176550784	0.0015982364287682558
0.8704839809134287	0.0016151489835700362
0.8711656441717791	0.0016323314195654621
0.8718473074301295	0.001592900216179315
0.8725289706884799	0.0016100281754930711
0.8732106339468303	0.0016274338854984016
0.8738922972051807	0.001645123384253819
0.874573960463531	0.001663102874792112
0.8752556237218814	0.0016813787305590584
0.8759372869802318	0.0016999575010624734
0.8766189502385822	0.0017188459177409454
0.8773006134969326	0.0017380509000620731
0.8779822767552828	0.0017575795618605236
0.8786639400136332	0.0017774392179267442
0.8793456032719836	0.0017976373908577298
0.880027266530334	0.0018181818181818182
0.8807089297886844	0.0018390804597701149
0.8813905930470347	0.001860341505547804
0.8820722563053851	0.0018819733835192902
0.8827539195637355	0.001903984768121855
0.8834355828220859	0.0019263845889232886
0.8841172460804363	0.0019491820396797773
0.8847989093387867	0.0019723865877712033
0.885480572597137	0.001996007984031936
0.8861622358554874	0.002020056272996176
0.8868438991138378	0.002044541803577948
0.8875255623721882	0.0020694752402069475
0.8882072256305386	0.0020948675744426157
0.8888888888888888	0.0021207301370900554
0.8895705521472392	0.0021470746108427268
0.8902522154055896	0.002173913043478261
0.89093387866394	0.00220125786163522
0.8916155419222904	0.0022291218852002227
0.8922972051806408	0.0022575183423365315
0.8929788684389911	0.002286460885187
0.8936605316973415	0.002315963606286187
0.8943421949556919	0.002346041055718475
0.8950238582140423	0.0023767082590612004
0.8957055214723927	0.002407980736154111
0.896387184730743	0.0024398745207389336
0.8970688479890934	0.0024724061810154525
0.8977505112474438	0.002505592841163311
0.8984321745057942	0.002539452203881734
0.8991138377641446	0.002574002574002574
0.8997955010224948	0.002609262883235486
0.9004771642808452	0.0026452527161076995
0.9011588275391956	0.0026819923371647508
0.901840490797546	0.0027195027195027195
0.9025221540558964	0.0027578055747069833
0.9032038173142468	0.002796923384277295
0.9038854805725971	0.0028368794326241137
0.9045671438309475	0.0028776978417266188
0.9052488070892979	0.0029194036075487436
0.9059304703476483	0.0029620226383158784
0.9066121336059987	0.0030055817947617003
0.907293796864349	0.0030501089324618735
0.9079754601226994	0.003095632946379215
0.9086571233810498	0.003142183817753339
0.9093387866394002	0.003189792663476874
0.9100204498977505	0.003238491788110109
0.9107021131561008	0.003288314738696418
0.9113837764144512	0.0033392963625521765
0.9120654396728016	0.003391472868217054
0.912747102931152	0.0034448818897637795
0.9134287661895024	0.003499562554680665
0.9141104294478528	0.0034285714285714284
0.9147920927062031	0.0034838709677419357
0.9154737559645535	0.0034093889325990034
0.9161554192229039	0.0034652805544448887
0.9168370824812543	0.003387074922097277
0.9175187457396047	0.003443526170798898
0.918200408997955	0.0033613445378151263
0.9188820722563054	0.0034183164791340265
0.9195637355146558	0.0033318846878168914
0.9202453987730062	0.003389330975537872
0.9209270620313565	0.003298350824587706
0.9216087252897068	0.0033562166285278413
0.9222903885480572	0.0032603632976245926
0.9229720518064076	0.00331858407079646
0.923653715064758	0.0033783783783783786
0.9243353783231084	0.0034398034398034397
0.9250170415814588	0.0035029190992493745
0.9256987048398091	0.003567787971457696
0.9263803680981595	0.0036344755970924196
0.9270620313565099	0.003703050608358314
0.9277436946148603	0.0037735849056603774
0.9284253578732107	0.0038461538461538464
0.929107021131561	0.00392083644510829
0.9297886843899114	0.003997715591090805
0.9304703476482618	0.004076878276062901
0.9311520109066121	0.004158415841584159
0.9318336741649625	0.004242424242424243
0.9325153374233128	0.004329004329004329
0.9331970006816632	0.004418262150220913
0.9338786639400136	0.004510309278350515
0.934560327198364	0.004605263157894736
0.9352419904567144	0.004479283314669653
0.9359236537150648	0.004575611988103409
0.9366053169734151	0.004675081813931743
0.9372869802317655	0.004777830864787387
0.9379686434901159	0.004884004884004884
0.9386503067484663	0.004993757802746567
0.9393319700068167	0.005107252298263534
0.940013633265167	0.004963427377220481
0.9406952965235174	0.005078855920876771
0.9413769597818678	0.004924760601915185
0.9420586230402181	0.005042016806722689
0.9427402862985685	0.004876649454962708
0.9434219495569189	0.004995592124595945
0.9441036128152692	0.004817825956037338
0.9447852760736196	0.0049382716049382715
0.94546693933197	0.005063291139240506
0.9461486025903204	0.00519311911716975
0.9468302658486708	0.005328005328005328
0.9475119291070211	0.005468215994531784
0.9481935923653715	0.005614035087719298
0.9488752556237219	0.005765765765765766
0.9495569188820723	0.005923731951129212
0.9502385821404227	0.0060882800608828
0.950920245398773	0.006259780907668232
0.9516019086571234	0.006438631790744467
0.9522835719154737	0.006211180124223602
0.9529652351738241	0.00639386189258312
0.9536468984321745	0.006584723441615452
0.9543285616905249	0.0067842605156037995
0.9550102249488752	0.006993006993006993
0.9556918882072256	0.007211538461538462
0.956373551465576	0.00744047619047619
0.9570552147239264	0.007168458781362007
0.9577368779822768	0.007403490216816499
0.9584185412406271	0.007103825136612022
0.9591002044989775	0.007344632768361582
0.9597818677573279	0.007597895967270602
0.9604635310156783	0.007259528130671506
0.9611451942740287	0.007518796992481203
0.961826857532379	0.007792207792207792
0.9625085207907293	0.00808080808080808
0.9631901840490797	0.008385744234800839
0.9638718473074301	0.008708272859216255
0.9645535105657805	0.00904977375565611
0.9652351738241309	0.009411764705882352
0.9659168370824812	0.009795918367346938
0.9665985003408316	0.01020408163265306
0.967280163599182	0.010638297872340425
0.9679618268575324	0.011100832562442183
0.9686434901158828	0.011594202898550725
0.9693251533742331	0.012121212121212121
0.9700068166325835	0.012684989429175475
0.9706884798909339	0.013289036544850499
0.9713701431492843	0.012775842044134728
0.9720518064076347	0.013414634146341463
0.972733469665985	0.014102564102564103
0.9734151329243353	0.014844804318488529
0.9740967961826857	0.015647226173541962
0.9747784594410361	0.015015015015015015
0.9754601226993865	0.015873015873015872
0.9761417859577369	0.015126050420168067
0.9768234492160872	0.016042780748663103
0.9775051124744376	0.015151515151515152
0.978186775732788	0.016129032258064516
0.9788684389911384	0.015053763440860216
0.9795501022494888	0.016091954022988506
0.9802317655078391	0.017241379310344827
0.9809134287661895	0.015873015873015872
0.9815950920245399	0.017094017094017096
0.9822767552828903	0.018461538461538463
0.9829584185412407	0.02
0.983640081799591	0.021739130434782608
0.9843217450579413	0.023715415019762844
0.9850034083162917	0.025974025974025976
0.9856850715746421	0.02857142857142857
0.9863667348329925	0.031578947368421054
0.9870483980913429	0.03508771929824561
0.9877300613496932	0.0392156862745098
0.9884117246080436	0.04411764705882353
0.989093387866394	0.05
0.9897750511247444	0.05714285714285714
0.9904567143830948	0.06593406593406594
0.9911383776414451	0.0641025641025641
0.9918200408997955	0.07575757575757576
0.9925017041581459	0.07272727272727272
0.9931833674164963	0.08888888888888889
0.9938650306748467	0.08333333333333333
0.994546693933197	0.10714285714285714
0.9952283571915473	0.09523809523809523
0.9959100204498977	0.13333333333333333
0.9965916837082481	0.1
0.9972733469665985	0.16666666666666666
0.9979550102249489	0.0
0.9986366734832992	0.0
0.9993183367416496	0.0
1.0	0.0
