Fraction_of_nodes	Efficiency
0.0006816632583503749	0.06035392322955217
0.0013633265167007499	0.060354826432610885
0.002044989775051125	0.06029120375628545
0.0027266530334014998	0.06015150635748562
0.0034083162917518746	0.06002565196840509
0.00408997955010225	0.060034206354377694
0.004771642808452625	0.06007554697571029
0.0054533060668029995	0.060077378286595796
0.006134969325153374	0.05997126460224646
0.006816632583503749	0.05994660966691654
0.007498295841854124	0.059981095535363585
0.0081799591002045	0.05983039671618793
0.008861622358554875	0.059707922313811515
0.00954328561690525	0.05953604948579781
0.010224948875255624	0.05954499832424616
0.010906612133605999	0.05957531638331346
0.011588275391956374	0.05952272314329845
0.012269938650306749	0.05951472469616237
0.012951601908657124	0.0594870241941734
0.013633265167007498	0.059469542911761354
0.014314928425357873	0.05934263443121204
0.014996591683708248	0.059147535642313606
0.015678254942058625	0.05907542275612423
0.016359918200409	0.059073307505993086
0.017041581458759374	0.05902014471320806
0.01772324471710975	0.058641468758786085
0.018404907975460124	0.058636272954297644
0.0190865712338105	0.058644232330333314
0.019768234492160874	0.05865897897654605
0.02044989775051125	0.058574645009128255
0.021131561008861623	0.05841094150135444
0.021813224267211998	0.05841916697959595
0.022494887525562373	0.058417834474429275
0.023176550783912748	0.05842512416191168
0.023858214042263123	0.05840604720418252
0.024539877300613498	0.05822276799210683
0.025221540558963872	0.058085601320326655
0.025903203817314247	0.058154049077783786
0.026584867075664622	0.058139078297307835
0.027266530334014997	0.058088291658714916
0.02794819359236537	0.058077164744437026
0.028629856850715747	0.05808852018461232
0.02931152010906612	0.057811895191125506
0.029993183367416496	0.057789813072927035
0.03067484662576687	0.05649742557253693
0.03135650988411725	0.056349730409919564
0.032038173142467624	0.05639641698749254
0.032719836400818	0.05616667935149668
0.033401499659168374	0.05617259024703904
0.03408316291751875	0.05618250484283453
0.034764826175869123	0.056180227343311996
0.0354464894342195	0.0549801630339008
0.03612815269256987	0.055001660842385836
0.03680981595092025	0.05473694577943118
0.03749147920927062	0.05473617603854197
0.038173142467621	0.054733690508230126
0.03885480572597137	0.054715176403655474
0.03953646898432175	0.05441088461152836
0.04021813224267212	0.052917577115758195
0.0408997955010225	0.05260424459271614
0.04158145875937287	0.052400711309787074
0.04226312201772325	0.05239495647790941
0.04294478527607362	0.052262545504620284
0.043626448534423996	0.05206865263384451
0.04430811179277437	0.052074450591044374
0.044989775051124746	0.051708528083999075
0.04567143830947512	0.051708951931888424
0.046353101567825496	0.051675265217705955
0.04703476482617587	0.051406429736576276
0.047716428084526245	0.051409099552750345
0.04839809134287662	0.0514179796369492
0.049079754601226995	0.05141461733152971
0.04976141785957737	0.051427093164258086
0.050443081117927745	0.051328297017420144
0.05112474437627812	0.05007139947762618
0.051806407634628494	0.050053564009127804
0.05248807089297887	0.049909073173330966
0.053169734151329244	0.04975992101766692
0.05385139740967962	0.04962285826870424
0.054533060668029994	0.04953292173078454
0.05521472392638037	0.0483170026351064
0.05589638718473074	0.048305766633673204
0.05657805044308112	0.04817692204864081
0.05725971370143149	0.04818962701617211
0.05794137695978187	0.047935403461622804
0.05862304021813224	0.04792589515060427
0.05930470347648262	0.04791835575289818
0.05998636673483299	0.04787464750255419
0.06066802999318337	0.047849833596840155
0.06134969325153374	0.04773780718253302
0.06203135650988412	0.04774052661152437
0.0627130197682345	0.04772745575940089
0.06339468302658487	0.0476173338567106
0.06407634628493525	0.04763489050251045
0.06475800954328562	0.04750357916914508
0.065439672801636	0.046450906571214
0.06612133605998637	0.046160873891285086
0.06680299931833675	0.04616323458684633
0.06748466257668712	0.04565923605128856
0.0681663258350375	0.04539480425254118
0.06884798909338787	0.04528844159694967
0.06952965235173825	0.04526758107046709
0.07021131561008861	0.04511831797309408
0.070892978868439	0.04513337971572872
0.07157464212678936	0.045111049123689816
0.07225630538513975	0.04510495441736504
0.07293796864349011	0.0449436186050446
0.0736196319018405	0.044741343968246985
0.07430129516019086	0.04462610930500492
0.07498295841854125	0.044498723562673016
0.07566462167689161	0.044490070229286215
0.076346284935242	0.04422167478574132
0.07702794819359236	0.044213129386034715
0.07770961145194274	0.0442524041432374
0.07839127471029311	0.044204841290930864
0.0790729379686435	0.04404900104468344
0.07975460122699386	0.04404200542206486
0.08043626448534424	0.04409151304469715
0.08111792774369461	0.043827446467850494
0.081799591002045	0.043801507816538514
0.08248125426039536	0.04376939380353573
0.08316291751874574	0.043625183783640255
0.08384458077709611	0.04363911589588966
0.0845262440354465	0.0435700712273276
0.08520790729379686	0.04356336739874726
0.08588957055214724	0.04338527083331696
0.08657123381049761	0.04319735889692463
0.08725289706884799	0.043062194850358435
0.08793456032719836	0.04304732883732419
0.08861622358554874	0.04304337997427295
0.08929788684389911	0.04276338312306135
0.08997955010224949	0.04245941448739563
0.09066121336059986	0.04237187174807293
0.09134287661895024	0.042385236127304896
0.09202453987730061	0.042130672226975086
0.09270620313565099	0.04182196071900477
0.09338786639400136	0.041797233732393274
0.09406952965235174	0.041795132669657904
0.09475119291070211	0.04062294216687047
0.09543285616905249	0.0406413254922647
0.09611451942740286	0.04062133332598765
0.09679618268575324	0.04059878796668233
0.09747784594410361	0.0405617669707725
0.09815950920245399	0.040581682095992236
0.09884117246080436	0.04049153734600807
0.09952283571915474	0.04047511942163194
0.10020449897750511	0.040486851346664236
0.10088616223585549	0.04048566392851854
0.10156782549420586	0.04047098796176112
0.10224948875255624	0.040479832390141315
0.1029311520109066	0.03900355802314821
0.10361281526925699	0.038836580121952145
0.10429447852760736	0.03882581799405993
0.10497614178595774	0.038802478763570084
0.1056578050443081	0.03882291752478136
0.10633946830265849	0.03869922579975047
0.10702113156100886	0.03871731371232058
0.10770279481935924	0.038688992833601756
0.1083844580777096	0.03867592892482302
0.10906612133605999	0.0385650559479801
0.10974778459441036	0.03858683736342589
0.11042944785276074	0.038617018066383096
0.1111111111111111	0.038518417594223725
0.11179277436946149	0.03851123665193022
0.11247443762781185	0.038506138489594284
0.11315610088616224	0.03733627908078288
0.1138377641445126	0.03726567698819515
0.11451942740286299	0.03723524954597417
0.11520109066121335	0.037212340067446205
0.11588275391956374	0.03721424407955505
0.1165644171779141	0.0372092965980718
0.11724608043626449	0.03708210366302454
0.11792774369461487	0.03696561538148409
0.11860940695296524	0.036941992784574024
0.11929107021131562	0.03681512644048091
0.11997273346966598	0.03676202838029699
0.12065439672801637	0.03655810698326224
0.12133605998636673	0.03657698838904719
0.12201772324471712	0.03659582260762074
0.12269938650306748	0.03655739020295549
0.12338104976141787	0.036476505821294476
0.12406271301976823	0.03648466485831904
0.12474437627811862	0.036480502047427824
0.125426039536469	0.036471070578605755
0.12610770279481937	0.03634865276017779
0.12678936605316973	0.03631701506013359
0.1274710293115201	0.03632255142974118
0.1281526925698705	0.0362331988144042
0.12883435582822086	0.036082732752847825
0.12951601908657123	0.035961375698944184
0.1301976823449216	0.03583354783213308
0.130879345603272	0.03569676569030858
0.13156100886162236	0.035623999850905044
0.13224267211997273	0.03563728042914715
0.1329243353783231	0.035645800840287796
0.1336059986366735	0.03566023577295317
0.13428766189502386	0.03480943546350753
0.13496932515337423	0.03468894450727694
0.1356509884117246	0.03456502151078469
0.136332651670075	0.03446449201604957
0.13701431492842536	0.03436791650465909
0.13769597818677573	0.03428440733492695
0.1383776414451261	0.0343026033868233
0.1390593047034765	0.03427962422503818
0.13974096796182686	0.034283946829165454
0.14042263122017723	0.034197202486521146
0.1411042944785276	0.03411606666310657
0.141785957736878	0.03387429569849781
0.14246762099522836	0.033742218080905065
0.14314928425357873	0.03375382374919809
0.1438309475119291	0.03363173823755356
0.1445126107702795	0.03351091958832732
0.14519427402862986	0.03351317370947301
0.14587593728698023	0.03338363140181257
0.1465576005453306	0.03337360118490834
0.147239263803681	0.033363919657854846
0.14792092706203136	0.03331805030048823
0.14860259032038173	0.03314380727204248
0.1492842535787321	0.03316720762709414
0.1499659168370825	0.03315254243237787
0.15064758009543286	0.033141524696390326
0.15132924335378323	0.033036007040396664
0.1520109066121336	0.03272725815060809
0.152692569870484	0.03273130748863022
0.15337423312883436	0.03273936059171016
0.15405589638718473	0.03273309786421276
0.1547375596455351	0.03263124672741406
0.1554192229038855	0.032514437897867204
0.15610088616223586	0.032435515892393296
0.15678254942058623	0.0322820905506308
0.1574642126789366	0.03226882215698922
0.158145875937287	0.03222063126476385
0.15882753919563736	0.03220623608856825
0.15950920245398773	0.032196667242994984
0.1601908657123381	0.0321904757089764
0.1608725289706885	0.032164174009874945
0.16155419222903886	0.03216840840688103
0.16223585548738922	0.03212144535928295
0.1629175187457396	0.031242590251772263
0.16359918200409	0.031246393333297817
0.16428084526244036	0.03124128347520857
0.16496250852079072	0.031243716957643282
0.1656441717791411	0.031212560695782248
0.1663258350374915	0.030161757649510495
0.16700749829584186	0.030169968308240876
0.16768916155419222	0.029950354655250273
0.1683708248125426	0.02985418514467708
0.169052488070893	0.029758405249501414
0.16973415132924335	0.029777330908606466
0.17041581458759372	0.029632098222205507
0.1710974778459441	0.02965025657850044
0.17177914110429449	0.029538591236869367
0.17246080436264485	0.029571162911267202
0.17314246762099522	0.02944702099855691
0.1738241308793456	0.02943365996186999
0.17450579413769599	0.029453609740512265
0.17518745739604635	0.029411652266479082
0.17586912065439672	0.029434058097926978
0.17655078391274712	0.029317600893843925
0.17723244717109748	0.029194571116303053
0.17791411042944785	0.02910605969252958
0.17859577368779822	0.029066657432693137
0.17927743694614862	0.0290882259713036
0.17995910020449898	0.02900430279888877
0.18064076346284935	0.02897220577856255
0.18132242672119972	0.028952302644618892
0.18200408997955012	0.028831398519929295
0.18268575323790048	0.028836620945945947
0.18336741649625085	0.028791249495336402
0.18404907975460122	0.028801679339028448
0.18473074301295161	0.028815451451708246
0.18541240627130198	0.028801949910275043
0.18609406952965235	0.028780248185406358
0.18677573278800272	0.02879532041959379
0.18745739604635311	0.028802751845118886
0.18813905930470348	0.028804944871878214
0.18882072256305385	0.028708557827396324
0.18950238582140422	0.02870032353025052
0.1901840490797546	0.028470215971158376
0.19086571233810498	0.02850419492484748
0.19154737559645535	0.02853682871507509
0.19222903885480572	0.028534244800865787
0.1929107021131561	0.028438974462334683
0.19359236537150648	0.028289430040291275
0.19427402862985685	0.028277083554648984
0.19495569188820722	0.02820337160636017
0.1956373551465576	0.028137423805041518
0.19631901840490798	0.028172683708884077
0.19700068166325835	0.02819512043280884
0.19768234492160872	0.028210313423706633
0.1983640081799591	0.0282192594430682
0.19904567143830948	0.028181586404072555
0.19972733469665985	0.02721979153693197
0.20040899795501022	0.027230204822041647
0.2010906612133606	0.027212860185592935
0.20177232447171098	0.027203566183223997
0.20245398773006135	0.027233350439663063
0.20313565098841171	0.02712929623700393
0.2038173142467621	0.02713276462527171
0.20449897750511248	0.027121657263057975
0.20518064076346285	0.027113712346456716
0.2058623040218132	0.027101267584512027
0.2065439672801636	0.02711255689681184
0.20722563053851398	0.02701321221269735
0.20790729379686435	0.026884990729632928
0.2085889570552147	0.026765676188420025
0.2092706203135651	0.02664752268368394
0.20995228357191548	0.026656025675825756
0.21063394683026584	0.02604369427899706
0.2113156100886162	0.026063577345135175
0.2119972733469666	0.025802795806400075
0.21267893660531698	0.02571611688635258
0.21336059986366734	0.02562808726511618
0.2140422631220177	0.025624024858109884
0.2147239263803681	0.025504134340110434
0.21540558963871848	0.025518870679283417
0.21608725289706884	0.025490635359122903
0.2167689161554192	0.025487798500235803
0.2174505794137696	0.02549763706209287
0.21813224267211997	0.025503040437619584
0.21881390593047034	0.02540083178587964
0.2194955691888207	0.024446139862108723
0.2201772324471711	0.024381064157996905
0.22085889570552147	0.02441018969002768
0.22154055896387184	0.024418275667536155
0.2222222222222222	0.0244310450510644
0.2229038854805726	0.024419938980248267
0.22358554873892297	0.024047562777380054
0.22426721199727334	0.02392116908522479
0.2249488752556237	0.023901536724529653
0.2256305385139741	0.023800728317561803
0.22631220177232447	0.02381665796613069
0.22699386503067484	0.02383349093656819
0.2276755282890252	0.023735281746693985
0.2283571915473756	0.023702604128186946
0.22903885480572597	0.02373212411863714
0.22972051806407634	0.02369346517282304
0.2304021813224267	0.023704421254511707
0.2310838445807771	0.022800825412936036
0.23176550783912747	0.022816781118589424
0.23244717109747784	0.022814222122007174
0.2331288343558282	0.022830207623344666
0.2338104976141786	0.02285179898173339
0.23449216087252897	0.022859294522411405
0.23517382413087934	0.02284907782667491
0.23585548738922973	0.02275775976465497
0.2365371506475801	0.022731285614513767
0.23721881390593047	0.022591997089034126
0.23790047716428084	0.022565907780538293
0.23858214042263123	0.02257838302111872
0.2392638036809816	0.022585219652393504
0.23994546693933197	0.022582550263643093
0.24062713019768234	0.022606442796954677
0.24130879345603273	0.022601078423647183
0.2419904567143831	0.022479450861354222
0.24267211997273347	0.02246369141421631
0.24335378323108384	0.022467795439421265
0.24403544648943423	0.022467440651450052
0.2447171097477846	0.022449353414781263
0.24539877300613497	0.02245033795026478
0.24608043626448534	0.022420319052675136
0.24676209952283573	0.022410081145085244
0.2474437627811861	0.022420220990590094
0.24812542603953647	0.02235665052840465
0.24880708929788684	0.02237304028497901
0.24948875255623723	0.02236928884016312
0.2501704158145876	0.02237162237219778
0.250852079072938	0.02234803740161797
0.25153374233128833	0.022371482385260398
0.25221540558963873	0.02236585052484414
0.25289706884798907	0.0223545443075037
0.25357873210633947	0.022328131701818243
0.25426039536468986	0.022314483989289494
0.2549420586230402	0.022201390248734864
0.2556237218813906	0.022205291295769862
0.256305385139741	0.022230131367293467
0.25698704839809133	0.02203962049239054
0.25766871165644173	0.022024231658565853
0.25835037491479207	0.021927004549167774
0.25903203817314246	0.02194161905835348
0.25971370143149286	0.02109133130274538
0.2603953646898432	0.021078057533403756
0.2610770279481936	0.02108675721373111
0.261758691206544	0.021009099805244534
0.26244035446489433	0.02096040620002267
0.2631220177232447	0.0209378574039301
0.26380368098159507	0.0209063796905467
0.26448534423994546	0.020915614997278204
0.26516700749829586	0.02089675001067398
0.2658486707566462	0.020911527713910787
0.2665303340149966	0.020449007233251628
0.267211997273347	0.020428822814938997
0.26789366053169733	0.020317149579365548
0.2685753237900477	0.0197598569776244
0.26925698704839807	0.019693795843409346
0.26993865030674846	0.01969274397197012
0.27062031356509886	0.019682336452791514
0.2713019768234492	0.019556301607852083
0.2719836400817996	0.019580010610678454
0.27266530334015	0.01959578034071815
0.27334696659850033	0.01960448284875841
0.2740286298568507	0.019590166101063546
0.27471029311520107	0.01951227349386992
0.27539195637355146	0.019492288629287403
0.27607361963190186	0.01951487355495648
0.2767552828902522	0.019530940709023552
0.2774369461486026	0.019471222222533963
0.278118609406953	0.019489951178571517
0.27880027266530333	0.019469605019684443
0.2794819359236537	0.019501315882760224
0.28016359918200406	0.01950420155917689
0.28084526244035446	0.019519084676145455
0.28152692569870486	0.019236589917268933
0.2822085889570552	0.019222070535644575
0.2828902522154056	0.01922525322847433
0.283571915473756	0.01919367100262751
0.2842535787321063	0.019179400026110068
0.2849352419904567	0.019180517394573156
0.28561690524880706	0.019193518642953072
0.28629856850715746	0.019214727759517044
0.28698023176550785	0.019217494167102514
0.2876618950238582	0.019220213688781535
0.2883435582822086	0.01923842783192293
0.289025221540559	0.01865722117899573
0.2897068847989093	0.018686695688535513
0.2903885480572597	0.018612727896792042
0.29107021131561006	0.018607268967553464
0.29175187457396046	0.01802226125712151
0.29243353783231085	0.017982426911635055
0.2931152010906612	0.017848350978279335
0.2937968643490116	0.01768913567518027
0.294478527607362	0.01767192452254544
0.2951601908657123	0.01767245622291761
0.2958418541240627	0.017668605231871883
0.2965235173824131	0.01762002842665635
0.29720518064076346	0.017626621205883042
0.29788684389911385	0.017577829850670343
0.2985685071574642	0.017591605754791045
0.2992501704158146	0.01759891783258472
0.299931833674165	0.017585893761795587
0.3006134969325153	0.01760818532330928
0.3012951601908657	0.01715516901376214
0.3019768234492161	0.017049025380066345
0.30265848670756645	0.016940156705182348
0.30334014996591685	0.016949601879328896
0.3040218132242672	0.01694358595545698
0.3047034764826176	0.016973762517781744
0.305385139740968	0.016850296696949603
0.3060668029993183	0.016639543867407132
0.3067484662576687	0.016576928237352677
0.3074301295160191	0.01652770551157928
0.30811179277436945	0.016525811598770347
0.30879345603271985	0.016534920026087883
0.3094751192910702	0.01651813720090611
0.3101567825494206	0.016501849534053002
0.310838445807771	0.01649876053029904
0.3115201090661213	0.016488513639711343
0.3122017723244717	0.016508358665948346
0.3128834355828221	0.016360332093974528
0.31356509884117245	0.01628942185227898
0.31424676209952285	0.016293533908305836
0.3149284253578732	0.01629155462176882
0.3156100886162236	0.01629188148576459
0.316291751874574	0.01630939058755664
0.3169734151329243	0.016312977172698803
0.3176550783912747	0.016263818245258993
0.3183367416496251	0.016282144207711898
0.31901840490797545	0.016267102981098444
0.31970006816632585	0.016204844533293232
0.3203817314246762	0.016183861314943714
0.3210633946830266	0.016173486159693547
0.321745057941377	0.01615374603849784
0.3224267211997273	0.0161548615209968
0.3231083844580777	0.016154162003337906
0.3237900477164281	0.016154483493412582
0.32447171097477845	0.016147246737402095
0.32515337423312884	0.01610365592789951
0.3258350374914792	0.016027385765634658
0.3265167007498296	0.01592620378135622
0.32719836400818	0.015772277362897696
0.3278800272665303	0.01579186419886481
0.3285616905248807	0.015777463098243148
0.3292433537832311	0.015798487912405044
0.32992501704158145	0.015805298305119914
0.33060668029993184	0.01582718904852968
0.3312883435582822	0.01573441278361518
0.3319700068166326	0.015746307044640553
0.332651670074983	0.0157405003565551
0.3333333333333333	0.01572432028784663
0.3340149965916837	0.015586338038753872
0.3346966598500341	0.015604389849683037
0.33537832310838445	0.015615385367547693
0.33605998636673484	0.015622130213532218
0.3367416496250852	0.01562264851762431
0.3374233128834356	0.01563823318930339
0.338104976141786	0.015587196848019116
0.3387866394001363	0.015606264752244362
0.3394683026584867	0.015600675495664493
0.3401499659168371	0.015583695745518789
0.34083162917518744	0.01559093153020967
0.34151329243353784	0.015595056239817889
0.3421949556918882	0.0154953409509393
0.3428766189502386	0.015402564483469109
0.34355828220858897	0.015383717564407384
0.3442399454669393	0.01528194467580897
0.3449216087252897	0.015284297850980044
0.3456032719836401	0.015303145655062012
0.34628493524199044	0.015323864399905057
0.34696659850034084	0.015335279080873166
0.3476482617586912	0.015340430155034612
0.3483299250170416	0.01527055113779142
0.34901158827539197	0.015170512397687389
0.3496932515337423	0.015166866816096834
0.3503749147920927	0.015011742542419614
0.3510565780504431	0.015014370276679161
0.35173824130879344	0.014153104018373452
0.35241990456714384	0.014154767494784804
0.35310156782549423	0.013993939561394438
0.3537832310838446	0.013984925164735465
0.35446489434219497	0.013997130563584703
0.3551465576005453	0.013988716197466602
0.3558282208588957	0.014001407892097723
0.3565098841172461	0.01402747117368972
0.35719154737559644	0.014050405249672817
0.35787321063394684	0.01398862881712635
0.35855487389229723	0.013938369095802646
0.3592365371506476	0.013951367511409001
0.35991820040899797	0.013909831587970083
0.3605998636673483	0.013897070687337351
0.3612815269256987	0.013893135534901152
0.3619631901840491	0.01387105586860588
0.36264485344239944	0.013858141452675676
0.36332651670074984	0.013881039285069452
0.36400817995910023	0.01387443789047097
0.36468984321745057	0.013847903129111789
0.36537150647580097	0.013865040591384686
0.3660531697341513	0.013302405874248741
0.3667348329925017	0.01328832408178245
0.3674164962508521	0.013302164686008547
0.36809815950920244	0.013298636617623427
0.36877982276755283	0.013217589110245714
0.36946148602590323	0.013215431201145478
0.37014314928425357	0.013014075312867857
0.37082481254260397	0.013024997604142542
0.3715064758009543	0.0130445911511713
0.3721881390593047	0.013020347253600014
0.3728698023176551	0.012901299421535836
0.37355146557600544	0.012859631123906073
0.37423312883435583	0.012867875639558704
0.37491479209270623	0.012875549838810946
0.37559645535105657	0.012757776194528206
0.37627811860940696	0.012776935832823388
0.3769597818677573	0.01278730131719682
0.3776414451261077	0.012800083240990728
0.3783231083844581	0.012787287082811571
0.37900477164280844	0.012796324378493646
0.37968643490115883	0.012776868119394135
0.3803680981595092	0.012540291692618341
0.38104976141785957	0.011398700868020018
0.38173142467620996	0.011349813557129955
0.3824130879345603	0.011373432478459237
0.3830947511929107	0.01134968809636291
0.3837764144512611	0.011353751374551763
0.38445807770961143	0.011342060816373617
0.38513974096796183	0.011361281979497045
0.3858214042263122	0.011373112082009116
0.38650306748466257	0.011380533828494003
0.38718473074301296	0.011325168119260803
0.3878663940013633	0.011262116952297573
0.3885480572597137	0.011274535461015959
0.3892297205180641	0.011283265599069673
0.38991138377641443	0.011299321796715472
0.39059304703476483	0.01130148800850029
0.3912747102931152	0.011254097301581202
0.39195637355146556	0.01122403378299351
0.39263803680981596	0.011211747000551896
0.3933197000681663	0.011207981225459945
0.3940013633265167	0.011201814863231364
0.3946830265848671	0.011215904461394047
0.39536468984321743	0.011221724873837215
0.3960463531015678	0.01120611286519679
0.3967280163599182	0.011125159117680791
0.39740967961826856	0.011121163873394724
0.39809134287661896	0.011094321775998967
0.3987730061349693	0.011111223972979558
0.3994546693933197	0.011036638478181326
0.4001363326516701	0.011038885113116355
0.40081799591002043	0.011040035452988336
0.4014996591683708	0.010956714973442474
0.4021813224267212	0.010959840785541563
0.40286298568507156	0.010931879083443657
0.40354464894342196	0.010818918206487733
0.4042263122017723	0.010801456843628087
0.4049079754601227	0.010812481932530583
0.4055896387184731	0.010805516704375044
0.40627130197682343	0.010789539838174229
0.4069529652351738	0.01078649320835964
0.4076346284935242	0.01039067203901069
0.40831629175187456	0.010321631287976188
0.40899795501022496	0.01030610746917493
0.4096796182685753	0.010290168367246711
0.4103612815269257	0.010285835771543636
0.4110429447852761	0.010195211834356474
0.4117246080436264	0.010205505995187342
0.4124062713019768	0.010199080292330586
0.4130879345603272	0.010169575733486928
0.41376959781867756	0.010172486743836194
0.41445126107702795	0.01011324337284576
0.41513292433537835	0.010109283948255294
0.4158145875937287	0.010125451853604101
0.4164962508520791	0.00984831432162783
0.4171779141104294	0.009852122499846582
0.4178595773687798	0.009825239111075138
0.4185412406271302	0.009834841404816308
0.41922290388548056	0.00978939375907965
0.41990456714383095	0.009751566948751837
0.42058623040218135	0.009710934597629946
0.4212678936605317	0.009683139259546725
0.4219495569188821	0.00969369821450932
0.4226312201772324	0.009704831642519798
0.4233128834355828	0.009633870826995034
0.4239945466939332	0.009634146992876501
0.42467620995228356	0.009628073320368824
0.42535787321063395	0.009627001703884292
0.42603953646898435	0.009628650551335797
0.4267211997273347	0.009547521307371788
0.4274028629856851	0.009534540971730631
0.4280845262440354	0.009539988291007074
0.4287661895023858	0.00955160166049977
0.4294478527607362	0.009558817824945122
0.43012951601908656	0.00953318141570409
0.43081117927743695	0.009516656990915372
0.43149284253578735	0.009475566862577493
0.4321745057941377	0.009464217692569808
0.4328561690524881	0.009462769793882705
0.4335378323108384	0.009395684163504657
0.4342194955691888	0.009402523414351906
0.4349011588275392	0.009410161272015122
0.43558282208588955	0.009412353068967717
0.43626448534423995	0.008878611309667397
0.43694614860259035	0.008879113864342834
0.4376278118609407	0.00888625050785139
0.4383094751192911	0.008882208385364443
0.4389911383776414	0.008868995706650208
0.4396728016359918	0.008863584244594446
0.4403544648943422	0.008861577125427431
0.44103612815269255	0.008876720002154505
0.44171779141104295	0.008870644949931391
0.44239945466939334	0.00881602318470211
0.4430811179277437	0.008812465571703013
0.4437627811860941	0.008819625958766989
0.4444444444444444	0.008816341399162517
0.4451261077027948	0.00881976239909724
0.4458077709611452	0.008836744648233707
0.44648943421949555	0.008778149552264363
0.44717109747784595	0.00878262442271117
0.44785276073619634	0.008732150941530596
0.4485344239945467	0.00866204704966252
0.4492160872528971	0.008491275143179992
0.4498977505112474	0.00845180332318996
0.4505794137695978	0.008405453993010776
0.4512610770279482	0.008404117022105449
0.45194274028629855	0.008392280724113885
0.45262440354464895	0.008380960810331767
0.45330606680299934	0.00838043927693317
0.4539877300613497	0.008362676862254679
0.4546693933197001	0.008299823440013485
0.4553510565780504	0.007989075436071386
0.4560327198364008	0.008006293142187319
0.4567143830947512	0.0080227577812578
0.45739604635310155	0.0079973881085564
0.45807770961145194	0.008007092728255411
0.45875937286980234	0.00795239048160472
0.4594410361281527	0.007029052838478579
0.4601226993865031	0.007043579722940801
0.4608043626448534	0.007056290669062028
0.4614860259032038	0.0069311712203126525
0.4621676891615542	0.006921561364825898
0.46284935241990455	0.006930728489513286
0.46353101567825494	0.0069121782522265345
0.46421267893660534	0.006859394113392819
0.4648943421949557	0.006798702670330695
0.4655760054533061	0.006796746909856398
0.4662576687116564	0.006786344222846148
0.4669393319700068	0.006789755427862433
0.4676209952283572	0.006792520859421873
0.46830265848670755	0.006805242076422682
0.46898432174505794	0.0068064362737676
0.46966598500340834	0.0068011286823254965
0.4703476482617587	0.006805638086013243
0.4710293115201091	0.00681030888244849
0.47171097477845947	0.006794236257476674
0.4723926380368098	0.00678849596739686
0.4730743012951602	0.0065261158824101925
0.47375596455351054	0.006516370477681349
0.47443762781186094	0.006525311881620548
0.47511929107021134	0.006536709683281833
0.4758009543285617	0.006528723560023962
0.47648261758691207	0.006541899646374886
0.47716428084526247	0.006537454889226852
0.4778459441036128	0.006548220796876518
0.4785276073619632	0.006501531735439568
0.47920927062031354	0.0065076519584245564
0.47989093387866394	0.006457756836751509
0.48057259713701433	0.006460099189309232
0.4812542603953647	0.006441912929498132
0.48193592365371507	0.006453109057227663
0.48261758691206547	0.006465616521828132
0.4832992501704158	0.006462343420199868
0.4839809134287662	0.00645795577881782
0.48466257668711654	0.006452544054167758
0.48534423994546694	0.006455470121717731
0.48602590320381733	0.006223547978939892
0.4867075664621677	0.00620996342223107
0.48738922972051807	0.0061971078413513864
0.48807089297886846	0.006174426478980124
0.4887525562372188	0.006180553118443353
0.4894342194955692	0.006181240550595483
0.49011588275391954	0.00612597065112982
0.49079754601226994	0.006130586433567507
0.49147920927062033	0.006130760669238528
0.49216087252897067	0.006135394007498069
0.49284253578732107	0.006136327691324576
0.49352419904567146	0.006126179083329625
0.4942058623040218	0.005940100787596611
0.4948875255623722	0.005943693259482456
0.49556918882072254	0.005941366119647309
0.49625085207907293	0.005931782022246783
0.49693251533742333	0.005927191463230511
0.49761417859577367	0.005851903578521586
0.49829584185412407	0.0058533220482807485
0.49897750511247446	0.005863586773751667
0.4996591683708248	0.005866667958877678
0.5003408316291752	0.005875105478716022
0.5010224948875256	0.00586955095928293
0.501704158145876	0.005827789095886597
0.5023858214042263	0.005835008415677881
0.5030674846625767	0.005740281788561994
0.5037491479209271	0.005735295890655275
0.5044308111792775	0.0054189436298350425
0.5051124744376279	0.005382849090999389
0.5057941376959781	0.005390130092806619
0.5064758009543285	0.005391255686153609
0.5071574642126789	0.005385455795709524
0.5078391274710293	0.005387222984828857
0.5085207907293797	0.005326214142614806
0.50920245398773	0.005325911024276644
0.5098841172460804	0.005330112806083215
0.5105657805044308	0.004959903527227858
0.5112474437627812	0.004968109081208294
0.5119291070211316	0.004970240188117222
0.512610770279482	0.004922932343100353
0.5132924335378323	0.004928851390953705
0.5139740967961827	0.0049287106304456065
0.5146557600545331	0.0049118012144252566
0.5153374233128835	0.004905950470756976
0.5160190865712339	0.004910916367977438
0.5167007498295841	0.004917849715009661
0.5173824130879345	0.00489202673293958
0.5180640763462849	0.004894632522742301
0.5187457396046353	0.004898666613090037
0.5194274028629857	0.004888009080163284
0.520109066121336	0.004871404748049433
0.5207907293796864	0.004876914701476054
0.5214723926380368	0.004883445572936724
0.5221540558963872	0.004831252729337042
0.5228357191547376	0.004835150311912976
0.523517382413088	0.004809015120327583
0.5241990456714383	0.004804178013367567
0.5248807089297887	0.004774247517902536
0.5255623721881391	0.004776202683173603
0.5262440354464895	0.004782586117191002
0.5269256987048399	0.00460732518781094
0.5276073619631901	0.004605022542677326
0.5282890252215405	0.004609951071600807
0.5289706884798909	0.0046200273855215804
0.5296523517382413	0.004622219818282118
0.5303340149965917	0.004625811880090025
0.5310156782549421	0.004611993057268221
0.5316973415132924	0.004617071853248873
0.5323790047716428	0.004624132685995551
0.5330606680299932	0.004564731984055805
0.5337423312883436	0.004506126631039905
0.534423994546694	0.0045077124893400005
0.5351056578050443	0.004519659126025442
0.5357873210633947	0.004518397520535347
0.5364689843217451	0.004530190426686105
0.5371506475800955	0.004528913167918962
0.5378323108384458	0.0045119951746662185
0.5385139740967961	0.004507120819187596
0.5391956373551465	0.004513118979785614
0.5398773006134969	0.004468152962910614
0.5405589638718473	0.004460193864098594
0.5412406271301977	0.004448334992739033
0.5419222903885481	0.004456263876638571
0.5426039536468984	0.004450718517270988
0.5432856169052488	0.004447172635647293
0.5439672801635992	0.004381369654455749
0.5446489434219496	0.004364978545799792
0.5453306066803	0.004356798434759435
0.5460122699386503	0.004329146547191642
0.5466939331970007	0.004337430279657818
0.547375596455351	0.004345252157087716
0.5480572597137015	0.004335034966810313
0.5487389229720518	0.004313438069076989
0.5494205862304021	0.004291377138578327
0.5501022494887525	0.004299342875974112
0.5507839127471029	0.00430533857555547
0.5514655760054533	0.004310734041341505
0.5521472392638037	0.004316838496173588
0.5528289025221541	0.004317863349026052
0.5535105657805044	0.004321403281764629
0.5541922290388548	0.0043282775267826385
0.5548738922972052	0.0043366220491146265
0.5555555555555556	0.004343505328775725
0.556237218813906	0.00431688413992559
0.5569188820722563	0.004303282028705735
0.5576005453306067	0.004305942801705489
0.558282208588957	0.004286576357029708
0.5589638718473074	0.004285061458081949
0.5596455351056578	0.004294028504914794
0.5603271983640081	0.0042530826621177305
0.5610088616223585	0.004249278283224814
0.5616905248807089	0.004251316137662235
0.5623721881390593	0.004256197261686608
0.5630538513974097	0.004254149139179822
0.5637355146557601	0.0042494509883374
0.5644171779141104	0.0041980006125222
0.5650988411724608	0.004138347577826798
0.5657805044308112	0.004119478636710039
0.5664621676891616	0.0041263456454735436
0.567143830947512	0.004112287817335121
0.5678254942058623	0.004110994710102146
0.5685071574642127	0.004114430527345206
0.569188820722563	0.004115454864165954
0.5698704839809134	0.004123321031177027
0.5705521472392638	0.004133908217941818
0.5712338104976141	0.00414251670714764
0.5719154737559645	0.004131459946914172
0.5725971370143149	0.0041315385472103
0.5732788002726653	0.004137347329986292
0.5739604635310157	0.004128781440781424
0.5746421267893661	0.0041138174514980105
0.5753237900477164	0.00408815543992804
0.5760054533060668	0.004058112788482313
0.5766871165644172	0.004037785297486075
0.5773687798227676	0.004038584853921749
0.578050443081118	0.004031874744659209
0.5787321063394683	0.004037731975293918
0.5794137695978187	0.003993378698171458
0.580095432856169	0.003973044280535553
0.5807770961145194	0.003973627363076779
0.5814587593728698	0.003979072932742331
0.5821404226312201	0.003980039541645901
0.5828220858895705	0.003985071388075131
0.5835037491479209	0.003957354818184943
0.5841854124062713	0.003943073517328534
0.5848670756646217	0.003915083274689176
0.5855487389229721	0.00386408128021866
0.5862304021813224	0.003870943813609406
0.5869120654396728	0.003858083210918483
0.5875937286980232	0.00386401687816497
0.5882753919563736	0.003804214238384434
0.588957055214724	0.003779149131209414
0.5896387184730743	0.0037848154778685706
0.5903203817314246	0.0037671394237117906
0.591002044989775	0.0037766568619656965
0.5916837082481254	0.0037811732193672987
0.5923653715064758	0.0037434398194721467
0.5930470347648262	0.003752910177819954
0.5937286980231765	0.0035628868997263454
0.5944103612815269	0.00355521872048484
0.5950920245398773	0.003563424063705134
0.5957736877982277	0.0035591404762990047
0.5964553510565781	0.0035348383191022943
0.5971370143149284	0.003509729613833562
0.5978186775732788	0.003516755256100902
0.5985003408316292	0.003497398312546799
0.5991820040899796	0.0034927519316317593
0.59986366734833	0.0034933154032700106
0.6005453306066802	0.0034945818938993166
0.6012269938650306	0.0034904410657835483
0.601908657123381	0.003496540936447907
0.6025903203817314	0.0034955004795502917
0.6032719836400818	0.003476727585001642
0.6039536468984322	0.003469051434449992
0.6046353101567825	0.0034656987445088397
0.6053169734151329	0.003467511356874374
0.6059986366734833	0.0034757324277453023
0.6066802999318337	0.0034715531094972342
0.6073619631901841	0.0034760898320681105
0.6080436264485344	0.003478304153050422
0.6087252897068848	0.003463176612747019
0.6094069529652352	0.0034573047662053097
0.6100886162235856	0.003457677757152383
0.610770279481936	0.003458421301356154
0.6114519427402862	0.003434790843541214
0.6121336059986366	0.0034421408356406988
0.612815269256987	0.0034342031022111747
0.6134969325153374	0.003441975664758795
0.6141785957736878	0.0034374448112526462
0.6148602590320382	0.003429341020284369
0.6155419222903885	0.0034225016991163626
0.6162235855487389	0.0034185628892113825
0.6169052488070893	0.0033460959062801498
0.6175869120654397	0.003338990141511177
0.6182685753237901	0.0033417576332858993
0.6189502385821404	0.0030233321456127338
0.6196319018404908	0.0030306487311178524
0.6203135650988412	0.0030302487940399338
0.6209952283571916	0.0030347197145758485
0.621676891615542	0.0030411220916636266
0.6223585548738922	0.0030280533362182062
0.6230402181322426	0.003030397904896705
0.623721881390593	0.0030336163371948296
0.6244035446489434	0.0030380480983022
0.6250852079072938	0.003037447070233974
0.6257668711656442	0.0030442115819643827
0.6264485344239945	0.0030496708751689655
0.6271301976823449	0.003030205191343889
0.6278118609406953	0.003037292545811569
0.6284935241990457	0.002973125947626773
0.6291751874573961	0.0029125107685800053
0.6298568507157464	0.0029136308726939028
0.6305385139740968	0.002916421849721548
0.6312201772324472	0.0029224311892210985
0.6319018404907976	0.002919807076269676
0.632583503749148	0.0029143155355127277
0.6332651670074982	0.002916112441252121
0.6339468302658486	0.002909205303622895
0.634628493524199	0.002894507768234941
0.6353101567825494	0.00289554778822868
0.6359918200408998	0.0028927104989039903
0.6366734832992502	0.0028918298829357096
0.6373551465576005	0.0028419296155373767
0.6380368098159509	0.0028451919871811276
0.6387184730743013	0.002826820680835032
0.6394001363326517	0.0027837175426967606
0.6400817995910021	0.0027942819356481714
0.6407634628493524	0.002720879839731803
0.6414451261077028	0.002722047196571918
0.6421267893660532	0.0027104810371986
0.6428084526244036	0.0027145213317180733
0.643490115882754	0.0026900385583711285
0.6441717791411042	0.0026981588114025792
0.6448534423994546	0.002677899995078504
0.645535105657805	0.002656538708561836
0.6462167689161554	0.0026260405740174578
0.6468984321745058	0.00262176102601635
0.6475800954328562	0.0026029218458708857
0.6482617586912065	0.0026066330498482277
0.6489434219495569	0.002608464609069049
0.6496250852079073	0.0026036538962335995
0.6503067484662577	0.002597960830896691
0.6509884117246081	0.0025890054223744333
0.6516700749829584	0.0025934026578668034
0.6523517382413088	0.0025854616895874304
0.6530334014996592	0.0025839740317332672
0.6537150647580096	0.0025823898491978484
0.65439672801636	0.0025668701421209814
0.6550783912747103	0.002567578496980136
0.6557600545330606	0.002575409921944579
0.656441717791411	0.002577695204434771
0.6571233810497614	0.002576004794605544
0.6578050443081118	0.0025755527457700838
0.6584867075664622	0.002552654690618766
0.6591683708248125	0.002545531062124252
0.6598500340831629	0.0025505227322114147
0.6605316973415133	0.0024486275080200107
0.6612133605998637	0.0024529569892473143
0.6618950238582141	0.0024537715868361053
0.6625766871165644	0.0024499379762537685
0.6632583503749148	0.002447120688286485
0.6639400136332652	0.0024492350907281916
0.6646216768916156	0.0024484487716567617
0.665303340149966	0.0024426479349377245
0.6659850034083163	0.002451803625335617
0.6666666666666666	0.00244718506598724
0.667348329925017	0.002454710449837863
0.6680299931833674	0.002450165200564472
0.6687116564417178	0.002444826269568539
0.6693933197000682	0.002450668825083072
0.6700749829584185	0.002456538849819484
0.6707566462167689	0.002458069522835897
0.6714383094751193	0.0024593041812958844
0.6721199727334697	0.002464353776853779
0.6728016359918201	0.002454491417304572
0.6734832992501704	0.0024647612558707
0.6741649625085208	0.0024685169103737057
0.6748466257668712	0.00246839196894691
0.6755282890252216	0.0024464691139613757
0.676209952283572	0.0024494189059145774
0.6768916155419223	0.002449814601713338
0.6775732788002726	0.002449519833733474
0.678254942058623	0.0024272343973034912
0.6789366053169734	0.002434400927557183
0.6796182685753238	0.002421857278954771
0.6802999318336742	0.002426284329269405
0.6809815950920245	0.002399003764100124
0.6816632583503749	0.0024014882073809946
0.6823449216087253	0.0024019720953128137
0.6830265848670757	0.002395223087381041
0.6837082481254261	0.0023956393833320924
0.6843899113837764	0.0023773370857604124
0.6850715746421268	0.0023773214011825737
0.6857532379004772	0.002380112546763495
0.6864349011588275	0.002373070000947239
0.6871165644171779	0.002374870375127247
0.6877982276755283	0.0023647195971448504
0.6884798909338786	0.002356296466914917
0.689161554192229	0.0023539457618404988
0.6898432174505794	0.0023571347888528505
0.6905248807089298	0.0023527924458577668
0.6912065439672802	0.002349039832776573
0.6918882072256305	0.00235160802935463
0.6925698704839809	0.002357132298595713
0.6932515337423313	0.0023583106491792466
0.6939331970006817	0.0023678445487326336
0.6946148602590321	0.002374943405773943
0.6952965235173824	0.002381246175299205
0.6959781867757328	0.002385902151458658
0.6966598500340832	0.00239276917366805
0.6973415132924335	0.0023910479328086544
0.6980231765507839	0.002381949480608357
0.6987048398091343	0.002380439355229271
0.6993865030674846	0.0023794922009207713
0.700068166325835	0.002357924345965347
0.7007498295841854	0.002337746989664484
0.7014314928425358	0.0023317799163383927
0.7021131561008862	0.0023325040763056406
0.7027948193592365	0.0023347920840802823
0.7034764826175869	0.0023239225241449917
0.7041581458759373	0.002309734890007555
0.7048398091342877	0.0023122309183702546
0.7055214723926381	0.0023125769814671578
0.7062031356509885	0.002319735966474215
0.7068847989093388	0.0023197087150575507
0.7075664621676891	0.002322923701428372
0.7082481254260395	0.002319413133722922
0.7089297886843899	0.002319857212491706
0.7096114519427403	0.002323777961888979
0.7102931152010906	0.0023166481687014405
0.710974778459441	0.0022463461052381144
0.7116564417177914	0.00224224022348455
0.7123381049761418	0.0022512035963421157
0.7130197682344922	0.002251838027372467
0.7137014314928425	0.002246296927681174
0.7143830947511929	0.0022484802807626555
0.7150647580095433	0.0022421106177259132
0.7157464212678937	0.002245203836930454
0.7164280845262441	0.0022314063948100085
0.7171097477845945	0.0022345226315891578
0.7177914110429447	0.0022372530441800882
0.7184730743012951	0.0022308744132834954
0.7191547375596455	0.002205804770116299
0.7198364008179959	0.0022011354420113536
0.7205180640763463	0.002156856898642335
0.7211997273346966	0.002151149783466768
0.721881390593047	0.0021526874468050933
0.7225630538513974	0.0021512892202547366
0.7232447171097478	0.0021450870684587148
0.7239263803680982	0.0021532616224585414
0.7246080436264485	0.002158419936286432
0.7252897068847989	0.0021591381389166647
0.7259713701431493	0.0021254905853111826
0.7266530334014997	0.0021113881961762255
0.7273346966598501	0.0020984753550543018
0.7280163599182005	0.0021011490199535684
0.7286980231765507	0.0021028737305334396
0.7293796864349011	0.0021041650764572675
0.7300613496932515	0.002082001449090057
0.7307430129516019	0.002073936044892801
0.7314246762099523	0.0020652234751122648
0.7321063394683026	0.0020549886621315187
0.732788002726653	0.002053973763418411
0.7334696659850034	0.0020579491551358563
0.7341513292433538	0.002059301737964977
0.7348329925017042	0.0020593158950167408
0.7355146557600545	0.0020672944582079086
0.7361963190184049	0.0020753281296720266
0.7368779822767553	0.002081398739429827
0.7375596455351057	0.0020780348124098125
0.7382413087934561	0.002081406839280534
0.7389229720518065	0.0020618885532149513
0.7396046353101567	0.0020602300366904403
0.7402862985685071	0.002069691946401437
0.7409679618268575	0.0020465907512845437
0.7416496250852079	0.002053929164747107
0.7423312883435583	0.002035352897421863
0.7430129516019086	0.0020433574129465545
0.743694614860259	0.0020273049645390074
0.7443762781186094	0.002035294117647059
0.7450579413769598	0.0020411893736290523
0.7457396046353102	0.002044476154784899
0.7464212678936605	0.0020412476209798187
0.7471029311520109	0.0020275126878900466
0.7477845944103613	0.002029346419590322
0.7484662576687117	0.002033747692549389
0.7491479209270621	0.002033724282273033
0.7498295841854125	0.00203242953499799
0.7505112474437627	0.0020282206752002393
0.7511929107021131	0.0020194189372271564
0.7518745739604635	0.002025247479792934
0.7525562372188139	0.0020212166872136733
0.7532379004771643	0.002027313121419425
0.7539195637355146	0.0020278034266953933
0.754601226993865	0.0020184669349014753
0.7552828902522154	0.002011069440770193
0.7559645535105658	0.002012946705684136
0.7566462167689162	0.0020043223281822095
0.7573278800272665	0.001993458880624572
0.7580095432856169	0.0019983554812869684
0.7586912065439673	0.0019980740811873475
0.7593728698023177	0.002002183663833806
0.7600545330606681	0.0020014514806181473
0.7607361963190185	0.002004748338081672
0.7614178595773687	0.0020055942147632695
0.7620995228357191	0.001996755920034252
0.7627811860940695	0.001995014740468383
0.7634628493524199	0.0019973846845796344
0.7641445126107703	0.0019838317835302005
0.7648261758691206	0.0019801988540613415
0.765507839127471	0.0019892026578073093
0.7661895023858214	0.001981796895867788
0.7668711656441718	0.0019934203380722907
0.7675528289025222	0.0019851647403829574
0.7682344921608726	0.001988489791196715
0.7689161554192229	0.0019958923158378576
0.7695978186775733	0.0019954465377884697
0.7702794819359237	0.001995254580566154
0.7709611451942741	0.002005389718076286
0.7716428084526245	0.00201382310006852
0.7723244717109747	0.0019928011844179516
0.7730061349693251	0.0019939517831084105
0.7736877982276755	0.002002359892743179
0.7743694614860259	0.0020045774970246276
0.7750511247443763	0.002010315925209543
0.7757327880027266	0.002016087182148418
0.776414451261077	0.0020100817980656877
0.7770961145194274	0.002010218695083895
0.7777777777777778	0.0020131508573226374
0.7784594410361282	0.0020179803735359296
0.7791411042944786	0.002007223942208463
0.7798227675528289	0.0020071918927754176
0.7805044308111793	0.001995833413956129
0.7811860940695297	0.0020024662512980276
0.78186775732788	0.002011102403343783
0.7825494205862304	0.0020042980225153293
0.7832310838445807	0.002016943435906593
0.7839127471029311	0.0020237192029708907
0.7845944103612815	0.002021833768669212
0.7852760736196319	0.0020225794493310425
0.7859577368779823	0.002026345956872402
0.7866394001363326	0.0020342153409246074
0.787321063394683	0.0020321818231786083
0.7880027266530334	0.002022473464025171
0.7886843899113838	0.0020219925531544704
0.7893660531697342	0.0020214628952493034
0.7900477164280846	0.0020166532707249327
0.7907293796864349	0.002019543973941369
0.7914110429447853	0.002032786885245902
0.7920927062031357	0.0020364538395168255
0.792774369461486	0.0020498957790515905
0.7934560327198364	0.0020569143007015942
0.7941376959781867	0.002047479703416867
0.7948193592365371	0.002031044665928387
0.7955010224948875	0.0020368264585655894
0.7961826857532379	0.002007287528151258
0.7968643490115883	0.002020804615882916
0.7975460122699386	0.0019866836533503204
0.798227675528289	0.0019846923194380825
0.7989093387866394	0.00199819362773358
0.7995910020449898	0.0020013853095276796
0.8002726653033402	0.00192945750931164
0.8009543285616906	0.0019297729448131931
0.8016359918200409	0.0018830430145751868
0.8023176550783913	0.0018821540786700078
0.8029993183367417	0.0018820085223631936
0.803680981595092	0.001884235062588721
0.8043626448534424	0.0018669541840273546
0.8050443081117927	0.0018800556168977224
0.8057259713701431	0.0018772341652252699
0.8064076346284935	0.0018652018115761706
0.8070892978868439	0.0018694500831182282
0.8077709611451943	0.0018739220783591192
0.8084526244035446	0.0018631587866463311
0.809134287661895	0.0018765147636115379
0.8098159509202454	0.0018736838486200283
0.8104976141785958	0.001879420651204668
0.8111792774369462	0.0018446868623450004
0.8118609406952966	0.0018475625823451906
0.8125426039536469	0.0018583941605839417
0.8132242672119973	0.0018564120388937905
0.8139059304703476	0.0018485150470444593
0.814587593728698	0.001832537443021489
0.8152692569870484	0.0018269782697826974
0.8159509202453987	0.0018336775437147184
0.8166325835037491	0.0018263237714771865
0.8173142467620995	0.0018372090856578528
0.8179959100204499	0.0018308411478133537
0.8186775732788003	0.0018333096893176331
0.8193592365371506	0.001847198399085191
0.820040899795501	0.0018136210008833586
0.8207225630538514	0.0018245629311429094
0.8214042263122018	0.0018312323905901162
0.8220858895705522	0.0018394243049415463
0.8227675528289026	0.0018358083358083355
0.8234492160872529	0.0018333283449562519
0.8241308793456033	0.001832513900200082
0.8248125426039536	0.0018437905317769128
0.825494205862304	0.0018551879084967317
0.8261758691206544	0.0018494673459935156
0.8268575323790047	0.0018531947340574523
0.8275391956373551	0.0018475123909906517
0.8282208588957055	0.0018432618731423513
0.8289025221540559	0.0018484462151394424
0.8295841854124063	0.0018252744310575636
0.8302658486707567	0.0018302781016539273
0.830947511929107	0.0018325823864873097
0.8316291751874574	0.00184748143027989
0.8323108384458078	0.001832697306564902
0.8329925017041582	0.00184437381509981
0.8336741649625086	0.0018356607974094313
0.8343558282208589	0.0018202224262830323
0.8350374914792092	0.0018284695312232092
0.8357191547375596	0.0018287229137851537
0.83640081799591	0.0018283356578335653
0.8370824812542604	0.0018050232645359398
0.8377641445126107	0.0017759340022928997
0.8384458077709611	0.001776681208133686
0.8391274710293115	0.0017743719197018868
0.8398091342876619	0.0017746863066012003
0.8404907975460123	0.001752625851338297
0.8411724608043627	0.0017433772384194165
0.841854124062713	0.0017174205105239585
0.8425357873210634	0.0017267080745341612
0.8432174505794138	0.0017417884943990887
0.8438991138377642	0.0017340841185934264
0.8445807770961146	0.0016959064327485378
0.8452624403544649	0.0016949956466934361
0.8459441036128152	0.001696296296296296
0.8466257668711656	0.0017074735449735447
0.847307430129516	0.0017107756779841982
0.8479890933878664	0.0016925221185310868
0.8486707566462167	0.0016976478741184623
0.8493524199045671	0.0016532976827094473
0.8500340831629175	0.0016517918915179188
0.8507157464212679	0.0016585675785122812
0.8513974096796183	0.0016569427415831675
0.8520790729379687	0.001640638334186721
0.852760736196319	0.0016372380132070052
0.8534423994546694	0.0016525393030500616
0.8541240627130198	0.001657086861772922
0.8548057259713702	0.0016682906664304484
0.8554873892297206	0.0016587677725118481
0.8561690524880708	0.0016745655608214848
0.8568507157464212	0.0016814764183185234
0.8575323790047716	0.0016815421420684578
0.858214042263122	0.0016881116065898673
0.8588957055214724	0.0016763597704923159
0.8595773687798227	0.0016714026363564608
0.8602590320381731	0.0016594930655188908
0.8609406952965235	0.001675842750893461
0.8616223585548739	0.0016802419158171975
0.8623040218132243	0.0016846460765479535
0.8629856850715747	0.001679519071310116
0.863667348329925	0.0016963986599664992
0.8643490115882754	0.0016754648664196402
0.8650306748466258	0.0016565827479533065
0.8657123381049762	0.00165622086398011
0.8663940013633266	0.0016374498517355662
0.8670756646216768	0.0016543307780421182
0.8677573278800272	0.0016581201146662395
0.8684389911383776	0.0016457073978123204
0.869120654396728	0.00163658013379872
0.8698023176550784	0.0016427849729034629
0.8704839809134287	0.0016545994616170053
0.8711656441717791	0.0016534391534391538
0.8718473074301295	0.001659745135965411
0.8725289706884799	0.0016775918578575122
0.8732106339468303	0.0016637605347282764
0.8738922972051807	0.0016612808460634548
0.874573960463531	0.0016423140888572108
0.8752556237218814	0.001618327028163094
0.8759372869802318	0.001624066541193613
0.8766189502385822	0.0016144874155923881
0.8773006134969326	0.0016108007448789575
0.8779822767552828	0.001577636892431946
0.8786639400136332	0.0015827673035823868
0.8793456032719836	0.0016007532956685499
0.880027266530334	0.001619047619047619
0.8807089297886844	0.0015851122058018613
0.8813905930470347	0.0015801829335813794
0.8820722563053851	0.001598557153739302
0.8827539195637355	0.001574187406500748
0.8834355828220859	0.0015640408210067652
0.8841172460804363	0.001568627450980392
0.8847989093387867	0.0015567765567765569
0.885480572597137	0.0015575990875392074
0.8861622358554874	0.0015583291248827647
0.8868438991138378	0.0015309723743458683
0.8875255623721882	0.0015422517861542254
0.8882072256305386	0.0015536934510449398
0.8888888888888888	0.0015653008154712315
0.8895705521472392	0.0015847455460982034
0.8902522154055896	0.0015967908902691514
0.89093387866394	0.001616876310272537
0.8916155419222904	0.0016161133667701617
0.8922972051806408	0.0015829503614716869
0.8929788684389911	0.0015950786651423598
0.8936605316973415	0.0015949820788530467
0.8943421949556919	0.001615696131825164
0.8950238582140423	0.001619839855133973
0.8957055214723927	0.0016325536062378166
0.896387184730743	0.0016193214825142327
0.8970688479890934	0.0015982339955849891
0.8977505112474438	0.0015988068605518272
0.8984321745057942	0.0016113428865106717
0.8991138377641446	0.0016194766194766196
0.8997955010224948	0.0015950672506445502
0.9004771642808452	0.0015052747598803336
0.9011588275391956	0.0015118135376756066
0.901840490797546	0.0014601139601139602
0.9025221540558964	0.0014314324173479102
0.9032038173142468	0.001451736423267739
0.9038854805725971	0.0014724755150287063
0.9045671438309475	0.0014936622130866737
0.9052488070892979	0.0015153094915372049
0.9059304703476483	0.0015268521457033038
0.9066121336059987	0.0015493058537283527
0.907293796864349	0.0015341321713870735
0.9079754601226994	0.001468583010871568
0.9086571233810498	0.0014513896682003516
0.9093387866394002	0.0014505961874382923
0.9100204498977505	0.0014611766520163465
0.9107021131561008	0.0014836562928165979
0.9113837764144512	0.0014390777181474855
0.9120654396728016	0.0014494509043927646
0.912747102931152	0.00145382217847769
0.9134287661895024	0.001476898720993209
0.9141104294478528	0.0015005291005291007
0.9147920927062031	0.0015247311827956988
0.9154737559645535	0.0015232974910394264
0.9161554192229039	0.0014749655693278244
0.9168370824812543	0.0014722485661382827
0.9175187457396047	0.0014967860422405877
0.918200408997955	0.0014589169000933707
0.9188820722563054	0.001448036841855386
0.9195637355146558	0.0014583031532184076
0.9202453987730062	0.0014097652028686515
0.9209270620313565	0.0013293353323338328
0.9216087252897068	0.001286549707602339
0.9222903885480572	0.001286032189618589
0.9229720518064076	0.0012931942688579857
0.923653715064758	0.0013164950664950664
0.9243353783231084	0.001324051324051324
0.9250170415814588	0.001306644425910481
0.9256987048398091	0.0013138520783780724
0.9263803680981595	0.001321103034498673
0.9270620313565099	0.0013460295068477048
0.9277436946148603	0.001353698712189278
0.9284253578732107	0.0013064713064713065
0.929107021131561	0.0013318396813542445
0.9297886843899114	0.0013389174440002537
0.9304703476482618	0.00132660324856015
0.9311520109066121	0.0013036303630363033
0.9318336741649625	0.0012794612794612796
0.9325153374233128	0.0012471655328798188
0.9331970006816632	0.0012728802861350728
0.9338786639400136	0.0012671821305841925
0.934560327198364	0.0012499999999999998
0.9352419904567144	0.0012541993281075027
0.9359236537150648	0.0012354152367879206
0.9366053169734151	0.001262272089761571
0.9372869802317655	0.0012223283962414394
0.9379686434901159	0.0012006512006512004
0.9386503067484663	0.0012276321265085308
0.9393319700068167	0.0012299965951651343
0.940013633265167	0.0012321490769766634
0.9406952965235174	0.0011939766550833112
0.9413769597818678	0.0011947104423164615
0.9420586230402181	0.0012231559290382821
0.9427402862985685	0.001252629565882578
0.9434219495569189	0.001214614555784112
0.9441036128152692	0.001244605038642979
0.9447852760736196	0.0012448559670781892
0.94546693933197	0.0012447257383966246
0.9461486025903204	0.0012766417829708967
0.9468302658486708	0.0012765012765012765
0.9475119291070211	0.0012132604237867395
0.9481935923653715	0.0012105263157894737
0.9488752556237219	0.001243243243243243
0.9495569188820723	0.0012402813772676787
0.9502385821404227	0.0012747336377473364
0.950920245398773	0.001310641627543036
0.9516019086571234	0.0012676056338028169
0.9522835719154737	0.0012008281573498965
0.9529652351738241	0.0012361466325660699
0.9536468984321745	0.0012291483757682175
0.9543285616905249	0.001153324287652646
0.9550102249488752	0.0011421911421911422
0.9556918882072256	0.0010576923076923077
0.956373551465576	0.0010912698412698413
0.9570552147239264	0.001075268817204301
0.9577368779822768	0.0011105235325224749
0.9584185412406271	0.0010655737704918032
0.9591002044989775	0.0010451977401129942
0.9597818677573279	0.0009643483343074225
0.9604635310156783	0.0008771929824561403
0.9611451942740287	0.0008458646616541353
0.961826857532379	0.0008766233766233766
0.9625085207907293	0.0008417508417508417
0.9631901840490797	0.0008735150244584208
0.9638718473074301	0.0009071117561683599
0.9645535105657805	0.0008672699849170438
0.9652351738241309	0.000784313725490196
0.9659168370824812	0.0008163265306122449
0.9665985003408316	0.0006802721088435373
0.967280163599182	0.0006205673758865249
0.9679618268575324	0.0006475485661424608
0.9686434901158828	0.0006763285024154589
0.9693251533742331	0.0007070707070707071
0.9700068166325835	0.0007399577167019028
0.9706884798909339	0.0007751937984496124
0.9713701431492843	0.0006968641114982578
0.9720518064076347	0.0007317073170731707
0.972733469665985	0.0007692307692307692
0.9734151329243353	0.0008097165991902834
0.9740967961826857	0.0007112375533428165
0.9747784594410361	0.0007507507507507507
0.9754601226993865	0.0007936507936507937
0.9761417859577369	0.0006722689075630252
0.9768234492160872	0.00071301247771836
0.9775051124744376	0.0007575757575757576
0.978186775732788	0.0006048387096774194
0.9788684389911384	0.0006451612903225806
0.9795501022494888	0.000689655172413793
0.9802317655078391	0.0004926108374384236
0.9809134287661895	0.000529100529100529
0.9815950920245399	0.0005698005698005699
0.9822767552828903	0.0006153846153846154
0.9829584185412407	0.0006666666666666668
0.983640081799591	0.0007246376811594203
0.9843217450579413	0.0007905138339920949
0.9850034083162917	0.0008658008658008658
0.9856850715746421	0.00047619047619047624
0.9863667348329925	0.0005263157894736842
0.9870483980913429	0.0005847953216374269
0.9877300613496932	0.0006535947712418301
0.9884117246080436	0.0007352941176470588
0.989093387866394	0.0008333333333333333
0.9897750511247444	0.0009523809523809525
0.9904567143830948	0.001098901098901099
0.9911383776414451	0.0
0.9918200408997955	0.0
0.9925017041581459	0.0
0.9931833674164963	0.0
0.9938650306748467	0.0
0.994546693933197	0.0
0.9952283571915473	0.0
0.9959100204498977	0.0
0.9965916837082481	0.0
0.9972733469665985	0.0
0.9979550102249489	0.0
0.9986366734832992	0.0
0.9993183367416496	0.0
1.0	0.0
