Fraction_of_nodes	Efficiency
0.0006816632583503749	0.06053671877947062
0.0013633265167007499	0.06039216768098945
0.002044989775051125	0.060474727035303856
0.0027266530334014998	0.06055745580005803
0.0034083162917518746	0.060609049556041794
0.00408997955010225	0.06039541264137302
0.004771642808452625	0.06047820278892802
0.0054533060668029995	0.06056116328658087
0.006134969325153374	0.06064429460200514
0.006816632583503749	0.06072759720448042
0.007498295841854124	0.05948968390330283
0.0081799591002045	0.059571512904545335
0.008861622358554875	0.05965351085761422
0.00954328561690525	0.05973567822794151
0.010224948875255624	0.05981801548256307
0.010906612133605999	0.05990052309012523
0.011588275391956374	0.05998320152089145
0.012269938650306749	0.06006605124674903
0.012951601908657124	0.06014907274121586
0.013633265167007498	0.06023226647944714
0.014314928425357873	0.06017533989970281
0.014996591683708248	0.05884958746950404
0.015678254942058625	0.05879306256725002
0.016359918200409	0.0573762877507126
0.017041581458759374	0.05745592173787528
0.01772324471710975	0.05753572162917789
0.018404907975460124	0.0576156878857855
0.0190865712338105	0.05769582097046671
0.019768234492160874	0.057776121347600275
0.02044989775051125	0.05785658948318189
0.021131561008861623	0.05793722584483092
0.021813224267211998	0.05801803090179721
0.022494887525562373	0.05796206330337759
0.023176550783912748	0.05666938774708104
0.023858214042263123	0.05674859024567933
0.024539877300613498	0.056827958903365595
0.025221540558963872	0.056907494185245745
0.025903203817314247	0.05698719655805421
0.026584867075664622	0.05706706649016081
0.027266530334014997	0.05714710445157758
0.02794819359236537	0.057091616371390756
0.028629856850715747	0.055811612364171946
0.02931152010906612	0.046373430896632706
0.029993183367416496	0.046438653724898006
0.03067484662576687	0.04650401425090068
0.03135650988411725	0.046569512862521666
0.032038173142467624	0.04663514994900866
0.032719836400818	0.04670092590098188
0.033401499659168374	0.046766841110439855
0.03408316291751875	0.046832895970765336
0.034764826175869123	0.04689909087673109
0.0354464894342195	0.04696542622450581
0.03612815269256987	0.04690842544244586
0.03680981595092025	0.046216092121050295
0.03749147920927062	0.035615344070322005
0.038173142467621	0.03566586228886147
0.03885480572597137	0.0357164880692573
0.03953646898432175	0.03576722171708295
0.04021813224267212	0.03581806353899778
0.0408997955010225	0.035869013842751686
0.04158145875937287	0.03582884224753266
0.04226312201772325	0.03577141222048801
0.04294478527607362	0.0346537119373953
0.043626448534423996	0.03468526834801636
0.04430811179277437	0.03471224664545271
0.044989775051124746	0.034508666064457
0.04567143830947512	0.03455314899357998
0.046353101567825496	0.034596616095166496
0.04703476482617587	0.034615253418999306
0.047716428084526245	0.03464980437280268
0.04839809134287662	0.03468041354826273
0.049079754601226995	0.034508174281047105
0.04976141785957737	0.03455668944855076
0.050443081117927745	0.034606339864425115
0.05112474437627812	0.034544577217879145
0.051806407634628494	0.03348087187011802
0.05248807089297887	0.033528044580571154
0.053169734151329244	0.03357635588400137
0.05385139740967962	0.033623732805110114
0.054533060668029994	0.033672251900066986
0.05521472392638037	0.03370003852457282
0.05589638718473074	0.03374873800220948
0.05657805044308112	0.033797543118626275
0.05725971370143149	0.03379544193978129
0.05794137695978187	0.033839669733312434
0.05862304021813224	0.03387034754911668
0.05930470347648262	0.03382184883063827
0.05998636673483299	0.03365749539989256
0.06066802999318337	0.033705326635905586
0.06134969325153374	0.033754316936248474
0.06203135650988412	0.03358949838909394
0.0627130197682345	0.032473817400353426
0.06339468302658487	0.03252112084886086
0.06407634628493525	0.03254251586915643
0.06475800954328562	0.03246461276710956
0.065439672801636	0.03251200636239001
0.06612133605998637	0.03255683790197238
0.06680299931833675	0.03260443561820334
0.06748466257668712	0.03265213779174862
0.0681663258350375	0.03269298288687559
0.06884798909338787	0.032699588751568615
0.06952965235173825	0.03274753536264129
0.07021131561008861	0.032795587505506506
0.070892978868439	0.03284374549009609
0.07157464212678936	0.032892009627480505
0.07225630538513975	0.03294038022987386
0.07293796864349011	0.032988857610638946
0.0736196319018405	0.03302750812884056
0.07430129516019086	0.033005279009450154
0.07498295841854125	0.03305395936197147
0.07566462167689161	0.03310274749387106
0.076346284935242	0.03315164372355181
0.07702794819359236	0.03320064837059328
0.07770961145194274	0.033249761755756876
0.07839127471029311	0.033297889241745524
0.0790729379686435	0.0333472194480296
0.07975460122699386	0.03339391384031448
0.08043626448534424	0.0334434597065464
0.08111792774369461	0.03349311591991915
0.081799591002045	0.033541779702121986
0.08248125426039536	0.03359165595446715
0.08316291751874574	0.03364053714722112
0.08384458077709611	0.03369063474535548
0.0845262440354465	0.033738070111450906
0.08520790729379686	0.03378838788939491
0.08588957055214724	0.03383881831908057
0.08657123381049761	0.03388657507289281
0.08725289706884799	0.03393722765147711
0.08793456032719836	0.033987993885809906
0.08861622358554874	0.03403719460310233
0.08929788684389911	0.03408706530214218
0.08997955010224949	0.03413536276260114
0.09066121336059986	0.034186578610707063
0.09134287661895024	0.03423790980982224
0.09202453987730061	0.03428710050600306
0.09270620313565099	0.03433583556390348
0.09338786639400136	0.034384678507945333
0.09406952965235174	0.03443646266232477
0.09475119291070211	0.03448836388713611
0.09543285616905249	0.03453754098386399
0.09611451942740286	0.03458967312119812
0.09679618268575324	0.03464192338271051
0.09747784594410361	0.03469315034623834
0.09815950920245399	0.03474563620152766
0.09884117246080436	0.034798241252551924
0.09952283571915474	0.03485096586051034
0.10020449897750511	0.03490381038797131
0.10088616223585549	0.0349567751988787
0.10156782549420586	0.03500870845606544
0.10224948875255624	0.03506191318016281
0.1029311520109066	0.03511408357523615
0.10361281526925699	0.03516752966895797
0.10429447852760736	0.03521935903248815
0.10497614178595774	0.03527188608189287
0.1056578050443081	0.03532569521397814
0.10633946830265849	0.03537846302879876
0.10702113156100886	0.035432517212188826
0.10770279481935924	0.03548552726612123
0.1083844580777096	0.03553982799644429
0.10906612133605999	0.0355942534604511
0.10974778459441036	0.03552758897285185
0.11042944785276074	0.03437313703884367
0.1111111111111111	0.03442471994885627
0.11179277436946149	0.034477599703001974
0.11247443762781185	0.03452253323691367
0.11315610088616224	0.03452696432433146
0.1138377641445126	0.03446444151169009
0.11451942740286299	0.03336635539918775
0.11520109066121335	0.033417806988083956
0.11588275391956374	0.033469377677880385
0.1165644171779141	0.03352106783645626
0.11724608043626449	0.033572877833112295
0.11792774369461487	0.033624808038577286
0.11860940695296524	0.033676858825014706
0.11929107021131562	0.02505987453482977
0.11997273346966598	0.02509872705348842
0.12065439672801637	0.025137669996938363
0.12133605998636673	0.025176703646001934
0.12201772324471712	0.02520919240639142
0.12269938650306748	0.025215771211099712
0.12338104976141787	0.025255017547615045
0.12406271301976823	0.025294355581178308
0.12474437627811862	0.02533378559767274
0.125426039536469	0.02533378954576386
0.12610770279481937	0.025373342691034372
0.12678936605316973	0.025412988538989115
0.1274710293115201	0.025452727379550472
0.1281526925698705	0.02549255950377512
0.12883435582822086	0.025532485203859343
0.12951601908657123	0.025572504773144388
0.1301976823449216	0.02561261850612187
0.130879345603272	0.02565282669843917
0.13156100886162236	0.025693129646904907
0.13224267211997273	0.025733527649494378
0.1329243353783231	0.025772783926642277
0.1336059986366735	0.02581337098794408
0.13428766189502386	0.02584309201301981
0.13496932515337423	0.025806999049326568
0.1356509884117246	0.02584773622225368
0.136332651670075	0.02588732306307459
0.13701431492842536	0.025928251637087358
0.13769597818677573	0.02596802653867455
0.1383776414451261	0.026009147720841893
0.1390593047034765	0.02604911187628321
0.13974096796182686	0.02609042688322418
0.14042263122017723	0.02611862323570284
0.1411042944785276	0.026060093704762387
0.141785957736878	0.026101524696343883
0.14246762099522836	0.026143054568573548
0.14314928425357873	0.0261846836363579
0.1438309475119291	0.026226412215858072
0.1445126107702795	0.026223549638307666
0.14519427402862986	0.026265406860395947
0.14587593728698023	0.026307364379342266
0.1465576005453306	0.026349422515840014
0.147239263803681	0.02639158159186536
0.14792092706203136	0.026433841930683398
0.14860259032038173	0.02646914692926111
0.1492842535787321	0.026476900788995988
0.1499659168370825	0.026519399827180573
0.15064758009543286	0.02656071200647196
0.15132924335378323	0.026603414115807123
0.1520109066121336	0.02664492587058574
0.152692569870484	0.026687832353469127
0.15337423312883436	0.026723705828035783
0.15405589638718473	0.02673171721184778
0.1547375596455351	0.02677486768353761
0.1554192229038855	0.026818122720183066
0.15610088616223586	0.02686017667051053
0.15678254942058623	0.026903639739556662
0.1574642126789366	0.02694000217121969
0.158145875937287	0.026948231756297705
0.15882753919563736	0.02699194340553744
0.15950920245398773	0.027035761495481495
0.1601908657123381	0.027079686371997307
0.1608725289706885	0.02712371838235828
0.16155419222903886	0.027167857875250643
0.16223585548738922	0.02721210520078037
0.1629175187457396	0.02725646071048009
0.16359918200409	0.02730092475731611
0.16428084526244036	0.0273454976956954
0.16496250852079072	0.027390179881472684
0.1656441717791411	0.02743497167195751
0.1663258350374915	0.027479873425921435
0.16700749829584186	0.02752488550360517
0.16768916155419222	0.027570008266725836
0.1683708248125426	0.027615242078484203
0.169052488070893	0.02766058730357203
0.16973415132924335	0.027706044308179377
0.17041581458759372	0.02774418038470909
0.1710974778459441	0.0277533001098393
0.17177914110429449	0.027790434673401886
0.17246080436264485	0.02778736195852893
0.17314246762099522	0.027825733491965696
0.1738241308793456	0.02783489700273198
0.17450579413769599	0.027873398153028115
0.17518745739604635	0.02788259475942422
0.17586912065439672	0.027928757995780887
0.17655078391274712	0.027975035970918882
0.17723244717109748	0.028021429065398017
0.17791411042944785	0.028067937661357185
0.17859577368779822	0.02811456214252223
0.17927743694614862	0.028161302894213872
0.17995910020449898	0.028208160303355656
0.18064076346284935	0.02825513475848198
0.18132242672119972	0.028302226649746114
0.18200408997955012	0.028349436368928345
0.18268575323790048	0.028396764309444083
0.18336741649625085	0.028444210866352095
0.18404907975460122	0.028491776436362717
0.18473074301295161	0.028535963006125157
0.18541240627130198	0.028583761939133742
0.18609406952965235	0.028631681070632707
0.18677573278800272	0.028578137502853193
0.18745739604635311	0.028404138085281326
0.18813905930470348	0.02725137578122054
0.18882072256305385	0.0272972149330813
0.18950238582140422	0.02733963009755965
0.1901840490797546	0.027385695186182328
0.19086571233810498	0.027431876796951606
0.19154737559645535	0.027377260863727323
0.19222903885480572	0.027202694896535755
0.1929107021131561	0.02724725635097691
0.19359236537150648	0.027293359999624928
0.19427402862985685	0.027337431675266977
0.19495569188820722	0.027382331152596574
0.1956373551465576	0.027420874518505875
0.19631901840490798	0.02742854873100173
0.19700068166325835	0.02747515629044268
0.19768234492160872	0.02739503526864241
0.1983640081799591	0.022534821730144764
0.19904567143830948	0.022563787499883352
0.19972733469665985	0.022546344908883822
0.20040899795501022	0.02248091574764556
0.2010906612133606	0.021416293774368978
0.20177232447171098	0.021405459992167458
0.20245398773006135	0.021394557823158397
0.20313565098841171	0.021383586963647172
0.2038173142467621	0.017672856329571978
0.20449897750511248	0.017655401218735867
0.20518064076346285	0.01763786015589081
0.2058623040218132	0.01762023277521666
0.2065439672801636	0.01760251870913901
0.20722563053851398	0.01757953779778987
0.20790729379686435	0.017609821239302
0.2085889570552147	0.017640183000059418
0.2092706203135651	0.017600333861801213
0.20995228357191548	0.017630731675034032
0.21063394683026584	0.017607469183717524
0.2113156100886162	0.0175893335116469
0.2119972733469666	0.017565865918572267
0.21267893660531698	0.01754754241385814
0.21336059986366734	0.017529128937365503
0.2140422631220177	0.017543249336341972
0.2147239263803681	0.017573732827803903
0.21540558963871848	0.017555189204466252
0.21608725289706884	0.016482044878352548
0.2167689161554192	0.016510759242252118
0.2174505794137696	0.016539548709108703
0.21813224267211997	0.016568413541061772
0.21881390593047034	0.016597354001395503
0.2194955691888207	0.016626370354544798
0.2201772324471711	0.016655462866101305
0.22085889570552147	0.01668463180281952
0.22154055896387184	0.016713877432622887
0.2222222222222222	0.016743200024609946
0.2229038854805726	0.016772599849060533
0.22358554873892297	0.00911138213908867
0.22426721199727334	0.009127409196501316
0.2249488752556237	0.009143478578889523
0.2256305385139741	0.0091595904354162
0.22631220177232447	0.009175744915901944
0.22699386503067484	0.009191942170828513
0.2276755282890252	0.009208182351342345
0.2283571915473756	0.009224465609258069
0.22903885480572597	0.009240792097062066
0.22972051806407634	0.009257161967916028
0.2304021813224267	0.00927357537566056
0.2310838445807771	0.009290032474818787
0.23176550783912747	0.009306533420599993
0.23244717109747784	0.009323078368903281
0.2331288343558282	0.00933966747632126
0.2338104976141786	0.009356300900143737
0.23449216087252897	0.009372978798361463
0.23517382413087934	0.009389701329669868
0.23585548738922973	0.00940646865347285
0.2365371506475801	0.009423280929886563
0.23721881390593047	0.009438539652392356
0.23790047716428084	0.009455439454813828
0.23858214042263123	0.009470780286905404
0.2392638036809816	0.009487768233608373
0.23994546693933197	0.009503191765470239
0.24062713019768234	0.009520268480232987
0.24130879345603273	0.009537391265269379
0.2419904567143831	0.009554560286448981
0.24267211997273347	0.009571775710388529
0.24335378323108384	0.009589037704455957
0.24403544648943423	0.009606346436774469
0.2447171097477846	0.009623702076226636
0.24539877300613497	0.009641104792458511
0.24608043626448534	0.009658554755883775
0.24676209952283573	0.009676052137687912
0.2474437627811861	0.009693597109832405
0.24812542603953647	0.00971118984505896
0.24880708929788684	0.009728830516893765
0.24948875255623723	0.009746519299651753
0.2501704158145876	0.009764256368440928
0.250852079072938	0.009782041899166686
0.25153374233128833	0.009799876068536178
0.25221540558963873	0.009817759054062705
0.25289706884798907	0.009835691034070124
0.25357873210633947	0.00985367218769731
0.25426039536468986	0.00987170269490261
0.2549420586230402	0.009889782736468367
0.2556237218813906	0.00990791249400543
0.256305385139741	0.009926092149957735
0.25698704839809133	0.009944321887606876
0.25766871165644173	0.009962601891076742
0.25835037491479207	0.009980932345338152
0.25903203817314246	0.009999313436213545
0.25971370143149286	0.010016048004182461
0.2603953646898432	0.010034527797548112
0.2610770279481936	0.010007061091583343
0.261758691206544	0.010022144897541298
0.26244035446489433	0.010036412443985666
0.2631220177232447	0.01004728948145431
0.26380368098159507	0.010056473349644959
0.26448534423994546	0.010028705824131377
0.26516700749829586	0.010047329233275538
0.2658486707566462	0.010064278720499515
0.2665303340149966	0.010083002959979515
0.267211997273347	0.010099181086837567
0.26789366053169733	0.010116269777220377
0.2685753237900477	0.010135143414864446
0.26925698704839807	0.01015406991984085
0.26993865030674846	0.010173049489784477
0.27062031356509886	0.010182465509567256
0.2713019768234492	0.010154235576502522
0.2719836400817996	0.010173268820319771
0.27266530334015	0.010109913554720228
0.27334696659850033	0.009330416520384938
0.2740286298568507	0.009347954897302954
0.27471029311520107	0.009365542771051408
0.27539195637355146	0.009383180328059036
0.27607361963190186	0.004674914512132252
0.2767552828902522	0.004683735105551369
0.2774369461486026	0.004692580686487255
0.278118609406953	0.004701451349410671
0.27880027266530333	0.004710347189239262
0.2794819359236537	0.004719268301340095
0.28016359918200406	0.004728214781532208
0.28084526244035446	0.004737186726089196
0.28152692569870486	0.004746184231741787
0.2822085889570552	0.004744374685227978
0.2828902522154056	0.004694614149668618
0.283571915473756	0.0046050171416488215
0.2842535787321063	0.004611981176328074
0.2849352419904567	0.004573906567990265
0.28561690524880706	0.004521278534817679
0.28629856850715746	0.0025557862672371764
0.28698023176550785	0.0025012121822024203
0.2876618950238582	0.0024464243157528076
0.2883435582822086	0.0023914217387950285
0.289025221540559	0.0023297626255283804
0.2897068847989093	0.0022678621803558837
0.2903885480572597	0.00220571935269341
0.29107021131561006	0.0021433330865477107
0.29175187457396046	0.0020598396635270644
0.29243353783231085	0.0020034262165019474
0.2931152010906612	0.0019467911222973866
0.2937968643490116	0.0018899334116725377
0.294478527607362	0.00183285211037292
0.2951601908657123	0.0017755462391000256
0.2958418541240627	0.0017048822951139528
0.2965235173824131	0.001647098850367296
0.29720518064076346	0.0015759042498093092
0.29788684389911385	0.001517638955720985
0.2985685071574642	0.0014695427921029452
0.2992501704158146	0.0014108373525701027
0.299931833674165	0.0013718299860871494
0.3006134969325153	0.0013126990919032004
0.3012951601908657	0.001253334603658537
0.3019768234492161	0.0011937354899804501
0.30265848670756645	0.0011339007141039845
0.30334014996591685	0.0010738292338388945
0.3040218132242672	0.0010135200015363643
0.3047034764826176	0.0009462371798572224
0.305385139740968	0.0008854360471281408
0.3060668029993183	0.0008103884262237443
0.3067484662576687	0.0007490767193923767
0.3074301295160191	0.0006807338737830184
0.30811179277436945	0.0006189213085764809
0.30879345603271985	0.0006201432657503733
0.3094751192910702	0.000621368845326955
0.3101567825494206	0.0006225980616381854
0.310838445807771	0.0006238309290869738
0.3115201090661213	0.0006250674621476022
0.3122017723244717	0.000626307675366149
0.3128834355828221	0.0006275515833609179
0.31356509884117245	0.0006287992008228681
0.31424676209952285	0.0006300505425160479
0.3149284253578732	0.000631305623278032
0.3156100886162236	0.0006325644580203611
0.316291751874574	0.0006338270617289846
0.3169734151329243	0.0006350934494647069
0.3176550783912747	0.0006363636363636363
0.3183367416496251	0.0006376376376376375
0.31901840490797545	0.0006389154685747871
0.31970006816632585	0.0006401971445398318
0.3203817314246762	0.0006414826809746508
0.3210633946830266	0.0006427720933987204
0.321745057941377	0.000644065397409583
0.3224267211997273	0.0006433363524551133
0.3231083844580777	0.000644633401552805
0.3237900477164281	0.0006459343771361609
0.32447171097477845	0.0006472392950697693
0.32515337423312884	0.000648548171298424
0.3258350374914792	0.000649861021847611
0.3265167007498296	0.0006491269089253411
0.32719836400818	0.0006504435963673803
0.3278800272665303	0.0006497050071560217
0.3285616905248807	0.0006510255457884527
0.3292433537832311	0.0006523501145489582
0.32992501704158145	0.0006536787298535386
0.33060668029993184	0.0006550114082018639
0.3312883435582822	0.000656348166177786
0.3319700068166326	0.000657689020449855
0.332651670074983	0.0006590339877718383
0.3333333333333333	0.0006603830849832444
0.3340149965916837	0.0006617363290098493
0.3346966598500341	0.0006630937368642285
0.33537832310838445	0.0006644553256462906
0.33605998636673484	0.0006658211125438164
0.3367416496250852	0.0006671911148330012
0.3374233128834356	0.0006685653498790012
0.338104976141786	0.0006699438351364837
0.3387866394001363	0.0006713265881501813
0.3394683026584867	0.0006727136265554502
0.3401499659168371	0.0006741049680788327
0.34083162917518744	0.0006755006305386233
0.34151329243353784	0.0006769006318454391
0.3421949556918882	0.0006783049900027948
0.3428766189502386	0.0006797137231076811
0.34355828220858897	0.0006789679686875948
0.3442399454669393	0.0006803810133674858
0.3449216087252897	0.0006774627124523067
0.3456032719836401	0.0006734445603058742
0.34628493524199044	0.0006726735617520861
0.34696659850034084	0.000674079358119384
0.3476482617586912	0.0006754895659815585
0.3483299250170416	0.0006747135753247607
0.34901158827539197	0.000676128069193366
0.3496932515337423	0.0006775470158233626
0.3503749147920927	0.0006789704339238319
0.3510565780504431	0.0006803983423022206
0.35173824130879344	0.0006818307598649621
0.35241990456714384	0.0006832677056181021
0.35310156782549423	0.0006847091986679294
0.3537832310838446	0.0006861552582216104
0.35446489434219497	0.0006876059035878293
0.3551465576005453	0.0006890611541774332
0.3558282208588957	0.0006905210295040803
0.3565098841172461	0.0006874921365278502
0.35719154737559644	0.0006833230891156876
0.35787321063394684	0.0006847754229926604
0.35855487389229723	0.0006862323919777512
0.3592365371506476	0.0006876940158158294
0.35991820040899797	0.0006891603143570146
0.3605998636673483	0.0006906313075573497
0.3612815269256987	0.0006921070154794808
0.3619631901840491	0.0006913021618903972
0.36264485344239944	0.0006927824663055801
0.36332651670074984	0.0006942675305420336
0.36400817995910023	0.0006957573750281753
0.36468984321745057	0.0006949470549457642
0.36537150647580097	0.0006964415647413465
0.3660531697341513	0.0006956260055325995
0.3667348329925017	0.0006971251995100405
0.3674164962508521	0.0006951419112450248
0.36809815950920244	0.0006943133869678776
0.36877982276755283	0.0006934796567625942
0.36946148602590323	0.0006949806949806949
0.37014314928425357	0.0006964866119795697
0.37082481254260397	0.0006979974289252955
0.3715064758009543	0.0006995131670988575
0.3721881390593047	0.0007010338478968984
0.3728698023176551	0.0007025594928324739
0.37355146557600544	0.0007040901235358125
0.37423312883435583	0.0007056257617550837
0.37491479209270623	0.000707166429357169
0.37559645535105657	0.0007087121483284416
0.37627811860940696	0.0007102629407755497
0.3769597818677573	0.0007118188289262081
0.3776414451261077	0.0007133798351299937
0.3783231083844581	0.0007149459818591484
0.37900477164280844	0.0007165172917093883
0.37968643490115883	0.0007180937874007181
0.3803680981595092	0.0007196754917782527
0.38104976141785957	0.0007188339347901053
0.38173142467620996	0.0007204207646682292
0.3824130879345603	0.0007220128547558938
0.3830947511929107	0.0007236102283283626
0.3837764144512611	0.0007252129087897764
0.38445807770961143	0.000726820919674011
0.38513974096796183	0.0007259733580082244
0.3858214042263122	0.0007275866321371316
0.38650306748466257	0.0007292052898282042
0.38718473074301296	0.0007308293550616745
0.3878663940013633	0.0007324588519514441
0.3885480572597137	0.0007340938047459786
0.3892297205180641	0.0007357342378292099
0.38991138377641443	0.0007373801757214453
0.39059304703476483	0.0007390316430802839
0.3912747102931152	0.0007406886647015401
0.39195637355146556	0.0007423512655201744
0.39263803680981596	0.0007414973707108539
0.3933197000681663	0.0007431655312748828
0.3940013633265167	0.0007423058604160966
0.3946830265848671	0.0007439796053099323
0.39536468984321743	0.0007431141061889698
0.3960463531015678	0.0007447934601012613
0.3967280163599182	0.0007439220799141038
0.39740967961826856	0.0007456070676375786
0.39809134287661896	0.0007447297529808451
0.3987730061349693	0.0007464203994121296
0.3994546693933197	0.0007481168094107935
0.4001363326516701	0.0007498190092046748
0.40081799591002043	0.0007515270251709724
0.4014996591683708	0.0007532408838372689
0.4021813224267212	0.0007549606118825593
0.40286298568507156	0.0007566862361382909
0.40354464894342196	0.0007584177835894083
0.4042263122017723	0.0007601552813754093
0.4049079754601227	0.0007618987567914079
0.4055896387184731	0.0007636482372892067
0.40627130197682343	0.0007654037504783774
0.4069529652351738	0.0007671653241273494
0.4076346284935242	0.0007689329861645093
0.40831629175187456	0.0007707067646793062
0.40899795501022496	0.0007724866879233693
0.4096796182685753	0.0007635931597004365
0.4103612815269257	0.0007292335688289446
0.4110429447852761	0.0007309235655122097
0.4117246080436264	0.0007326194438544654
0.4124062713019768	0.0007316264743688206
0.4130879345603272	0.0007333279312859574
0.41376959781867756	0.0007323280179765547
0.41445126107702795	0.0007340350762935164
0.41513292433537835	0.0007330281542650271
0.4158145875937287	0.0007347408368684501
0.4164962508520791	0.0007337268404656501
0.4171779141104294	0.0007354451703028062
0.4178595773687798	0.0007371695435039851
0.4185412406271302	0.0007388999884417878
0.41922290388548056	0.0007406365336555172
0.41990456714383095	0.0007423792078523536
0.42058623040218135	0.0007371994734289475
0.4212678936605317	0.0007389381514323177
0.4219495569188821	0.0007406829876812724
0.4226312201772324	0.0007424340112928121
0.4233128834355828	0.000744191251556227
0.4239945466939332	0.0007459547379343223
0.42467620995228356	0.0007477245000646528
0.42535787321063395	0.0007495005677607685
0.42603953646898435	0.0007512829710134694
0.4267211997273347	0.000753071739992073
0.4274028629856851	0.0007548669050456893
0.4280845262440354	0.0007566684967045096
0.4287661895023858	0.0007584765456811034
0.4294478527607362	0.000760291082871728
0.43012951601908656	0.0007549494312809787
0.43081117927743695	0.0007567598615718204
0.43149284253578735	0.0007585768120197719
0.4321745057941377	0.0007604003139717425
0.4328561690524881	0.0007622303989632509
0.4335378323108384	0.0007640670987197889
0.4342194955691888	0.0007659104451581961
0.4349011588275392	0.0007677604703880468
0.43558282208588955	0.0007696172067130482
0.43626448534423995	0.0007714806866324502
0.43694614860259035	0.0007733509428424683
0.4376278118609407	0.000775228008237717
0.4383094751192911	0.0007771119159126567
0.4389911383776414	0.0007760463321833065
0.4396728016359918	0.0007779368226392951
0.4403544648943422	0.0007768634324589287
0.44103612815269255	0.0007787605348580958
0.44171779141104295	0.0007806645948455239
0.44239945466939334	0.0006853148108800459
0.4430811179277437	0.0005894952840377278
0.4437627811860941	0.0005879345603271984
0.4444444444444444	0.000589379116986479
0.4451261077027948	0.0005772293595171825
0.4458077709611452	0.000480189530959349
0.44648943421949555	0.0004813737221577691
0.44717109747784595	0.0004825622992495167
0.44785276073619634	0.00048375528392009646
0.4485344239945467	0.0004849526979892056
0.4492160872528971	0.00048615456341173153
0.4498977505112474	0.00048736090227875816
0.4505794137695978	0.0004885717368185811
0.4512610770279482	0.0004866969500324465
0.45194274028629855	0.00048790914667013623
0.45262440354464895	0.0004860203165809014
0.45330606680299934	0.00048723385045501105
0.4539877300613497	0.0004884519350811486
0.4546693933197001	0.000489674593241552
0.4553510565780504	0.0004909018478612049
0.4560327198364008	0.0004921337220089118
0.4567143830947512	0.0004933702388983815
0.45739604635310155	0.000491450965519421
0.45807770961145194	0.0004926888772713591
0.45875937286980234	0.0004939314721698997
0.4594410361281527	0.0004951787738672985
0.4601226993865031	0.0004964308061653195
0.4608043626448534	0.0004944870297172302
0.4614860259032038	0.0004925318060034333
0.4621676891615542	0.0004905650666203444
0.46284935241990455	0.0004885867426905489
0.46353101567825494	0.0004898299659543924
0.46421267893660534	0.0004910779403899451
0.4648943421949557	0.0004923306902378786
0.4655760054533061	0.0004935882398936586
0.4662576687116564	0.0004948506139087319
0.4669393319700068	0.0004961178369917249
0.4676209952283572	0.0004973899340096523
0.46830265848670755	0.0004986669299891379
0.46898432174505794	0.0004999488501176447
0.46966598500340834	0.0005012357197447172
0.4703476482617587	0.0005025275643832345
0.4710293115201091	0.000503824409710675
0.47171097477845947	0.0005051262815703926
0.4723926380368098	0.0005064332059729033
0.4730743012951602	0.0005043937555717914
0.47375596455351054	0.0005057021699831321
0.47443762781186094	0.0005070156821129583
0.47511929107021134	0.0005083343184773614
0.4758009543285617	0.0005096581057650629
0.47648261758691207	0.0005109870708387658
0.47716428084526247	0.0005123212407365171
0.4778459441036128	0.0005136606426730831
0.4785276073619632	0.0005150053040413373
0.47920927062031354	0.0005163552524136606
0.47989093387866394	0.0005177105155433553
0.48057259713701433	0.000519071121366071
0.4812542603953647	0.0005204370980012449
0.48193592365371507	0.0005218084737535539
0.48261758691206547	0.0005231852771143812
0.4832992501704158	0.0005245675367632963
0.4839809134287662	0.0005259552815695484
0.48466257668711654	0.0005273485405935737
0.48534423994546694	0.0005287473430885169
0.48602590320381733	0.0005301517185017666
0.4867075664621677	0.0005315616964765053
0.48738922972051807	0.0005329773068532736
0.48807089297886846	0.0005343985796715491
0.4887525562372188	0.0005358255451713396
0.4894342194955692	0.0005372582337947923
0.49011588275391954	0.0005386966761878172
0.49079754601226994	0.0005401409032017256
0.49147920927062033	0.0005415909458948846
0.49216087252897067	0.000543046835534387
0.49284253578732107	0.0005445086035977365
0.49352419904567146	0.0005459762817745499
0.4942058623040218	0.0005474499019682734
0.4948875255623722	0.0005489294962979173
0.49556918882072254	0.0005504150970998061
0.49625085207907293	0.0005519067369293449
0.49693251533742333	0.0005534044485628032
0.49761417859577367	0.0005549082649991151
0.49829584185412407	0.0005564182194616978
0.49897750511247446	0.0005579343454002855
0.4996591683708248	0.0005594566764927829
0.5003408316291752	0.0005609852466471346
0.5010224948875256	0.0005550447399699491
0.501704158145876	0.0005471956224350205
0.5023858214042263	0.0005449386474246951
0.5030674846625767	0.0005464357316209168
0.5037491479209271	0.0005479389936061188
0.5044308111792775	0.0005494484674177059
0.5051124744376279	0.0005509641873278236
0.5057941376959781	0.0005524861878453039
0.5064758009543285	0.0005501937140368171
0.5071574642126789	0.0005517177963471684
0.5078391274710293	0.0005532482201927916
0.5085207907293797	0.0005547850208044383
0.50920245398773	0.0005563282336578582
0.5098841172460804	0.0005540037424308754
0.5105657805044308	0.0005555490806245459
0.5112474437627812	0.0005493092728080223
0.5119291070211316	0.0005410790326991445
0.512610770279482	0.000542594660241719
0.5132924335378323	0.0005441166648987786
0.5139740967961827	0.0005417054068109113
0.5146557600545331	0.0005432291913589027
0.5153374233128835	0.0005407975277827302
0.5160190865712339	0.0005423230497228789
0.5167007498295841	0.000539870749762935
0.5173824130879345	0.0005413979654624058
0.5180640763462849	0.000538924794948131
0.5187457396046353	0.0005404536596146505
0.5194274028629857	0.0005419890393294649
0.520109066121336	0.0005435309711625501
0.5207907293796864	0.0005450794924479135
0.5214723926380368	0.0005466346407858534
0.5221540558963872	0.0005481964540452415
0.5228357191547376	0.0005497649703658287
0.523517382413088	0.0005513402281605732
0.5241990456714383	0.0005529222661179924
0.5248807089297887	0.0005545111232045383
0.5255623721881391	0.0005561068386669974
0.5262440354464895	0.0005577094520349138
0.5269256987048399	0.0005593190031230377
0.5276073619631901	0.0005567650076320597
0.5282890252215405	0.0005583764837757125
0.5289706884798909	0.0005558002474884121
0.5296523517382413	0.0005574136008918618
0.5303340149965917	0.0005590339892665474
0.5310156782549421	0.0005606614535730003
0.5316973415132924	0.0005622960350702976
0.5323790047716428	0.000563937775318678
0.5330606680299932	0.000565586716182183
0.5337423312883436	0.0005672428998313255
0.534423994546694	0.0005689063687457868
0.5351056578050443	0.0005705771657171402
0.5357873210633947	0.0005722553338516023
0.5364689843217451	0.0005739409165728147
0.5371506475800955	0.000571289550397296
0.5378323108384458	0.00057297725955652
0.5385139740967961	0.0005703023257846574
0.5391956373551465	0.000571992110453649
0.5398773006134969	0.0005736894164193868
0.5405589638718473	0.0005753942883849718
0.5412406271301977	0.0005726844972758792
0.5419222903885481	0.0005743914555389965
0.5426039536468984	0.0005761060568988144
0.5432856169052488	0.0005733663520960221
0.5439672801635992	0.0005750830178208606
0.5446489434219496	0.0005768074046808931
0.5453306066803	0.0005785395590493042
0.5460122699386503	0.0005802795276479487
0.5466939331970007	0.0005820273575505028
0.547375596455351	0.0005837830961856476
0.5480572597137015	0.0005809900069718801
0.5487389229720518	0.0005827479192471354
0.5494205862304021	0.0005799293998991427
0.5501022494887525	0.0005816894284269094
0.5507839127471029	0.0005834574814008515
0.5514655760054533	0.0005852336076760442
0.5521472392638037	0.0005870178564799346
0.5528289025221541	0.0005888102774157512
0.5535105657805044	0.0005906109204659524
0.5541922290388548	0.0005924198359957102
0.5548738922972052	0.0005942370747564333
0.5555555555555556	0.0005960626878893255
0.556237218813906	0.000597896726928985
0.5569188820722563	0.0005997392438070404
0.5576005453306067	0.0006015902908558275
0.558282208588957	0.0006034499208121052
0.5589638718473074	0.0006053181868208115
0.5596455351056578	0.0006023951808385533
0.5603271983640081	0.0006042659733256295
0.5610088616223585	0.0006061454942379955
0.5616905248807089	0.000608033797958363
0.5623721881390593	0.0006099309392936465
0.5630538513974097	0.0006118369734789392
0.5637355146557601	0.0006137519561815336
0.5644171779141104	0.0006156759435049867
0.5650988411724608	0.0006176089919932284
0.5657805044308112	0.0006195511586347166
0.5664621676891616	0.0006215025008666369
0.567143830947512	0.00062346307657915
0.5678254942058623	0.0006254329441196844
0.5685071574642127	0.0006274121622972784
0.569188820722563	0.0006294007903869687
0.5698704839809134	0.0006313988881342288
0.5705521472392638	0.0006334065157594569
0.5712338104976141	0.0006354237339625125
0.5719154737559645	0.0006374506039273052
0.5725971370143149	0.000639487187326434
0.5732788002726653	0.0006415335463258786
0.5739604635310157	0.0006435897435897436
0.5746421267893661	0.0006456558422850558
0.5753237900477164	0.0006477319060866155
0.5760054533060668	0.0006498179991819025
0.5766871165644172	0.0006519141862760376
0.5773687798227676	0.0006540205325968003
0.578050443081118	0.0006561371038997025
0.5787321063394683	0.0006582639664731213
0.5794137695978187	0.0006604011871434886
0.580095432856169	0.0006625488332805406
0.5807770961145194	0.000664706972802627
0.5814587593728698	0.000666875674182081
0.5821404226312201	0.0006637238908614016
0.5828220858895705	0.000665896473155547
0.5835037491479209	0.0006680797402806471
0.5841854124062713	0.0006702737624162158
0.5848670756646217	0.0006724786103189007
0.5855487389229721	0.0006746943553281886
0.5862304021813224	0.0006769210693721761
0.5869120654396728	0.0006791588249734064
0.5875937286980232	0.0006814076952547753
0.5882753919563736	0.0006836677539455042
0.588957055214724	0.0006804295245808609
0.5896387184730743	0.0006826938491218954
0.5903203817314246	0.0006849694952856351
0.591002044989775	0.0006622148024485253
0.5916837082481254	0.0006644295676741057
0.5923653715064758	0.0006666554623731815
0.5930470347648262	0.0006688925612402055
0.5937286980231765	0.0006711409395973154
0.5944103612815269	0.0006734006734006734
0.5950920245398773	0.0006756718392468814
0.5957736877982277	0.0006779545143794722
0.5964553510565781	0.0006802487766954772
0.5971370143149284	0.0006825547047520721
0.5978186775732788	0.0006848723777733015
0.5985003408316292	0.0006872018756568842
0.5991820040899796	0.0006895432789810983
0.59986366734833	0.0006918966690117506
0.6005453306066802	0.0006884279921822584
0.6012269938650306	0.0006907856222924716
0.601908657123381	0.0006735747237168792
0.6025903203817314	0.0006758894134891022
0.6032719836400818	0.0006723013802879658
0.6039536468984322	0.0006686845905790649
0.6046353101567825	0.0006709943819109443
0.6053169734151329	0.0006733161617791482
0.6059986366734833	0.0006756500132931141
0.6066802999318337	0.0006779960202837152
0.6073619631901841	0.0006803542673107889
0.6080436264485344	0.0006827248396707569
0.6087252897068848	0.0006851078234043372
0.6094069529652352	0.0006875033053043523
0.6100886162235856	0.000689911372923632
0.610770279481936	0.0006831146751876772
0.6114519427402862	0.0006793492224997173
0.6121336059986366	0.0006662706172595031
0.612815269256987	0.000668620778166944
0.6134969325153374	0.0006709833957576399
0.6141785957736878	0.0006733585582204988
0.6148602590320382	0.0006757463545262452
0.6155419222903885	0.0006781468744357523
0.6162235855487389	0.0006805602085084775
0.6169052488070893	0.0006829864481110032
0.6175869120654397	0.0006854256854256853
0.6182685753237901	0.0006878780134594088
0.6189502385821404	0.000683931666677353
0.6196319018404908	0.0006863874356779899
0.6203135650988412	0.0006823984259629998
0.6209952283571916	0.0006848575193898934
0.621676891615542	0.0006808252295616916
0.6223585548738922	0.0006832875269561281
0.6230402181322426	0.0006792113286334529
0.623721881390593	0.0006816767055068956
0.6244035446489434	0.0006841555298905571
0.6250852079072938	0.0006866478997626538
0.6257668711656442	0.0006891539139953642
0.6264485344239945	0.0006916736723646343
0.6271301976823449	0.0006942072755601091
0.6278118609406953	0.0006967548251951921
0.6284935241990457	0.0006993164238172332
0.6291751874573961	0.0007018921749178492
0.6298568507157464	0.0007044821829433764
0.6305385139740968	0.0007070865533054591
0.6312201772324472	0.0007097053923917756
0.6319018404907976	0.0007123388075769028
0.632583503749148	0.0007080899274207824
0.6332651670074982	0.0007107271338543794
0.6339468302658486	0.0007133791007717464
0.634628493524199	0.0007160459385316408
0.6353101567825494	0.0007187277585261414
0.6359918200408998	0.0007214246731922807
0.6366734832992502	0.0007241367960238306
0.6373551465576005	0.0007268642415832424
0.6380368098159509	0.0007296071255137452
0.6387184730743013	0.0007323655645516044
0.6394001363326517	0.0007351396765385423
0.6400817995910021	0.0007379295804343242
0.6407634628493524	0.0007407353963295117
0.6414451261077028	0.0007435572454583861
0.6421267893660532	0.0007463952502120441
0.6428084526244036	0.0007419516490787635
0.643490115882754	0.0007447943757035864
0.6441717791411042	0.0007402995026265924
0.6448534423994546	0.0007431468084059254
0.645535105657805	0.0007385998715478484
0.6462167689161554	0.0007414516085036316
0.6468984321745058	0.0007443198932560634
0.6475800954328562	0.0007472048540826373
0.6482617586912065	0.0007501066205062592
0.6489434219495569	0.0007530253233097855
0.6496250852079073	0.0007559610945507593
0.6503067484662577	0.0007589140675763482
0.6509884117246081	0.0007618843770384866
0.6516700749829584	0.0007648721589092257
0.6523517382413088	0.0007678775504962954
0.6530334014996592	0.0007709006904588792
0.6537150647580096	0.0007739417188236085
0.65439672801636	0.0007770007770007769
0.6550783912747103	0.00078007800780078
0.6557600545330606	0.0007831735554507831
0.656441717791411	0.0007862875656116212
0.6571233810497614	0.0007894201853949344
0.6578050443081118	0.000792571563380543
0.6584867075664622	0.0007957418496340651
0.6591683708248125	0.0007989311957247829
0.6598500340831629	0.0008021397547437578
0.6605316973415133	0.0008053676813222036
0.6612133605998637	0.0008086151316501157
0.6618950238582141	0.0008118822634951666
0.6625766871165644	0.0008151692362218677
0.6632583503749148	0.000818476210811003
0.6639400136332652	0.0008218033498793405
0.6646216768916156	0.0008251508176996229
0.665303340149966	0.0008285187802208459
0.6659850034083163	0.0008319074050888248
0.6666666666666666	0.0008353168616670577
0.667348329925017	0.0008387473210578876
0.6680299931833674	0.0008421989561239693
0.6687116564417178	0.0008456719415100475
0.6693933197000682	0.0008491664536650477
0.6700749829584185	0.000852682670864489
0.6707566462167689	0.0008562207732332213
0.6714383094751193	0.0008597809427684945
0.6721199727334697	0.0008633633633633633
0.6728016359918201	0.0008669682208304337
0.6734832992501704	0.0008705957029259585
0.6741649625085208	0.0008742459993742854
0.6748466257668712	0.0008779193018926647
0.6755282890252216	0.0008816158042164234
0.676209952283572	0.0008853357021245095
0.6768916155419223	0.0008801586664406799
0.6775732788002726	0.0008838881523154285
0.678254942058623	0.0008786450274089267
0.6789366053169734	0.0008823839424191775
0.6796182685753238	0.0008770735985724871
0.6802999318336742	0.0008808217763441644
0.6809815950920245	0.0008754430595972351
0.6816632583503749	0.0008792003259474378
0.6823449216087253	0.0008737520574707338
0.6830265848670757	0.0008775182301322456
0.6837082481254261	0.0008813088056403763
0.6843899113837764	0.0008757740939166424
0.6850715746421268	0.0008560973853815501
0.6857532379004772	0.0008598195479266874
0.6864349011588275	0.0008635660383315967
0.6871165644171779	0.0008673370690666691
0.6877982276755283	0.0008711328549269171
0.6884798909338786	0.0008749536130625615
0.689161554192229	0.0008787995630100893
0.6898432174505794	0.00088267092672379
0.6905248807089298	0.0008865679286077803
0.6912065439672802	0.0008904907955485227
0.6918882072256305	0.000894439756947851
0.6925698704839809	0.000898415044756508
0.6932515337423313	0.0008793203002557123
0.6939331970006817	0.0008501034043907096
0.6946148602590321	0.0008539069990412272
0.6952965235173824	0.0008577361784091251
0.6959781867757328	0.0008515140827329067
0.6966598500340832	0.0008553497317542262
0.6973415132924335	0.0008592113558253513
0.6980231765507839	0.0008630991900146062
0.6987048398091343	0.0008670134720554889
0.6993865030674846	0.0008709544423830139
0.700068166325835	0.0008749223441706358
0.7007498295841854	0.000878917423367762
0.7014314928425358	0.0008829399287378661
0.7021131561008862	0.0008869901118972141
0.7027948193592365	0.0008910682273542128
0.7034764826175869	0.0008951745325493935
0.7041581458759373	0.000899309287896042
0.7048398091342877	0.0009034727568214867
0.7055214723926381	0.0009076652058090573
0.7062031356509885	0.0009118869044407274
0.7068847989093388	0.000916138125440451
0.7075664621676891	0.0009204191447182102
0.7082481254260395	0.0009247302414147826
0.7089297886843899	0.0009290716979472463
0.7096114519427403	0.0009334438000552334
0.7102931152010906	0.0009267480577136515
0.710974778459441	0.0009311298452205719
0.7116564417177914	0.0009355427828756456
0.7123381049761418	0.0009399871666422758
0.7130197682344922	0.000944463296007239
0.7137014314928425	0.0009489714740311399
0.7143830947511929	0.00095351200739971
0.7150647580095433	0.0009580852064759675
0.7157464212678937	0.0009626913853532558
0.7164280845262441	0.0009673308619091752
0.7171097477845945	0.0009720039578604272
0.7177914110429447	0.000976710998818589
0.7184730743012951	0.0009814523143468346
0.7191547375596455	0.0009862282380176221
0.7198364008179959	0.0009910391074713666
0.7205180640763463	0.0009958852644761167
0.7211997273346966	0.0010007670549882545
0.721881390593047	0.001005684829214241
0.7225630538513974	0.0010106389416734245
0.7232447171097478	0.0010156297512619351
0.7239263803680982	0.0010206576213176873
0.7246080436264485	0.0010257229196865096
0.7252897068847989	0.0010308260187894276
0.7259713701431493	0.0010359672956911205
0.7266530334014997	0.0010411471321695761
0.7273346966598501	0.0010463659147869674
0.7280163599182005	0.0010516240349617762
0.7286980231765507	0.0010569218890421883
0.7293796864349011	0.0010622598783807853
0.7300613496932515	0.0010676384094105613
0.7307430129516019	0.00107305789372229
0.7314246762099523	0.0010785187481432686
0.7321063394683026	0.001084021394817469
0.732788002726653	0.0010895662612871236
0.7334696659850034	0.0010820381664371434
0.7341513292433538	0.0010876013446707534
0.7348329925017042	0.0010932075371690563
0.7355146557600545	0.0010988571885239351
0.7361963190184049	0.0011045507490862352
0.7368779822767553	0.0011102886750555144
0.7375596455351057	0.0011160714285714285
0.7382413087934561	0.0011218994778067885
0.7389229720518065	0.0011277732970623215
0.7396046353101567	0.0011336933668631736
0.7402862985685071	0.0011396601740571901
0.7409679618268575	0.0011317872517705874
0.7416496250852079	0.001137775544107998
0.7423312883435583	0.001143811488639075
0.7430129516019086	0.0011498955923020487
0.743694614860259	0.0011418439716312056
0.7443762781186094	0.0011479500891265597
0.7450579413769598	0.001139768605468022
0.7457396046353102	0.001145896393669463
0.7464212678936605	0.0011375822392255745
0.7471029311520109	0.0011437313324105776
0.7477845944103613	0.0011352816230865012
0.7484662576687117	0.0011414516319076234
0.7491479209270621	0.0011328634048098567
0.7498295841854125	0.0011390539152186536
0.7505112474437627	0.0011303241260573395
0.7511929107021131	0.001136534698178534
0.7518745739604635	0.0011276602185693095
0.7525562372188139	0.0011338903855227312
0.7532379004771643	0.001124868000183652
0.7539195637355146	0.0011311172668513388
0.754601226993865	0.0011219436706901887
0.7552828902522154	0.0011282115124258882
0.7559645535105658	0.0011345320251005431
0.7566462167689162	0.0011409058005224563
0.7573278800272665	0.0011473334388352587
0.7580095432856169	0.0011538155486591868
0.7586912065439673	0.0011603527472351595
0.7593728698023177	0.001166945660571723
0.7600545330606681	0.0011735949235949237
0.7607361963190185	0.0011803011803011804
0.7614178595773687	0.0011870650839132214
0.7620995228357191	0.0011938872970391596
0.7627811860940695	0.0012007684918347744
0.7634628493524199	0.0012077093501690792
0.7641445126107703	0.001214710563793248
0.7648261758691206	0.0012217728345129762
0.765507839127471	0.0012288968743643636
0.7661895023858214	0.001236083405793395
0.7668711656441718	0.001243333161839104
0.7675528289025222	0.0012506468863205107
0.7682344921608726	0.0012580253340274163
0.7689161554192229	0.0012654692709151525
0.7695978186775733	0.0012290836303618772
0.7702794819359237	0.0012363996043521265
0.7709611451942741	0.0012260127931769723
0.7716428084526245	0.0012333541871480918
0.7723244717109747	0.0012227796658934383
0.7730061349693251	0.0012301458084590614
0.7736877982276755	0.001219379026680741
0.7743694614860259	0.0012267692026000183
0.7750511247443763	0.0012158054711246201
0.7757327880027266	0.0012232189191192823
0.776414451261077	0.001212053404937719
0.7770961145194274	0.0012194893153974597
0.7777777777777778	0.001226993865030675
0.7784594410361282	0.0012345679012345679
0.7791411042944786	0.001242212284523946
0.7798227675528289	0.0012499278887756475
0.7805044308111793	0.0012577156014782996
0.7811860940695297	0.0012655763239875389
0.78186775732788	0.0012735109717868338
0.7825494205862304	0.0012815204747540466
0.7832310838445807	0.001289605777433883
0.7839127471029311	0.00127780218024997
0.7845944103612815	0.0012859152099658428
0.7852760736196319	0.0012738853503184713
0.7859577368779823	0.001282025192812519
0.7866394001363326	0.0012697632505939216
0.787321063394683	0.0012779289306620496
0.7880027266530334	0.0012654288974172803
0.7886843899113838	0.0012736193757177158
0.7893660531697342	0.0012818896314041946
0.7900477164280846	0.0012690892169719531
0.7907293796864349	0.0012773839177364758
0.7914110429447853	0.0012857602057216328
0.7920927062031357	0.0012942191544434857
0.792774369461486	0.0013027618551328818
0.7934560327198364	0.0013113894170874042
0.7941376959781867	0.0013201029680315064
0.7948193592365371	0.0013067552602436324
0.7955010224948875	0.0013154960981047938
0.7961826857532379	0.001301878745707167
0.7968643490115883	0.0013106456059476194
0.7975460122699386	0.0013195013195013195
0.798227675528289	0.0013284470911589556
0.7989093387866394	0.0013374841462008532
0.7995910020449898	0.0013233962526990317
0.8002726653033402	0.0013324606105942307
0.8009543285616906	0.00134161841547804
0.8016359918200409	0.0013508709562744402
0.8023176550783913	0.0013363560434315714
0.8029993183367417	0.0013456362937331796
0.803680981595092	0.0013550135501355014
0.8043626448534424	0.0013644891693672181
0.8050443081117927	0.0013740645319592689
0.8057259713701431	0.0013837410427477144
0.8064076346284935	0.001393520131389041
0.8070892978868439	0.0013783424805152494
0.8077709611451943	0.0013881527472804826
0.8084526244035446	0.0013726487036095577
0.809134287661895	0.0013824884792626728
0.8098159509202454	0.0013666486165905985
0.8104976141785958	0.0013765161156273538
0.8111792774369462	0.0013603306649924134
0.8118609406952966	0.0013702239789196312
0.8125426039536469	0.0013536828135368281
0.8132242672119973	0.0013635999037458892
0.8139059304703476	0.0013466925231631114
0.814587593728698	0.0013566312133709573
0.8152692569870484	0.0013393467268006014
0.8159509202453987	0.0013493046950296022
0.8166325835037491	0.0013316318038062475
0.8173142467620995	0.001341606573872212
0.8179959100204499	0.0013235335529835825
0.8186775732788003	0.0013335224854589304
0.8193592365371506	0.0013150371640937679
0.820040899795501	0.0013250374467104506
0.8207225630538514	0.0013061271877630395
0.8214042263122018	0.0013161358252171624
0.8220858895705522	0.0012967875036840554
0.8227675528289026	0.0013068013068013068
0.8234492160872529	0.001287001287001287
0.8241308793456033	0.0012970168612191958
0.8248125426039536	0.0013071498054474707
0.825494205862304	0.001286764705882353
0.8261758691206544	0.0012968967114404817
0.8268575323790047	0.0013071488593570072
0.8275391956373551	0.0013175230566534915
0.8282208588957055	0.0013280212483399733
0.8289025221540559	0.0013386454183266932
0.8295841854124063	0.0013493975903614457
0.8302658486707567	0.0013602798289933929
0.830947511929107	0.0013712942405641896
0.8316291751874574	0.0013824429742273132
0.8323108384458078	0.0013605442176870747
0.8329925017041582	0.0013716962194713952
0.8336741649625086	0.0013829859002900896
0.8343558282208589	0.0013944155358296773
0.8350374914792092	0.0014059874489900895
0.8357191547375596	0.0014177040110650069
0.83640081799591	0.0014295676429567643
0.8370824812542604	0.0014415808164269892
0.8377641445126107	0.001453746055384179
0.8384458077709611	0.0014660659372094686
0.8391274710293115	0.0014785430941218897
0.8398091342876619	0.00149118021458447
0.8404907975460123	0.0014672976046366604
0.8411724608043627	0.001479946721918011
0.841854124062713	0.0014927601134497686
0.8425357873210634	0.0015057406361754188
0.8432174505794138	0.0015188912094171254
0.8438991138377642	0.0015322148165172757
0.8445807770961146	0.0015457145065306437
0.8452624403544649	0.001559393395968968
0.8459441036128152	0.0015732546705998034
0.8466257668711656	0.0015873015873015873
0.847307430129516	0.0016015374759769379
0.8479890933878664	0.0016159657415262796
0.8486707566462167	0.0016305898658839834
0.8493524199045671	0.0016454134101192926
0.8500340831629175	0.0016604400166044002
0.8507157464212679	0.001675673411252147
0.8513974096796183	0.0016911174058258994
0.8520790729379687	0.0017067759003242873
0.852760736196319	0.0017226528854435831
0.8534423994546694	0.001738752445120626
0.8541240627130198	0.0017550787591593172
0.8548057259713702	0.001771636105943839
0.8554873892297206	0.001788428865241885
0.8561690524880708	0.0018054615211013315
0.8568507157464212	0.001822738664843928
0.8575323790047716	0.001840264998159735
0.858214042263122	0.0018580453363062058
0.8588957055214724	0.0018760846114159748
0.8595773687798227	0.001894387875917594
0.8602590320381731	0.001912960306073649
0.8609406952965235	0.0018110692552883222
0.8616223585548739	0.001829000634053553
0.8623040218132243	0.0018471996453376682
0.8629856850715747	0.0018159203980099502
0.863667348329925	0.0018341708542713568
0.8643490115882754	0.0018019389878686362
0.8650306748466258	0.0018202327846997897
0.8657123381049762	0.0017870092199316274
0.8663940013633266	0.001805337519623234
0.8670756646216768	0.0017710811525244515
0.8677573278800272	0.0017894343250894717
0.8684389911383776	0.0018080742659758204
0.869120654396728	0.0018270069808027922
0.8698023176550784	0.0017911270322402866
0.8704839809134287	0.0018100807574491784
0.8711656441717791	0.0018293369357199145
0.8718473074301295	0.0018489020366367049
0.8725289706884799	0.0018687827036973147
0.8732106339468303	0.001888985759953502
0.8738922972051807	0.00190951821386604
0.874573960463531	0.0019303872653837015
0.8752556237218814	0.00195160031225605
0.8759372869802318	0.001973164956590371
0.8766189502385822	0.0019950890116635974
0.8773006134969326	0.0020173805090006208
0.8779822767552828	0.0020400477057309647
0.8786639400136332	0.0020630990922363996
0.8793456032719836	0.002086543400102722
0.880027266530334	0.0021103896103896102
0.8807089297886844	0.002134646962233169
0.8813905930470347	0.0021593249617965584
0.8820722563053851	0.0021844333915848903
0.8827539195637355	0.002209982320141439
0.8834355828220859	0.002235982112143103
0.8841172460804363	0.0022624434389140274
0.8847989093387867	0.0022893772893772895
0.885480572597137	0.00231679498146564
0.8861622358554874	0.002344708174013419
0.8868438991138378	0.0023731288791529756
0.8875255623721882	0.002402069475240207
0.8882072256305386	0.0024315427203351787
0.8888888888888888	0.002461561766265243
0.8895705521472392	0.0024154589371980675
0.8902522154055896	0.0024456521739130437
0.89093387866394	0.0024764150943396225
0.8916155419222904	0.0025077621208502506
0.8922972051806408	0.002539708135128598
0.8929788684389911	0.002572268495835375
0.8936605316973415	0.0026054590570719605
0.8943421949556919	0.0026392961876832845
0.8950238582140423	0.00267379679144385
0.8957055214723927	0.0027089783281733747
0.896387184730743	0.0027448588358313
0.8970688479890934	0.002781456953642384
0.8977505112474438	0.0028187919463087247
0.8984321745057942	0.0028568837293669507
0.8991138377641446	0.0028957528957528956
0.8997955010224948	0.0029354207436399216
0.9004771642808452	0.002975909305621162
0.9011588275391956	0.003017241379310345
0.901840490797546	0.0030594405594405595
0.9025221540558964	0.003102531271545356
0.9032038173142468	0.003146538807311957
0.9038854805725971	0.0031914893617021275
0.9045671438309475	0.003237410071942446
0.9052488070892979	0.0032843290584923367
0.9059304703476483	0.0033322754681053635
0.9066121336059987	0.003381279519106913
0.907293796864349	0.003431372549019608
0.9079754601226994	0.003482587064676617
0.9086571233810498	0.003534956794972506
0.9093387866394002	0.0035885167464114833
0.9100204498977505	0.0036433032616238724
0.9107021131561008	0.0036993540810334705
0.9113837764144512	0.0037567084078711987
0.9120654396728016	0.003815406976744186
0.912747102931152	0.0037524606299212597
0.9134287661895024	0.0038120234970628673
0.9141104294478528	0.003746031746031746
0.9147920927062031	0.0038064516129032258
0.9154737559645535	0.003737214791502754
0.9161554192229039	0.0037984806077568972
0.9168370824812543	0.0037257824143070045
0.9175187457396047	0.003787878787878788
0.918200408997955	0.003711484593837535
0.9188820722563054	0.0037743911123771542
0.9195637355146558	0.0036940460669274227
0.9202453987730062	0.003757736516357206
0.9209270620313565	0.0036731634182908548
0.9216087252897068	0.0037376048817696415
0.9222903885480572	0.003648501785437044
0.9229720518064076	0.003713653603034134
0.923653715064758	0.0037805662805662807
0.9243353783231084	0.003849303849303849
0.9250170415814588	0.0039199332777314425
0.9256987048398091	0.003992524634726469
0.9263803680981595	0.004067151263412946
0.9270620313565099	0.004143889966496209
0.9277436946148603	0.0042228212039532795
0.9284253578732107	0.004304029304029304
0.929107021131561	0.004387602688573563
0.9297886843899114	0.004473634113839711
0.9304703476482618	0.00456222092797515
0.9311520109066121	0.004653465346534653
0.9318336741649625	0.004747474747474748
0.9325153374233128	0.00484436198721913
0.9331970006816632	0.004944245739532927
0.9338786639400136	0.0050472508591065295
0.934560327198364	0.004934210526315789
0.9352419904567144	0.005039193729003359
0.9359236537150648	0.005147563486616335
0.9366053169734151	0.005259467040673212
0.9372869802317655	0.00537505972288581
0.9379686434901159	0.005494505494505495
0.9386503067484663	0.0056179775280898875
0.9393319700068167	0.005490296220633299
0.940013633265167	0.005616509926854755
0.9406952965235174	0.005479818230419674
0.9413769597818678	0.00560875512995896
0.9420586230402181	0.0054621848739495795
0.9427402862985685	0.005593803786574871
0.9434219495569189	0.0054363796650014696
0.9441036128152692	0.005570611261668172
0.9447852760736196	0.005709876543209876
0.94546693933197	0.005854430379746835
0.9461486025903204	0.006004543979227524
0.9468302658486708	0.006160506160506161
0.9475119291070211	0.0063226247436773755
0.9481935923653715	0.006491228070175438
0.9488752556237219	0.006666666666666667
0.9495569188820723	0.00684931506849315
0.9502385821404227	0.007039573820395738
0.950920245398773	0.007237871674491393
0.9516019086571234	0.007042253521126761
0.9522835719154737	0.007246376811594203
0.9529652351738241	0.007459505541346973
0.9536468984321745	0.007682177348551361
0.9543285616905249	0.007914970601537766
0.9550102249488752	0.008158508158508158
0.9556918882072256	0.008413461538461538
0.956373551465576	0.00818452380952381
0.9570552147239264	0.008448540706605223
0.9577368779822768	0.00819672131147541
0.9584185412406271	0.008469945355191256
0.9591002044989775	0.008757062146892656
0.9597818677573279	0.00847457627118644
0.9604635310156783	0.008771929824561403
0.9611451942740287	0.009085213032581453
0.961826857532379	0.009415584415584415
0.9625085207907293	0.009764309764309764
0.9631901840490797	0.01013277428371768
0.9638718473074301	0.010522496371552975
0.9645535105657805	0.010935143288084464
0.9652351738241309	0.011372549019607842
0.9659168370824812	0.01183673469387755
0.9665985003408316	0.012329931972789115
0.967280163599182	0.012854609929078014
0.9679618268575324	0.01341350601295097
0.9686434901158828	0.014009661835748793
0.9693251533742331	0.014646464646464647
0.9700068166325835	0.0153276955602537
0.9706884798909339	0.014950166112956811
0.9713701431492843	0.0156794425087108
0.9720518064076347	0.016463414634146342
0.972733469665985	0.01730769230769231
0.9734151329243353	0.018218623481781375
0.9740967961826857	0.017780938833570414
0.9747784594410361	0.01876876876876877
0.9754601226993865	0.018253968253968255
0.9761417859577369	0.019327731092436976
0.9768234492160872	0.01871657754010695
0.9775051124744376	0.019886363636363636
0.978186775732788	0.019153225806451613
0.9788684389911384	0.02043010752688172
0.9795501022494888	0.01839080459770115
0.9802317655078391	0.017241379310344827
0.9809134287661895	0.015873015873015872
0.9815950920245399	0.017094017094017096
0.9822767552828903	0.018461538461538463
0.9829584185412407	0.02
0.983640081799591	0.021739130434782608
0.9843217450579413	0.023715415019762844
0.9850034083162917	0.025974025974025976
0.9856850715746421	0.02857142857142857
0.9863667348329925	0.031578947368421054
0.9870483980913429	0.03508771929824561
0.9877300613496932	0.0392156862745098
0.9884117246080436	0.04411764705882353
0.989093387866394	0.05
0.9897750511247444	0.05714285714285714
0.9904567143830948	0.06593406593406594
0.9911383776414451	0.0641025641025641
0.9918200408997955	0.07575757575757576
0.9925017041581459	0.07272727272727272
0.9931833674164963	0.08888888888888889
0.9938650306748467	0.08333333333333333
0.994546693933197	0.10714285714285714
0.9952283571915473	0.09523809523809523
0.9959100204498977	0.13333333333333333
0.9965916837082481	0.1
0.9972733469665985	0.16666666666666666
0.9979550102249489	0.0
0.9986366734832992	0.0
0.9993183367416496	0.0
1.0	0.0
