Fraction_of_nodes	Efficiency
0.0009624639076034649	0.07532718189208183
0.0019249278152069298	0.06586686354565151
0.0028873917228103944	0.06492765989849396
0.0038498556304138597	0.0644139765326492
0.004812319538017324	0.06399446654477008
0.005774783445620789	0.06332821561617417
0.006737247353224254	0.06264371897514417
0.007699711260827719	0.06225815760533432
0.008662175168431183	0.06179472463303014
0.009624639076034648	0.060649086732287805
0.010587102983638113	0.05993391542975114
0.011549566891241578	0.05837721859403308
0.012512030798845043	0.058065833435349413
0.013474494706448507	0.057956708489001245
0.014436958614051972	0.05780530065249302
0.015399422521655439	0.05729652656392959
0.016361886429258902	0.057110141048942555
0.017324350336862367	0.05651137409346886
0.01828681424446583	0.054990263955233834
0.019249278152069296	0.05441760123461902
0.02021174205967276	0.05297070359728499
0.021174205967276226	0.05205856600208687
0.02213666987487969	0.05050005506803161
0.023099133782483156	0.05012391801519194
0.02406159769008662	0.049892689431757974
0.025024061597690085	0.04985354331325745
0.02598652550529355	0.04981678559257978
0.026948989412897015	0.04981258709710061
0.02791145332050048	0.049810800047714376
0.028873917228103944	0.049794126384986
0.029836381135707413	0.04977264150317488
0.030798845043310877	0.049786414202903195
0.03176130895091434	0.04967983262750553
0.032723772858517804	0.04899256709073226
0.03368623676612127	0.04766207496454047
0.03464870067372473	0.045737829513991676
0.0356111645813282	0.04575580302452386
0.03657362848893166	0.04564745587216914
0.03753609239653513	0.045620711590435827
0.03849855630413859	0.0438521198601294
0.03946102021174206	0.04375322750981173
0.04042348411934552	0.0423783004418647
0.04138594802694899	0.04201194284954425
0.04234841193455245	0.038269690259174816
0.04331087584215592	0.03811959108741193
0.04427333974975938	0.037371738500235306
0.04523580365736285	0.03695075541846454
0.04619826756496631	0.03681293831165619
0.04716073147256978	0.03663150657093959
0.04812319538017324	0.03632395764796608
0.04908565928777671	0.0363063594103124
0.05004812319538017	0.03598659410016826
0.05101058710298364	0.03569366278245054
0.0519730510105871	0.035479668912471465
0.05293551491819057	0.03514221996401935
0.05389797882579403	0.03496952249074018
0.0548604427333975	0.035012838116156096
0.05582290664100096	0.034794840793723456
0.05678537054860443	0.034670601140048544
0.05774783445620789	0.03441721213219275
0.05871029836381136	0.03430490038474308
0.059672762271414825	0.034114149500362984
0.06063522617901829	0.033371472023582135
0.061597690086621755	0.03331931147459592
0.06256015399422522	0.03317023776396845
0.06352261790182868	0.0328475787400858
0.06448508180943215	0.03285961114339351
0.06544754571703561	0.03283668856115892
0.06641000962463908	0.032816130243341374
0.06737247353224254	0.026549650527166867
0.068334937439846	0.02630530649926445
0.06929740134744947	0.025971245317324546
0.07025986525505294	0.026025071732489986
0.0712223291626564	0.025803333098494953
0.07218479307025986	0.025533624195288238
0.07314725697786333	0.025322543428551336
0.0741097208854668	0.025375243831108153
0.07507218479307026	0.025124611816934733
0.07603464870067372	0.021802127508041863
0.07699711260827719	0.021117325984949857
0.07795957651588066	0.0186811995116075
0.07892204042348412	0.01821805643385812
0.07988450433108758	0.01755505861868251
0.08084696823869104	0.0171546556664999
0.08180943214629452	0.01718380091198789
0.08277189605389798	0.01721034871974177
0.08373435996150144	0.017240836129385442
0.0846968238691049	0.017246717977798514
0.08565928777670838	0.016936830032662175
0.08662175168431184	0.016835232477363255
0.0875842155919153	0.016315063204433555
0.08854667949951876	0.015618414775052308
0.08950914340712224	0.015611885140317932
0.0904716073147257	0.015371493123199735
0.09143407122232916	0.015384408979209188
0.09239653512993262	0.01539289033918398
0.0933589990375361	0.015366480886392852
0.09432146294513956	0.01539503024579046
0.09528392685274302	0.015284975451179506
0.09624639076034648	0.015314159953016836
0.09720885466794996	0.01534343426002106
0.09817131857555342	0.015373938957458875
0.09913378248315688	0.015396290260202722
0.10009624639076034	0.015426968571859311
0.10105871029836382	0.015431866977923623
0.10202117420596728	0.01546268254791659
0.10298363811357074	0.015490252745946903
0.1039461020211742	0.015489227967978076
0.10490856592877768	0.015297598839122748
0.10587102983638114	0.015261796048671571
0.1068334937439846	0.015118907531142195
0.10779595765158806	0.015102052475776272
0.10875842155919153	0.015014354391843635
0.109720885466795	0.014920926626247189
0.11068334937439846	0.0147963935146333
0.11164581328200192	0.01481928502079739
0.1126082771896054	0.013346160094645452
0.11357074109720885	0.013348598567214102
0.11453320500481232	0.013303948448153918
0.11549566891241578	0.013313177470157379
0.11645813282001925	0.013302489161502779
0.11742059672762271	0.013296440289385687
0.11838306063522618	0.013283184376089743
0.11934552454282965	0.013306271780770167
0.12030798845043311	0.013324954666059362
0.12127045235803657	0.01320956976403861
0.12223291626564003	0.01322914161721259
0.12319538017324351	0.013249973890277109
0.12415784408084697	0.013235272650245903
0.12512030798845045	0.013116014451008948
0.1260827718960539	0.013135424605157172
0.12704523580365737	0.013161987273529673
0.12800769971126083	0.013180301260828961
0.1289701636188643	0.013209461219370618
0.12993262752646775	0.013234226308231189
0.13089509143407121	0.013231655100989266
0.13185755534167468	0.013212302726754329
0.13282001924927817	0.013221780533685609
0.13378248315688163	0.013159449238183412
0.1347449470644851	0.013167578718610167
0.13570741097208855	0.013194454957121887
0.136669874879692	0.013217685731569794
0.13763233878729547	0.012645657777243729
0.13859480269489893	0.0125500685569929
0.1395572666025024	0.012514161157155671
0.14051973051010588	0.012539709005425824
0.14148219441770934	0.012372778020569736
0.1424446583253128	0.01239679886627098
0.14340712223291627	0.012259884913515436
0.14436958614051973	0.01228369706627366
0.1453320500481232	0.012296432226489249
0.14629451395572665	0.012312204089378003
0.1472569778633301	0.012193892050739738
0.1482194417709336	0.012208186588830333
0.14918190567853706	0.011746324691745977
0.15014436958614052	0.011736641015862422
0.15110683349374399	0.011628943811922797
0.15206929740134745	0.011583903663552445
0.1530317613089509	0.011412698909428427
0.15399422521655437	0.011393345176908237
0.15495668912415783	0.011415431646533995
0.15591915303176132	0.011434899217645228
0.15688161693936478	0.01145233858719858
0.15784408084696824	0.011280319596155079
0.1588065447545717	0.011295677352299971
0.15976900866217517	0.011067547724344574
0.16073147256977863	0.010555844123823424
0.1616939364773821	0.010490852966119997
0.16265640038498555	0.010496744378049483
0.16361886429258904	0.010317487720357269
0.1645813282001925	0.010040911078537832
0.16554379210779596	0.009978643727887893
0.16650625601539942	0.00991789510121755
0.16746871992300288	0.009936839061992952
0.16843118383060635	0.009953296051364552
0.1693936477382098	0.009976389545683263
0.17035611164581327	0.009990580982433403
0.17131857555341676	0.009870346301974085
0.17228103946102022	0.009815849836849248
0.17324350336862368	0.00972243328346817
0.17420596727622714	0.009725856387383774
0.1751684311838306	0.008487428070856647
0.17613089509143406	0.00822958927442133
0.17709335899903753	0.00791498519355725
0.17805582290664101	0.00781578921641282
0.17901828681424448	0.007747018046676888
0.17998075072184794	0.00749820897688445
0.1809432146294514	0.007455255752914716
0.18190567853705486	0.007311878780597915
0.18286814244465832	0.007233738229972947
0.18383060635226178	0.007220740707897347
0.18479307025986524	0.007083322849453521
0.18575553416746873	0.006939961411397801
0.1867179980750722	0.006944683183775323
0.18768046198267566	0.006914334886533777
0.18864292589027912	0.006927940813531712
0.18960538979788258	0.006935613670746506
0.19056785370548604	0.006889555304276636
0.1915303176130895	0.006905978558875627
0.19249278152069296	0.006922460607942156
0.19345524542829645	0.006939001732453368
0.1944177093358999	0.006691163637390787
0.19538017324350337	0.006670602581623723
0.19634263715110684	0.006564357357362802
0.1973051010587103	0.006554400398184046
0.19826756496631376	0.006540445441257302
0.19923002887391722	0.00653244795618596
0.20019249278152068	0.006449443523648029
0.20115495668912417	0.006460643076381406
0.20211742059672763	0.006383698307807092
0.2030798845043311	0.006370929375782733
0.20404234841193455	0.0063769863294844435
0.20500481231953802	0.006385255140719765
0.20596727622714148	0.006323809290286738
0.20692974013474494	0.006308082554685637
0.2078922040423484	0.006279364395162891
0.2088546679499519	0.006118576093676667
0.20981713185755535	0.006099236257188081
0.2107795957651588	0.006044599452825761
0.21174205967276227	0.006017535238453566
0.21270452358036573	0.005993890875680955
0.2136669874879692	0.006005581808689785
0.21462945139557266	0.006012801087998968
0.21559191530317612	0.006005656772391669
0.2165543792107796	0.005998459134853893
0.21751684311838307	0.005993591842708712
0.21847930702598653	0.006008372587080374
0.21944177093359	0.006023208074949707
0.22040423484119345	0.0060304683674635845
0.22136669874879691	0.0060423356308901294
0.22232916265640038	0.006045297157271584
0.22329162656400384	0.00604395003681888
0.22425409047160733	0.006053314863958017
0.2252165543792108	0.006004187152420512
0.22617901828681425	0.0060113969517134195
0.2271414821944177	0.006026387966555597
0.22810394610202117	0.006027032337753031
0.22906641000962463	0.006038978819970697
0.2300288739172281	0.005937272173519974
0.23099133782483156	0.005947447425375025
0.23195380173243504	0.005938648814753113
0.2329162656400385	0.005927741851967102
0.23387872954764197	0.00593949395371536
0.23484119345524543	0.005943365435404137
0.2358036573628489	0.005871769197888781
0.23676612127045235	0.005819795908951315
0.2377285851780558	0.005826689364237071
0.2386910490856593	0.005759930743487713
0.23965351299326276	0.005771322652128216
0.24061597690086622	0.005785970679164074
0.24157844080846969	0.005776702080817361
0.24254090471607315	0.005651166928289304
0.2435033686236766	0.005657623281365058
0.24446583253128007	0.005643025273249035
0.24542829643888353	0.005654181122723283
0.24639076034648702	0.005663742432980217
0.24735322425409048	0.00567333419703964
0.24831568816169394	0.005682956554989304
0.2492781520692974	0.005687946645658553
0.2502406159769009	0.0056937686367099696
0.25120307988450435	0.005691220281521963
0.2521655437921078	0.00564218962760623
0.2531280076997113	0.005653424543306336
0.25409047160731474	0.005663031625147004
0.2550529355149182	0.005674340918707326
0.25601539942252166	0.0056856898302563045
0.2569778633301251	0.005695398480448028
0.2579403272377286	0.005706822848290181
0.25890279114533205	0.005714346827573503
0.2598652550529355	0.0057172208854333086
0.26082771896053897	0.005727035998563513
0.26179018286814243	0.005738584967320081
0.2627526467757459	0.005728957121856166
0.26371511068334935	0.0057290118237401395
0.2646775745909528	0.005699185795792109
0.26564003849855633	0.005421605616093087
0.2666025024061598	0.005404174297373571
0.26756496631376325	0.005382950757157446
0.2685274302213667	0.005381532833904689
0.2694898941289702	0.005314186149659465
0.27045235803657364	0.005293429377398832
0.2714148219441771	0.005161560683687195
0.27237728585178056	0.005129433982177293
0.273339749759384	0.0051365989103246065
0.2743022136669875	0.005146719332538086
0.27526467757459094	0.005058036769270853
0.2762271414821944	0.0050679655296842424
0.27718960538979787	0.005022360213619096
0.2781520692974013	0.005012629088243808
0.2791145332050048	0.004970737329437647
0.28007699711260825	0.0049114919932890045
0.28103946102021177	0.004921070556044001
0.28200192492781523	0.004923537059630357
0.2829643888354187	0.004919693160431725
0.28392685274302215	0.0049263029463115044
0.2848893166506256	0.004931298029825111
0.2858517805582291	0.004890912772057162
0.28681424446583254	0.004871695896473534
0.287776708373436	0.004881223215946125
0.28873917228103946	0.004846213026674743
0.2897016361886429	0.004832118611110885
0.2906641000962464	0.00483295904118527
0.29162656400384984	0.0047041681770874175
0.2925890279114533	0.004700612585486063
0.29355149181905676	0.004692442784863527
0.2945139557266602	0.004705263666789384
0.29547641963426374	0.004718137165193732
0.2964388835418672	0.004731063568386044
0.29740134744947067	0.004744043166653221
0.2983638113570741	0.0047570762522758945
0.2993262752646776	0.004770163119544879
0.30028873917228105	0.004783304064777785
0.3012512030798845	0.004796499386335792
0.30221366698748797	0.004809749384640588
0.30317613089509143	0.00482305436219146
0.3041385948026949	0.0048364146235825725
0.30510105871029836	0.004849830475520388
0.3060635226179018	0.004853670542452313
0.3070259865255053	0.004847082081590646
0.30798845043310874	0.00484347286478921
0.3089509143407122	0.004665192508060039
0.30991337824831566	0.004665237737230875
0.3108758421559192	0.004510236334390496
0.31183830606352264	0.0044958009469135245
0.3128007699711261	0.0044953164219951975
0.31376323387872956	0.004488442320670214
0.314725697786333	0.004468827032211968
0.3156881616939365	0.004463916944667092
0.31665062560153995	0.004446900317711182
0.3176130895091434	0.004446181229761749
0.31857555341674687	0.004431151432900452
0.31953801732435033	0.004433687080323672
0.3205004812319538	0.0044422466731901195
0.32146294513955725	0.004433912469066163
0.3224254090471607	0.004442485606828926
0.3233878729547642	0.0044510896253478534
0.32435033686236764	0.004459724684408756
0.3253128007699711	0.004454125609633012
0.3262752646775746	0.004456651209170078
0.3272377285851781	0.004448105227375413
0.32820019249278154	0.0044608688004812245
0.329162656400385	0.004473687388988354
0.33012512030798846	0.004478292062860576
0.3310875842155919	0.004491197803675737
0.3320500481231954	0.00449362453264687
0.33301251203079885	0.004506611886787468
0.3339749759384023	0.004506370906343051
0.33493743984600577	0.004519432850999117
0.33589990375360923	0.004522735580575089
0.3368623676612127	0.004535883067727924
0.33782483156881615	0.004549087967488413
0.3387872954764196	0.0045581068709630405
0.3397497593840231	0.00457141521219213
0.34071222329162654	0.004573399046032077
0.34167468719923005	0.00457002357952646
0.3426371511068335	0.004576984958747922
0.343599615014437	0.0045333674862388425
0.34456207892204044	0.0045325205048308585
0.3455245428296439	0.0045393736363533626
0.34648700673724736	0.004344284872341438
0.3474494706448508	0.004357118801063274
0.3484119345524543	0.004355078398144258
0.34937439846005774	0.004332406324203777
0.3503368623676612	0.004338667998096898
0.35129932627526467	0.0043471523620578914
0.35226179018286813	0.00435345690435104
0.3532242540904716	0.0043619974756364515
0.35418671799807505	0.0043668624220199685
0.3551491819056785	0.00421285395003844
0.35611164581328203	0.0042254672852181955
0.3570741097208855	0.004210116552351934
0.35803657362848895	0.004213379850464524
0.3589990375360924	0.004219277978579448
0.3599615014436959	0.004223682754928854
0.36092396535129934	0.00422809493766859
0.3618864292589028	0.004177833121290328
0.36284889316650626	0.004177709114285639
0.3638113570741097	0.004190368838874383
0.3647738209817132	0.004193506329564244
0.36573628488931664	0.004201640237305008
0.3666987487969201	0.004209804265915051
0.36766121270452357	0.0042156783489732345
0.368623676612127	0.00421885351031932
0.3695861405197305	0.004217963535742626
0.37054860442733395	0.004226199099442397
0.37151106833493747	0.004234465374078273
0.37247353224254093	0.004242762526283465
0.3734359961501444	0.004255817180210492
0.37439846005774785	0.004264191157534833
0.3753609239653513	0.00403873432214753
0.3763233878729548	0.00404032650691015
0.37728585178055823	0.004045657571695805
0.3782483156881617	0.004058202246336721
0.37921077959576516	0.004063583056432956
0.3801732435033686	0.004045897981907352
0.3811357074109721	0.004049619725627323
0.38209817131857554	0.0039031771180356037
0.383060635226179	0.0039104993515216655
0.38402309913378246	0.0039154031053605445
0.3849855630413859	0.003922771311876042
0.3859480269489894	0.003927705924539127
0.3869104908565929	0.003940057201031388
0.38787295476419636	0.003952466830011015
0.3888354186717998	0.003957483429713228
0.3897978825794033	0.003965003797370312
0.39076034648700675	0.003970052327594759
0.3917228103946102	0.0039381912827844414
0.39268527430221367	0.003945662410495241
0.39364773820981713	0.003958208236919709
0.3946102021174206	0.003970813995636014
0.39557266602502406	0.003919735008594595
0.3965351299326275	0.003765179034413327
0.397497593840231	0.0036949698863436844
0.39846005774783444	0.0037016845334152987
0.3994225216554379	0.0037041360594036814
0.40038498556304136	0.0037160464647393848
0.4013474494706448	0.0037280144082651153
0.40230991337824834	0.0037400402611950027
0.4032723772858518	0.003752124397741675
0.40423484119345526	0.0036431491203124115
0.4051973051010587	0.0036497132245035496
0.4061597690086622	0.003661562942764925
0.40712223291626565	0.0036681911909580583
0.4080846968238691	0.003674843226563256
0.40904716073147257	0.003673991363692254
0.41000962463907603	0.0036340258409877486
0.4109720885466795	0.003577905247660714
0.41193455245428295	0.0035556890990740392
0.4128970163618864	0.0035289281515963307
0.4138594802694899	0.0035270328813318884
0.41482194417709334	0.003514990098259309
0.4157844080846968	0.0035084670022360715
0.4167468719923003	0.003455649707797657
0.4177093358999038	0.0034431928165850854
0.41867179980750724	0.0034260582271768156
0.4196342637151107	0.0033086173639635696
0.42059672762271416	0.0032877502653098265
0.4215591915303176	0.0032724568908013294
0.4225216554379211	0.0032648338568622504
0.42348411934552455	0.003183167194395509
0.424446583253128	0.0031798257042370717
0.42540904716073147	0.0031612673416491297
0.42637151106833493	0.0031425662832521013
0.4273339749759384	0.0031474884853206005
0.42829643888354185	0.0031142353109920983
0.4292589027911453	0.003095131473082582
0.4302213666987488	0.0031056056912656025
0.43118383060635224	0.003101793783631532
0.43214629451395575	0.0030761640975735657
0.4331087584215592	0.003047166068631034
0.4340712223291627	0.0030488565138115033
0.43503368623676614	0.0030476336519966838
0.4359961501443696	0.0030522187768184223
0.43695861405197306	0.003062671580848622
0.4379210779595765	0.0030731781728927
0.43888354186718	0.0030837389226277263
0.43984600577478344	0.003094354202912159
0.4408084696823869	0.003105024389818753
0.44177093358999037	0.003115749862667868
0.44273339749759383	0.0031125865865095433
0.4436958614051973	0.0031143801077475573
0.44465832531280075	0.003125193927566125
0.4456207892204042	0.003136064167314181
0.4465832531280077	0.0031293171303775898
0.4475457170356112	0.0031402397032584887
0.44850818094321465	0.0031512195623607914
0.4494706448508181	0.003162257108989025
0.4504331087584216	0.003173352747967934
0.45139557266602504	0.0031845068876795966
0.4523580365736285	0.0031957199401010036
0.45332050048123196	0.0032069923208421004
0.4542829643888354	0.00319904962762107
0.4552454282964389	0.003190673268693233
0.45620789220404234	0.003201987712908457
0.4571703561116458	0.0032133624472349526
0.45813282001924927	0.0032247979007838314
0.4590952839268527	0.0032199070607543162
0.4600577478344562	0.0032314067288284386
0.46102021174205965	0.003242968112473621
0.4619826756496631	0.003233218789511723
0.4629451395572666	0.003228740987181958
0.4639076034648701	0.003233897134127054
0.46487006737247355	0.0032320481061488392
0.465832531280077	0.0032339591003851067
0.4667949951876805	0.0032391269302178755
0.46775745909528393	0.003250862897356346
0.4687199230028874	0.0032527992733745255
0.46968238691049086	0.00325472827782679
0.4706448508180943	0.003259961598262655
0.4716073147256978	0.003271859268329307
0.47256977863330124	0.0032771500973972456
0.4735322425409047	0.0032791095104010843
0.47449470644850816	0.0032810612783392436
0.4754571703561116	0.0032863781860341633
0.4764196342637151	0.0032984827097396296
0.4773820981713186	0.00330385858458682
0.47834456207892206	0.0033018625407668653
0.4793070259865255	0.0033038226122021697
0.480269489894129	0.003305774541086861
0.48123195380173245	0.003301166065234192
0.4821944177093359	0.0033030769105824786
0.48315688161693937	0.003304979077825751
0.48411934552454283	0.0033103596663716754
0.4850818094321463	0.0033122571246061872
0.48604427333974976	0.003317658993081145
0.4870067372473532	0.0033230781148300215
0.4879692011549567	0.003335594416580794
0.48893166506256014	0.003348181565322608
0.4898941289701636	0.0033477621402506507
0.49085659287776706	0.0033455254503759533
0.4918190567853705	0.0033474405029735505
0.49278152069297404	0.0033601684136312445
0.4937439846005775	0.0033657266145044654
0.49470644850818096	0.0033785728992926506
0.4956689124157844	0.0033805460445295345
0.4966313763233879	0.00337579419962226
0.49759384023099135	0.0033728195039334223
0.4985563041385948	0.0033784096335772234
0.49951876804619827	0.003373519358957344
0.5004812319538018	0.0033865445302274496
0.5014436958614052	0.0033921771901877034
0.5024061597690087	0.0033978281251233564
0.5033686236766122	0.003403497420769956
0.5043310875842156	0.003409185163369
0.5052935514918191	0.0034224763335965595
0.5062560153994226	0.0034132163506706767
0.507218479307026	0.003418930993921834
0.5081809432146295	0.003418269011684473
0.5091434071222329	0.0034201436385650082
0.5101058710298364	0.0034220065866957384
0.5110683349374399	0.0034355056264854652
0.5120307988450433	0.003441288705689869
0.5129932627526468	0.0034549175718510176
0.5139557266602502	0.0034607696335654976
0.5149181905678537	0.003462696389658439
0.5158806544754572	0.0034619708857152845
0.5168431183830606	0.0034576335528216746
0.5178055822906641	0.0034568266951500596
0.5187680461982676	0.0034626656799001602
0.519730510105871	0.0034644996303252688
0.5206929740134745	0.0034703606665498613
0.5216554379210779	0.003466775466515855
0.5226179018286814	0.003472636664230028
0.5235803657362849	0.0034717011701430895
0.5245428296438883	0.0034734669467077124
0.5255052935514918	0.0034660109574768555
0.5264677574590952	0.0034801291283830748
0.5274302213666987	0.0034860208396099426
0.5283926852743022	0.0035002785935551776
0.5293551491819056	0.003502052339173942
0.5303176130895092	0.003508018959343573
0.5312800769971127	0.003509780016231721
0.5322425409047161	0.0035242533358862847
0.5332050048123196	0.0035302963014473723
0.534167468719923	0.0035195234652398142
0.5351299326275265	0.0035341272970457883
0.53609239653513	0.003548822213041821
0.5370548604427334	0.00355494646360032
0.5380173243503369	0.0035697896638658745
0.5389797882579404	0.003568711720064356
0.5399422521655438	0.003565400499033834
0.5409047160731473	0.0035642321561406274
0.5418671799807507	0.003570393805909074
0.5428296438883542	0.003585458758676623
0.5437921077959577	0.00357876396961687
0.5447545717035611	0.0035689942167259773
0.5457170356111646	0.003575152816084489
0.546679499518768	0.0035813315844485474
0.5476419634263715	0.003555774499157895
0.548604427333975	0.0035405969519741397
0.5495668912415784	0.0035466091353369756
0.5505293551491819	0.0035311964760733803
0.5514918190567853	0.003460393678447125
0.5524542829643888	0.0033808810560757214
0.5534167468719923	0.0033427308935613143
0.5543792107795957	0.0033338268366738854
0.5553416746871992	0.003299459876071987
0.5563041385948027	0.003231281539779137
0.5572666025024061	0.003154336059991077
0.5582290664100096	0.003136397946170473
0.559191530317613	0.003064762512174435
0.5601539942252165	0.0030003063891121
0.5611164581328201	0.0029670643710551147
0.5620789220404235	0.002917202477157938
0.563041385948027	0.0028749753594401583
0.5640038498556305	0.0028437417334445966
0.5649663137632339	0.002817925990619903
0.5659287776708374	0.0028304501061337693
0.5668912415784408	0.002833159361741393
0.5678537054860443	0.00284580739460631
0.5688161693936478	0.002858540313597837
0.5697786333012512	0.002871358880026527
0.5707410972088547	0.002864109684284015
0.5717035611164581	0.002866888597225673
0.5726660250240616	0.0028798316608700325
0.5736284889316651	0.0028826483817648513
0.5745909528392685	0.002895721617056302
0.575553416746872	0.0029088839880429215
0.5765158806544755	0.0029221363068950533
0.5774783445620789	0.002925078005428737
0.5784408084696824	0.002938465090121775
0.5794032723772858	0.002951944287782884
0.5803657362848893	0.002954971259305328
0.5813282001924928	0.0029685886383804677
0.5822906641000962	0.0029823003641928484
0.5832531280076997	0.0029961073103233708
0.5842155919153031	0.0029992687604185383
0.5851780558229066	0.0030132188476762987
0.5861405197305101	0.0030164246166848184
0.5871029836381135	0.0030305200588188596
0.588065447545717	0.0030447145321622735
0.5890279114533205	0.0030590089665855705
0.5899903753609239	0.0030734043028989144
0.5909528392685275	0.0030879014930069284
0.591915303176131	0.0030913502444346787
0.5928777670837344	0.0031060011934604353
0.5938402309913379	0.0031094992122111
0.5948026948989413	0.0031243063513168674
0.5957651588065448	0.0031392195081250624
0.5967276227141483	0.0031542396971591534
0.5976900866217517	0.003169367945107159
0.5986525505293552	0.003184605290997097
0.5996150144369586	0.0031883679856339687
0.6005774783445621	0.00319212996356352
0.6015399422521656	0.003207588220045668
0.602502406159769	0.003205528156749385
0.6034648700673725	0.0032211268339111827
0.6044273339749759	0.0032368396477351394
0.6053897978825794	0.0032407409448377863
0.6063522617901829	0.003244641695670024
0.6073147256977863	0.003199849055464024
0.6082771896053898	0.0031934221813308197
0.6092396535129933	0.003190947321580413
0.6102021174205967	0.003184334442126883
0.6111645813282002	0.003200137590723046
0.6121270452358036	0.0032037134514820475
0.6130895091434071	0.0032010818812471353
0.6140519730510106	0.0032170872906533707
0.615014436958614	0.00321441604900251
0.6159769008662175	0.0032116774437400066
0.6169393647738209	0.003215199431798796
0.6179018286814244	0.003231437812767477
0.6188642925890279	0.0032243583605301995
0.6198267564966313	0.003227874669113499
0.6207892204042348	0.003231385120019981
0.6217516843118384	0.003247871778795593
0.6227141482194418	0.0032514362359343774
0.6236766121270453	0.003254994653774896
0.6246390760346487	0.0032585467981948047
0.6256015399422522	0.0032753434311751906
0.6265640038498557	0.003292270270612788
0.6275264677574591	0.0033093286657973103
0.6284889316650626	0.0033063329167225207
0.629451395572666	0.0033100252621356455
0.6304138594802695	0.003327309989353064
0.631376323387873	0.003331060481143178
0.6323387872954764	0.0033348046251537966
0.6333012512030799	0.0033316351343703125
0.6342637151106834	0.0033237568954830386
0.6352261790182868	0.0033204022566170176
0.6361886429258903	0.0033239826259067492
0.6371511068334937	0.0033275542361833857
0.6381135707410972	0.0033311167949465763
0.6390760346487007	0.003334670004188715
0.6400384985563041	0.003352550272307689
0.6410009624639076	0.003348954049464292
0.641963426371511	0.003345270469868325
0.6429258902791145	0.0033300852438318687
0.643888354186718	0.0033122449382611925
0.6448508180943214	0.003315517861293748
0.6458132820019249	0.003333586078521507
0.6467757459095284	0.0033518023958904767
0.6477382098171318	0.003370168436415904
0.6487006737247353	0.0033432263038615543
0.6496631376323387	0.003338941715338041
0.6506256015399422	0.003357388907135489
0.6515880654475458	0.0033759893996957967
0.6525505293551492	0.003379355545791367
0.6535129932627527	0.003398182039082684
0.6544754571703562	0.0034171662962842633
0.6554379210779596	0.003403708590084812
0.6564003849855631	0.0033727859546951186
0.6573628488931665	0.0033759622768959646
0.65832531280077	0.0033618798908844226
0.6592877767083735	0.003380927369019745
0.6602502406159769	0.003400137183616448
0.6612127045235804	0.003419511184662696
0.6621751684311838	0.003409204552061691
0.6631376323387873	0.003412368229396469
0.6641000962463908	0.0034155121300660242
0.6650625601539942	0.0034006932372230955
0.6660250240615977	0.0033823145198934343
0.6669874879692012	0.0033712053214440714
0.6679499518768046	0.003365527293737604
0.6689124157844081	0.0033682010578749305
0.6698748796920115	0.0033878981400847254
0.670837343599615	0.00337204054598714
0.6717998075072185	0.0033918760786105936
0.6727622714148219	0.003394535073348189
0.6737247353224254	0.0034146210796993613
0.6746871992300288	0.0034348858932287344
0.6756496631376323	0.0034376687911024466
0.6766121270452358	0.0034581921868702225
0.6775745909528392	0.0034788999245161517
0.6785370548604427	0.003472821137491793
0.6794995187680462	0.0034756513672176293
0.6804619826756496	0.0034784525948577897
0.6814244465832531	0.0034995341257357156
0.6823869104908566	0.0034870355152200935
0.6833493743984601	0.0034897643069116088
0.6843118383060636	0.003492461455652323
0.685274302213667	0.0035138875995520302
0.6862367661212705	0.0035355115232415814
0.687199230028874	0.0035573356684467762
0.6881616939364774	0.003579362514691029
0.6891241578440809	0.0035663402036495867
0.6900866217516843	0.003588560391834319
0.6910490856592878	0.0036109888942832836
0.6920115495668913	0.003633628323087568
0.6929740134744947	0.0036367656317972726
0.6939364773820982	0.0036597105253732805
0.6948989412897016	0.003682873250217415
0.6958614051973051	0.003706256572441018
0.6968238691049086	0.0037298633022017887
0.697786333012512	0.0037333466883130067
0.6987487969201155	0.0037367983454245405
0.699711260827719	0.003740217446005224
0.7006737247353224	0.003743603145117508
0.7016361886429259	0.003746954580026923
0.7025986525505293	0.0037502708698018217
0.7035611164581328	0.0037535511149031165
0.7045235803657363	0.0037567943967637372
0.7054860442733397	0.003759999777357538
0.7064485081809432	0.003763166298757323
0.7074109720885466	0.0037662929826817247
0.7083734359961501	0.003769378830030589
0.7093358999037536	0.003772422820408561
0.710298363811357	0.003775423911636534
0.7112608277189605	0.0037783810392506023
0.7122232916265641	0.0037812931159881824
0.7131857555341675	0.0037841590312609205
0.714148219441771	0.003786977650614012
0.7151106833493744	0.003789747815171542
0.7160731472569779	0.0037809383053243285
0.7170356111645814	0.003783529279802872
0.7179980750721848	0.0037743791110007373
0.7189605389797883	0.0038003198609045225
0.7199230028873917	0.003826528963393519
0.7208854667949952	0.003747613004264953
0.7218479307025987	0.003749608875041398
0.7228103946102021	0.0037515418830749814
0.7237728585178056	0.003777776441697883
0.7247353224254091	0.0038042871535694475
0.7256977863330125	0.003564829522946647
0.726660250240616	0.003538180397658823
0.7276227141482194	0.0035018749833425427
0.7285851780558229	0.0035267993604481836
0.7295476419634264	0.0035519907844513846
0.7305101058710298	0.0035774530839815023
0.7314725697786333	0.0036031901565281316
0.7324350336862367	0.0035902479666601946
0.7333974975938402	0.0036162642562736743
0.7343599615014437	0.0036425643599556647
0.7353224254090471	0.003669152420977239
0.7362848893166506	0.0036559267789716184
0.737247353224254	0.003655874743059619
0.7382098171318575	0.003682855368469653
0.739172281039461	0.0036828021719370646
0.7401347449470644	0.0037101836007247006
0.7410972088546679	0.003737871538043542
0.7420596727622714	0.0037658705757816955
0.7430221366698749	0.0037660251037796044
0.7439846005774784	0.003794447934751526
0.7449470644850819	0.0038231937524390376
0.7459095283926853	0.003809059726360109
0.7468719923002888	0.0038381365181643845
0.7478344562078922	0.00386754752596641
0.7487969201154957	0.0038972978915507673
0.7497593840230992	0.0039273928559642865
0.7507218479307026	0.003912942368091871
0.7516843118383061	0.003913230098643185
0.7526467757459095	0.003943802208788835
0.753609239653513	0.003918565690164957
0.7545717035611165	0.0039031027984247086
0.7555341674687199	0.003933957366001189
0.7564966313763234	0.003965179249858341
0.7574590952839269	0.003996774303642072
0.7584215591915303	0.00386301144627838
0.7593840230991338	0.003845846879581821
0.7603464870067372	0.0038444741587959634
0.7613089509143407	0.0038756035042113155
0.7622714148219442	0.0037617365281036666
0.7632338787295476	0.003792444581394309
0.7641963426371511	0.003823530192717213
0.7651588065447545	0.003821268213597703
0.766121270452358	0.0038528489426357003
0.7670837343599615	0.003884822792782055
0.7680461982675649	0.003917196316055239
0.7690086621751684	0.003689313940359966
0.7699711260827719	0.00368515607079652
0.7709335899903753	0.00362431892588259
0.7718960538979788	0.0035674271138763747
0.7728585178055823	0.0035977881956965993
0.7738209817131858	0.0036285385221555442
0.7747834456207893	0.003659684775564605
0.7757459095283927	0.0036912337822505065
0.7767083734359962	0.003723192516295966
0.7776708373435997	0.0036865549909028176
0.7786333012512031	0.003649136130624645
0.7795957651588066	0.003623688041063358
0.78055822906641	0.003616971945281707
0.7815206929740135	0.003648980546567386
0.782483156881617	0.003681415929203541
0.7834456207892204	0.00362367724867725
0.7844080846968239	0.0035727631859918856
0.7853705486044273	0.003530885145234922
0.7863330125120308	0.003501691736985855
0.7872954764196343	0.0034718222953517073
0.7882579403272377	0.0035035284350352844
0.7892204042348412	0.0035356708977420303
0.7901828681424446	0.003568257726292648
0.7911453320500481	0.003379416282642089
0.7921077959576516	0.003410852713178295
0.793070259865255	0.0034427298413388396
0.7940327237728585	0.003409240489666974
0.794995187680462	0.003397112233147312
0.7959576515880654	0.0034293123491013155
0.7969201154956689	0.0032272624689686303
0.7978825794032723	0.003189792663476874
0.7988450433108758	0.003174457121825543
0.7998075072184793	0.00315867707172055
0.8007699711260827	0.0031893438394071574
0.8017324350336862	0.00317309969216197
0.8026948989412896	0.0031324725011956
0.8036573628488932	0.003090891529025403
0.8046198267564967	0.003019883269115089
0.8055822906641001	0.0029596243206410186
0.8065447545717036	0.002864842454394693
0.8075072184793071	0.0028936348408710216
0.8084696823869105	0.0029228634756272944
0.809432146294514	0.002952537216496607
0.8103946102021174	0.0029826651472771846
0.8113570741097209	0.003013256584685156
0.8123195380173244	0.002947396246365318
0.8132820019249278	0.0028978152876448903
0.8142444658325313	0.002928000863557858
0.8152069297401348	0.0028768542757417097
0.8161693936477382	0.002852025351336456
0.8171318575553417	0.002882205513784461
0.8180943214629451	0.002795602086382228
0.8190567853705486	0.002825501573937118
0.8200192492781521	0.002855883311291281
0.8209817131857555	0.002886757725467403
0.821944177093359	0.0028593811202506855
0.8229066410009624	0.002890631187138671
0.8238691049085659	0.002922396365019316
0.8248315688161694	0.002863618885718333
0.8257940327237728	0.0028954368733374257
0.8267564966313763	0.002834678253672667
0.8277189605389798	0.0028665285711296632
0.8286814244465832	0.002898918724475761
0.8296438883541867	0.002771357644239
0.8306063522617901	0.002803030303030303
0.8315688161693936	0.0028352490421455936
0.8325312800769971	0.002868026487719531
0.8334937439846006	0.002901375632925572
0.8344562078922041	0.0028673103948501743
0.8354186717998076	0.002901043458319
0.836381135707411	0.0029353753335653785
0.8373435996150145	0.0029703202780125854
0.8383060635226179	0.003005892975952856
0.8392685274302214	0.0030421085539763843
0.8402309913378249	0.002945113788487282
0.8411934552454283	0.0028701650652870167
0.8421559191530318	0.002768217866227742
0.8431183830606352	0.0026887828523820346
0.8440808469682387	0.0026071620274518825
0.8450433108758422	0.002562111801242236
0.8460057747834456	0.0025943396226415093
0.8469682386910491	0.0025475678688002545
0.8479307025986526	0.002499395307586874
0.848893166506256	0.002449779519843214
0.8498556304138595	0.0023986765922249793
0.8508180943214629	0.002346041055718475
0.8517805582290664	0.002291825821237586
0.8527430221366699	0.002235982112143103
0.8537054860442733	0.002178459393516905
0.8546679499518768	0.002119205298013245
0.8556304138594802	0.002058165548098434
0.8565928777670837	0.0019952838744785053
0.8575553416746872	0.0019305019305019305
0.8585178055822906	0.0018637592023110613
0.8594802694898941	0.0017949929145016533
0.8604427333974976	0.0017241379310344827
0.861405197305101	0.0016511266511266512
0.8623676612127045	0.0015758888998325619
0.8633301251203079	0.0014983518130056938
0.8642925890279115	0.0014184397163120568
0.865255052935515	0.0013360739979445015
0.8662175168431184	0.0012511729746637473
0.8671799807507219	0.0011636517507669522
0.8681424446583254	0.00107342206955775
0.8691049085659288	0.000980392156862745
0.8700673724735323	0.0008844665561083472
0.8710298363811357	0.0007855459544383347
0.8719923002887392	0.000683526999316473
0.8729547641963427	0.0005783021050196623
0.8739172281039461	0.0004697592483852026
0.8748796920115496	0.00035778175313059033
0.875842155919153	0.00024224806201550387
0.8768046198267565	0.00024606299212598425
0.87776708373436	0.00024996875390576176
0.8787295476419634	0.00012698412698412698
0.8796920115495669	0.00012903225806451613
0.8806544754571703	0.00013113034356150013
0.8816169393647738	0.0001332800213248034
0.8825794032723773	0.00013548299688389108
0.8835418671799807	0.0001377410468319559
0.8845043310875842	0.00014005602240896358
0.8854667949951877	0.0001424298532972511
0.8864292589027911	0.00014486455164421265
0.8873917228103946	0.00014736221632773356
0.888354186717998	0.00014992503748125936
0.8893166506256015	0.00015255530129672007
0.890279114533205	0.0001552553951249806
0.8912415784408084	0.00015802781289506955
0.8922040423484119	0.00016087516087516087
0.8931665062560153	0.0001638001638001638
0.8941289701636189	0.00016680567139282736
0.8950914340712224	0.00016989466530750936
0.8960538979788258	0.00017307026652821047
0.8970163618864293	0.00017633574325515782
0.8979788257940328	0.00017969451931716083
0.8989412897016362	0.00018315018315018315
0.8999037536092397	0.00018670649738610905
0.9008662175168431	0.00019036740909956216
0.9018286814244466	0.00019413706076490002
0.9027911453320501	0.0
0.9037536092396535	0.0
0.904716073147257	0.0
0.9056785370548605	0.0
0.9066410009624639	0.0
0.9076034648700674	0.0
0.9085659287776708	0.0
0.9095283926852743	0.0
0.9104908565928778	0.0
0.9114533205004812	0.0
0.9124157844080847	0.0
0.9133782483156881	0.0
0.9143407122232916	0.0
0.9153031761308951	0.0
0.9162656400384985	0.0
0.917228103946102	0.0
0.9181905678537055	0.0
0.9191530317613089	0.0
0.9201154956689124	0.0
0.9210779595765158	0.0
0.9220404234841193	0.0
0.9230028873917228	0.0
0.9239653512993262	0.0
0.9249278152069298	0.0
0.9258902791145333	0.0
0.9268527430221367	0.0
0.9278152069297402	0.0
0.9287776708373436	0.0
0.9297401347449471	0.0
0.9307025986525506	0.0
0.931665062560154	0.0
0.9326275264677575	0.0
0.933589990375361	0.0
0.9345524542829644	0.0
0.9355149181905679	0.0
0.9364773820981713	0.0
0.9374398460057748	0.0
0.9384023099133783	0.0
0.9393647738209817	0.0
0.9403272377285852	0.0
0.9412897016361886	0.0
0.9422521655437921	0.0
0.9432146294513956	0.0
0.944177093358999	0.0
0.9451395572666025	0.0
0.9461020211742059	0.0
0.9470644850818094	0.0
0.9480269489894129	0.0
0.9489894128970163	0.0
0.9499518768046198	0.0
0.9509143407122232	0.0
0.9518768046198267	0.0
0.9528392685274302	0.0
0.9538017324350336	0.0
0.9547641963426372	0.0
0.9557266602502407	0.0
0.9566891241578441	0.0
0.9576515880654476	0.0
0.958614051973051	0.0
0.9595765158806545	0.0
0.960538979788258	0.0
0.9615014436958614	0.0
0.9624639076034649	0.0
0.9634263715110684	0.0
0.9643888354186718	0.0
0.9653512993262753	0.0
0.9663137632338787	0.0
0.9672762271414822	0.0
0.9682386910490857	0.0
0.9692011549566891	0.0
0.9701636188642926	0.0
0.971126082771896	0.0
0.9720885466794995	0.0
0.973051010587103	0.0
0.9740134744947064	0.0
0.9749759384023099	0.0
0.9759384023099134	0.0
0.9769008662175168	0.0
0.9778633301251203	0.0
0.9788257940327237	0.0
0.9797882579403272	0.0
0.9807507218479307	0.0
0.9817131857555341	0.0
0.9826756496631376	0.0
0.983638113570741	0.0
0.9846005774783445	0.0
0.9855630413859481	0.0
0.9865255052935515	0.0
0.987487969201155	0.0
0.9884504331087585	0.0
0.9894128970163619	0.0
0.9903753609239654	0.0
0.9913378248315688	0.0
0.9923002887391723	0.0
0.9932627526467758	0.0
0.9942252165543792	0.0
0.9951876804619827	0.0
0.9961501443695862	0.0
0.9971126082771896	0.0
0.9980750721847931	0.0
0.9990375360923965	0.0
1.0	0.0
