Fraction_of_nodes	Efficiency
0.001	0.29148223039480786
0.002	0.2873264080834851
0.003	0.2831063471555339
0.004	0.27931232948242196
0.005	0.27581379158120967
0.006	0.27251983101991445
0.007	0.2686994493347382
0.008	0.2661345833721926
0.009	0.2640033461345444
0.01	0.26140577619042077
0.011	0.25894411010227375
0.012	0.2566855969731785
0.013	0.2545694629057595
0.014	0.252727652939561
0.015	0.25070947586028036
0.016	0.2491756467594405
0.017	0.2474673809349804
0.018	0.24551190889120453
0.019	0.2442422301689262
0.02	0.24324690959294548
0.021	0.2417874398314606
0.022	0.2402137067656493
0.023	0.23836700892742974
0.024	0.23669033274107712
0.025	0.23489689768897482
0.026	0.2333912034783491
0.027	0.23184999661452105
0.028	0.23067820827920216
0.029	0.22921880922262297
0.03	0.22796096855702375
0.031	0.2266472802704291
0.032	0.2256863490135335
0.033	0.22408583879386873
0.034	0.22342940169844602
0.035	0.22208532757117422
0.036	0.22074558421281568
0.037	0.21968552544970874
0.038	0.21888894074209772
0.039	0.216303160392399
0.04	0.21496888551733995
0.041	0.21451440152817117
0.042	0.21348540130205876
0.043	0.2120828677574045
0.044	0.21018309133912208
0.045	0.20875363714212322
0.046	0.20723662393790646
0.047	0.20624714733802557
0.048	0.20531942359897706
0.049	0.20438723781118404
0.05	0.20325698950626547
0.051	0.202002515207476
0.052	0.2007216477938489
0.053	0.1992862591031342
0.054	0.19810711864130556
0.055	0.19727911950361804
0.056	0.1962487687858837
0.057	0.19499297324224546
0.058	0.19431556311556783
0.059	0.19371293294488479
0.06	0.19276924163117326
0.061	0.19134929444319343
0.062	0.19063832579457737
0.063	0.18862080238126547
0.064	0.18787170004839024
0.065	0.18598890978137375
0.066	0.18524261744625917
0.067	0.18430615640939024
0.068	0.1833546039243294
0.069	0.18215491970509454
0.07	0.1809464917425326
0.071	0.1797508446324264
0.072	0.17847651428704658
0.073	0.17752386356601876
0.074	0.17600814940133985
0.075	0.17516500097028362
0.076	0.1747399882153257
0.077	0.1744033862925011
0.078	0.17378675365107568
0.079	0.1726870958210755
0.08	0.17146715494271286
0.081	0.17056769503305058
0.082	0.16963045064482007
0.083	0.16866893583612516
0.084	0.16764353114657823
0.085	0.16692481013256735
0.086	0.16589139531391608
0.087	0.16461256850414588
0.088	0.16306512207780827
0.089	0.16210236351864005
0.09	0.15963619563640444
0.091	0.15938562223122904
0.092	0.15930633174645037
0.093	0.1581391596543427
0.094	0.1568049808082344
0.095	0.15624362350384888
0.096	0.15553790033815543
0.097	0.15408715777379
0.098	0.1529922282622925
0.099	0.15235416365578267
0.1	0.15073223774235198
0.101	0.15042640833092624
0.102	0.14999121633216442
0.103	0.148892301254814
0.104	0.1484268593216219
0.105	0.1468215828012022
0.106	0.1461318403956692
0.107	0.14487045308390448
0.108	0.14389778789163224
0.109	0.14273416326290378
0.11	0.1416471783139716
0.111	0.1401445307533253
0.112	0.13937308089784803
0.113	0.1377576523045976
0.114	0.1364615812613313
0.115	0.1350395458340353
0.116	0.13534541117001272
0.117	0.13392099324367407
0.118	0.13332016143712092
0.119	0.132266976240436
0.12	0.13224989035154538
0.121	0.13120167216131373
0.122	0.1294688191297249
0.123	0.12824485597649593
0.124	0.1285314639186624
0.125	0.12804740789655897
0.126	0.12773209977398775
0.127	0.12741560099906873
0.128	0.12640541291399712
0.129	0.1253839180751002
0.13	0.12375067141634265
0.131	0.12343553477795235
0.132	0.12257970203009996
0.133	0.12253395886921309
0.134	0.12253615265882414
0.135	0.1218834316602474
0.136	0.12068875572002848
0.137	0.1206426843660737
0.138	0.12092022813276047
0.139	0.12092904542205804
0.14	0.12120383487183185
0.141	0.12054411023322709
0.142	0.12034746093549831
0.143	0.12037962052024527
0.144	0.12037454664252713
0.145	0.12044197719262084
0.146	0.1193667616178826
0.147	0.11652093670782626
0.148	0.11643844349047108
0.149	0.1157940337181406
0.15	0.11453954854938189
0.151	0.11450347104636721
0.152	0.11404673917186174
0.153	0.11410749925747427
0.154	0.11415097423035127
0.155	0.11390829324028764
0.156	0.11306298103509818
0.157	0.11148006730064933
0.158	0.11059875507709775
0.159	0.11066480807658517
0.16	0.11040622101828315
0.161	0.110078142588681
0.162	0.10991530990930888
0.163	0.10959098120193508
0.164	0.10856343422004203
0.165	0.10719539727793594
0.166	0.10592333944306755
0.167	0.10529090075734661
0.168	0.10352830788651642
0.169	0.10323017509803688
0.17	0.10209443609048513
0.171	0.10208684504276816
0.172	0.10184002859318678
0.173	0.10079012498690881
0.174	0.10073048075230086
0.175	0.10070909383886517
0.176	0.09974878754564862
0.177	0.09773367232567864
0.178	0.09637852640212419
0.179	0.09640762867146738
0.18	0.09575322061538595
0.181	0.09570613046687255
0.182	0.09594041719996159
0.183	0.09504594791674136
0.184	0.09475683215258747
0.185	0.09498663519506305
0.186	0.09521023084352567
0.187	0.09495027930712038
0.188	0.09438738980208652
0.189	0.09358775324849432
0.19	0.09294244636488593
0.191	0.09317250192519505
0.192	0.09321467166789156
0.193	0.09294889725304144
0.194	0.0927155675221243
0.195	0.09166929789740569
0.196	0.09167520410253648
0.197	0.09175043351748498
0.198	0.09197173995078045
0.199	0.09189081853130213
0.2	0.0911549724480747
0.201	0.09137872589610663
0.202	0.0907173959474931
0.203	0.09017727005698654
0.204	0.09013825738801916
0.205	0.08943617085298601
0.206	0.08812307906359414
0.207	0.08834561209153251
0.208	0.08838122834484947
0.209	0.08776806235388086
0.21	0.08799054159939133
0.211	0.08725666730172026
0.212	0.0871295466688058
0.213	0.08716126448689818
0.214	0.08654262512567289
0.215	0.08598034804203054
0.216	0.08597573320288528
0.217	0.08537776185340891
0.218	0.08445446215930079
0.219	0.08427320552744555
0.22	0.08299105979900868
0.221	0.08274753876003936
0.222	0.08277992279957276
0.223	0.08186441793352768
0.224	0.08088271025163754
0.225	0.08072446825488161
0.226	0.08092998566391345
0.227	0.08018554321355977
0.228	0.07926054109490886
0.229	0.07901968733586343
0.23	0.07899847109095479
0.231	0.07898087103056628
0.232	0.07843669407654674
0.233	0.07824286497224062
0.234	0.07762066835227198
0.235	0.0767192966548081
0.236	0.07400172064621992
0.237	0.07331285632353078
0.238	0.07325747973422408
0.239	0.07345026257562993
0.24	0.07220152037086765
0.241	0.07200364086096886
0.242	0.07182058944481938
0.243	0.07062071256382185
0.244	0.07080778729909026
0.245	0.06990333211660182
0.246	0.06859937962002045
0.247	0.0680921533792215
0.248	0.06804604980891642
0.249	0.06737217542130254
0.25	0.06739978931189461
0.251	0.06629142965837206
0.252	0.0661861164982638
0.253	0.06496468263745933
0.254	0.06490413160100021
0.255	0.06442902228134013
0.256	0.06361643840350577
0.257	0.06377279566088061
0.258	0.06286856972352702
0.259	0.0628451183279678
0.26	0.06301519983900425
0.261	0.062135185629766006
0.262	0.0623038021443651
0.263	0.06168172119652555
0.264	0.061708575605561
0.265	0.06187671886334182
0.266	0.06142146343494042
0.267	0.061589281641046816
0.268	0.06147666095573267
0.269	0.06163259711309022
0.27	0.06159987751508524
0.271	0.06026735755882059
0.272	0.06006197034859965
0.273	0.06022364102223648
0.274	0.06038977520436678
0.275	0.060556597787804256
0.276	0.06051133517394653
0.277	0.05977797564483671
0.278	0.05902878506744644
0.279	0.05750050434921787
0.28	0.05716296684201791
0.281	0.056303101274400365
0.282	0.05505986810781895
0.283	0.0546068938783876
0.284	0.05456730772454703
0.285	0.05295323365094625
0.286	0.05287295262398732
0.287	0.05262604673667209
0.288	0.05223178899951204
0.289	0.05219341932970362
0.29	0.051371935341543454
0.291	0.04962170783048073
0.292	0.04960998929072151
0.293	0.049570287559896085
0.294	0.04971091248914402
0.295	0.048731254786328754
0.296	0.04719108116519998
0.297	0.047303239193913584
0.298	0.04725204932833125
0.299	0.04738705518355506
0.3	0.04196119826053548
0.301	0.03999012088302152
0.302	0.03913095597905634
0.303	0.03924340125485823
0.304	0.03935219728261567
0.305	0.03909071641240386
0.306	0.03920353233278597
0.307	0.03872535856346619
0.308	0.03820937602470836
0.309	0.03832012783927273
0.31	0.037651168158302634
0.311	0.03744688593393323
0.312	0.03661050392455494
0.313	0.03610545246246522
0.314	0.036206613707764373
0.315	0.03542192522151441
0.316	0.03551922812858727
0.317	0.035358997284551566
0.318	0.035448487480591984
0.319	0.035552747737887844
0.32	0.03565746864433229
0.321	0.03550348797809269
0.322	0.035370117814994044
0.323	0.033823405838621166
0.324	0.033923623337402266
0.325	0.03352819783949143
0.326	0.033627835871703884
0.327	0.03302310945454835
0.328	0.03299794964885146
0.329	0.03300222233162603
0.33	0.03237118738986896
0.331	0.03094629522570987
0.332	0.030862184266206252
0.333	0.030484024768129944
0.334	0.030568932354643863
0.335	0.03066100745209761
0.336	0.0307534991789516
0.337	0.030841853268235613
0.338	0.030930601465664065
0.339	0.031019746138880942
0.34	0.029579168390072585
0.341	0.0296690746769725
0.342	0.029759391494862827
0.343	0.029364172340531756
0.344	0.029453833935464677
0.345	0.027517665357480316
0.346	0.02760194610895805
0.347	0.02737381878239725
0.348	0.02646648763696293
0.349	0.026540833299029152
0.35	0.02150933260053269
0.351	0.021562245075206037
0.352	0.02151922382333201
0.353	0.021376288672564397
0.354	0.02088135515782669
0.355	0.020847935352165687
0.356	0.020912781185298393
0.357	0.017274550791912202
0.358	0.017328449546333145
0.359	0.017256466412203693
0.36	0.01720106675056953
0.361	0.01725498858991301
0.362	0.017309164378264387
0.363	0.016733361064876405
0.364	0.01662556959197688
0.365	0.01667801618374968
0.366	0.016495567807126577
0.367	0.01638166477835259
0.368	0.016433587646112822
0.369	0.015880602780666733
0.37	0.015931097543085387
0.371	0.015773148270143363
0.372	0.01573948276078514
0.373	0.01570005599778252
0.374	0.01567571223794433
0.375	0.015720826700245442
0.376	0.01577129484374543
0.377	0.01581684519232147
0.378	0.015679819891517878
0.379	0.015730399955684066
0.38	0.015661904853808785
0.381	0.015451061379629125
0.382	0.01550114585735888
0.383	0.014707062250949261
0.384	0.013933845999992983
0.385	0.013651084020590091
0.386	0.013540191312744481
0.387	0.013584440303962601
0.388	0.013235582105762356
0.389	0.01327897745692879
0.39	0.013317202853298694
0.391	0.013361009441631913
0.392	0.01340503253699149
0.393	0.01344927356846671
0.394	0.013284286422738763
0.395	0.012690102447615368
0.396	0.012701452051584301
0.397	0.012680892152022756
0.398	0.01231543418976613
0.399	0.01234539301365993
0.4	0.012252343090117598
0.401	0.01224629140775939
0.402	0.011441691515394425
0.403	0.011151699239907414
0.404	0.010676119807174799
0.405	0.01071206633851209
0.406	0.01070693521126667
0.407	0.01074310728968311
0.408	0.010760694213942037
0.409	0.01072931053170677
0.41	0.010361364994515865
0.411	0.010314960975514662
0.412	0.009486457344824641
0.413	0.009518834332349641
0.414	0.00863549847600685
0.415	0.008502729654396145
0.416	0.008462398518453316
0.417	0.008430944189861178
0.418	0.008454051698058915
0.419	0.008416987081636684
0.42	0.008395068751282056
0.421	0.007696247828982546
0.422	0.007680944112676272
0.423	0.007707614057511954
0.424	0.007559220182563374
0.425	0.0075855589288440824
0.426	0.0075680508412789334
0.427	0.006917134723875908
0.428	0.006920951287435872
0.429	0.006939090367444018
0.43	0.006963480843252257
0.431	0.006955821127664065
0.432	0.006907426467507481
0.433	0.006704396656289779
0.434	0.006718747877450289
0.435	0.006742573224533446
0.436	0.0067280792084636835
0.437	0.006752022550842558
0.438	0.0066563733460874635
0.439	0.006581020599248401
0.44	0.006579542863936066
0.441	0.006527518946381507
0.442	0.006479401598649407
0.443	0.0064556718696752585
0.444	0.006469213599920507
0.445	0.0064372782146663735
0.446	0.0064605595101986215
0.447	0.006483967334510935
0.448	0.006507502606142554
0.449	0.006461346900058581
0.45	0.006478261891249389
0.451	0.006501905182823293
0.452	0.005888497230604968
0.453	0.005910066817530261
0.454	0.005816348687193537
0.455	0.0056407510788153885
0.456	0.005661527325882849
0.457	0.0056756229225608254
0.458	0.0056966048926996825
0.459	0.005671549127721165
0.46	0.005632299717663898
0.461	0.005653237634829935
0.462	0.005559406471246654
0.463	0.0054968482646298176
0.464	0.005455091934154916
0.465	0.0054386531894883615
0.466	0.005422571394408085
0.467	0.005406279942654073
0.468	0.005340617763985671
0.469	0.005353664475655901
0.47	0.004899714673852415
0.471	0.004840991506440894
0.472	0.004815022584989807
0.473	0.004818299499073806
0.474	0.004739002683598008
0.475	0.004674058624440301
0.476	0.0046846347685239546
0.477	0.0047025835607405215
0.478	0.00470960475207392
0.479	0.004659198418426238
0.48	0.004677152940269884
0.481	0.004687772132033077
0.482	0.004705906647050614
0.483	0.00449981689467094
0.484	0.0045172919117376234
0.485	0.00435462975147915
0.486	0.0043289659162187594
0.487	0.004338261416911836
0.488	0.0043265655950648785
0.489	0.004185913915970341
0.49	0.00420236151485431
0.491	0.0041605546246420155
0.492	0.004176967068920683
0.493	0.004155675246958566
0.494	0.004164306497105014
0.495	0.004180831522887177
0.496	0.004197455107471221
0.497	0.004202297130385987
0.498	0.004162214372868784
0.499	0.004143999624239168
0.5	0.0041407023615440686
0.501	0.004149283463333275
0.502	0.004165980781093167
0.503	0.00409950226064657
0.504	0.00402087435933968
0.505	0.00389228832119277
0.506	0.00385209914449226
0.507	0.0038677580841040174
0.508	0.0038835126995178833
0.509	0.0038716541135594474
0.51	0.0038360165679559854
0.511	0.0037804985494314827
0.512	0.0037560504672633273
0.513	0.0037630573083205885
0.514	0.0037785750704167555
0.515	0.003794189016988726
0.516	0.003765697331222729
0.517	0.0037813226313522835
0.518	0.003776916735742156
0.519	0.0037637788599327194
0.52	0.0037794940117487227
0.521	0.003786572720282258
0.522	0.0037805200879856946
0.523	0.0037743832389992866
0.524	0.0037740583658319306
0.525	0.0037810996958232267
0.526	0.0037241333839937007
0.527	0.00371005252397019
0.528	0.003694319183361621
0.529	0.003710039690524862
0.53	0.0037258607553032194
0.531	0.0036925787103470214
0.532	0.00370839275193309
0.533	0.0037243086006538326
0.534	0.003740327132269548
0.535	0.0037132575021896577
0.536	0.00372929749139998
0.537	0.003704613733785434
0.538	0.003692983939201937
0.539	0.0035083784041626226
0.54	0.003486407396609165
0.541	0.0034921181309285378
0.542	0.003472698181879961
0.543	0.0034735333681550503
0.544	0.003488801646696391
0.545	0.003504170816946155
0.546	0.0035050547289074653
0.547	0.003520563820628295
0.548	0.0034896982246039477
0.549	0.0034789289438217808
0.55	0.0034762779632861365
0.551	0.0034669402366467343
0.552	0.00348245227349974
0.553	0.003423071473903635
0.554	0.0034283789750610997
0.555	0.003443822123597411
0.556	0.0034492016715493077
0.557	0.003411695122623291
0.558	0.0033938209908598096
0.559	0.0033216366480126546
0.56	0.003160563493707001
0.561	0.003174995290481919
0.562	0.003189526161376573
0.563	0.0032041570153278414
0.564	0.0032188887717201535
0.565	0.003223128579079635
0.566	0.0031706881764352406
0.567	0.0031853672883631816
0.568	0.003189406975015377
0.569	0.0030902063158038968
0.57	0.003104612872054731
0.571	0.003108227874583013
0.572	0.0030972513616038294
0.573	0.0031117924478085424
0.574	0.0031264361769747003
0.575	0.003141183517432128
0.576	0.003144884193325247
0.577	0.0030893897301749115
0.578	0.003104066165947714
0.579	0.003082342728593149
0.58	0.003085690653880217
0.581	0.003034032430465035
0.582	0.002881062659555649
0.583	0.002894913922341974
0.584	0.002908865314738803
0.585	0.0029229178041819855
0.586	0.002861040974702056
0.587	0.00287492952312294
0.588	0.0028599822120834043
0.589	0.00286206461299927
0.59	0.0028760600389797068
0.591	0.002890158372504117
0.592	0.002874250300720883
0.593	0.00286621949183525
0.594	0.002839829560318517
0.595	0.002853888122498312
0.596	0.0028557672321645445
0.597	0.0028699750293394925
0.598	0.0028301127856344248
0.599	0.002825560107667335
0.6	0.0027906422803039297
0.601	0.002804665608345658
0.602	0.002806137158946541
0.603	0.00282030956884021
0.604	0.002834589617290034
0.605	0.002806141754609269
0.606	0.0028075059820322685
0.607	0.002821829992144678
0.608	0.0028362639051479756
0.609	0.0028048885849397314
0.61	0.0028061265593399224
0.611	0.0028205911292334272
0.612	0.002835167827575719
0.613	0.0028498578163196346
0.614	0.0028512042279621804
0.615	0.0028525261114546786
0.616	0.002847023636840865
0.617	0.0028619295197562624
0.618	0.002876952771828474
0.619	0.0028460477528028253
0.62	0.002693596347949907
0.621	0.0027078481804787423
0.622	0.0027222134228155
0.623	0.002722584133075693
0.624	0.00273710458178543
0.625	0.0027517415046826783
0.626	0.002766496150820387
0.627	0.002733323815655388
0.628	0.0027118299811978597
0.629	0.002683021874396535
0.63	0.0026829152032404042
0.631	0.0026528200927281856
0.632	0.002630255198078914
0.633	0.0025825882037076022
0.634	0.0025593114207531444
0.635	0.0025583201317056496
0.636	0.0025572791806558037
0.637	0.002556187789738769
0.638	0.002555045168411967
0.639	0.002569239863792033
0.64	0.0025603405501269934
0.641	0.002574644128619323
0.642	0.00257341918766265
0.643	0.002587876598829294
0.644	0.0025694868336109027
0.645	0.0025442169653198538
0.646	0.002518619628621069
0.647	0.00239049489226543
0.648	0.0023501575584908914
0.649	0.0023635870302536966
0.65	0.0023771319416018553
0.651	0.0023907936194271532
0.652	0.0023797299237028934
0.653	0.0023629458113308124
0.654	0.002359889419452124
0.655	0.0023567576676777895
0.656	0.002353549393179199
0.657	0.0023005359202996163
0.658	0.0023140287995975614
0.659	0.0023103904318325583
0.66	0.0023066689802764776
0.661	0.002320317909153853
0.662	0.0023340883418491282
0.663	0.0023479817248363254
0.664	0.0022924070125562674
0.665	0.0023061340006554068
0.666	0.0022930115744487015
0.667	0.002306824897186344
0.668	0.0022752641987891153
0.669	0.0022890536787817765
0.67	0.002302968898713581
0.671	0.002200558479748932
0.672	0.0022140175530195676
0.673	0.002227600482792694
0.674	0.0022413087934560335
0.675	0.0022551440329218117
0.676	0.002269107773063742
0.677	0.002235127460595223
0.678	0.002200679811407159
0.679	0.0022144340602284537
0.68	0.002228317659352143
0.681	0.002139810597845732
0.682	0.002087177350554531
0.683	0.0020804216747194832
0.684	0.0020936307012256387
0.685	0.0021069659286219802
0.686	0.0020899045603467578
0.687	0.0020350345430217636
0.688	0.0020481215818836398
0.689	0.0020405905334854616
0.69	0.002053798239203814
0.691	0.002005842054385744
0.692	0.001923727738059986
0.693	0.0019363011219688748
0.694	0.0019275688417443484
0.695	0.0019402502157031929
0.696	0.0019530571478200455
0.697	0.001965991301116867
0.698	0.001957052650106709
0.699	0.0019700996677740872
0.7	0.0019609810479375702
0.701	0.001974141994568024
0.702	0.0018887608373066994
0.703	0.0018787727121060463
0.704	0.0018915101542220196
0.705	0.0019043775702371354
0.706	0.0018825505173628047
0.707	0.0018954446989885773
0.708	0.0018849346451380068
0.709	0.0018979341944148206
0.71	0.001911068687109733
0.711	0.0019003107779059342
0.712	0.001913553361724094
0.713	0.0019269348537641227
0.714	0.001940457203615099
0.715	0.0018964665184086984
0.716	0.0019098691086448024
0.717	0.0018983535072550942
0.718	0.0019118649201181198
0.719	0.0019001016776817492
0.72	0.0019137224782386076
0.721	0.0018888115314200256
0.722	0.0019024491598057297
0.723	0.001916235023282583
0.724	0.0019038208168642955
0.725	0.0019177173191771736
0.726	0.0019050292772920514
0.727	0.001919036845507434
0.728	0.0019331994790536145
0.729	0.0018837410596328182
0.73	0.0018702097388590571
0.731	0.0018841665279550202
0.732	0.0018982801349059942
0.733	0.0019125529178752121
0.734	0.001874970444980375
0.735	0.0018177053554412042
0.736	0.0018027230479701957
0.737	0.0018164842926111896
0.738	0.001830403712477942
0.739	0.001815011297769918
0.74	0.0017993267993267987
0.741	0.001813275069089022
0.742	0.001827386159120843
0.743	0.0018416626134889749
0.744	0.0018561070261437903
0.745	0.001749781277340332
0.746	0.0017324909485128585
0.747	0.0017148712800886712
0.748	0.0017285355930774255
0.749	0.001742363877822045
0.75	0.0017563587684069609
0.751	0.0017705229520231461
0.752	0.0017848591702581513
0.753	0.0017993702204228516
0.754	0.0018140589569160994
0.755	0.0018289282926285265
0.756	0.001843981200386786
0.757	0.0018252105794193333
0.758	0.001806065178377513
0.759	0.001821115721530659
0.76	0.0017840539284053926
0.761	0.0017990459782239252
0.762	0.001814227800824971
0.763	0.001710410260077713
0.764	0.0017249669431422042
0.765	0.0017033400012123412
0.766	0.001717960945428756
0.767	0.001732770953579004
0.768	0.001747773299497437
0.769	0.0017629713281887192
0.77	0.0017783684576925507
0.771	0.0017939681810056432
0.772	0.0017711312053996955
0.773	0.0017868049328811089
0.774	0.0018026876433956075
0.775	0.0017791005291005286
0.776	0.001795056587657484
0.777	0.0017708291250892146
0.778	0.0017868547280311985
0.779	0.0017002605237899353
0.78	0.00171578801715788
0.781	0.0016896373563459147
0.782	0.0017052100508744485
0.783	0.0016783296353188825
0.784	0.0016939420040195231
0.785	0.0017097732377019486
0.786	0.00164538633671186
0.787	0.0016609088493223492
0.788	0.0016766520611642673
0.789	0.0016926201760324984
0.79	0.0016632490316700842
0.791	0.0016332351858667647
0.792	0.0016490152359717577
0.793	0.0015086847083470134
0.794	0.0015234035835503988
0.795	0.0013789255539614221
0.796	0.0013925110273994656
0.797	0.0013575249150530818
0.798	0.001371032625650625
0.799	0.001384742951907131
0.8	0.0013986599664991626
0.801	0.001412787844948649
0.802	0.0014271308687552344
0.803	0.0014416934286404918
0.804	0.0014564800279085995
0.805	0.0014186271918230683
0.806	0.0014333279917383332
0.807	0.0014482584916522742
0.808	0.0014634235020360676
0.809	0.0014788279599522367
0.81	0.0014944769330734245
0.811	0.0015103756238508013
0.812	0.0015265293738385105
0.813	0.0013991911525118358
0.814	0.0014143175433498016
0.815	0.001429690560125343
0.816	0.0014453155935693358
0.817	0.0014611981825096581
0.818	0.001477344018780483
0.819	0.0014937589523224884
0.82	0.0015104489964825162
0.821	0.0015274203335216457
0.822	0.001481199348272287
0.823	0.0014980311590481084
0.824	0.0015151515151515154
0.825	0.0015325670498084292
0.826	0.0014284765131884925
0.827	0.001445086705202312
0.828	0.0014619883040935672
0.829	0.0013759889920880633
0.83	0.0013922728854855553
0.831	0.0014088475626937165
0.832	0.00142571998859424
0.833	0.0014428973378544116
0.834	0.0014603870025556773
0.835	0.0014781966001478197
0.836	0.0014963339817447255
0.837	0.0014390668787396803
0.838	0.0014569434859289933
0.839	0.0013975155279503106
0.84	0.0014150943396226414
0.841	0.0014330069262001434
0.842	0.0014512617915020559
0.843	0.0014698677119059284
0.844	0.001488833746898263
0.845	0.001508169250104734
0.846	0.001443001443001443
0.847	0.0014619883040935672
0.848	0.0014813523875914954
0.849	0.001501103752759382
0.85	0.0015212527964205817
0.851	0.0015418102666424813
0.852	0.0015627872770729914
0.853	0.0015841953219644022
0.854	0.0015115729806329712
0.855	0.0015325670498084292
0.856	0.001554001554001554
0.857	0.0014773958435930267
0.858	0.0014983518130056938
0.859	0.001519756838905775
0.86	0.0012846865364850976
0.861	0.0013033051819414034
0.862	0.0013223315349624458
0.863	0.0013417775869471876
0.864	0.0013616557734204794
0.865	0.0013819789939192924
0.866	0.0014027606329255976
0.867	0.0014240145819093188
0.868	0.0014457552625491558
0.869	0.001467997651203758
0.87	0.0014907573047107932
0.871	0.0015140503875968993
0.872	0.0015378937007874017
0.873	0.001562304711911011
0.874	0.0015873015873015873
0.875	0.0016129032258064516
0.876	0.0016391292945187516
0.877	0.0016660002665600426
0.878	0.0016935374610486385
0.879	0.001721763085399449
0.88	0.0017507002801120449
0.881	0.0016379433129183876
0.882	0.0016659423439084457
0.883	0.001694665487768936
0.884	0.0017241379310344827
0.885	0.0017543859649122807
0.886	0.0017854370439372767
0.887	0.0018173198482932997
0.888	0.0018500643500643501
0.889	0.0018837018837018838
0.89	0.0017514595496246873
0.891	0.001783893985728848
0.892	0.0016441675320179993
0.893	0.0016751895609239992
0.894	0.0017070979335130278
0.895	0.00173992673992674
0.896	0.001773711725168036
0.897	0.0018084903864458404
0.898	0.0016501650165016502
0.899	0.0016831683168316831
0.9	0.0017171717171717172
0.901	0.0017522160379303236
0.902	0.0012623606143488324
0.903	0.001288659793814433
0.904	0.0013157894736842105
0.905	0.0013437849944008958
0.906	0.0011439029970258523
0.907	0.0011687704534829358
0.908	0.0011944577161968467
0.909	0.001221001221001221
0.91	0.0009987515605493133
0.911	0.0010214504596527069
0.912	0.0010449320794148381
0.913	0.0010692328254477412
0.914	0.001094391244870041
0.915	0.0011204481792717086
0.916	0.0011474469305794606
0.917	0.0011754334410813989
0.918	0.0012044564890093346
0.919	0.0012345679012345679
0.92	0.0012658227848101266
0.921	0.0012982797792924375
0.922	0.001332001332001332
0.923	0.001367053998632946
0.924	0.0014035087719298245
0.925	0.0014414414414414415
0.926	0.0011106997408367272
0.927	0.00076103500761035
0.928	0.0003912363067292645
0.929	0.00040241448692152917
0.93	0.00041407867494824016
0.931	0.00042625745950554135
0.932	0.0004389815627743635
0.933	0.0004522840343735866
0.934	0.0004662004662004662
0.935	0.0004807692307692308
0.936	0.000496031746031746
0.937	0.0005120327700972862
0.938	0.0005288207297726071
0.939	0.000546448087431694
0.94	0.0005649717514124294
0.941	0.0005844535359438924
0.942	0.0006049606775559589
0.943	0.0006265664160401002
0.944	0.0006493506493506494
0.945	0.0006734006734006734
0.946	0.0006988120195667365
0.947	0.000725689404934688
0.948	0.0007541478129713424
0.949	0.000784313725490196
0.95	0.0008163265306122449
0.951	0.0008503401360544217
0.952	0.0008865248226950354
0.953	0.0009250693802035153
0.954	0.0
0.955	0.0
0.956	0.0
0.957	0.0
0.958	0.0
0.959	0.0
0.96	0.0
0.961	0.0
0.962	0.0
0.963	0.0
0.964	0.0
0.965	0.0
0.966	0.0
0.967	0.0
0.968	0.0
0.969	0.0
0.97	0.0
0.971	0.0
0.972	0.0
0.973	0.0
0.974	0.0
0.975	0.0
0.976	0.0
0.977	0.0
0.978	0.0
0.979	0.0
0.98	0.0
0.981	0.0
0.982	0.0
0.983	0.0
0.984	0.0
0.985	0.0
0.986	0.0
0.987	0.0
0.988	0.0
0.989	0.0
0.99	0.0
0.991	0.0
0.992	0.0
0.993	0.0
0.994	0.0
0.995	0.0
0.996	0.0
0.997	0.0
0.998	0.0
0.999	0.0
1.0	0.0
