Fraction_of_nodes	Efficiency
0.001	0.29148223039480786
0.002	0.2873264080834851
0.003	0.2831063471555339
0.004	0.27931232948242196
0.005	0.27581379158120967
0.006	0.27251983101991445
0.007	0.2686994493347382
0.008	0.2661345833721926
0.009	0.2640033461345444
0.01	0.26140577619042077
0.011	0.25894411010227375
0.012	0.2569368388257402
0.013	0.2545694629057595
0.014	0.252727652939561
0.015	0.25070947586028036
0.016	0.2491756467594405
0.017	0.2474673809349804
0.018	0.24628326379054932
0.019	0.2442422301689262
0.02	0.24281154239193198
0.021	0.2412826927078411
0.022	0.2402137067656493
0.023	0.23836700892742974
0.024	0.23669033274107712
0.025	0.23489689768897482
0.026	0.2333912034783491
0.027	0.23184999661452105
0.028	0.23067820827920216
0.029	0.22921880922262297
0.03	0.22793188499978229
0.031	0.2266472802704291
0.032	0.2256863490135335
0.033	0.22408583879386873
0.034	0.22276907153545705
0.035	0.22145482710344333
0.036	0.22041511353211612
0.037	0.21968552544970874
0.038	0.21888894074209772
0.039	0.216303160392399
0.04	0.21496888551733995
0.041	0.2136046370564979
0.042	0.21211407035037974
0.043	0.21073061256186712
0.044	0.21023655223656948
0.045	0.20875363714212322
0.046	0.20723662393790646
0.047	0.20632778644922287
0.048	0.20540672192524928
0.049	0.20438723781118404
0.05	0.20325698950626547
0.051	0.20183000125178563
0.052	0.20055830385467652
0.053	0.1992862591031342
0.054	0.19810711864130556
0.055	0.19687110014600848
0.056	0.19586726972808646
0.057	0.19499297324224546
0.058	0.19407349852486327
0.059	0.19206970242430976
0.06	0.19137155546220494
0.061	0.19067272108409777
0.062	0.19005410711307857
0.063	0.18862080238126547
0.064	0.1867555513921172
0.065	0.18602077688254579
0.066	0.18524261744625917
0.067	0.1843145597127566
0.068	0.1831246414721142
0.069	0.18215491970509454
0.07	0.18099560114943236
0.071	0.18034682302282282
0.072	0.17890908894124388
0.073	0.1776312728692972
0.074	0.17600814940133985
0.075	0.17558710297680777
0.076	0.17433293459580881
0.077	0.17313302561361663
0.078	0.17225712117574155
0.079	0.172120405676594
0.08	0.17146715494271286
0.081	0.17056769503305058
0.082	0.1695835347213208
0.083	0.16856027532206025
0.084	0.16731733555318212
0.085	0.16657982351699546
0.086	0.1655258936335837
0.087	0.1627341923160639
0.088	0.16117547868894236
0.089	0.16002501490531842
0.09	0.15872222181739362
0.091	0.15778358673518653
0.092	0.15715936985060053
0.093	0.156891039278684
0.094	0.1568049808082344
0.095	0.15624362350384888
0.096	0.15480132942804609
0.097	0.15408715777379
0.098	0.1529922282622925
0.099	0.151382112324318
0.1	0.14978712872400726
0.101	0.14906038763910814
0.102	0.14779928518345678
0.103	0.14735861252831878
0.104	0.14634460788363127
0.105	0.14587502589686419
0.106	0.1449117794698085
0.107	0.14379175374320102
0.108	0.14306710625300506
0.109	0.14273416326290378
0.11	0.14197028992049887
0.111	0.14015949414005444
0.112	0.13887463212572151
0.113	0.13749308554878417
0.114	0.13668694475725363
0.115	0.13569342027609144
0.116	0.13466768242222835
0.117	0.13301903189226424
0.118	0.13239006665373731
0.119	0.1306646642521956
0.12	0.13096196724253054
0.121	0.1294903307328601
0.122	0.1285092025058666
0.123	0.12848591694182074
0.124	0.12726081522001836
0.125	0.12676255265987865
0.126	0.12516955966285526
0.127	0.12432480632853948
0.128	0.12399218023498565
0.129	0.12295695532184499
0.13	0.12231821404056596
0.131	0.1225934245107851
0.132	0.12229769832428633
0.133	0.12192863986276156
0.134	0.12073893742467909
0.135	0.12068999435342849
0.136	0.12064405820666278
0.137	0.12092128630331031
0.138	0.1209301664655765
0.139	0.12092904542205804
0.14	0.1198516828015899
0.141	0.12012427329556855
0.142	0.11946088946490051
0.143	0.11926177919665307
0.144	0.11930675537937167
0.145	0.11929928937211702
0.146	0.1193667616178826
0.147	0.11652093670782626
0.148	0.11628288925798806
0.149	0.11620011309259373
0.15	0.11555416965781971
0.151	0.11429849992197852
0.152	0.11273397902400598
0.153	0.11226557694708579
0.154	0.11194416788358873
0.155	0.11099682795943698
0.156	0.10970580913918775
0.157	0.10843363120937695
0.158	0.10838868340165524
0.159	0.1084230485404256
0.16	0.1074794581968245
0.161	0.1057893148796297
0.162	0.10584582767497373
0.163	0.10556237895111979
0.164	0.10556010444724753
0.165	0.10523650716456114
0.166	0.1049898383295427
0.167	0.10407230722444978
0.168	0.10304211261196339
0.169	0.10302360776135602
0.17	0.10307104538968868
0.171	0.10112849160254099
0.172	0.1004423435611871
0.173	0.09981921191709688
0.174	0.09977534468356541
0.175	0.09946965951647405
0.176	0.09835052681815427
0.177	0.0981109387715041
0.178	0.09723068572770151
0.179	0.09694757456108126
0.18	0.0971813427231471
0.181	0.09684295778085175
0.182	0.09605880559625625
0.183	0.09598712218469388
0.184	0.09601946921736529
0.185	0.09575929653337713
0.186	0.09552766867902653
0.187	0.09390148342236349
0.188	0.09285626411138177
0.189	0.09287965898534474
0.19	0.09295660594051601
0.191	0.09317904745309682
0.192	0.09340997446041553
0.193	0.09333249766892347
0.194	0.09268545574619327
0.195	0.09291138137233493
0.196	0.0922467272094398
0.197	0.0916913663776631
0.198	0.09165070897489701
0.199	0.090933087866275
0.2	0.08961454724915618
0.201	0.08983914511193603
0.202	0.08923421139895601
0.203	0.089447909541966
0.204	0.08917906722446226
0.205	0.08845694743709664
0.206	0.08868004188208302
0.207	0.08765864496376302
0.208	0.08690603542826886
0.209	0.08688961228259667
0.21	0.0868860024114792
0.211	0.08629766494662548
0.212	0.08611270123639753
0.213	0.08487634182872308
0.214	0.08393061126680502
0.215	0.08378055085596796
0.216	0.08399129170054498
0.217	0.08326587273735038
0.218	0.08237623309082968
0.219	0.08211581638475936
0.22	0.08209845960698287
0.221	0.08208551516148327
0.222	0.08154982375960262
0.223	0.08135397002889555
0.224	0.08075319323380628
0.225	0.07986920325476851
0.226	0.07727919140223971
0.227	0.07659584779789434
0.228	0.07654464779798657
0.229	0.07674346506499433
0.23	0.07676359796764193
0.231	0.07632474564742478
0.232	0.07499582260491372
0.233	0.07481808498984738
0.234	0.07464738487719977
0.235	0.07347539639237223
0.236	0.07256185808962207
0.237	0.07163992539479512
0.238	0.07139137771296605
0.239	0.07140466700524754
0.24	0.0703888408179534
0.241	0.06909413552775062
0.242	0.06905017178706863
0.243	0.06908030645535493
0.244	0.0690901594212614
0.245	0.06798224117857737
0.246	0.06788124263261525
0.247	0.06661639034209285
0.248	0.0667937975067855
0.249	0.06673516961323943
0.25	0.06592705951085318
0.251	0.06608846081207845
0.252	0.06519380407553721
0.253	0.06501583586388066
0.254	0.06430495403261756
0.255	0.06428367812736485
0.256	0.06445671629190688
0.257	0.06356744680125787
0.258	0.06296655678091899
0.259	0.06313673666411067
0.26	0.06316651516495855
0.261	0.06333769813288527
0.262	0.06289080008871711
0.263	0.06306169900200168
0.264	0.06295254770129417
0.265	0.062453504368320686
0.266	0.06261151849738217
0.267	0.0625810409644842
0.268	0.06125204089475688
0.269	0.06063251782994415
0.27	0.06079510398856214
0.271	0.060751170871340285
0.272	0.06016428167859778
0.273	0.05942227193025437
0.274	0.057896131659743534
0.275	0.05701066969190436
0.276	0.056467904398486854
0.277	0.05523508145617894
0.278	0.05479931177787868
0.279	0.053720961147296784
0.28	0.053472892160767053
0.281	0.053084644921824985
0.282	0.053232719245177355
0.283	0.05241764839545979
0.284	0.050617572984277166
0.285	0.05075935890300064
0.286	0.04978507713484787
0.287	0.04829658640879614
0.288	0.045700361780528505
0.289	0.04253009171897431
0.29	0.040578830508558
0.291	0.03972982893021418
0.292	0.03984221882817801
0.293	0.03995508630361194
0.294	0.04006441582335295
0.295	0.03980559502571401
0.296	0.03991883996177579
0.297	0.03939905483680229
0.298	0.03862406077130833
0.299	0.03795968157154356
0.3	0.0371400165639512
0.301	0.03633388713868935
0.302	0.03643197864515711
0.303	0.03627630417402281
0.304	0.036220585608067034
0.305	0.03607898811397662
0.306	0.036041097200468705
0.307	0.034391854953819315
0.308	0.034491397225755116
0.309	0.03410578691718386
0.31	0.03407700159532788
0.311	0.03417606264647709
0.312	0.03358478278598778
0.313	0.03355966895812111
0.314	0.033503125973235744
0.315	0.03350885791529859
0.316	0.033583434554369684
0.317	0.033526787862445485
0.318	0.03362525126292257
0.319	0.03212740096631441
0.32	0.0320471754861625
0.321	0.031700124892919415
0.322	0.031793773710919175
0.323	0.03188783813018225
0.324	0.031982320613530936
0.325	0.0317020853743033
0.326	0.03179629662355828
0.327	0.03162290683326404
0.328	0.03171272743414381
0.329	0.030311621253822897
0.33	0.029824706343732844
0.331	0.029914001871708094
0.332	0.02999921025516739
0.333	0.030089297973651376
0.334	0.028135364978836477
0.335	0.028220110054073936
0.336	0.028290095060809324
0.337	0.028066415186880182
0.338	0.028151336261575736
0.339	0.02823664334115627
0.34	0.028056287621844936
0.341	0.0271800173246565
0.342	0.027114962767015312
0.343	0.021989008353951837
0.344	0.022007901735986563
0.345	0.021459462349137422
0.346	0.02142729801518536
0.347	0.017820586587339107
0.348	0.01787533493322955
0.349	0.017805162788491244
0.35	0.017751286592781135
0.351	0.017806074514363793
0.352	0.017853960943110467
0.353	0.01790923636398697
0.354	0.01780920812548298
0.355	0.017620077024902436
0.356	0.017670053018662455
0.357	0.017405615316141626
0.358	0.01745992300823567
0.359	0.016928079112287803
0.36	0.016976171691668995
0.361	0.017029388530827833
0.362	0.016826964006401823
0.363	0.016879878987554033
0.364	0.01683989009497161
0.365	0.016817043417015818
0.366	0.016865194305959806
0.367	0.01691856517401664
0.368	0.01696717464055548
0.369	0.016832172071093665
0.37	0.016885692491033548
0.371	0.01682354110072382
0.372	0.01660465376876785
0.373	0.016643266487070842
0.374	0.016604192547769722
0.375	0.015730466178227397
0.376	0.015439744219980438
0.377	0.015333477929595298
0.378	0.015382861111333126
0.379	0.014940104627323491
0.38	0.014988376370868962
0.381	0.014540827133992885
0.382	0.014582715964322366
0.383	0.01463006244472601
0.384	0.014677639883570648
0.385	0.01452209246759536
0.386	0.013938985616188596
0.387	0.013984537856764375
0.388	0.013384526001188599
0.389	0.013398370300985962
0.39	0.013378572682124319
0.391	0.01301489182794855
0.392	0.012981679865368004
0.393	0.01297872677031776
0.394	0.012051928629219546
0.395	0.011757504259847507
0.396	0.011596852445767577
0.397	0.010710719804882432
0.398	0.010746362799241441
0.399	0.010769242614599238
0.4	0.010764762252340432
0.401	0.010800764801679363
0.402	0.010818554553213346
0.403	0.010854858427552988
0.404	0.010792178162985208
0.405	0.010788903658879597
0.406	0.010758114885329758
0.407	0.010394166638318963
0.408	0.01034852082678647
0.409	0.009528705398628547
0.41	0.009561060934786878
0.411	0.008687016639228835
0.412	0.008555925938605706
0.413	0.008516336210942235
0.414	0.008485535904502585
0.415	0.00851459595897006
0.416	0.008537931352424082
0.417	0.008501508729310473
0.418	0.008480131430561805
0.419	0.00844897458406994
0.42	0.008478159297659127
0.421	0.008334104955336012
0.422	0.008362992667486222
0.423	0.00839203083647055
0.424	0.008377540959830902
0.425	0.00769812696868764
0.426	0.007704727059576071
0.427	0.007731666664679484
0.428	0.007726905745498292
0.429	0.007681852508299603
0.43	0.00742605662244221
0.431	0.007442922301160555
0.432	0.007469175995344543
0.433	0.00744051912206085
0.434	0.007282724185109309
0.435	0.0072108237535769655
0.436	0.00721177003886695
0.437	0.006686557468674254
0.438	0.006639855846226436
0.439	0.00661720164980776
0.44	0.006631293350062626
0.441	0.0066005606218978
0.442	0.006624261019103896
0.443	0.006648089296151032
0.444	0.006672046374695721
0.445	0.006627317512937486
0.446	0.006644757886757784
0.447	0.006668833096492414
0.448	0.006065067839426859
0.449	0.00608712263157023
0.45	0.005995565545581437
0.451	0.005787425146536277
0.452	0.005808585750362735
0.453	0.005823166088038428
0.454	0.005844535504875266
0.455	0.005820544092387375
0.456	0.005782572670085186
0.457	0.005803910576616865
0.458	0.005708734337166374
0.459	0.005647803941724999
0.46	0.00548123696043747
0.461	0.005465798275131613
0.462	0.005450157197909407
0.463	0.0053860647648066905
0.464	0.005399225112930115
0.465	0.005412446334781895
0.466	0.004965649187722668
0.467	0.004908191043910259
0.468	0.004883001728930104
0.469	0.004805607993967442
0.47	0.00474230550433425
0.471	0.004720170254948563
0.472	0.004738083614549886
0.473	0.004748884186442353
0.474	0.004766975173819276
0.475	0.004717690665891317
0.476	0.004735731547978856
0.477	0.004746550266978386
0.478	0.004544722495392084
0.479	0.004562202197297439
0.48	0.00440299654728291
0.481	0.004412557220154262
0.482	0.004401612836263308
0.483	0.004264695481914698
0.484	0.004224479746606656
0.485	0.004240917410990338
0.486	0.004219589666264088
0.487	0.00422845791598078
0.488	0.004245007653421017
0.489	0.0042501432883613344
0.49	0.004211756394236478
0.491	0.004194562864681845
0.492	0.0041918256316290335
0.493	0.004200598117968393
0.494	0.004217234150118762
0.495	0.004150334621810363
0.496	0.004096360335118286
0.497	0.003972391514469744
0.498	0.003934041711077302
0.499	0.003907728643058004
0.5	0.003923390882108337
0.501	0.003939147471996322
0.502	0.003928063798127574
0.503	0.0038938713940336765
0.504	0.003840363412699697
0.505	0.0038170614038605874
0.506	0.003824334304087301
0.507	0.00383988037849416
0.508	0.0038555214390990243
0.509	0.003853939724923575
0.51	0.003823516095958831
0.511	0.0038391862438930885
0.512	0.003835316697605063
0.513	0.003851099893891504
0.514	0.003858495715438585
0.515	0.0038531397507285885
0.516	0.0038477064194429996
0.517	0.003847922125801578
0.518	0.0038552952373571755
0.519	0.003858365204519066
0.52	0.0038744752888803147
0.521	0.003819249110607516
0.522	0.003806023737078197
0.523	0.003791185491412766
0.524	0.0037620355957375114
0.525	0.0037779091636520154
0.526	0.00374571256365354
0.527	0.003761584227058852
0.528	0.0037775569838616493
0.529	0.0037936316944312733
0.53	0.0037647241888951397
0.531	0.003780812753804948
0.532	0.00379700467138013
0.533	0.0038133008287680272
0.534	0.0038024742856530317
0.535	0.0035775246773578325
0.536	0.0035563605874360396
0.537	0.00356240618645601
0.538	0.003543757527192755
0.539	0.00354501822906992
0.54	0.003560464931593101
0.541	0.003576012813390451
0.542	0.0035773296783492455
0.543	0.003593019720798146
0.544	0.0035631480744262767
0.545	0.0035530262339576436
0.546	0.003550884278485884
0.547	0.003542176846988434
0.548	0.0034965659521710053
0.549	0.0035121062452917653
0.55	0.003453750928880854
0.551	0.003459226729937443
0.552	0.003474704254456179
0.553	0.003480253885797577
0.554	0.003443494609665825
0.555	0.0034261077800403703
0.556	0.003355145990586174
0.557	0.0031965028877789475
0.558	0.0032109994995149064
0.559	0.0032255949517854287
0.56	0.0032402901451876404
0.561	0.003255085990599456
0.562	0.0032351534318557306
0.563	0.0032394966608117167
0.564	0.0031876800423146505
0.565	0.0032023698120949027
0.566	0.003206518645104866
0.567	0.0032213636388322034
0.568	0.0032255703619134906
0.569	0.003215392705761236
0.57	0.0032303828815456706
0.571	0.003245478128655697
0.572	0.0032606794313660282
0.573	0.0032759877855038973
0.574	0.0032803575264221474
0.575	0.0032260935820869205
0.576	0.0032413469796381588
0.577	0.003220548898005115
0.578	0.00322459108637357
0.579	0.0031741543278699692
0.58	0.0030233774761561976
0.581	0.0030378433970947444
0.582	0.0030524133894069493
0.583	0.003067088453779098
0.584	0.003006568398134658
0.585	0.003021092883149801
0.586	0.0029846453715632873
0.587	0.002970336837494029
0.588	0.0029729799147274823
0.589	0.0029874822557749334
0.59	0.003002090970962097
0.591	0.0029948341738216563
0.592	0.0029694037046978173
0.593	0.0029840313091544566
0.594	0.0029866040356826655
0.595	0.003001389204176144
0.596	0.0029626438361666676
0.597	0.002958865525066772
0.598	0.0029250296827622126
0.599	0.0029396548311760237
0.6	0.002941858614790941
0.601	0.0029566418239104935
0.602	0.0029715367449377507
0.603	0.002944138922308523
0.604	0.0029462598660910857
0.605	0.0029612154999291112
0.606	0.002976285298910939
0.607	0.0029403758352971585
0.608	0.002942367423159736
0.609	0.0029574564868682473
0.61	0.0029726619186773383
0.611	0.0029879849182581496
0.612	0.00299010721970843
0.613	0.0029922115093019173
0.614	0.002987568398375204
0.615	0.0030031286504500748
0.616	0.0030188107843949837
0.617	0.0029890494785987753
0.618	0.0028655013236783405
0.619	0.0027139918913644534
0.62	0.0027283137483109675
0.621	0.0027287888346647794
0.622	0.002743265168005176
0.623	0.0027578570040052036
0.624	0.002772565574693231
0.625	0.0027398579633873725
0.626	0.002718707110758835
0.627	0.002690322672161293
0.628	0.002690334265849436
0.629	0.002660681474697645
0.63	0.002638480524659385
0.631	0.0025914517254213244
0.632	0.0025685523982526695
0.633	0.0025676986100446136
0.634	0.002566797010991935
0.635	0.0025658468515611364
0.636	0.0025648473700421743
0.637	0.002579017797500971
0.638	0.0025703494949450775
0.639	0.0025846292143614394
0.64	0.0025835531777964457
0.641	0.002597986435772962
0.642	0.0025799394866574807
0.643	0.0025550919493889934
0.644	0.0025299236115821013
0.645	0.0025044302222626403
0.646	0.002376989271405173
0.647	0.0023368422182161556
0.648	0.0023501575584908914
0.649	0.0023635870302536966
0.65	0.0023771319416018553
0.651	0.0023660925029366877
0.652	0.0023493656629898305
0.653	0.0023462877513284806
0.654	0.0023431347909860104
0.655	0.0023399056285810585
0.656	0.002287160711460665
0.657	0.0023005359202996163
0.658	0.0022968793766756424
0.659	0.002293140129952275
0.66	0.0023066689802764776
0.661	0.002320317909153853
0.662	0.0023340883418491282
0.663	0.002278802223164242
0.664	0.0022924070125562674
0.665	0.0023061340006554068
0.666	0.002275029520538504
0.667	0.0022887345176501816
0.668	0.0023025637292371916
0.669	0.0022014709023772477
0.67	0.002214853704215407
0.671	0.0022283589097289156
0.672	0.0022419880162104383
0.673	0.0022557425439172505
0.674	0.002222431964763254
0.675	0.0021886672997784118
0.676	0.0022022194192816836
0.677	0.002215897800767905
0.678	0.0022297040175951197
0.679	0.0021423935617860858
0.68	0.002090517241379311
0.681	0.0020839494489461965
0.682	0.0020970973949963304
0.683	0.0021103701633190916
0.684	0.0020936307012256387
0.685	0.0020395645873352883
0.686	0.0020525969489157054
0.687	0.002065754621665165
0.688	0.002018921592876577
0.689	0.002031946893475781
0.69	0.0020242196471447964
0.691	0.0020373639305678146
0.692	0.0020506366597571814
0.693	0.002064039513742522
0.694	0.002056144862316512
0.695	0.0020696721311475414
0.696	0.0020616206357477857
0.697	0.0020752737525408173
0.698	0.0019929887864586775
0.699	0.0019841269841269845
0.7	0.001997398736529172
0.701	0.001977134819270799
0.702	0.0019904488584578076
0.703	0.0019811478144811483
0.704	0.0019945793250878002
0.705	0.0020081478919251323
0.706	0.0020218553860679657
0.707	0.002035703710630075
0.708	0.0020496948014247836
0.709	0.0020085318165659447
0.71	0.002022431690729031
0.711	0.0020124471357170328
0.712	0.002026471157568719
0.713	0.0020040934675081023
0.714	0.002018157281315177
0.715	0.0019953051643192498
0.716	0.0020094062608868772
0.717	0.002023657369120117
0.718	0.002012821483556701
0.719	0.00202719877986782
0.72	0.0020161290322580658
0.721	0.002030633557669994
0.722	0.0020452951718047956
0.723	0.001999075672753275
0.724	0.0019872639437856832
0.725	0.001975226719752268
0.726	0.0019896972451716984
0.727	0.0020043273719744315
0.728	0.0020191194559004417
0.729	0.0020340758963145193
0.73	0.001998714947909496
0.731	0.0019442749079879415
0.732	0.0019308886280209442
0.733	0.0019454065876301242
0.734	0.001960088901499031
0.735	0.0019463502954068994
0.736	0.0019323462764527402
0.737	0.0019470970113874939
0.738	0.0019620172949996587
0.739	0.0019771097357304253
0.74	0.0019923769923769923
0.741	0.0018905949138507277
0.742	0.0018751445319176746
0.743	0.0018897940985732815
0.744	0.0019046160130718954
0.745	0.0019196129895527763
0.746	0.0019347877957943003
0.747	0.0019501432544910804
0.748	0.0019656822445667066
0.749	0.0019814077025232402
0.75	0.0019973226238286478
0.751	0.0018676857969512455
0.752	0.0018501588959993031
0.753	0.0018322855293330259
0.754	0.0018472429622255404
0.755	0.001812200289952046
0.756	0.0018271155186759312
0.757	0.0017288485301953313
0.758	0.0017431958209023467
0.759	0.0017577224527431995
0.76	0.0017375639237563923
0.761	0.0017521653012669502
0.762	0.0017669515063409328
0.763	0.0017819256716489068
0.764	0.001797090996514004
0.765	0.0017760804994847543
0.766	0.0017913258256605892
0.767	0.0018067682896749046
0.768	0.0017850923023336812
0.769	0.0018006148440931045
0.77	0.0017783684576925507
0.771	0.0017556628105927113
0.772	0.0017711312053996955
0.773	0.0016893428456330485
0.774	0.0017043592264831201
0.775	0.0016798941798941798
0.776	0.0016949604954089258
0.777	0.001669831266243822
0.778	0.0016849428614134495
0.779	0.0016248457424928014
0.78	0.0016396845163968452
0.781	0.0016547274936114951
0.782	0.0016699784382530757
0.783	0.0016427718040621267
0.784	0.001614987080103359
0.785	0.0016300804173005868
0.786	0.0014991297734485837
0.787	0.0015132725071603627
0.788	0.001378580583623953
0.789	0.0013917099225156096
0.79	0.0013594592541960962
0.791	0.0013725309777941357
0.792	0.001385792146661712
0.793	0.001399246439347748
0.794	0.0014128976241218722
0.795	0.0014267495616132632
0.796	0.0014408062075404874
0.797	0.0014550716155359378
0.798	0.0014202912828596291
0.799	0.0014344941956882255
0.8	0.0014489112227805694
0.801	0.0014635466896773428
0.802	0.0014784050317045241
0.803	0.0014934907973341621
0.804	0.0015088086516657944
0.805	0.0015243633800334831
0.806	0.0015401598917436745
0.807	0.001556203223949338
0.808	0.0015724985456660849
0.809	0.001589051161936254
0.81	0.0016058665181472199
0.811	0.0015666629141806445
0.812	0.0015834186672734857
0.813	0.0015429436681808598
0.814	0.0015596241402693015
0.815	0.0015765765765765765
0.816	0.001593806921675774
0.817	0.0015012310094277307
0.818	0.0015178191973772084
0.819	0.001534683855125844
0.82	0.0014587212911235257
0.821	0.0014123407193522065
0.822	0.0014282993715482766
0.823	0.0014445300462249614
0.824	0.001461038961038961
0.825	0.001477832512315271
0.826	0.0014949172812437712
0.827	0.001512300040328001
0.828	0.0014619883040935672
0.829	0.001479188166494668
0.83	0.0014966933518969717
0.831	0.0014440687517610594
0.832	0.0014613629883090961
0.833	0.0014789697713007718
0.834	0.0014968966776195691
0.835	0.0015151515151515152
0.836	0.0015337423312883436
0.837	0.0015526774217980762
0.838	0.0015719653400812822
0.839	0.0015916149068322981
0.84	0.0015330188679245284
0.841	0.0015524241700501553
0.842	0.0015722002741272274
0.843	0.0015923566878980893
0.844	0.0016129032258064516
0.845	0.0016338500209467951
0.846	0.0016552075375604787
0.847	0.0015909872721018231
0.848	0.0016120599512025097
0.849	0.0016335540838852097
0.85	0.0015659955257270694
0.851	0.0015871576274260838
0.852	0.0016087516087516086
0.853	0.0013978194017332962
0.854	0.0014170996693434106
0.855	0.0014367816091954023
0.856	0.001456876456876457
0.857	0.0014773958435930267
0.858	0.0014983518130056938
0.859	0.001519756838905775
0.86	0.001541623843782117
0.861	0.0015639662183296842
0.862	0.0015867978419549348
0.863	0.0016101331043366252
0.864	0.0016339869281045752
0.865	0.001658374792703151
0.866	0.001683312759510717
0.867	0.0017088174982911825
0.868	0.0017349063150589867
0.869	0.0017615971814445098
0.87	0.0017889087656529517
0.871	0.001816860465116279
0.872	0.0018454724409448819
0.873	0.0018747656542932134
0.874	0.0019047619047619048
0.875	0.001935483870967742
0.876	0.0016391292945187516
0.877	0.0015327202452352392
0.878	0.0015580544641647473
0.879	0.0015840220385674932
0.88	0.0016106442577030811
0.881	0.0016379433129183876
0.882	0.0016659423439084457
0.883	0.001694665487768936
0.884	0.0017241379310344827
0.885	0.0017543859649122807
0.886	0.0016301816488122963
0.887	0.00165929203539823
0.888	0.0015283140283140282
0.889	0.0015561015561015561
0.89	0.00158465387823186
0.891	0.0016139993204213388
0.892	0.0016441675320179993
0.893	0.0016751895609239992
0.894	0.0017070979335130278
0.895	0.0015567765567765569
0.896	0.0015870052277819268
0.897	0.0016181229773462784
0.898	0.0011648223645894002
0.899	0.001188118811881188
0.9	0.0012121212121212121
0.901	0.0012368583797155227
0.902	0.0012623606143488324
0.903	0.0010738831615120276
0.904	0.0010964912280701754
0.905	0.0011198208286674132
0.906	0.0011439029970258523
0.907	0.0009350163627863488
0.908	0.0009555661729574773
0.909	0.0009768009768009768
0.91	0.0009987515605493133
0.911	0.0010214504596527069
0.912	0.0010449320794148381
0.913	0.0010692328254477412
0.914	0.001094391244870041
0.915	0.0011204481792717086
0.916	0.0011474469305794606
0.917	0.0011754334410813989
0.918	0.0012044564890093346
0.919	0.0012345679012345679
0.92	0.0012658227848101266
0.921	0.0012982797792924375
0.922	0.001332001332001332
0.923	0.001367053998632946
0.924	0.0010526315789473684
0.925	0.0007207207207207207
0.926	0.00037023324694557573
0.927	0.000380517503805175
0.928	0.0003912363067292645
0.929	0.00040241448692152917
0.93	0.00041407867494824016
0.931	0.00042625745950554135
0.932	0.0004389815627743635
0.933	0.0004522840343735866
0.934	0.0004662004662004662
0.935	0.0004807692307692308
0.936	0.000496031746031746
0.937	0.0005120327700972862
0.938	0.0005288207297726071
0.939	0.000546448087431694
0.94	0.0005649717514124294
0.941	0.0005844535359438924
0.942	0.0006049606775559589
0.943	0.0006265664160401002
0.944	0.0006493506493506494
0.945	0.0006734006734006734
0.946	0.0006988120195667365
0.947	0.000725689404934688
0.948	0.0007541478129713424
0.949	0.000784313725490196
0.95	0.0008163265306122449
0.951	0.0008503401360544217
0.952	0.0
0.953	0.0
0.954	0.0
0.955	0.0
0.956	0.0
0.957	0.0
0.958	0.0
0.959	0.0
0.96	0.0
0.961	0.0
0.962	0.0
0.963	0.0
0.964	0.0
0.965	0.0
0.966	0.0
0.967	0.0
0.968	0.0
0.969	0.0
0.97	0.0
0.971	0.0
0.972	0.0
0.973	0.0
0.974	0.0
0.975	0.0
0.976	0.0
0.977	0.0
0.978	0.0
0.979	0.0
0.98	0.0
0.981	0.0
0.982	0.0
0.983	0.0
0.984	0.0
0.985	0.0
0.986	0.0
0.987	0.0
0.988	0.0
0.989	0.0
0.99	0.0
0.991	0.0
0.992	0.0
0.993	0.0
0.994	0.0
0.995	0.0
0.996	0.0
0.997	0.0
0.998	0.0
0.999	0.0
1.0	0.0
